/*--------------------------------*- C++ -*----------------------------------*\
| =========                 |                                                 |
| \\      /  F ield         | OpenFOAM: The Open Source CFD Toolbox           |
|  \\    /   O peration     | Version:  2206                                  |
|   \\  /    A nd           | Website:  www.openfoam.com                      |
|    \\/     M anipulation  |                                                 |
\*---------------------------------------------------------------------------*/
FoamFile
{
    version     2.0;
    format      ascii;
    arch        "LSB;label=32;scalar=64";
    class       volScalarField;
    location    "1400";
    object      p;
}
// * * * * * * * * * * * * * * * * * * * * * * * * * * * * * * * * * * * * * //

dimensions      [0 2 -2 0 0 0 0];

internalField   nonuniform List<scalar> 
7480
(
0.062889775
0.051983343
0.036582435
0.027215439
0.021922288
0.018740605
0.016731566
0.015194687
0.013847113
0.012723973
0.011832839
0.011132483
0.010601621
0.010213753
0.0099377796
0.009751282
0.0096338868
0.0095710748
0.0095443551
0.0095397423
0.0095592645
0.0095809748
0.0095962635
0.0096073866
0.0096123511
0.0096099248
0.0096008959
0.0095854536
0.0095621657
0.0095315841
0.0094949609
0.0094527725
0.0094054884
0.0093538929
0.0092979953
0.0092379244
0.0091739144
0.0091058983
0.009034219
0.0089593068
0.0088812369
0.0087999106
0.0087158667
0.0086291882
0.0085398641
0.00844828
0.0083542498
0.0082578953
0.0081594151
0.008058569
0.0079556906
0.0078507485
0.0077437636
0.0076348973
0.0075239223
0.007411064
0.0072962321
0.0071794336
0.0070606583
0.0069398572
0.0068171453
0.0066923827
0.0065656752
0.0064369156
0.0063061303
0.0061732722
0.0060383066
0.0059012027
0.005761929
0.0056204801
0.005476804
0.0053308976
0.0051827089
0.0050322475
0.0048794556
0.0047243433
0.0045668616
0.0044070409
0.0042448447
0.0040803239
0.0039134648
0.0037443448
0.0035730061
0.0033995378
0.0032240948
0.0030467998
0.0028679792
0.0026878271
0.002507034
0.0023257393
0.0021458306
0.0019661902
0.001793881
0.0016193482
0.0014736855
0.0013034466
0.0012446355
0.0010397466
0.0018314513
-0.0018185056
0.059200021
0.050978317
0.038646186
0.029357888
0.023043313
0.019239095
0.016976525
0.015346995
0.013962461
0.01282368
0.011921635
0.011211604
0.010672503
0.010276812
0.0099932704
0.0097999144
0.0096766459
0.009608573
0.0095796375
0.0095765256
0.0095890832
0.0096038837
0.0096168338
0.0096259463
0.009629104
0.0096251283
0.0096147537
0.0095981074
0.0095737512
0.0095422424
0.0095048071
0.0094618885
0.009413948
0.0093617599
0.0093053232
0.0092447648
0.0091803159
0.009111902
0.0090398583
0.0089646128
0.0088862355
0.0088046257
0.0087203209
0.0086333994
0.0085438496
0.0084520553
0.0083578285
0.0082612915
0.0081626404
0.0080616341
0.0079586058
0.0078535224
0.0077464044
0.0076374125
0.0075263189
0.0074133487
0.0072984108
0.0071815123
0.0070626422
0.0069417513
0.0068189542
0.0066941103
0.0065673258
0.006438493
0.0063076379
0.0061747134
0.0060396848
0.0059025208
0.0057631899
0.0056216863
0.0054779583
0.0053320022
0.0051837662
0.0050332595
0.0048804246
0.0047252712
0.0045677502
0.004407892
0.00424566
0.0040811051
0.0039142134
0.0037450624
0.003573694
0.0034001974
0.0032247275
0.0030474068
0.0028685619
0.0026883866
0.0025075717
0.0023262564
0.0021463287
0.0019666703
0.0017943461
0.0016197985
0.0014741273
0.0013038803
0.0012450741
0.0010402674
0.0018318653
-0.0018179439
0.055433333
0.048668165
0.037881898
0.029125144
0.023304155
0.019749912
0.017474488
0.015750014
0.014281391
0.013092025
0.012153229
0.011412375
0.010849317
0.010433411
0.010132424
0.0099245131
0.0097884066
0.0097087783
0.0096702329
0.0096584123
0.0096597856
0.0096667547
0.0096734256
0.0096767895
0.0096749144
0.0096666571
0.0096525674
0.0096325261
0.0096051268
0.0095709741
0.0095312367
0.0094862512
0.0094364552
0.0093825916
0.0093246351
0.0092626851
0.0091969821
0.0091274501
0.0090543704
0.0089781809
0.0088989378
0.008816533
0.0087315015
0.0086439083
0.008553738
0.0084613697
0.0083666078
0.0082695763
0.0081704661
0.0080690314
0.0079656055
0.00786015
0.0077526845
0.0076433669
0.0075319671
0.0074187103
0.0073035023
0.0071863497
0.0070672407
0.0069461247
0.0068231153
0.0066980707
0.0065710967
0.0064420845
0.0063110598
0.0061779746
0.0060427937
0.0059054857
0.005766018
0.0056243848
0.0054805335
0.0053344604
0.0051861132
0.005035501
0.0048825655
0.0047273166
0.0045697049
0.0044097603
0.0042474461
0.004082813
0.0039158469
0.0037466251
0.0035751894
0.0034016288
0.003226098
0.0030487196
0.00286982
0.0026895929
0.0025087293
0.0023273679
0.0021473982
0.0019676995
0.0017953426
0.0016207601
0.0014750744
0.0013048006
0.0012460234
0.0010412213
0.0018329469
-0.001817211
0.05252928
0.046953507
0.037629759
0.02943814
0.023878907
0.020302651
0.017934079
0.016158761
0.014657644
0.013438529
0.012466054
0.011690075
0.011098017
0.01065649
0.010332175
0.010103464
0.009948146
0.009851333
0.0097976121
0.009772404
0.0097624788
0.0097598053
0.00975785
0.0097535593
0.0097447948
0.0097304467
0.0097109793
0.0096860204
0.0096541839
0.0096161443
0.0095729602
0.0095248388
0.0094722127
0.0094157872
0.0093554965
0.0092913394
0.0092236377
0.0091523369
0.0090775857
0.0089998774
0.00891924
0.0088355516
0.008749346
0.0086606667
0.0085694935
0.0084761959
0.0083805651
0.0082827311
0.0081828754
0.0080807451
0.0079766744
0.0078706163
0.0077625888
0.0076527452
0.0075408513
0.0074271329
0.0073114904
0.007193929
0.0070744355
0.0069529585
0.0068296097
0.0067042444
0.0065769682
0.0064476706
0.0063163765
0.0061830363
0.0060476141
0.0059100778
0.0057703942
0.0056285562
0.0054845108
0.0053382536
0.0051897318
0.0050389537
0.0048858609
0.0047304625
0.0045727087
0.0044126293
0.0042501869
0.0040854319
0.00391835
0.0037490181
0.0035774777
0.0034038177
0.0032281926
0.0030507245
0.0028717401
0.0026914326
0.0025104935
0.0023290607
0.0021490255
0.0019692642
0.0017968555
0.0016222191
0.0014765062
0.0013061904
0.0012474475
0.0010425941
0.0018346141
-0.0018162272
0.049800579
0.045124909
0.037168307
0.029793078
0.024516901
0.020886439
0.018395028
0.016524407
0.014952116
0.013715951
0.012740155
0.011956685
0.011348505
0.010884703
0.010540597
0.010293992
0.01012227
0.010010557
0.0099413521
0.0099013017
0.009878552
0.0098643366
0.0098530667
0.0098411557
0.0098255969
0.0098050863
0.0097800922
0.0097500764
0.0097135915
0.0096713805
0.009624373
0.0095726848
0.0095167703
0.0094573351
0.009394285
0.0093274948
0.0092573888
0.0091839293
0.0091071306
0.0090275463
0.008945176
0.0088598837
0.008772205
0.0086821569
0.0085897152
0.0084952402
0.0083985025
0.0082996395
0.0081988252
0.0080957985
0.0079908964
0.0078840597
0.0077753054
0.0076647821
0.0075522498
0.0074379353
0.0073217305
0.0072036396
0.0070836481
0.0069617041
0.0068379166
0.0067121369
0.0065844703
0.0064548044
0.0063231627
0.0061894936
0.0060537602
0.0059159299
0.0057759682
0.0056338667
0.0054895715
0.0053430775
0.0051943314
0.0050433407
0.0048900459
0.0047344558
0.0045765201
0.0044162679
0.0042536613
0.0040887505
0.0039215204
0.0037520478
0.0035803737
0.0034065867
0.003230841
0.0030532586
0.0028741657
0.0026937556
0.0025127198
0.0023311957
0.0021510761
0.0019712346
0.0017987572
0.0016240519
0.0014782967
0.0013079271
0.0012492086
0.0010442928
0.0018366864
-0.0018150025
0.047260962
0.043201516
0.036477264
0.029926484
0.024942828
0.021374604
0.018843458
0.016917992
0.015309327
0.014033281
0.013017819
0.012194107
0.011559561
0.011077211
0.01072402
0.010465745
0.010277003
0.010154479
0.010076054
0.01002761
0.0099973076
0.0099744079
0.009954197
0.0099336346
0.0099100792
0.0098827776
0.00985236
0.0098177384
0.0097770382
0.0097310318
0.0096804837
0.009625387
0.0095662292
0.0095037585
0.0094378636
0.0093683685
0.009295764
0.0092199914
0.0091410042
0.0090593935
0.0089751298
0.0088880625
0.0087987415
0.0087071525
0.008613268
0.0085174511
0.0084194502
0.0083194093
0.0082174944
0.0081134328
0.008007566
0.0078998218
0.0077902186
0.0076789003
0.0075656215
0.007450609
0.0073337436
0.0072150302
0.0070944537
0.0069719606
0.0068476564
0.006721388
0.0065932608
0.0064631602
0.0063311089
0.0061970517
0.0060609511
0.005922774
0.0057824842
0.0056400721
0.0054954823
0.0053487093
0.0051996991
0.0050484579
0.0048949252
0.0047391096
0.0045809597
0.0044205042
0.0042577047
0.0040926106
0.0039252064
0.0037555685
0.0035837374
0.0034098013
0.003233914
0.0030561972
0.002876977
0.0026964463
0.0025152967
0.002333665
0.0021534454
0.0019735093
0.0018009484
0.001626162
0.0014803483
0.0013099145
0.0012512024
0.0010462242
0.0018390298
-0.0018135783
0.045039261
0.041381575
0.035640865
0.029855994
0.025221107
0.021774126
0.019238746
0.017281927
0.015662738
0.01436132
0.013316676
0.012465142
0.011799702
0.011286706
0.010904707
0.010619261
0.010407922
0.010272445
0.010185715
0.010129184
0.010091941
0.010065482
0.010043516
0.01002117
0.0099946422
0.0099626882
0.0099267657
0.0098866355
0.0098408891
0.009790901
0.0097371472
0.0096791294
0.0096172159
0.0095521433
0.0094837142
0.0094117461
0.0093368127
0.0092588133
0.0091776805
0.0090940649
0.0090078972
0.0089190138
0.0088279959
0.0087347949
0.0086393826
0.008542136
0.0084427834
0.0083414795
0.0082383798
0.0081331946
0.0080262757
0.0079175371
0.0078069983
0.0076948005
0.0075806902
0.0074648974
0.0073472942
0.0072278866
0.0071066567
0.0069835476
0.0068586623
0.0067318428
0.0066031958
0.0064726045
0.0063400903
0.006205594
0.0060690775
0.0059305075
0.0057898459
0.0056470816
0.005502158
0.0053550689
0.0052057588
0.0050542333
0.0049004307
0.0047443589
0.004585966
0.0044252798
0.0042622611
0.004096959
0.0039293572
0.0037595316
0.0035875222
0.0034134167
0.0032373687
0.0030594993
0.0028801344
0.0026994665
0.0025181873
0.0023364331
0.0021560988
0.0019760546
0.0018033957
0.0016285165
0.0014826274
0.001312119
0.0012533918
0.0010483462
0.0018415876
-0.0018119601
0.043110068
0.039795919
0.034804941
0.029666109
0.02538147
0.022081537
0.019575435
0.017610741
0.015987493
0.014667698
0.013602362
0.012733538
0.012046209
0.011507991
0.011102643
0.010792899
0.010556833
0.010400019
0.010292374
0.010217389
0.010166415
0.010132577
0.010107427
0.01008281
0.010056256
0.010025984
0.0099913901
0.0099517035
0.0099044088
0.0098512794
0.0097937861
0.0097321119
0.0096671626
0.0095997173
0.0095291909
0.0094552092
0.0093783869
0.009298523
0.0092155229
0.0091301207
0.0090422068
0.0089516178
0.0088589818
0.0087642164
0.0086673023
0.0085686344
0.0084679179
0.0083653296
0.0082610149
0.0081546671
0.0080466549
0.0079368761
0.0078253521
0.0077122226
0.0075972235
0.0074805929
0.0073621971
0.0072420426
0.007120107
0.0069963299
0.0068708127
0.0067433929
0.0066141786
0.0064830497
0.0063500265
0.0062150477
0.0060780742
0.0059390713
0.0057979995
0.0056548464
0.0055095543
0.0053621156
0.0052124735
0.0050606329
0.0049065309
0.0047501752
0.0045915124
0.0044305702
0.0042673081
0.0041017748
0.0039339533
0.003763919
0.0035917113
0.0034174174
0.0032411903
0.0030631509
0.0028836247
0.0027028038
0.0025213798
0.0023394886
0.0021590253
0.0019788598
0.0018060884
0.0016311048
0.0014851227
0.0013145286
0.0012557624
0.0010506402
0.0018443288
-0.0018101318
0.041391564
0.038416059
0.034052773
0.029455047
0.025481172
0.022325581
0.019865379
0.017907334
0.016286667
0.014957797
0.013877857
0.012993965
0.012286591
0.011727786
0.011299359
0.010968766
0.010714385
0.010537335
0.010410521
0.010318787
0.010253082
0.010205183
0.010167609
0.010132477
0.010099283
0.01006754
0.010033128
0.0099940526
0.0099497552
0.0098997852
0.0098445184
0.0097831556
0.0097166059
0.009646599
0.0095733817
0.0094970683
0.0094184943
0.0093371389
0.0092526914
0.0091659181
0.0090766158
0.0089846126
0.0088905962
0.0087944482
0.0086961723
0.0085961905
0.0084941847
0.0083903659
0.008284873
0.0081773825
0.0080682867
0.0079574661
0.0078449482
0.0077308719
0.0076149627
0.0074974697
0.0073782515
0.0072573176
0.0071346423
0.0070101624
0.0068839782
0.0067559226
0.006626106
0.0064944032
0.0063608347
0.0062253386
0.0060878748
0.0059484062
0.005806892
0.0056633189
0.0055176279
0.0053698102
0.005219808
0.005067625
0.0049131975
0.0047565325
0.0045975758
0.0044363542
0.0042728264
0.0041070406
0.003938979
0.0037687164
0.0035962915
0.0034217911
0.0032453679
0.0030671419
0.0028874386
0.0027064495
0.0025248659
0.0023428236
0.0021622174
0.0019819177
0.0018090195
0.00163392
0.0014878265
0.0013171354
0.0012583043
0.0010530938
0.0018472256
-0.0018080703
0.039834557
0.037173503
0.033360882
0.029244498
0.025555966
0.022539098
0.02013042
0.018184978
0.016569396
0.015235575
0.01414395
0.013246732
0.012522079
0.01194467
0.011494902
0.01114487
0.010872812
0.010675966
0.010531574
0.010425142
0.010345719
0.01028481
0.010236454
0.010192001
0.010150311
0.010110758
0.010068973
0.010023974
0.0099779491
0.0099288251
0.0098751303
0.0098168656
0.0097539667
0.0096867484
0.0096147689
0.0095378108
0.0094575227
0.0093742204
0.0092880446
0.0092000032
0.0091096317
0.0090165905
0.0089215727
0.0088243733
0.0087250122
0.0086239446
0.008520827
0.0084159209
0.0083093628
0.0082008157
0.0080907047
0.0079788927
0.0078654184
0.0077504216
0.0076336175
0.00751527
0.0073952287
0.0072735087
0.0071500822
0.0070248847
0.0068980159
0.0067693042
0.0066388634
0.0065065636
0.006372426
0.0062363876
0.0060984081
0.0059584484
0.0058164666
0.0056724483
0.0055263334
0.0053781126
0.0052277261
0.0050751773
0.0049204016
0.0047634053
0.0046041331
0.0044426113
0.0042787978
0.00411274
0.0039444193
0.0037739104
0.0036012509
0.0034265274
0.0032498917
0.0030714636
0.0028915681
0.0027103963
0.0025286391
0.0023464322
0.0021656695
0.0019852228
0.0018121834
0.0016369567
0.0014907327
0.0013199331
0.0012610091
0.0010556964
0.0018502519
-0.0018057485
0.038413275
0.036031223
0.032696594
0.029017142
0.02560365
0.022728476
0.020379002
0.018452272
0.016843661
0.015506663
0.014404751
0.013495103
0.012754602
0.012159542
0.011690053
0.011321107
0.011031624
0.01081609
0.010654939
0.010533108
0.010439852
0.010366849
0.010308166
0.010255303
0.010206063
0.010159465
0.010111358
0.010061147
0.010010146
0.0099560254
0.0098976906
0.0098373415
0.0097752232
0.0097098878
0.0096406874
0.0095673416
0.0094899919
0.0094083208
0.0093220242
0.0092328103
0.0091410085
0.0090467174
0.0089508041
0.0088528373
0.0087527285
0.0086509103
0.0085469747
0.0084412316
0.0083338144
0.0082243756
0.0081133854
0.0080006909
0.0078863492
0.007770504
0.0076528608
0.0075337028
0.0074128705
0.007290387
0.007166224
0.007040317
0.0069127665
0.0067833961
0.006652325
0.0065194193
0.0063847013
0.006248107
0.0061095962
0.0059691289
0.0058266619
0.0056821802
0.0055356228
0.0053869798
0.0052361901
0.0050832566
0.0049281137
0.0047707673
0.0046111613
0.0044493212
0.0042852041
0.004118857
0.0039502605
0.0037794888
0.0036065788
0.0034316165
0.0032547534
0.0030761086
0.0028960067
0.0027146385
0.0025326942
0.0023503098
0.0021693772
0.0019887714
0.0018155764
0.0016402112
0.001493837
0.0013229171
0.0012638705
0.0010584397
0.0018533823
-0.0018031345
0.037110268
0.034972718
0.032047695
0.028761705
0.025614606
0.022887436
0.020607756
0.018708386
0.017110737
0.015773182
0.014662772
0.013741536
0.01298604
0.012373945
0.011885583
0.011498074
0.01119135
0.010957804
0.010779954
0.010642851
0.010536112
0.010451142
0.010381687
0.010320034
0.010263197
0.010209885
0.010156425
0.010101644
0.010046104
0.0099877454
0.009925907
0.0098622372
0.0097966371
0.0097277296
0.0096563813
0.0095836512
0.0095081608
0.0094290727
0.0093462314
0.0092598687
0.0091696783
0.0090754398
0.0089786677
0.0088796347
0.0087786508
0.0086762095
0.0085717154
0.0084654396
0.0083574559
0.0082473798
0.0081357298
0.0080223325
0.0079072729
0.0077907035
0.0076723222
0.0075524383
0.0074308837
0.0073076923
0.0071828367
0.0070562542
0.0069280479
0.006798037
0.0066663481
0.0065328436
0.0063975483
0.0062603971
0.0061213511
0.0059803697
0.005837409
0.0056924538
0.0055454422
0.0053963644
0.0052451581
0.0050918258
0.0049363012
0.0047785901
0.0046186351
0.0044564618
0.0042920262
0.004125375
0.0039564879
0.0037854389
0.0036122641
0.0034370491
0.0032599448
0.0030810699
0.0029007485
0.0027191708
0.0025370267
0.0023544524
0.0021733373
0.0019925604
0.0018191955
0.0016436808
0.0014971362
0.0013260839
0.0012668832
0.0010613162
0.001856591
-0.0018001917
0.035911595
0.033988159
0.031412542
0.02847733
0.02558504
0.023010597
0.020811066
0.018948711
0.017367814
0.016033658
0.014917478
0.013986127
0.013216769
0.012588428
0.012081972
0.011676338
0.011352515
0.011101334
0.010906876
0.010754671
0.010634392
0.010537393
0.010457189
0.010386562
0.010321924
0.010261749
0.010202666
0.010143039
0.010083126
0.010021182
0.0099564184
0.009889879
0.0098213401
0.0097497841
0.0096760504
0.0096007703
0.0095225
0.0094415875
0.0093593684
0.0092748
0.0091870897
0.0090960744
0.0090019184
0.0089042172
0.00880324
0.0087001117
0.0085948184
0.008487969
0.0083795725
0.0082690983
0.0081570568
0.008043208
0.0079276512
0.0078105454
0.0076915813
0.0075711032
0.0074489352
0.0073251278
0.0071996559
0.0070724613
0.0069436512
0.0068130412
0.0066807678
0.0065466903
0.0064108372
0.0062731431
0.006133571
0.0059920808
0.0058486283
0.0057031986
0.0055557296
0.0054062116
0.0052545818
0.0051008424
0.0049449268
0.0047868407
0.004626526
0.004464008
0.0042992421
0.0041322748
0.0039630849
0.0037917463
0.0036182944
0.0034428144
0.0032654567
0.0030863395
0.0029057866
0.0027239877
0.0025416319
0.0023588559
0.0021775461
0.0019965867
0.0018230378
0.0016473628
0.001500627
0.0013294301
0.0012700421
0.0010643188
0.001859851
-0.0017968781
0.034805529
0.033070007
0.030792429
0.028167867
0.025516128
0.023096239
0.020985328
0.019169146
0.017611469
0.016285459
0.015166979
0.014227677
0.013446062
0.012802612
0.012279027
0.011855869
0.011515195
0.011246764
0.011035894
0.010868669
0.010734799
0.010625688
0.010534691
0.010454895
0.010382378
0.010315249
0.010250254
0.01018559
0.010121229
0.010055553
0.0099876389
0.0099182186
0.0098471458
0.0097735355
0.0096978546
0.0096204338
0.0095401379
0.0094574629
0.0093732847
0.009286494
0.0091974476
0.0091071618
0.0090147497
0.0089194994
0.0088214604
0.0087205912
0.0086162275
0.0085092551
0.0084002972
0.0082892563
0.0081768495
0.0080627193
0.0079468943
0.0078294874
0.007710154
0.0075892696
0.0074666467
0.0073423572
0.0072163819
0.0070886703
0.0069593374
0.0068281957
0.0066953945
0.0065607907
0.0064244181
0.0062862119
0.0061461381
0.0060041577
0.0058602273
0.0057143328
0.0055664124
0.0054164574
0.0052644046
0.0051102567
0.0049539467
0.0047954806
0.0046348
0.0044719302
0.0043068259
0.0041395337
0.0039700318
0.003798394
0.0036246549
0.0034488997
0.0032712783
0.0030919083
0.0029111131
0.0027290824
0.002546504
0.0023635156
0.0021819995
0.0020008467
0.0018271001
0.0016512542
0.0015043059
0.0013329523
0.001273342
0.0010674401
0.0018631326
-0.0017931461
0.033781995
0.032211885
0.030189077
0.027838559
0.025411496
0.023145199
0.02112902
0.019366929
0.017838867
0.016526044
0.015409187
0.014464628
0.013672777
0.0130157
0.012476176
0.012036283
0.01167917
0.011393951
0.011166938
0.010984815
0.010837385
0.010716125
0.010614271
0.010525153
0.010444604
0.010370375
0.010299323
0.0102295
0.010160556
0.010090965
0.010019741
0.0099473574
0.0098736679
0.0097978476
0.0097201609
0.0096408829
0.0095590915
0.0094750435
0.0093892793
0.0093009465
0.0092105359
0.0091186192
0.0090243725
0.0089284197
0.0088312689
0.0087321047
0.0086301971
0.0085257889
0.0084185699
0.0083080758
0.0081954304
0.0080808469
0.007964685
0.0078470664
0.0077275391
0.007606459
0.0074835847
0.0073589954
0.0072326733
0.0071045778
0.0069748355
0.0068432579
0.0067100113
0.006574951
0.0064381183
0.0062994498
0.0061589156
0.0060164791
0.0058720982
0.0057257608
0.0055774061
0.005427027
0.0052745604
0.0051200102
0.0049633092
0.0048044645
0.0046434172
0.0044801933
0.0043147469
0.004147125
0.0039773052
0.0038053615
0.003631328
0.0034552897
0.0032773962
0.0030977647
0.0029167184
0.0027344465
0.0025516358
0.0023684252
0.0021866923
0.002005336
0.0018313782
0.0016553516
0.0015081689
0.0013366465
0.001276777
0.0010706721
0.0018664032
-0.001788942
0.032832246
0.031408175
0.02960389
0.027494646
0.025275704
0.023159781
0.021242181
0.019540582
0.018048004
0.016753333
0.015642186
0.014695396
0.013895645
0.013226716
0.012672663
0.012217023
0.011844069
0.011542615
0.011299819
0.011102994
0.010942092
0.010808685
0.01069594
0.010597385
0.010508663
0.010427211
0.010349962
0.010274832
0.010201176
0.010127535
0.010052874
0.0099774313
0.0099010184
0.0098228575
0.0097430816
0.0096618946
0.0095784914
0.0094930064
0.0094058936
0.0093164723
0.0092250197
0.0091318742
0.0090364567
0.0089394115
0.0088407744
0.008740085
0.0086381683
0.0085348209
0.0084292744
0.0083212645
0.008210773
0.0080973133
0.0079813375
0.0078634493
0.0077435995
0.007622334
0.0074993357
0.007374626
0.0072481437
0.0071198371
0.0069898375
0.0068579537
0.0067243733
0.0065889516
0.006451741
0.0063126806
0.0061717462
0.0060289045
0.005884116
0.0057373716
0.0055886121
0.0054378329
0.0052849717
0.0051300341
0.0049729536
0.0048137386
0.0046523304
0.0044887556
0.0043229685
0.0041550165
0.0039848768
0.0038126242
0.0036382922
0.0034619657
0.0032837943
0.0031038948
0.0029225902
0.0027400696
0.0025570185
0.0023735773
0.0021916178
0.0020100488
0.0018358669
0.0016596502
0.0015122109
0.0013405079
0.0012803402
0.0010740058
0.0018696262
-0.0017842053
0.031948647
0.030653857
0.029037771
0.027140812
0.025113431
0.023142985
0.021325866
0.019689644
0.018237676
0.016965807
0.015864403
0.014918551
0.014113429
0.013434642
0.012867655
0.012397441
0.012009418
0.011692391
0.011434269
0.011223017
0.011048792
0.010903288
0.010779654
0.01067158
0.01057457
0.010485792
0.010402214
0.010321636
0.010243158
0.010165352
0.010087132
0.010008526
0.0099292895
0.0098486861
0.0097667316
0.0096835578
0.0095984507
0.0095114576
0.0094229536
0.009332346
0.0092398172
0.0091456797
0.0090494602
0.0089515504
0.008851916
0.0087503053
0.0086474588
0.0085427102
0.0084361381
0.0083285898
0.0082194079
0.0081078319
0.0079940502
0.0078777426
0.0077584863
0.0076371494
0.0075139033
0.0073890294
0.0072624635
0.00713409
0.0070040002
0.0068719712
0.0067382024
0.0066025449
0.0064650645
0.0063257052
0.0061844512
0.0060412737
0.0058961374
0.0057490371
0.0055999161
0.0054487733
0.005295548
0.0051402484
0.0049828088
0.00482324
0.0046614836
0.0044975679
0.0043314471
0.0041631698
0.0039927131
0.0038201526
0.0036455215
0.0034689051
0.0032904529
0.0031102815
0.0029287138
0.0027459388
0.0025626409
0.0023789621
0.0021967676
0.0020149778
0.0018405596
0.0016641442
0.0015164258
0.0013445305
0.0012840238
0.0010774304
0.0018727606
-0.0017788683
0.031124513
0.029944437
0.028491149
0.026781026
0.024929091
0.023098025
0.021381693
0.019814355
0.018407305
0.017162455
0.016074634
0.0151329
0.014325027
0.01363851
0.013060323
0.012576858
0.012174693
0.011842858
0.011569968
0.011344646
0.011157313
0.010999815
0.01086533
0.010747691
0.010642307
0.010546114
0.01045609
0.010369941
0.010286536
0.010204454
0.010122561
0.010040694
0.0099585474
0.0098754137
0.0097912019
0.0097059703
0.0096190802
0.0095305021
0.0094405359
0.009348667
0.0092550117
0.0091598411
0.0090627265
0.0089639749
0.0088636046
0.0087613766
0.0086577509
0.0085521887
0.0084448884
0.0083363763
0.0082259894
0.008114204
0.0080011658
0.0078861901
0.0077690108
0.0076494745
0.007527155
0.0074024523
0.0072757345
0.0071472163
0.0070170679
0.0068850049
0.0067511954
0.0066154513
0.0064778381
0.0063382997
0.0061968296
0.0060534061
0.0059079999
0.0057606112
0.0056111873
0.0054597313
0.0053061849
0.0051505597
0.0049927919
0.004832895
0.0046708116
0.0045065722
0.0043401315
0.0041715397
0.004000774
0.0038279115
0.003652985
0.0034760807
0.0032973481
0.0031169039
0.0029350709
0.0027520383
0.002568489
0.0023845675
0.0022021311
0.0020201137
0.0018454478
0.0016688261
0.0015208058
0.0013487071
0.0012878184
0.0010809337
0.0018757599
-0.0017728546
0.030353972
0.029275899
0.027964076
0.026418559
0.024726685
0.023028085
0.021411553
0.019915389
0.018556762
0.017342664
0.016272002
0.015337488
0.014529495
0.01383745
0.013249885
0.012754604
0.012339353
0.011993573
0.011706562
0.011467608
0.011267446
0.011098115
0.010952857
0.010825646
0.010711826
0.010608149
0.010511581
0.010419749
0.010331321
0.010244859
0.010159185
0.010073964
0.009988826
0.009903078
0.0098165352
0.0097291841
0.009640444
0.0095502195
0.0094587359
0.0093655439
0.0092706985
0.0091744271
0.0090763556
0.0089767322
0.0088755777
0.0087726473
0.0086683363
0.0085622319
0.0084544074
0.0083452112
0.0082341581
0.0081217509
0.0080076547
0.0078918716
0.0077750537
0.0076566163
0.0075359462
0.0074130461
0.0072875001
0.0071593857
0.0070291991
0.0068970137
0.0067631603
0.006627414
0.0064897955
0.0063502141
0.0062086556
0.0060650992
0.0059195215
0.0057719301
0.0056222777
0.0054705736
0.0053167627
0.0051608611
0.0050028071
0.0048426181
0.0046802383
0.0045157008
0.0043489615
0.0041800728
0.0040090123
0.0038358589
0.0036606458
0.0034834599
0.0033044512
0.0031237367
0.0029416393
0.0027583486
0.002574546
0.0023903787
0.0022076952
0.002025445
0.0018505211
0.0016736865
0.0015253413
0.0013530287
0.0012917129
0.0010845012
0.0018785712
-0.0017660789
0.029631848
0.028644662
0.02745632
0.026056056
0.024509768
0.022936204
0.021417447
0.01999369
0.018686219
0.017506111
0.016455881
0.015531555
0.014726041
0.014030692
0.013435626
0.012930046
0.012502866
0.012144086
0.011843681
0.011591608
0.011378964
0.011198012
0.011042104
0.010905348
0.010783065
0.010671852
0.010568661
0.010471049
0.010377509
0.010286571
0.010197014
0.010108353
0.010020143
0.0099316998
0.009842755
0.0097532246
0.0096625718
0.0095706445
0.0094775968
0.0093830307
0.0092869472
0.0091895301
0.0090904527
0.0089899013
0.0088878974
0.008784217
0.0086792055
0.0085724949
0.0084641037
0.0083543782
0.0082429062
0.0081299657
0.0080152888
0.0078989894
0.0077814112
0.0076620589
0.0075413106
0.0074191594
0.0072948959
0.00716852
0.0070396727
0.0069080709
0.0067742749
0.0066384466
0.0065007979
0.0063612337
0.0062196953
0.0060761291
0.005930498
0.0057828102
0.0056330223
0.0054811514
0.0053271469
0.005171031
0.0050127452
0.0048523114
0.0046896759
0.0045248755
0.0043578674
0.0041887069
0.0040173727
0.003843946
0.0036684603
0.0034910042
0.0033117283
0.0031307499
0.0029483927
0.0027648464
0.0025807913
0.0023963774
0.0022134438
0.0020309573
0.0018557665
0.0016787137
0.0015300208
0.0013574846
0.0012956943
0.0010881157
0.0018811338
-0.0017584457
0.028953568
0.028047529
0.02696745
0.025695618
0.024281459
0.022825229
0.021401401
0.020050369
0.018796059
0.01765268
0.016625832
0.015714499
0.014913991
0.014217556
0.013616893
0.013102587
0.012664717
0.012293951
0.011980952
0.01171634
0.011491621
0.011299316
0.011132923
0.01098669
0.010855943
0.010737167
0.010627292
0.010523816
0.010425084
0.010329584
0.01023605
0.010143863
0.010052506
0.0099612908
0.0098698751
0.0097781069
0.0096854807
0.0095917954
0.0094971381
0.00940115
0.0093037862
0.0092051873
0.0091050645
0.0090035473
0.0089006559
0.0087961852
0.0086904197
0.008583043
0.0084740564
0.0083637773
0.0082518155
0.0081383874
0.0080233301
0.0079066533
0.0077885678
0.0076687235
0.0075474489
0.0074244526
0.0072998512
0.0071738951
0.0070460209
0.0069160285
0.0067836259
0.0066485074
0.006511014
0.0063714086
0.0062298519
0.0060863166
0.0059407245
0.0057930512
0.005643237
0.0054912984
0.0053371877
0.005180934
0.0050224835
0.0048618639
0.0046990246
0.0045340063
0.0043667686
0.0041973701
0.004025791
0.0038521154
0.0036763778
0.0034986684
0.0033191391
0.003137908
0.0029552993
0.0027715037
0.0025872
0.0024025419
0.0022193575
0.0020366335
0.0018611682
0.0016838937
0.0015348303
0.0013620615
0.0012997474
0.0010917573
0.0018833792
-0.0017498482
0.028315076
0.02748165
0.026496896
0.02533889
0.024044464
0.022697794
0.021365417
0.020086643
0.018886825
0.017782419
0.016781569
0.015885839
0.01509277
0.014397435
0.013793086
0.013271666
0.012824408
0.012442731
0.012117996
0.011841491
0.011605162
0.011401824
0.011225151
0.011069547
0.01093037
0.010804025
0.010687423
0.010578017
0.010474023
0.010373881
0.010276285
0.010180493
0.010085916
0.0099918553
0.009897902
0.0098038389
0.0097091806
0.0096136836
0.0095173717
0.0094199152
0.0093212298
0.0092214139
0.0091202085
0.0090176947
0.008913887
0.0088085945
0.0087020448
0.008593969
0.0084843496
0.0083734612
0.0082609616
0.0081470382
0.0080315482
0.0079144589
0.0077959901
0.0076758323
0.0075541481
0.0074307163
0.0073057392
0.0071790503
0.0070506062
0.0069208396
0.0067892759
0.0066555311
0.0065194046
0.0063805897
0.0062392685
0.0060957313
0.0059501346
0.0058025025
0.005652741
0.0055008351
0.0053467188
0.0051904196
0.005031886
0.0048711525
0.0047081724
0.0045429921
0.0043755737
0.0042059802
0.0040341934
0.0038603012
0.0036843391
0.0035063998
0.0033266368
0.0031451691
0.0029623222
0.0027782877
0.002593743
0.002408846
0.0022254131
0.0020424527
0.0018667075
0.0016892093
0.0015397531
0.001366744
0.0013038543
0.0010954024
0.0018852421
-0.0017401666
0.027712773
0.026944477
0.026044003
0.024987134
0.023801108
0.022556314
0.021311442
0.0201038
0.018959182
0.017895508
0.016922926
0.016045197
0.015261881
0.01456978
0.013963647
0.01343675
0.012981457
0.012589995
0.012254438
0.011966741
0.011719323
0.01150532
0.011318619
0.011153786
0.011006244
0.010872348
0.010748998
0.010633612
0.010524296
0.010419444
0.010317706
0.010218235
0.010120369
0.010023392
0.0099268372
0.0098304233
0.0097336764
0.0096363153
0.0095383043
0.0094393342
0.0093392866
0.0092382186
0.009135895
0.0090323543
0.0089276022
0.0088214595
0.0087141037
0.0086053047
0.0084950257
0.0083835019
0.0082704358
0.0081559769
0.0080400001
0.0079224712
0.0078035973
0.0076830731
0.0075610272
0.0074373181
0.0073120042
0.0071849336
0.0070561633
0.0069258229
0.0067936522
0.0066599333
0.0065244868
0.0063868531
0.0062468494
0.0061041471
0.0059588437
0.0058112425
0.0056614894
0.0055096335
0.00535558
0.0051993264
0.0050408023
0.0048800405
0.0047169957
0.0045517205
0.0043841807
0.0042144446
0.0040424962
0.0038684278
0.0036922765
0.0035141377
0.003334167
0.0031524847
0.002969418
0.0027851596
0.0026003857
0.0024152591
0.0022315829
0.0020483902
0.0018723618
0.0016946401
0.0015447693
0.0013715136
0.0013079941
0.0010990233
0.0018866685
-0.0017292657
0.027143453
0.026433727
0.025608063
0.024641297
0.023553375
0.022402983
0.021241351
0.020103166
0.019013895
0.017992245
0.017049848
0.016192286
0.0154209
0.014734095
0.014128056
0.013597329
0.013135392
0.012735315
0.0123899
0.012091767
0.011833832
0.011609582
0.011413144
0.011239266
0.011083455
0.010942053
0.010811954
0.010690553
0.010575869
0.010466247
0.010360296
0.010257076
0.010155856
0.010055898
0.0099566786
0.0098578594
0.0097589692
0.0096596927
0.0095599389
0.0094594112
0.0093579612
0.0092556067
0.0091521298
0.0090475322
0.0089418078
0.0088347877
0.0087266043
0.0086170589
0.0085060985
0.008393922
0.0082802691
0.008165252
0.0080487641
0.0079307666
0.0078114388
0.0076905083
0.0075680913
0.0074440527
0.0073184092
0.0071910788
0.0070620435
0.0069313619
0.0067988773
0.0066647089
0.0065286797
0.0063909504
0.0062514857
0.0061098072
0.0059657553
0.0058189988
0.0056695729
0.0055177726
0.0053637398
0.0052075436
0.0050490897
0.0048883825
0.0047253583
0.0045600676
0.0043924769
0.0042226607
0.004050606
0.0038764105
0.0037001131
0.0035218129
0.0033416674
0.0031597989
0.0029765365
0.0027920745
0.002607088
0.002421745
0.0022378346
0.002054417
0.0018781045
0.0017001621
0.0015498555
0.0013763485
0.001312143
0.0011025875
0.0018874994
-0.0017169947
0.02660426
0.025947348
0.025188343
0.024302069
0.023302936
0.022239779
0.021156923
0.020086082
0.01905181
0.018073031
0.017162386
0.016326905
0.015569468
0.014889934
0.014285828
0.013752914
0.01328575
0.012878266
0.012524
0.012216235
0.011948407
0.011714375
0.011508535
0.011325833
0.011161884
0.011013047
0.010876221
0.010748789
0.010628703
0.01051426
0.010404035
0.010297003
0.010192368
0.010089365
0.0099874221
0.0098861448
0.009785058
0.009683816
0.0095822761
0.0094801477
0.0093772559
0.0092735805
0.0091689161
0.0090632317
0.0089565077
0.0088485834
0.0087395508
0.0086292362
0.0085175736
0.0084047274
0.008290469
0.0081748783
0.0080578636
0.0079393789
0.0078195768
0.0076982172
0.0075753926
0.007450979
0.0073249922
0.0071973629
0.007068037
0.006937097
0.0068043806
0.006669919
0.0065336012
0.0063955098
0.0062555023
0.0061136598
0.0059700378
0.0058241832
0.0056759355
0.0055249634
0.0053712703
0.005215146
0.0050567236
0.0048960804
0.0047331318
0.0045679016
0.0044003389
0.0042305159
0.0040584203
0.0038841557
0.0037077637
0.0035293475
0.0033490675
0.003167048
0.0029836203
0.0027989808
0.0026138033
0.002428262
0.0022441307
0.0020604991
0.0018839046
0.001705747
0.0015549847
0.0013812234
0.0013162734
0.0011060607
0.0018876006
-0.0017031982
0.026092644
0.025483494
0.024784106
0.023969935
0.023051194
0.022068469
0.021059837
0.020053884
0.019073831
0.018138355
0.017260683
0.016448942
0.015707299
0.015036901
0.014436509
0.013903038
0.01343208
0.013018425
0.012656353
0.012339808
0.012062756
0.011819454
0.011604589
0.011413323
0.011241403
0.011085228
0.01094172
0.010808261
0.010682752
0.010563453
0.010448899
0.010337999
0.010229892
0.010123786
0.010019062
0.0099152754
0.0098119407
0.0097086841
0.0096053154
0.0095015439
0.0093971711
0.0092921408
0.009186255
0.0090794541
0.0089717034
0.0088628483
0.008752945
0.0086418388
0.0085294534
0.0084159205
0.0083010387
0.0081848597
0.0080673031
0.0079483166
0.0078280286
0.0077062255
0.0075829755
0.0074581675
0.0073318103
0.0072038365
0.0070741962
0.006942974
0.0068099913
0.0066752811
0.0065387562
0.0064004107
0.0062601395
0.0061179981
0.0059738789
0.0058278267
0.0056799316
0.0055297731
0.0053771847
0.0052218523
0.0050637641
0.0049032019
0.0047402943
0.0045751338
0.0044076499
0.0042378905
0.0040658266
0.0038915606
0.0037151344
0.0035366559
0.003356289
0.0031741606
0.0029906047
0.0028058197
0.0026204787
0.0024347623
0.0022504277
0.0020665972
0.0018897263
0.001711362
0.0015601253
0.0013861089
0.0013203537
0.0011094009
0.0018868571
-0.0016876925
0.025606331
0.025040496
0.024394617
0.02364521
0.02279931
0.02189062
0.020951661
0.020007887
0.019080907
0.018188787
0.017344974
0.016558369
0.015834173
0.015174653
0.014579686
0.014047256
0.013573938
0.013155372
0.01278657
0.012462137
0.012176575
0.011924561
0.01170109
0.011501561
0.01132187
0.011158485
0.011008365
0.010868904
0.010737969
0.010613786
0.010494863
0.010380045
0.010268414
0.01015915
0.010051593
0.0099452468
0.0098396145
0.0097342956
0.0096290557
0.0095235996
0.0094177071
0.0093112878
0.0092041471
0.0090961998
0.0089873954
0.0088775833
0.0087667874
0.0086548677
0.008541739
0.0084275023
0.0083119793
0.0081951974
0.008077084
0.0079575819
0.0078367968
0.0077145375
0.0075908514
0.0074656382
0.0073388958
0.0072105606
0.0070805844
0.0069490382
0.0068157599
0.0066807847
0.0065440152
0.0064054372
0.0062649744
0.0061226085
0.0059782507
0.0058319428
0.005683595
0.0055332291
0.0053809447
0.0052263667
0.0050693121
0.0049094916
0.0047468993
0.0045818227
0.0044143876
0.0042447021
0.0040727183
0.0038985163
0.0037221229
0.0035436443
0.003363246
0.003181058
0.0029974174
0.0028125255
0.0026270542
0.0024411912
0.0022566761
0.0020726663
0.0018955282
0.0017169691
0.0015652412
0.0013909711
0.001324348
0.0011125579
0.0018851605
-0.0016702658
0.025143285
0.024616847
0.024019161
0.02332808
0.022548238
0.021707612
0.020833843
0.019949366
0.019074008
0.01822496
0.017415575
0.016655236
0.015949944
0.015302906
0.014714987
0.014185152
0.013710899
0.013288689
0.012914262
0.012582867
0.012289554
0.012029426
0.011797811
0.011590358
0.011403133
0.011232697
0.011076061
0.010930644
0.010794296
0.010665219
0.010541895
0.010423118
0.010307919
0.010195448
0.010085007
0.0099760539
0.0098680763
0.0097606487
0.0096534959
0.0095463145
0.0094388637
0.0093310215
0.0092225927
0.0091134693
0.009003584
0.0088927886
0.0087810782
0.008668323
0.0085544302
0.0084394728
0.008323291
0.0082058913
0.0080872064
0.0079671749
0.0078458812
0.0077231539
0.0075990218
0.0074733932
0.007346256
0.0072175505
0.0070872264
0.0069553413
0.0068217494
0.0066864754
0.0065494281
0.0064105993
0.00626991
0.0061273272
0.0059827908
0.0058362812
0.0056877183
0.0055371244
0.0053844289
0.0052296496
0.0050728739
0.0049137732
0.0047521467
0.0045877516
0.0044206028
0.0042509994
0.0040790699
0.0039049447
0.0037286308
0.0035502129
0.0033698451
0.0031876543
0.0030039798
0.0028190256
0.0026334631
0.0024474878
0.0022628202
0.0020786553
0.0019012634
0.0017225252
0.001570291
0.0013957713
0.0013282157
0.0011154789
0.0018824092
-0.0016506995
0.024701684
0.024211177
0.023657042
0.023018625
0.022298756
0.021520651
0.020707714
0.019879545
0.01905412
0.018247557
0.017472873
0.016739673
0.016054536
0.015421433
0.014842086
0.01431634
0.013842553
0.013417971
0.013039039
0.012701641
0.012401369
0.012133768
0.011894511
0.011679512
0.011485027
0.01130773
0.011144702
0.010993399
0.010851671
0.010717704
0.01058996
0.010467193
0.010348389
0.010232667
0.010119294
0.010007691
0.0098973227
0.0097877415
0.0096786351
0.0095696882
0.0094606413
0.0093513423
0.0092415924
0.0091312629
0.0090202696
0.0089084647
0.0087958175
0.0086822046
0.0085675271
0.0084518314
0.0083349734
0.0082169407
0.0080976696
0.0079770949
0.0078552811
0.007732074
0.0076074859
0.0074814317
0.0073538911
0.0072248068
0.0070941262
0.0069618951
0.0068279801
0.006692394
0.0065550532
0.0064159456
0.0062749954
0.006132176
0.0059874289
0.0058407163
0.005691985
0.0055412081
0.0053883194
0.0052333276
0.0050761791
0.0049168948
0.0047555405
0.0045918495
0.0044256003
0.0042566111
0.0040849322
0.003910884
0.0037346286
0.0035562869
0.003375995
0.0031938582
0.0030102063
0.0028252412
0.0026396329
0.002453585
0.0022687979
0.002084507
0.001906879
0.0017279811
0.0015752282
0.0014004655
0.0013319112
0.0011181034
0.0018783906
-0.0016287527
0.024279895
0.023822245
0.023307589
0.022716843
0.022051487
0.021330785
0.020574489
0.019799592
0.01902222
0.018257302
0.017517317
0.01681188
0.016147942
0.015530068
0.014960703
0.014440473
0.013968517
0.013542823
0.013160515
0.012818094
0.012511691
0.012237295
0.011990936
0.011768809
0.011567374
0.011383439
0.011214171
0.011057077
0.010910021
0.010771184
0.010639016
0.010512239
0.010389799
0.01027079
0.010154446
0.01004015
0.0099273491
0.0098155718
0.0097044721
0.0095937208
0.0094830405
0.0093722509
0.0092611471
0.0091495816
0.0090374531
0.0089246123
0.0088110057
0.0086965131
0.0085810299
0.0084645783
0.0083470263
0.0082283453
0.008108473
0.0079873411
0.0078649955
0.0077412967
0.0076162423
0.0074897525
0.0073617997
0.007232328
0.0071012829
0.0069686992
0.0068344536
0.006698549
0.0065609071
0.0064215095
0.0062802843
0.0061372044
0.005992212
0.0058452758
0.0056963466
0.0055453797
0.0053923314
0.005237172
0.0050798511
0.00492036
0.0047586698
0.0045948214
0.0044288499
0.0042605626
0.0040897165
0.0039162102
0.003740167
0.0035618938
0.0033816614
0.0031995969
0.0030160118
0.0028310882
0.0026454848
0.0024594098
0.0022745416
0.0020901586
0.0019123164
0.0017332821
0.0015800005
0.0014050043
0.0013353836
0.0011203626
0.0018729036
-0.0016041602
0.023876451
0.023448922
0.022970162
0.022422671
0.021806929
0.021138919
0.020435265
0.019710605
0.018979272
0.018254941
0.017549411
0.016872125
0.016230222
0.015628706
0.015070611
0.014557238
0.014088432
0.013662867
0.013278313
0.012931866
0.012620185
0.012339705
0.012086822
0.011858021
0.011649982
0.011459666
0.011284339
0.011121574
0.010969264
0.010825596
0.010689015
0.010558219
0.010432125
0.010309798
0.010190448
0.010073423
0.0099581496
0.0098441362
0.0097310051
0.0096184118
0.0095060616
0.0093937483
0.0092812582
0.0091684269
0.0090551358
0.0089412328
0.0088266439
0.0087112493
0.0085949394
0.0084777138
0.0083594498
0.0082401048
0.0081196162
0.0079979128
0.0078750234
0.0077508206
0.0076252895
0.007498354
0.0073699799
0.0072401121
0.0071086945
0.0069757512
0.0068411682
0.0067049393
0.0065669899
0.0064272967
0.0062857904
0.0061424401
0.0059971899
0.0058500087
0.0057008482
0.0055496695
0.0053964343
0.005241097
0.0050836238
0.0049239788
0.0047621369
0.0045980788
0.0044318087
0.0042633965
0.0040928395
0.0039200417
0.0037447642
0.0035669557
0.0033868937
0.003204887
0.003021357
0.0028364959
0.0026509391
0.0024648843
0.0022799784
0.0020955419
0.0019175118
0.0017383681
0.0015845503
0.0014093324
0.0013385764
0.0011221791
0.0018657419
-0.0015766354
0.023490033
0.023090176
0.022644149
0.022135996
0.02156547
0.020945826
0.020291029
0.019613613
0.018926215
0.018241236
0.017569701
0.01692073
0.016301501
0.015717303
0.015171635
0.014666369
0.014201971
0.013777744
0.013392065
0.013042598
0.012726514
0.012440691
0.012181895
0.01194691
0.011732649
0.011536239
0.011355065
0.011186777
0.01102931
0.010880869
0.010739901
0.010605092
0.010475332
0.010349668
0.010227282
0.010107497
0.0099897165
0.0098734299
0.0097582316
0.0096437605
0.0095297052
0.0094158354
0.0093019274
0.0091878005
0.0090733197
0.0089583282
0.0088427337
0.0087264149
0.0086092568
0.0084912389
0.0083722448
0.0082522197
0.0081310993
0.00800881
0.0078853643
0.0077606453
0.0076346266
0.0075072349
0.0073784302
0.0072481573
0.0071163589
0.006983049
0.0068481214
0.006711562
0.0065732994
0.0064333054
0.0062915128
0.0061478873
0.0060023739
0.0058549395
0.0057055357
0.0055541259
0.0054006717
0.0052451336
0.0050874826
0.0049276716
0.0047656837
0.004601484
0.0044350832
0.0042664505
0.0040956344
0.0039227496
0.0037477748
0.0035706846
0.0033913147
0.0032096897
0.0030262862
0.0028414685
0.0026559516
0.0024699394
0.0022850332
0.0021005839
0.0019223964
0.0017431737
0.0015888152
0.0014133892
0.0013414283
0.0011234666
0.0018566817
-0.0015458729
0.023119448
0.022745068
0.022328966
0.02185667
0.021327407
0.02075217
0.020142665
0.019509573
0.018863953
0.018216954
0.017578763
0.016958072
0.01636196
0.015795874
0.015263654
0.014767641
0.01430884
0.01388712
0.013501419
0.013149938
0.01283034
0.01253994
0.012275872
0.012035226
0.011815157
0.011612976
0.011426195
0.011252559
0.011090055
0.010936919
0.01079161
0.010652807
0.010519384
0.01039037
0.010264929
0.010142356
0.010022039
0.0099034462
0.0097861473
0.0096697647
0.0095539708
0.0094385129
0.009323156
0.0092077044
0.0090920068
0.0089759008
0.0088592774
0.0087420118
0.0086239842
0.0085051553
0.0083854128
0.0082646912
0.0081429234
0.0080200333
0.0078960186
0.0077707706
0.007644253
0.0075163944
0.0073871493
0.0072564623
0.0071242743
0.0069905902
0.0068553109
0.0067184147
0.0065798328
0.0064395326
0.0062974485
0.0061535434
0.0060077626
0.0058600705
0.0057104192
0.0055587708
0.0054050865
0.0052493292
0.0050914702
0.0049314685
0.0047693109
0.0046049566
0.0044384146
0.004269651
0.004098727
0.0039256036
0.0037503858
0.0035732714
0.0033942445
0.0032133206
0.0030305183
0.0028459957
0.0026605576
0.0024745673
0.0022896569
0.0021052167
0.001926899
0.0017476292
0.0015927284
0.0014171088
0.0013438733
0.0011241303
0.0018454834
-0.001511552
0.02276362
0.022412739
0.022024062
0.021584516
0.021092962
0.020558509
0.019990958
0.019399366
0.01879335
0.018182853
0.017577199
0.016984569
0.016411835
0.015864488
0.015346598
0.014860876
0.014408783
0.013990689
0.013606042
0.013253545
0.01293133
0.012637136
0.012368463
0.012122709
0.011897281
0.011689681
0.011497566
0.011318782
0.011151387
0.010993656
0.010844068
0.010701305
0.010564233
0.010431869
0.010303361
0.010177982
0.010055103
0.0099341754
0.0098147461
0.0096964208
0.0095788567
0.0094617805
0.009344945
0.0092281401
0.0091111992
0.008993953
0.0088762773
0.0087580427
0.008639124
0.0085194653
0.0083989559
0.008277521
0.00815509
0.008031584
0.0079069871
0.0077811972
0.0076541693
0.0075258326
0.007396137
0.0072650261
0.0071324396
0.0069983736
0.0068627347
0.006725495
0.0065865873
0.0064459753
0.0063035945
0.006159405
0.0060133523
0.0058653987
0.0057154963
0.0055636056
0.0054096875
0.0052537044
0.0050956268
0.0049354166
0.0047730608
0.0046085253
0.0044418198
0.0042729127
0.00410185
0.0039286038
0.0037532841
0.0035759227
0.0033966654
0.0032157814
0.0030333777
0.0028495094
0.0026645641
0.0024787781
0.0022938748
0.0021094209
0.0019309666
0.0017516669
0.0015962205
0.0014204203
0.0013458413
0.0011240665
0.0018318988
-0.0014733447
0.02242157
0.022092399
0.021728915
0.02131934
0.020862292
0.020365317
0.019836602
0.019283801
0.018715226
0.01813968
0.017565623
0.017000672
0.01645141
0.015923268
0.015420451
0.014945945
0.014501584
0.014088173
0.01370562
0.01335309
0.013029156
0.012731964
0.012459374
0.012209094
0.011978783
0.011766147
0.011568999
0.011385298
0.011213182
0.011050976
0.010897192
0.010750521
0.010609829
0.010474126
0.010342547
0.010214351
0.010088891
0.0099656047
0.0098440189
0.0097237231
0.0096043598
0.0094856368
0.0093672943
0.0092491089
0.0091308986
0.009012487
0.008893736
0.0087745101
0.0086546791
0.0085341714
0.0084128766
0.0082907116
0.0081676013
0.008043464
0.0079182716
0.0077919266
0.0076643763
0.0075355502
0.0074053936
0.007273849
0.0071408546
0.0070063983
0.0068703919
0.0067328013
0.0065935611
0.0064526312
0.006309948
0.006165469
0.0060191398
0.0058709206
0.0057207632
0.0055686269
0.0054144719
0.0052582598
0.0050999602
0.0049395355
0.0047769713
0.0046122366
0.0044453413
0.0042762612
0.0041050393
0.0039316579
0.0037562057
0.0035787244
0.0033993462
0.0032182214
0.0030356121
0.0028518294
0.0026673238
0.0024821226
0.0022975698
0.0021132182
0.0019346126
0.001755256
0.0015992346
0.0014232521
0.0013472591
0.0011231625
0.0018156785
-0.0014309261
0.022092406
0.021783325
0.021443028
0.021060934
0.020635505
0.020172986
0.01968021
0.019163616
0.018630351
0.01808816
0.017544656
0.017006862
0.016481008
0.015972386
0.015485246
0.015022761
0.014587065
0.014179329
0.013799866
0.01344826
0.013123499
0.012824112
0.012548311
0.012294107
0.012059419
0.01184216
0.011640307
0.011451947
0.011275305
0.01110877
0.01095089
0.01080038
0.010656111
0.010517091
0.010382449
0.010251432
0.01012338
0.0099977176
0.0098739538
0.0097516632
0.0096304746
0.0095100786
0.0093902027
0.0092706105
0.0091511061
0.0090315048
0.0089116557
0.0087914168
0.0086706523
0.0085492765
0.0084271779
0.0083042656
0.0081804598
0.0080556757
0.0079298741
0.0078029606
0.0076748758
0.0075455485
0.0074149201
0.0072829315
0.0071495195
0.0070146643
0.006878282
0.006740333
0.0066007531
0.0064594987
0.0063165069
0.0061717329
0.0060251221
0.0058766327
0.0057262162
0.0055738306
0.0054194355
0.0052629915
0.0051044674
0.0049438254
0.0047810498
0.0046161102
0.004449015
0.0042797431
0.0041083378
0.0039347901
0.0037591836
0.0035815687
0.003402063
0.0032208226
0.0030380562
0.0028540396
0.0026693473
0.0024842579
0.0023001478
0.0021162772
0.0019377801
0.0017584186
0.0016017709
0.0014255587
0.0013480621
0.0011213017
0.0017965817
-0.0013839973
0.021775315
0.02148485
0.021165935
0.020809082
0.020412663
0.019981843
0.019522317
0.01903948
0.018539448
0.018028993
0.017514917
0.017003639
0.01650099
0.016012058
0.015541063
0.015091289
0.014665093
0.014263948
0.013888519
0.013538765
0.013214052
0.012913274
0.012634978
0.012377473
0.012138936
0.011917493
0.011711294
0.011518557
0.01133761
0.011166912
0.01100506
0.010850798
0.01070301
0.010560709
0.010423024
0.010289192
0.010158544
0.010030494
0.0099045351
0.0097802298
0.0096571933
0.0095351006
0.009413667
0.0092926437
0.0091718215
0.0090510071
0.0089300381
0.0088087648
0.0086870461
0.0085647834
0.0084418626
0.008318186
0.0081936685
0.0080682221
0.0079417973
0.0078143017
0.0076856699
0.0075558296
0.0074247184
0.0072922753
0.0071584357
0.0070231725
0.0068864055
0.0067480902
0.0066081628
0.006466577
0.0063232701
0.006178195
0.006031297
0.0058825324
0.0057318522
0.0055792133
0.0054245743
0.0052678953
0.0051091438
0.004948282
0.0047852927
0.0046201459
0.0044528478
0.0042833788
0.0041117799
0.003938046
0.0037622607
0.0035844821
0.0034048252
0.0032234466
0.0030405505
0.00285642
0.0026715148
0.002486164
0.0023018828
0.0021181468
0.0019399504
0.0017609236
0.0016038126
0.0014273498
0.0013482325
0.0011183866
0.0017744167
-0.0013323389
0.02146955
0.021196358
0.020897195
0.020563562
0.020193795
0.019792159
0.01936339
0.018911997
0.018443187
0.017962848
0.017477017
0.016991513
0.016511742
0.016042539
0.015588026
0.015151534
0.014735574
0.014341857
0.013971348
0.013624334
0.013300525
0.012999153
0.012719083
0.012458915
0.012217077
0.011991914
0.01178175
0.011584948
0.011399942
0.011225271
0.011059591
0.010901682
0.01075045
0.010604919
0.010464221
0.01032759
0.01019435
0.010063907
0.0099357435
0.0098094081
0.009684505
0.0095606952
0.0094376821
0.0093152054
0.0091930434
0.009070994
0.0089488838
0.0088265557
0.0087038627
0.0085806945
0.0084569336
0.0083324757
0.0082072303
0.0080811061
0.007954044
0.0078259527
0.0076967614
0.007566396
0.0074347906
0.0073018822
0.0071676047
0.0070319243
0.0068947635
0.0067560735
0.0066157909
0.0064738663
0.0063302373
0.0061848547
0.0060376634
0.0058886181
0.0057376691
0.0055847722
0.0054298852
0.0052729674
0.0051139852
0.0049529008
0.0047896953
0.0046243391
0.0044568362
0.0042871679
0.0041153723
0.0039414466
0.0037654719
0.0035875086
0.0034076737
0.0032261283
0.0030430778
0.002858795
0.0026737443
0.002488248
0.0023036749
0.0021196238
0.0019411724
0.0017622842
0.0016049501
0.0014284767
0.0013477781
0.0011143448
0.0017492025
-0.0012759134
0.021174425
0.020917279
0.02063639
0.020324152
0.0199789
0.01960415
0.019203837
0.018781712
0.018342189
0.017890361
0.017431554
0.016971003
0.016513676
0.016064117
0.015626302
0.015203547
0.014798456
0.014412922
0.014048153
0.013704721
0.013382644
0.013081462
0.01280034
0.012538155
0.012293583
0.012065183
0.011851462
0.011650928
0.011462133
0.011283703
0.01111436
0.010952929
0.010798345
0.010649649
0.010505981
0.010366578
0.01023076
0.010097928
0.0099675552
0.0098391797
0.0097123957
0.009586852
0.0094622406
0.0093382906
0.0092147686
0.0090914637
0.0089681925
0.0088447901
0.0087211034
0.0085970117
0.008472393
0.0083471371
0.008221148
0.0080943306
0.0079666173
0.0078379166
0.007708153
0.0075772503
0.0074451393
0.0073117547
0.0071770287
0.0070409217
0.0069033578
0.0067642846
0.0066236383
0.0064813672
0.0063374088
0.006191712
0.006044221
0.0058948889
0.0057436656
0.0055905056
0.0054353659
0.005278205
0.0051189884
0.0049576779
0.0047942533
0.004628685
0.004460975
0.0042911055
0.0041191113
0.0039449918
0.0037688243
0.0035906701
0.0034106455
0.0032289111
0.003045676
0.0028612141
0.0026759903
0.0024903155
0.0023055393
0.0021212553
0.0019423522
0.0017630732
0.0016050325
0.0014284529
0.001346424
0.0011088845
0.0017213353
-0.001214863
0.020889308
0.020647083
0.020383125
0.020090629
0.019767953
0.019417993
0.019044009
0.018649112
0.018237025
0.017812134
0.017379108
0.016942626
0.016507216
0.016077108
0.015656093
0.015247418
0.014853729
0.014477046
0.014118767
0.01377971
0.013460156
0.01315993
0.012878472
0.01261492
0.012368192
0.012137059
0.011920208
0.0117163
0.011524009
0.011342057
0.011169237
0.011004429
0.010846602
0.010694821
0.010548241
0.010406103
0.010267731
0.010132522
0.0099999417
0.0098695221
0.0097408479
0.0096135574
0.0094873323
0.0093618919
0.0092369919
0.009112413
0.0089879624
0.0088634673
0.0087387687
0.0086137361
0.0084882427
0.0083621726
0.008235424
0.0081078983
0.0079795198
0.0078501963
0.0077198476
0.0075883954
0.0074557673
0.0073218954
0.0071867104
0.0070501669
0.0069121905
0.0067727251
0.0066317069
0.0064890813
0.0063447859
0.0061987676
0.0060509702
0.005901345
0.0057498413
0.0055964126
0.005441015
0.0052836063
0.0051241508
0.0049626103
0.004798963
0.0046331796
0.0044652597
0.0042951865
0.0041229916
0.0039486765
0.0037723143
0.0035939669
0.0034137487
0.0032318181
0.0030483841
0.0028637195
0.0026782884
0.0024924075
0.0023073966
0.0021228748
0.0019436113
0.0017639486
0.0016049173
0.0014276139
0.0013439344
0.0011013894
0.0016904107
-0.0011489562
0.020613612
0.020385279
0.020137028
0.019862772
0.019560911
0.019233824
0.018884208
0.01851463
0.018128218
0.01772873
0.017320238
0.016906896
0.0164928
0.016081854
0.015677631
0.015283275
0.014901421
0.014534167
0.014183059
0.01384911
0.013532833
0.013234302
0.01295321
0.012688942
0.012440644
0.012207294
0.011987761
0.011780857
0.011585385
0.011400169
0.011224081
0.011056059
0.010895116
0.010740347
0.010590926
0.010446105
0.010305212
0.010167646
0.01003287
0.0099004084
0.0097698403
0.0096407946
0.0095129443
0.0093859994
0.0092597061
0.0091338368
0.00900819
0.0088825853
0.0087568577
0.0086308678
0.0085044834
0.0083775834
0.0082500603
0.0081218115
0.0079927541
0.0078627944
0.0077318481
0.0075998342
0.0074666774
0.0073323072
0.0071966525
0.0070596627
0.006921264
0.0067813976
0.0066399985
0.0064970104
0.0063523701
0.0062060229
0.0060579119
0.005907987
0.0057561966
0.0056024932
0.0054468321
0.0052891703
0.0051294712
0.0049676961
0.004803822
0.0046378196
0.0044696866
0.0042994066
0.0041270085
0.0039524952
0.0037759361
0.0035973936
0.0034169794
0.0032348498
0.0030512121
0.0028663353
0.0026806795
0.0024945633
0.0023092819
0.0021244913
0.0019448182
0.0017648034
0.001604872
0.0014267145
0.0013409494
0.0010945893
0.0016518455
-0.0010774421
0.020346797
0.020131408
0.019897746
0.019640364
0.019357715
0.019051749
0.018724692
0.018378653
0.018016246
0.017640676
0.017255477
0.016864315
0.016470869
0.016078711
0.01569118
0.015311278
0.014941596
0.014584264
0.01424093
0.013912762
0.013600469
0.013304342
0.013024303
0.012759961
0.012510683
0.012275643
0.012053889
0.011844388
0.011646071
0.01145787
0.011278742
0.01110769
0.010943777
0.010786133
0.010633956
0.010486515
0.010343147
0.010203255
0.010066301
0.0099318071
0.0097993472
0.0096685432
0.0095390601
0.0094106005
0.0092829015
0.0091557278
0.0090288701
0.0089021406
0.0087753683
0.0086484056
0.0085211151
0.0083933702
0.0082650581
0.0081360719
0.0080063223
0.0078757133
0.0077441569
0.0076115694
0.0074778724
0.0073429928
0.0072068577
0.0070694116
0.0069305811
0.0067903043
0.0066485157
0.0065051566
0.0063601635
0.0062134797
0.0060650478
0.0059148161
0.0057627324
0.0056087481
0.0054528175
0.0052948969
0.0051349488
0.0049729342
0.0048088286
0.0046426029
0.0044742528
0.0043037625
0.0041311578
0.0039564433
0.0037796847
0.0036009443
0.0034203317
0.0032380003
0.0030541558
0.0028690626
0.0026831749
0.0024968103
0.0023112356
0.0021261394
0.0019460146
0.0017656086
0.0016047173
0.0014259811
0.0013376338
0.0010923021
0.0016034661
-0.0010014116
0.020088358
0.019885042
0.019664946
0.019423191
0.019158295
0.018871848
0.018565683
0.018241523
0.017901543
0.017548464
0.017185335
0.016815375
0.016441866
0.016068051
0.015697023
0.015331621
0.014974354
0.014627348
0.014292314
0.013970537
0.013662886
0.013369835
0.01309151
0.012827729
0.012578057
0.012341861
0.01211836
0.011906675
0.011705869
0.011514983
0.011333062
0.011159183
0.010992464
0.010832073
0.010677242
0.010527258
0.010381472
0.010239294
0.01010019
0.0099636817
0.0098293387
0.0096967786
0.0095656603
0.0094356793
0.0093065655
0.0091780764
0.0090499953
0.0089221277
0.0087942967
0.0086663472
0.0085381365
0.0084095327
0.0082804176
0.0081506805
0.0080202257
0.0078889548
0.0077567761
0.0076236032
0.0074893547
0.0073539548
0.0072173287
0.0070794164
0.0069401443
0.0067994481
0.006657261
0.0065135225
0.0063681682
0.0062211401
0.0060723798
0.0059218341
0.0057694502
0.0056151783
0.005458972
0.0053007867
0.0051405839
0.0049783244
0.0048139823
0.0046475285
0.0044789567
0.0043082518
0.0041354366
0.0039605172
0.0037835556
0.0036046142
0.0034238
0.0032412638
0.0030572089
0.0028718955
0.0026857707
0.0024991507
0.0023132705
0.0021278493
0.0019472391
0.0017663956
0.0016044693
0.001425461
0.0013338464
0.0010937343
0.001549592
-0.00092388219
0.019837826
0.01964578
0.019438311
0.019211044
0.018962568
0.018694174
0.018407366
0.018103542
0.017784502
0.017452545
0.017110292
0.016760549
0.016406227
0.016050253
0.015695465
0.015344521
0.014999825
0.014663466
0.014337182
0.01402234
0.013719931
0.01343059
0.013154614
0.012892008
0.012642524
0.012405707
0.012180943
0.011967501
0.011764576
0.011571321
0.011386876
0.011210392
0.011041047
0.010878058
0.010720688
0.010568252
0.010420117
0.010275705
0.010134489
0.0099959902
0.0098597801
0.0097254723
0.0095927212
0.0094612169
0.0093306828
0.0092008703
0.0090715561
0.0089425393
0.0088136374
0.0086846886
0.0085555448
0.0084260691
0.0082961383
0.0081656374
0.0080344651
0.0079025201
0.0077697074
0.0076359376
0.0075011265
0.0073651956
0.0072280679
0.0070896795
0.0069499563
0.0068088313
0.0066662369
0.0065221103
0.0063763867
0.0062290063
0.0060799099
0.005929043
0.0057763517
0.0056217856
0.005465297
0.0053068407
0.0051463773
0.0049838671
0.004819283
0.0046525957
0.0044837974
0.0043128731
0.0041398431
0.0039647144
0.0037875458
0.0036083993
0.0034273797
0.0032446348
0.0030603655
0.0028748274
0.00268846
0.0025015782
0.0023153829
0.0021296244
0.0019485053
0.0017671957
0.0016041718
0.0014248752
0.0013298245
0.001096103
0.0014956343
-0.00084793074
0.019594762
0.019413246
0.01921754
0.019003722
0.018770448
0.018518763
0.018249896
0.017964975
0.017665479
0.01735334
0.017030799
0.016700292
0.016364386
0.0160257
0.015686822
0.015350219
0.015018168
0.014692695
0.014375534
0.014068103
0.013771484
0.013486438
0.013213413
0.012952577
0.012703851
0.012466946
0.012241405
0.012026643
0.011821985
0.011626695
0.01144001
0.011261161
0.01108939
0.010923965
0.010764188
0.010609405
0.010459005
0.010312422
0.01016914
0.010028685
0.0098906316
0.0097545911
0.0096202154
0.0094871906
0.009355235
0.0092240946
0.0090935404
0.0089633658
0.008833383
0.0087034242
0.0085733359
0.0084429766
0.0083122182
0.0081809415
0.0080490401
0.0079164096
0.0077829516
0.0076485739
0.0075131895
0.007376717
0.0072390776
0.0071002033
0.0069600193
0.0068184565
0.0066754457
0.0065309226
0.0063848213
0.0062370807
0.0060876404
0.0059364447
0.005783439
0.0056285715
0.005471794
0.0053130603
0.00515233
0.0049895631
0.0048247312
0.004657805
0.0044887748
0.0043176258
0.004144376
0.0039690332
0.0037916529
0.0036122968
0.0034310672
0.003248109
0.0030636205
0.0028778524
0.0026912364
0.0025040855
0.0023175652
0.0021314578
0.001949809
0.0017680136
0.0016038369
0.0014241362
0.0013256816
0.001098225
0.0014436405
-0.00077506378
0.019358757
0.019187086
0.01900235
0.018801025
0.018581839
0.018345633
0.018093405
0.017826054
0.017544791
0.017251231
0.016947279
0.01663504
0.016316761
0.015994775
0.015671423
0.015348975
0.015029567
0.014715142
0.014407405
0.014107791
0.01381745
0.013537237
0.013267728
0.013009232
0.012761818
0.012525351
0.012299521
0.012083883
0.011877887
0.01168091
0.011492287
0.011311329
0.011137348
0.010969666
0.010807631
0.010650621
0.010498049
0.010349371
0.01020408
0.010061714
0.0099218484
0.0097840972
0.0096481112
0.009513574
0.0093802002
0.0092477313
0.0091159335
0.0089845952
0.008853524
0.0087225464
0.008591504
0.0084602509
0.0083286543
0.008196591
0.0080639496
0.0079306227
0.0077965088
0.0076615127
0.0075255446
0.0073885204
0.0072503592
0.0071109896
0.0069703355
0.0068283257
0.0066848899
0.0065399618
0.0063934745
0.0062453655
0.0060955736
0.0059440416
0.0057907141
0.0056355383
0.0054784649
0.0053194471
0.0051584435
0.0049954137
0.004830328
0.004663157
0.0044938891
0.0043225101
0.0041490351
0.0039734729
0.0037958757
0.0036163047
0.0034348599
0.0032516831
0.0030669696
0.0028809657
0.0026940939
0.002506666
0.0023198101
0.0021333414
0.0019511416
0.001768842
0.0016034553
0.0014233
0.0013214264
0.0010997676
0.0013928277
-0.0007047523
0.019129427
0.018966968
0.018792471
0.018602763
0.018396645
0.018174788
0.017937997
0.017686983
0.017422727
0.017146571
0.016860128
0.016565205
0.01626376
0.015957858
0.0156496
0.015341062
0.015034228
0.014730941
0.014432854
0.0141414
0.013857763
0.013582873
0.013317404
0.013061784
0.012816217
0.012580704
0.012355071
0.012139003
0.011932073
0.011733769
0.011543522
0.011360728
0.011184769
0.011015027
0.010850896
0.010691792
0.010537159
0.010386472
0.010239242
0.010095017
0.0099533798
0.0098139476
0.0096763722
0.0095403365
0.0094055526
0.0092717588
0.0091387176
0.0090062131
0.0088740485
0.0087420456
0.0086100415
0.008477886
0.0083454419
0.0082125823
0.0080791912
0.0079451581
0.0078103783
0.0076747538
0.0075381921
0.0074006066
0.0072619141
0.0071220398
0.0069809065
0.0068384409
0.0066945713
0.0065492297
0.0064023482
0.0062538629
0.0061037116
0.0059518358
0.005798179
0.0056426877
0.0054853115
0.0053260029
0.0051647194
0.0050014203
0.0048360746
0.0046686526
0.0044991413
0.0043275262
0.0041538204
0.003978033
0.0038002133
0.0036204219
0.0034387561
0.0032553547
0.00307041
0.0028841633
0.002697028
0.0025093142
0.0023221108
0.0021352675
0.0019524946
0.0017696713
0.0016030137
0.0014224633
0.0013168876
0.0011006405
0.0013424322
-0.00063617142
0.01890641
0.018752577
0.018587642
0.018408747
0.018214763
0.018006217
0.017783758
0.017547937
0.017299541
0.01703968
0.016769711
0.016491177
0.016205776
0.015915322
0.015621692
0.015326766
0.015032374
0.014740248
0.014451972
0.014168951
0.013892386
0.013623255
0.013362306
0.01311007
0.01286686
0.012632799
0.01240784
0.012191789
0.011984335
0.011785072
0.011593529
0.011409185
0.011231496
0.011059905
0.010893856
0.010732806
0.010576233
0.010423638
0.010274549
0.010128529
0.0099851696
0.0098440941
0.0097049574
0.0095674432
0.0094312628
0.0092961525
0.009161872
0.009028202
0.0088949422
0.00876191
0.0086289386
0.008495874
0.008362575
0.0082289107
0.0080947612
0.0079600129
0.0078245582
0.0076882962
0.0075511317
0.0074129756
0.0072737426
0.0071333547
0.0069917334
0.0068488034
0.0067044915
0.0065587282
0.0064114444
0.0062625749
0.0061120563
0.0059598291
0.0058058358
0.0056500217
0.0054923358
0.0053327295
0.0051711595
0.0050075844
0.0048419724
0.0046742932
0.0045045322
0.004332675
0.0041587324
0.0039827138
0.0038046657
0.0036246477
0.0034427546
0.0032591223
0.0030739393
0.0028874423
0.0027000347
0.0025120251
0.0023244617
0.0021372291
0.0019538599
0.0017704919
0.0016025009
0.0014216434
0.0013120204
0.0011006808
0.0012923971
-0.0005689954
0.018689372
0.018543621
0.018387623
0.018218801
0.018036092
0.017839906
0.017630757
0.017409069
0.017175464
0.016930852
0.01667637
0.016413327
0.016143186
0.015867533
0.015588033
0.015306379
0.015024245
0.014743241
0.01446487
0.014190496
0.013921311
0.01365832
0.013402329
0.013153942
0.012913571
0.012681445
0.012457627
0.012242035
0.012034468
0.011834621
0.011642118
0.011456524
0.011277365
0.01110415
0.010936376
0.010773544
0.010615167
0.010460775
0.01030992
0.010162179
0.010017156
0.0098744832
0.0097338208
0.0095948548
0.0094572972
0.0093208839
0.0091853726
0.0090505417
0.008916188
0.0087821255
0.0086481838
0.0085142055
0.0083800456
0.0082455699
0.0081106549
0.0079751836
0.0078390458
0.0077021379
0.0075643621
0.0074256269
0.0072858446
0.0071449347
0.0070028169
0.0068594141
0.0067146518
0.0065684586
0.0064207646
0.006271503
0.0061206096
0.0059680235
0.0058136863
0.0056575423
0.0054995395
0.0053396286
0.0051777653
0.0050139078
0.0048480229
0.00468008
0.0045100631
0.0043379575
0.0041637718
0.0039875158
0.003809233
0.0036289819
0.003446855
0.0032629846
0.0030775559
0.0028908005
0.0027031112
0.0025147952
0.002326858
0.0021392206
0.0019552304
0.0017712951
0.0016019072
0.0014208001
0.0013064659
0.0010998345
0.0012431421
-0.0005031105
0.018477975
0.018339804
0.018192167
0.018032739
0.017860518
0.017675816
0.017479038
0.017270501
0.01705069
0.016820345
0.016580411
0.016331993
0.016076345
0.015814844
0.015548959
0.015280201
0.015010093
0.014740118
0.014471691
0.014206115
0.01394456
0.013688039
0.013437393
0.013193286
0.012956206
0.012726472
0.012504246
0.012289548
0.012082276
0.011882224
0.011689106
0.011502568
0.011322213
0.011147612
0.010978318
0.010813881
0.010653849
0.010497785
0.010345267
0.010195889
0.010049272
0.0099050574
0.0097629126
0.0096225284
0.0094836192
0.0093459215
0.0092091926
0.0090732095
0.0089377668
0.0088026761
0.0086677637
0.0085328693
0.0083978447
0.0082625527
0.0081268661
0.0079906653
0.0078538374
0.0077162762
0.0075778814
0.0074385591
0.0072982196
0.0071567796
0.0070141572
0.0068702738
0.006725053
0.0065784222
0.0064303102
0.0062806489
0.0061293731
0.0059764207
0.0058217322
0.0056652512
0.0055069245
0.0053467021
0.0051845388
0.005020392
0.0048542276
0.0046860146
0.0045157353
0.0043433748
0.0041689397
0.0039924397
0.0038139157
0.0036334248
0.003451057
0.0032669413
0.0030812589
0.0028942364
0.0027062553
0.0025176214
0.0023292959
0.002141237
0.0019565999
0.0017720735
0.0016012215
0.0014199043
0.0013000014
0.0010980358
0.0011948908
-0.0004383622
0.017705318
0.018658421
0.020067516
0.02182256
0.02403926
0.026942878
0.030375693
0.035550512
0.041603465
0.05725989
0.01770526
0.018658271
0.020067218
0.021821872
0.024037634
0.02693824
0.030365387
0.035487656
0.041544527
0.055098661
0.017705148
0.018658001
0.020066674
0.021820613
0.024034588
0.02693
0.03034578
0.035396275
0.041346702
0.052641271
0.01770497
0.018657577
0.020065814
0.021818626
0.024029775
0.026917109
0.03031439
0.035267614
0.040973891
0.050404439
0.01770472
0.018656981
0.020064607
0.02181584
0.024023037
0.026899174
0.030269269
0.035103184
0.040489931
0.048405004
0.017704391
0.018656199
0.020063024
0.021812185
0.02401422
0.026875865
0.030209962
0.034905922
0.039927948
0.046590018
0.017703976
0.018655213
0.020061028
0.021807584
0.024003156
0.026846818
0.030136706
0.034676785
0.03931041
0.044925944
0.017703467
0.018654005
0.020058582
0.021801954
0.023989665
0.026811681
0.030049331
0.034416933
0.038664899
0.043367255
0.017702855
0.018652554
0.020055645
0.021795207
0.023973566
0.026770119
0.02994767
0.034128618
0.038001043
0.041897179
0.017702131
0.018650838
0.020052174
0.02178725
0.023954669
0.026721818
0.029831652
0.033814341
0.037322637
0.040511171
0.017701284
0.018648835
0.020048124
0.021777986
0.023932786
0.026666484
0.029701298
0.033476539
0.036634018
0.039205796
0.017700305
0.018646519
0.020043446
0.021767313
0.023907723
0.026603848
0.029556712
0.033117628
0.035939645
0.037977416
0.017699182
0.018643864
0.020038088
0.021755126
0.023879286
0.02653367
0.029398079
0.032740015
0.035243567
0.036822246
0.017697901
0.018640842
0.020031995
0.021741315
0.023847281
0.026455739
0.029225667
0.032346089
0.034549374
0.035736362
0.01769645
0.018637423
0.020025111
0.021725767
0.023811512
0.026369876
0.029039821
0.031938191
0.033860237
0.034715728
0.017694815
0.018633575
0.020017374
0.021708363
0.023771788
0.026275938
0.028840964
0.031518595
0.033178927
0.033756263
0.017692979
0.018629264
0.02000872
0.021688983
0.023727923
0.026173818
0.028629593
0.031089493
0.032507835
0.032853907
0.017690928
0.018624454
0.019999081
0.021667503
0.023679732
0.026063447
0.028406273
0.030652983
0.031848987
0.032004687
0.017688643
0.018619107
0.019988388
0.021643797
0.023627041
0.025944798
0.028171634
0.030211051
0.03120407
0.031204767
0.017686105
0.018613182
0.019976565
0.021617736
0.023569682
0.025817882
0.027926364
0.029765567
0.030574453
0.030450494
0.017683294
0.018606638
0.019963536
0.02158919
0.023507498
0.025682755
0.027671201
0.029318275
0.029961209
0.029738422
0.017680189
0.018599428
0.019949219
0.021558028
0.023440343
0.025539514
0.027406928
0.028870787
0.029365144
0.029065332
0.017676767
0.018591505
0.019933532
0.021524119
0.023368085
0.025388298
0.027134365
0.028424579
0.028786818
0.028428244
0.017673004
0.01858282
0.019916387
0.021487333
0.023290608
0.025229286
0.02685436
0.02798099
0.028226575
0.027824409
0.017668873
0.018573319
0.019897695
0.021447539
0.02320781
0.0250627
0.026567781
0.027541222
0.027684566
0.027251312
0.017664346
0.018562948
0.019877362
0.021404612
0.02311961
0.024888801
0.026275507
0.027106341
0.027160775
0.026706654
0.017659394
0.018551648
0.019855293
0.021358426
0.023025946
0.024707884
0.02597842
0.02667728
0.026655044
0.026188342
0.017653985
0.018539359
0.019831391
0.021308863
0.022926776
0.024520282
0.025677398
0.026254846
0.026167098
0.025694472
0.017648086
0.018526019
0.019805556
0.021255806
0.022822082
0.024326359
0.025373306
0.025839721
0.025696564
0.02522331
0.01764166
0.018511561
0.019777685
0.021199148
0.022711866
0.02412651
0.025066989
0.025432475
0.025242991
0.024773281
0.01763467
0.018495917
0.019747677
0.021138785
0.022596157
0.023921152
0.024759262
0.025033566
0.024805871
0.024342944
0.017627076
0.018479018
0.019715426
0.021074624
0.022475008
0.023710729
0.024450911
0.024643356
0.024384651
0.023930986
0.017618834
0.018460788
0.019680829
0.021006581
0.022348496
0.023495699
0.024142679
0.024262112
0.023978747
0.023536204
0.0176099
0.018441153
0.019643779
0.020934581
0.022216722
0.023276537
0.023835268
0.02389002
0.023587561
0.023157494
0.017600226
0.018420036
0.019604174
0.02085856
0.022079815
0.023053728
0.023529329
0.02352719
0.023210482
0.02279384
0.01758976
0.018397357
0.019561909
0.020778466
0.021937925
0.022827762
0.023225467
0.023173669
0.022846901
0.022444305
0.01757845
0.018373034
0.019516883
0.020694262
0.021791228
0.022599132
0.022924229
0.022829442
0.022496213
0.022108024
0.017566239
0.018346985
0.019468998
0.020605922
0.02163992
0.022368327
0.022626112
0.022494447
0.022157824
0.021784196
0.017553068
0.018319125
0.019418155
0.020513437
0.02148422
0.022135831
0.022331557
0.022168578
0.021831157
0.021472078
0.017538874
0.018289368
0.019364264
0.02041681
0.021324367
0.021902117
0.022040949
0.021851693
0.021515648
0.021170979
0.017523591
0.018257629
0.019307235
0.020316062
0.021160616
0.021667645
0.021754624
0.021543619
0.021210755
0.020880257
0.017507151
0.018223821
0.019246986
0.020211229
0.02099324
0.021432859
0.021472862
0.021244161
0.020915955
0.020599314
0.017489481
0.018187859
0.019183441
0.020102364
0.020822525
0.021198181
0.021195897
0.0209531
0.020630749
0.020327593
0.017470506
0.018149655
0.019116528
0.019989535
0.020648767
0.020964012
0.020923915
0.020670206
0.020354656
0.020064571
0.017450146
0.018109126
0.019046186
0.019872826
0.020472272
0.020730729
0.020657059
0.020395235
0.020087219
0.019809762
0.017428319
0.018066189
0.018972361
0.019752338
0.020293352
0.020498682
0.020395431
0.020127933
0.019828
0.019562709
0.017404939
0.018020762
0.018895006
0.019628187
0.020112324
0.020268194
0.020139098
0.019868043
0.019576583
0.019322984
0.017379918
0.017972767
0.018814086
0.019500505
0.019929504
0.020039563
0.019888097
0.019615305
0.019332573
0.019090184
0.017353168
0.017922132
0.018729577
0.019369433
0.019745198
0.019813046
0.019642426
0.019369453
0.01909559
0.018863934
0.017324604
0.017868796
0.018641464
0.019235127
0.019559699
0.019588855
0.019402036
0.019130196
0.018865245
0.018643852
0.017292842
0.01781037
0.018545913
0.019092066
0.019365608
0.019358051
0.019157182
0.018887655
0.018631922
0.018420713
0.017253874
0.017740051
0.01843211
0.01892498
0.019143261
0.019098029
0.018884239
0.018618525
0.018373203
0.018173052
0.017203317
0.017651271
0.018290092
0.01872114
0.018878164
0.018793771
0.018568489
0.018308729
0.018075654
0.017887935
0.01713709
0.017539383
0.018113528
0.018474161
0.018565516
0.01844229
0.018208093
0.017956903
0.017737944
0.017563852
0.017049432
0.017398741
0.017895564
0.01817768
0.018201503
0.01804207
0.017802702
0.017562995
0.017359928
0.017200488
0.01693265
0.017222391
0.017629273
0.017826158
0.017784018
0.017593644
0.017353864
0.01712849
0.016942585
0.016798267
0.016777348
0.017002097
0.017307667
0.01741546
0.017313075
0.017099677
0.016864997
0.016656756
0.016489222
0.016360501
0.01657222
0.016728343
0.016924864
0.016944205
0.01679145
0.016564847
0.016340342
0.016150414
0.016000789
0.015886971
0.016304221
0.016391021
0.016477167
0.016414477
0.016224575
0.015995924
0.015787554
0.015618374
0.015487415
0.015388448
0.015959696
0.015980769
0.015963983
0.015831975
0.015619196
0.015396589
0.01520519
0.015054272
0.014939457
0.014853713
0.015526625
0.015490646
0.015387941
0.015205464
0.014986946
0.014782835
0.014615708
0.014486332
0.014388397
0.014315365
0.014997537
0.014919459
0.01475502
0.01454066
0.014322393
0.014132507
0.013982054
0.013868242
0.013783804
0.013721761
0.014374144
0.014271686
0.01407726
0.013862425
0.013670739
0.013514311
0.013391523
0.013297517
0.013227075
0.013175136
0.013670356
0.013559368
0.013351221
0.013130305
0.01294263
0.012796882
0.012687532
0.012606763
0.012547699
0.012504802
0.012913759
0.012820736
0.012655512
0.012493741
0.012362235
0.012257943
0.012175289
0.012111275
0.012063208
0.01202782
0.012135619
0.012026353
0.01183529
0.011653364
0.011518596
0.011423954
0.011354851
0.011303463
0.011265799
0.011238604
0.011431811
0.011432324
0.011378917
0.011302279
0.011225943
0.011158055
0.011101802
0.011057867
0.01102473
0.011000133
0.010629454
0.010444158
0.010239633
0.010094391
0.0099958662
0.0099235086
0.0098696525
0.009830647
0.009802788
0.0097828164
0.018263363
0.018132613
0.017993135
0.017842842
0.017680791
0.017507209
0.01732241
0.01712662
0.016920205
0.016703755
0.016478042
0.016243986
0.016002647
0.015755208
0.015502946
0.015247199
0.01498933
0.014730695
0.014472604
0.014216291
0.013962886
0.013713391
0.013468668
0.013229424
0.012996208
0.012769417
0.012549302
0.012335976
0.012129434
0.011929564
0.011736169
0.01154898
0.011367675
0.011191892
0.011021245
0.010855332
0.010693746
0.010536085
0.010381954
0.010230973
0.010082777
0.0099370241
0.0097933895
0.0096515713
0.0095112879
0.0093722782
0.0092343005
0.0090971311
0.0089605637
0.0088244076
0.008688487
0.0085526388
0.0084167121
0.0082805667
0.0081440723
0.0080071065
0.0078695538
0.0077313055
0.0075922591
0.007452318
0.0073113904
0.0071693906
0.007026235
0.006881843
0.006736137
0.0065890425
0.0064404873
0.006290402
0.0061387203
0.0059853787
0.005830317
0.0056734775
0.0055148062
0.0053542522
0.0051917693
0.0050273143
0.0048608519
0.0046923506
0.0045217912
0.0043491585
0.0041744568
0.0039976958
0.0038189134
0.0036381655
0.0034555392
0.00327116
0.0030852044
0.0028978941
0.0027095981
0.0025206205
0.0023318743
0.0021433583
0.0019580182
0.0017728509
0.0016003985
0.0014188363
0.0012926369
0.0010948768
0.0011456585
-0.00037209726
0.018024849
0.01790202
0.017771224
0.017630616
0.017479317
0.017317474
0.017145318
0.016962994
0.016770756
0.01656905
0.016358482
0.016139793
0.015913848
0.015681631
0.015444225
0.015202779
0.01495849
0.014712562
0.014466185
0.014220503
0.013976584
0.013735405
0.013497826
0.013264582
0.013036274
0.012813369
0.0125962
0.012384972
0.012179777
0.011980603
0.011787347
0.011599832
0.01141782
0.011241026
0.011069132
0.010901796
0.010738663
0.010579371
0.010423564
0.01027089
0.010121008
0.0099735938
0.0098283363
0.0096849438
0.0095431419
0.0094026741
0.0092633012
0.0091248006
0.0089869658
0.008849605
0.0087125407
0.0085756074
0.0084386517
0.0083015306
0.0081641107
0.0080262669
0.0078878809
0.0077488414
0.0076090433
0.0074683875
0.00732678
0.0071841322
0.0070403585
0.0068953767
0.0067491072
0.006601474
0.0064524033
0.0063018246
0.0061496699
0.0059958748
0.0058403777
0.0056831198
0.005524046
0.0053631044
0.0052002477
0.005035432
0.0048686207
0.0046997815
0.0045288936
0.0043559413
0.0041809265
0.0040038584
0.0038247721
0.0036437213
0.00346079
0.0032760992
0.0030898204
0.0029021689
0.0027134985
0.0025241117
0.0023348641
0.0021458017
0.0019596227
0.0017736859
0.0015993214
0.001417277
0.0012837508
0.001089361
0.0010914088
-0.00029885189
0.017749829
0.017635684
0.017514375
0.017384309
0.017244683
0.01709557
0.016937121
0.016769406
0.016592576
0.016406942
0.016212949
0.016011158
0.015802242
0.015586982
0.015366255
0.015141012
0.01491226
0.014681034
0.01444838
0.014215322
0.013982845
0.013751868
0.01352323
0.013297673
0.013075832
0.012858229
0.012645273
0.012437258
0.012234373
0.012036707
0.011844261
0.011656958
0.011474656
0.011297157
0.011124226
0.01095559
0.01079096
0.010630029
0.010472484
0.010318015
0.010166312
0.010017075
0.0098700153
0.0097248554
0.0095813326
0.0094391989
0.0092982207
0.0091581788
0.0090188685
0.0088800985
0.0087416902
0.008603477
0.0084653033
0.0083270235
0.0081885016
0.0080496095
0.0079102264
0.007770238
0.0076295367
0.0074880207
0.0073455932
0.0072021629
0.007057642
0.0069119459
0.0067649934
0.0066167063
0.0064670094
0.0063158305
0.0061631001
0.0060087523
0.0058527241
0.0056949554
0.0055353898
0.0053739743
0.0052106602
0.0050454026
0.0048781635
0.0047089097
0.0045376184
0.0043642731
0.0041888731
0.0040114265
0.0038319651
0.0036505399
0.0034672309
0.0032821539
0.0030954733
0.0029073967
0.0027182592
0.0025283598
0.0023384852
0.0021487333
0.0019615079
0.0017745851
0.0015978603
0.0014147468
0.0012728135
0.0010799285
0.0010300497
-0.00021657076
0.017436588
0.01733173
0.01722055
0.017101691
0.016974433
0.01683879
0.016694842
0.016542591
0.016382101
0.016213559
0.016037264
0.01585361
0.015663085
0.015466273
0.015263845
0.015056548
0.01484519
0.014630621
0.01441372
0.014195368
0.013976435
0.013757757
0.01354012
0.013324243
0.013110771
0.012900258
0.01269317
0.012489876
0.012290655
0.012095693
0.011905094
0.011718886
0.011537029
0.011359426
0.011185929
0.011016355
0.010850486
0.010688084
0.010528896
0.01037266
0.01021911
0.010067981
0.0099190123
0.0097719497
0.0096265489
0.0094825755
0.0093398062
0.0091980293
0.0090570449
0.0089166647
0.0087767115
0.0086370187
0.00849743
0.0083577983
0.0082179854
0.0080778608
0.0079373015
0.0077961906
0.0076544177
0.0075118783
0.0073684732
0.007224108
0.0070786925
0.0069321398
0.0067843666
0.0066352927
0.006484841
0.0063329375
0.0061795112
0.0060244944
0.0058678225
0.005709434
0.0055492709
0.0053872789
0.0052234077
0.0050576113
0.00488985
0.0047200894
0.0045483045
0.0043744775
0.0041986047
0.0040206928
0.0038407694
0.0036588822
0.0034751061
0.0032895503
0.0031023704
0.002913764
0.0027240431
0.0025335002
0.0023428413
0.0021522157
0.0019636893
0.0017754883
0.0015958731
0.0014109936
0.001259429
0.0010650205
0.00096137222
-0.0001273626
0.017084671
0.016989547
0.016888938
0.016781718
0.016667254
0.016545514
0.016416518
0.016280219
0.016136607
0.015985768
0.015827875
0.015663173
0.015491986
0.015314715
0.015131839
0.014943906
0.014751524
0.014555353
0.01435609
0.014154454
0.013951176
0.013746976
0.013542556
0.01333858
0.013135666
0.01293437
0.012735188
0.012538537
0.012344766
0.012154144
0.01196687
0.011783071
0.011602809
0.01142609
0.011252865
0.011083044
0.010916497
0.010753065
0.010592567
0.010434802
0.01027956
0.010126622
0.009975767
0.0098267748
0.0096794271
0.0095335113
0.0093888213
0.0092451587
0.0091023334
0.0089601642
0.0088184788
0.0086771138
0.0085359142
0.0083947335
0.008253433
0.0081118809
0.0079699527
0.0078275297
0.0076844995
0.007540755
0.0073961947
0.0072507216
0.0071042431
0.0069566701
0.0068079169
0.0066579015
0.0065065448
0.0063537709
0.0061995071
0.0060436837
0.0058862345
0.0057270964
0.0055662098
0.0054035185
0.0052389708
0.0050725192
0.0049041219
0.004733743
0.0045613552
0.0043869386
0.0042104864
0.0040320028
0.003851511
0.0036690538
0.0034847001
0.0032985506
0.0031107497
0.0029214821
0.002731032
0.0025396798
0.0023480395
0.0021563026
0.0019661631
0.0017762936
0.0015931698
0.0014057674
0.0012430751
0.001043351
0.00088624915
-3.5968021e-05
0.016694091
0.016608873
0.016518994
0.016423517
0.016321905
0.016214098
0.016100075
0.015979749
0.01585306
0.015720016
0.015580688
0.015435202
0.015283741
0.015126551
0.01496394
0.014796276
0.014623981
0.014447528
0.014267432
0.014084242
0.013898529
0.013710879
0.013521876
0.013332097
0.013142095
0.012952394
0.012763475
0.012575776
0.01238968
0.012205513
0.012023545
0.011843988
0.011666994
0.011492666
0.011321052
0.011152157
0.010985946
0.010822347
0.01066126
0.01050256
0.010346103
0.010191729
0.010039269
0.0098885478
0.0097393846
0.0095915986
0.0094450101
0.009299442
0.0091547214
0.0090106807
0.0088671578
0.0087239971
0.0085810491
0.008438171
0.0082952263
0.0081520847
0.0080086217
0.0078647186
0.0077202618
0.0075751431
0.0074292592
0.0072825114
0.007134805
0.0069860489
0.0068361559
0.0066850418
0.0065326258
0.0063788302
0.0062235805
0.0060668055
0.005908437
0.0057484101
0.0055866636
0.0054231396
0.0052577845
0.0050905489
0.0049213891
0.0047502672
0.004577153
0.0044020243
0.0042248705
0.0040456925
0.003864508
0.0036813539
0.0034962912
0.0033094103
0.003120841
0.0029307516
0.0027393929
0.0025470245
0.0023541588
0.0021610094
0.0019688779
0.0017768292
0.0015895048
0.0013985036
0.0012232672
0.0010144716
0.00080720626
5.0301072e-05
0.016268078
0.016192702
0.016113431
0.016029515
0.015940495
0.015846295
0.015746864
0.015642096
0.0155319
0.015416228
0.01529508
0.01516849
0.015036535
0.014899337
0.014757063
0.014609931
0.014458201
0.014302179
0.01414221
0.013978676
0.013811988
0.013642584
0.013470913
0.013297435
0.013122609
0.012946885
0.012770698
0.012594458
0.012418546
0.012243308
0.012069049
0.011896035
0.011724485
0.011554578
0.011386447
0.011220184
0.011055843
0.01089344
0.010732961
0.010574362
0.010417576
0.010262512
0.010109066
0.0099571172
0.0098065358
0.0096571845
0.0095089209
0.0093616
0.0092150756
0.0090692023
0.0089238363
0.0087788367
0.0086340657
0.0084893897
0.008344679
0.0081998087
0.0080546579
0.0079091104
0.0077630544
0.0076163825
0.0074689914
0.007320782
0.007171659
0.0070215304
0.0068703078
0.0067179061
0.006564243
0.0064092397
0.0062528203
0.0060949119
0.0059354449
0.0057743528
0.0056115725
0.0054470446
0.0052807135
0.0051125279
0.0049424417
0.0047704146
0.0045964133
0.0044204127
0.0042423976
0.0040623645
0.0038803247
0.0036963074
0.0035103636
0.0033225707
0.0031330405
0.0029419194
0.0027494186
0.0025557656
0.0023613624
0.0021664123
0.001971821
0.0017769384
0.0015846281
0.0013886656
0.0011994887
0.00097918578
0.00072862092
0.00012319826
0.015805817
0.015739967
0.015670905
0.015598019
0.015520952
0.015439631
0.015353987
0.015263907
0.015169282
0.015070038
0.014966123
0.014857515
0.014744213
0.01462625
0.014503692
0.014376636
0.014245216
0.014109599
0.013969988
0.013826616
0.013679747
0.013529672
0.013376703
0.013221171
0.01306342
0.012903801
0.012742665
0.01258036
0.012417224
0.012253578
0.012089724
0.01192594
0.011762477
0.011599556
0.011437365
0.011276062
0.011115771
0.010956587
0.010798572
0.010641762
0.010486164
0.010331765
0.010178527
0.010026397
0.0098753052
0.0097251675
0.0095758908
0.009427373
0.0092795059
0.0091321767
0.0089852699
0.0088386682
0.0086922541
0.0085459107
0.008399522
0.0082529742
0.0081061556
0.0079589573
0.0078112731
0.0076629998
0.0075140375
0.0073642892
0.0072136612
0.0070620626
0.0069094057
0.0067556053
0.0066005795
0.0064442488
0.0062865368
0.0061273698
0.0059666773
0.0058043917
0.0056404483
0.0054747861
0.0053073479
0.0051380803
0.0049669347
0.0047938683
0.0046188442
0.0044418334
0.0042628159
0.0040817821
0.0038987357
0.0037136964
0.0035267026
0.0033378152
0.0031471237
0.0029547461
0.0027608472
0.0025656075
0.0023693106
0.0021721087
0.0019745223
0.0017760381
0.0015779077
0.0013754686
0.0011714437
0.00093816381
0.00065515691
0.00017594424
0.015318131
0.015261191
0.015201651
0.015139041
0.015073057
0.015003619
0.014930661
0.014854073
0.014773746
0.01468959
0.014601531
0.01450951
0.014413482
0.014313422
0.014209326
0.01410121
0.013989116
0.013873109
0.013753281
0.013629746
0.013502645
0.013372143
0.013238427
0.013101704
0.0129622
0.012820154
0.012675817
0.012529449
0.012381312
0.012231668
0.012080776
0.011928887
0.011776237
0.011623052
0.011469538
0.011315881
0.011162248
0.01100878
0.010855598
0.010702798
0.010550454
0.010398618
0.010247319
0.01009657
0.0099463638
0.0097966767
0.0096474717
0.0094986989
0.0093502976
0.0092021981
0.0090543236
0.008906591
0.008758913
0.0086111988
0.0084633554
0.0083152886
0.0081669034
0.008018105
0.0078687992
0.0077188929
0.0075682945
0.007416914
0.0072646632
0.0071114558
0.0069572079
0.0068018374
0.0066452644
0.0064874114
0.0063282032
0.006167567
0.0060054323
0.0058417315
0.0056763996
0.0055093745
0.0053405977
0.0051700143
0.0049975733
0.0048232289
0.0046469409
0.0044686755
0.0042884068
0.0041061183
0.0039218044
0.0037354727
0.0035471463
0.0033568656
0.0031646925
0.0029707093
0.0027750263
0.0025777606
0.00237907
0.0021790108
0.0019777414
0.0017747269
0.0015698705
0.0013594668
0.0011405778
0.00089477313
0.00059094493
0.00020659324
0.014793307
0.014744665
0.014693893
0.014640633
0.014584676
0.014525958
0.014464408
0.014399926
0.014332409
0.014261769
0.014187925
0.0141108
0.014030328
0.013946453
0.01385913
0.013768327
0.013674027
0.013576228
0.013474944
0.013370207
0.013262067
0.01315059
0.013035863
0.012917988
0.012797088
0.012673296
0.012546765
0.012417657
0.012286146
0.012152415
0.012016651
0.011879045
0.01173979
0.011599073
0.011457079
0.011313986
0.011169961
0.011025159
0.010879724
0.010733784
0.010587451
0.010440822
0.010293976
0.010146979
0.0099998761
0.0098527005
0.009705469
0.0095581849
0.0094108388
0.0092634098
0.0091158662
0.0089681678
0.0088202658
0.0086721051
0.0085236245
0.0083747585
0.0082254377
0.0080755899
0.0079251409
0.0077740149
0.0076221356
0.007469426
0.0073158094
0.0071612094
0.0070055503
0.0068487574
0.0066907567
0.0065314759
0.006370844
0.0062087913
0.00604525
0.0058801544
0.0057134405
0.0055450468
0.0053749144
0.0052029874
0.0050292132
0.0048535432
0.0046759334
0.0044963451
0.0043147457
0.0041311102
0.0039454217
0.0037576733
0.0035678691
0.0033760248
0.0031821688
0.0029863393
0.0027885836
0.0025889397
0.0023874331
0.0021839853
0.0019784272
0.0017700803
0.0015578353
0.0013385747
0.0011060162
0.00085081678
0.00053604188
0.00021616286
0.014263989
0.014222627
0.014179573
0.014134565
0.014087419
0.014038069
0.013986457
0.013932497
0.013876101
0.013817186
0.013755672
0.013691483
0.013624546
0.013554791
0.013482156
0.013406585
0.013328028
0.013246444
0.013161804
0.013074085
0.012983277
0.012889384
0.012792418
0.012692407
0.01258939
0.012483421
0.012374563
0.012262896
0.012148507
0.012031497
0.011911976
0.011790061
0.011665877
0.011539554
0.011411225
0.011281026
0.011149091
0.011015554
0.010880544
0.010744185
0.010606595
0.010467883
0.01032815
0.010187485
0.010045969
0.00990367
0.0097606446
0.0096169389
0.0094725871
0.0093276128
0.0091820288
0.0090358382
0.0088890346
0.0087416032
0.0085935214
0.0084447596
0.0082952822
0.0081450479
0.0079940113
0.0078421226
0.007689329
0.007535575
0.0073808029
0.0072249534
0.0070679659
0.0069097787
0.0067503298
0.0065895569
0.0064273976
0.0062637897
0.0060986716
0.0059319824
0.0057636621
0.0055936518
0.0054218944
0.0052483346
0.0050729191
0.0048955975
0.0047163225
0.0045350501
0.0043517408
0.0041663599
0.0039788779
0.0037892708
0.0035975207
0.0034036142
0.0032075408
0.0030092878
0.0028088323
0.0026061218
0.0024010478
0.0021933777
0.0019826663
0.0017680487
0.0015478018
0.0013192668
0.0010750964
0.00081292061
0.00049518493
0.00021437358
0.01367851
0.013643897
0.013607891
0.013570298
0.013531012
0.013489987
0.013447164
0.013402471
0.013355834
0.013307179
0.013256438
0.013203538
0.013148409
0.013090982
0.01303119
0.012968968
0.012904256
0.012836994
0.012767131
0.012694617
0.012619411
0.012541475
0.012460781
0.012377307
0.012291039
0.012201972
0.01211011
0.012015466
0.011918062
0.011817928
0.011715105
0.011609642
0.011501595
0.01139103
0.011278017
0.011162634
0.011044963
0.010925091
0.010803107
0.010679102
0.010553166
0.010425391
0.010295865
0.010164672
0.010031895
0.0098976081
0.0097618832
0.0096247851
0.0094863728
0.0093466973
0.0092058021
0.0090637226
0.0089204867
0.0087761149
0.0086306199
0.0084840079
0.0083362779
0.0081874232
0.0080374309
0.0078862833
0.0077339575
0.0075804265
0.0074256591
0.0072696208
0.0071122737
0.006953577
0.0067934875
0.00663196
0.0064689471
0.0063044001
0.0061382688
0.0059705022
0.0058010485
0.0056298553
0.0054568707
0.0052820426
0.0051053198
0.0049266514
0.0047459876
0.00456328
0.0043784816
0.0041915472
0.0040024331
0.0038110964
0.0036174938
0.0034215791
0.003223299
0.0030225851
0.0028193411
0.002613421
0.0024045921
0.0021924773
0.0019764331
0.0017554617
0.0015276282
0.0012907842
0.0010380602
0.00077161738
0.00045706262
0.00020023339
0.013138879
0.013109762
0.013079536
0.013048083
0.013015287
0.012981096
0.012945469
0.012908348
0.012869671
0.012829378
0.01278741
0.012743705
0.012698199
0.01265083
0.012601534
0.012550249
0.01249691
0.012441458
0.012383831
0.012323971
0.012261822
0.012197328
0.012130441
0.012061111
0.011989296
0.011914956
0.011838057
0.011758571
0.011676474
0.011591748
0.011504383
0.011414373
0.011321721
0.011226433
0.011128525
0.011028017
0.010924936
0.010819314
0.01071119
0.010600604
0.010487603
0.010372238
0.010254559
0.010134622
0.010012481
0.0098881943
0.0097618207
0.0096334195
0.0095030471
0.0093707588
0.0092366081
0.0091006454
0.0089629161
0.0088234616
0.0086823187
0.0085395197
0.008395092
0.0082490582
0.0081014356
0.0079522367
0.0078014691
0.007649135
0.007495232
0.0073397526
0.007182685
0.007024013
0.0068637166
0.0067017721
0.0065381522
0.0063728261
0.0062057601
0.0060369171
0.0058662574
0.0056937389
0.0055193178
0.0053429495
0.0051645877
0.0049841842
0.0048016896
0.0046170528
0.0044302213
0.0042411408
0.0040497539
0.0038559993
0.0036598088
0.0034611041
0.0032597898
0.0030557448
0.0028488065
0.0026387487
0.0024252433
0.0022078148
0.0019857264
0.0017579717
0.0015227311
0.0012784725
0.0010194574
0.00075054641
0.00044034216
0.00019467623
0.012475156
0.012451556
0.012427045
0.012401514
0.012374919
0.012347232
0.012318407
0.012288396
0.012257148
0.012224614
0.012190743
0.012155481
0.012118774
0.012080568
0.012040805
0.011999428
0.01195638
0.0119116
0.011865031
0.011816613
0.011766289
0.011713999
0.011659687
0.011603293
0.011544763
0.011484039
0.01142107
0.011355804
0.011288192
0.011218189
0.011145751
0.011070838
0.010993415
0.010913449
0.010830914
0.010745784
0.010658041
0.010567671
0.010474664
0.010379014
0.01028072
0.010179788
0.010076224
0.0099700487
0.0098612321
0.0097497151
0.0096355833
0.0095189326
0.0093997925
0.0092781784
0.0091541192
0.0090276526
0.008898817
0.0087676499
0.0086341897
0.0084984755
0.0083605464
0.0082204418
0.0080782
0.0079338584
0.0077874521
0.0076390135
0.0074885702
0.007336144
0.0071817508
0.007025402
0.0068671033
0.0067068559
0.0065446561
0.006380495
0.0062143588
0.0060462283
0.0058760798
0.0057038857
0.0055296156
0.0053532341
0.0051747009
0.0049939708
0.0048109953
0.0046257217
0.0044380927
0.004248045
0.0040555088
0.0038604051
0.003662643
0.003462115
0.0032586902
0.0030522047
0.0028424473
0.0026291397
0.002411905
0.0021902381
0.0019634185
0.0017305572
0.0014901475
0.0012412729
0.00097948415
0.00071107251
0.0004092025
0.00017647424
0.012003128
0.011983269
0.011962683
0.011941313
0.011919074
0.011895924
0.011871836
0.011846775
0.011820697
0.011793561
0.011765321
0.011735934
0.011705353
0.011673531
0.011640419
0.011605966
0.011570122
0.011532833
0.011494045
0.011453703
0.01141175
0.011368131
0.011322788
0.011275665
0.011226701
0.011175837
0.011123013
0.011068171
0.011011251
0.010952193
0.01089094
0.010827434
0.010761617
0.010693436
0.010622835
0.010549763
0.010474167
0.010395999
0.01031521
0.010231755
0.010145588
0.010056667
0.0099649459
0.009870384
0.0097729274
0.0096725102
0.0095690937
0.0094627024
0.0093534543
0.0092414685
0.0091267597
0.0090093061
0.0088891095
0.0087661905
0.0086405722
0.0085122778
0.0083813332
0.0082477681
0.0081116148
0.0079729064
0.0078316754
0.0076879516
0.0075417616
0.0073931318
0.0072420885
0.0070886571
0.0069328603
0.0067747176
0.0066142443
0.0064514487
0.0062863341
0.0061188966
0.0059491166
0.0057769697
0.0056024479
0.0054255429
0.0052462271
0.0050644614
0.0048802021
0.0046934008
0.0045040016
0.0043119397
0.0041171404
0.0039195162
0.0037189644
0.0035153625
0.0033085615
0.0030983785
0.0028845847
0.0026668921
0.0024449306
0.0022182346
0.0019861802
0.0017480667
0.0015027128
0.0012496862
0.00098518763
0.00071594374
0.00041485014
0.00018102994
0.011219908
0.011205058
0.011189606
0.011173487
0.011156691
0.011139197
0.011120974
0.011101989
0.011082206
0.011061593
0.011040113
0.011017729
0.010994402
0.010970091
0.010944754
0.010918349
0.01089083
0.01086215
0.010832262
0.010801114
0.010768655
0.010734831
0.010699586
0.010662865
0.01062461
0.01058476
0.010543254
0.010500031
0.010455025
0.010408171
0.010359402
0.010308651
0.010255847
0.01020092
0.010143798
0.010084408
0.010022675
0.0099585245
0.0098918792
0.0098226606
0.0097507886
0.0096761806
0.009598752
0.0095184091
0.0094350971
0.009348782
0.0092593068
0.0091665166
0.0090703723
0.008970907
0.0088681329
0.0087620467
0.0086526586
0.0085399933
0.0084240857
0.008304988
0.0081827707
0.0080575222
0.0079293489
0.0077983854
0.0076648
0.007528697
0.0073900503
0.0072488248
0.0071050172
0.0069586201
0.0068096158
0.0066580115
0.0065038232
0.0063470459
0.006187663
0.006025657
0.0058610101
0.0056937013
0.0055237064
0.0053509965
0.0051755368
0.0049972875
0.0048162031
0.0046322318
0.0044453141
0.0042553819
0.0040623566
0.0038661472
0.0036666474
0.0034637326
0.0032572549
0.0030470379
0.0028328695
0.0026144945
0.0023916024
0.0021638266
0.0019307056
0.001691783
0.0014462739
0.0011942469
0.00093293364
0.00066963418
0.00038144687
0.00016241368
0.010982835
0.010968841
0.01095436
0.010939358
0.010923749
0.010907499
0.010890592
0.010873003
0.010854701
0.010835653
0.010815827
0.010795188
0.010773702
0.010751332
0.010728039
0.010703784
0.010678524
0.010652217
0.010624817
0.010596278
0.010566552
0.010535589
0.010503335
0.010469736
0.010434738
0.010398283
0.010360312
0.010320765
0.010279579
0.010236692
0.010192037
0.010145548
0.010097158
0.010046798
0.0099943977
0.0099398878
0.0098831971
0.0098242543
0.0097629884
0.0096993294
0.0096332088
0.0095645597
0.0094933177
0.0094194214
0.0093428138
0.0092634481
0.0091812811
0.0090962186
0.0090080892
0.0089167353
0.0088221
0.0087241743
0.008622937
0.0085183516
0.0084103938
0.0082990579
0.0081843481
0.0080662763
0.0079448664
0.0078201591
0.0076922159
0.0075610967
0.0074268449
0.0072895139
0.0071491773
0.0070059329
0.0068598944
0.0067111105
0.0065595343
0.0064051152
0.0062478259
0.0060876453
0.0059245467
0.0057584989
0.0055894696
0.0054174251
0.0052423289
0.0050641408
0.0048828157
0.0046983036
0.0045105481
0.0043194852
0.0041250422
0.0039271353
0.0037256681
0.0035205287
0.0033115867
0.0030986889
0.0028816554
0.002660274
0.0024342913
0.0022034141
0.0019672688
0.0017254952
0.0014773808
0.0012230109
0.00095935783
0.00069328764
0.00039961584
0.00017255213
0.0097690678
0.0097581591
0.0097468234
0.00973501
0.0097227086
0.0097099063
0.0096965801
0.0096827046
0.0096682552
0.009653207
0.0096375333
0.0096212066
0.0096041978
0.0095864769
0.0095680126
0.0095487722
0.009528722
0.0095078267
0.0094860498
0.0094633533
0.0094396981
0.0094150434
0.0093893472
0.0093625663
0.0093346558
0.0093055697
0.0092752607
0.0092436802
0.0092107785
0.0091765049
0.0091408074
0.0091036334
0.0090649296
0.0090246419
0.0089827161
0.0089390975
0.0088937318
0.0088465643
0.0087975412
0.0087466103
0.0086937211
0.0086388253
0.0085818772
0.0085228347
0.00846166
0.0083983203
0.0083327908
0.0082650514
0.0081950533
0.008122703
0.0080479016
0.0079705557
0.0078905703
0.007807847
0.0077222843
0.0076337735
0.0075422
0.0074474444
0.0073493831
0.0072478842
0.0071428055
0.0070340739
0.0069217365
0.0068058627
0.0066865091
0.0065637427
0.006437651
0.0063082621
0.0061755099
0.0060393243
0.0058996592
0.0057564763
0.0056097332
0.0054593852
0.0053053881
0.0051476985
0.0049862723
0.0048210645
0.0046520281
0.0044791143
0.0043022717
0.0041214455
0.0039365773
0.0037476035
0.0035544556
0.003357059
0.0031553325
0.0029491882
0.0027385314
0.002523262
0.0023032736
0.0020784658
0.0018487207
0.0016140062
0.0013740756
0.0011295318
0.00087840058
0.00062781595
0.00035681444
0.00015130805
)
;

boundaryField
{
    inlet
    {
        type            zeroGradient;
    }
    top
    {
        type            zeroGradient;
    }
    outlet
    {
        type            fixedValue;
        value           uniform 0;
    }
    slipsurface
    {
        type            slip;
    }
    bottom
    {
        type            zeroGradient;
    }
    frontandback
    {
        type            empty;
    }
}


// ************************************************************************* //
