/*--------------------------------*- C++ -*----------------------------------*\
| =========                 |                                                 |
| \\      /  F ield         | OpenFOAM: The Open Source CFD Toolbox           |
|  \\    /   O peration     | Version:  2206                                  |
|   \\  /    A nd           | Website:  www.openfoam.com                      |
|    \\/     M anipulation  |                                                 |
\*---------------------------------------------------------------------------*/
FoamFile
{
    version     2.0;
    format      ascii;
    arch        "LSB;label=32;scalar=64";
    class       volScalarField;
    location    "1100";
    object      omega;
}
// * * * * * * * * * * * * * * * * * * * * * * * * * * * * * * * * * * * * * //

dimensions      [0 0 -1 0 0 0 0];

internalField   nonuniform List<scalar> 
7480
(
7569.1001
7590.8079
7571.1053
7538.1509
7512.5625
7498.0752
7491.1186
7487.7284
7485.8492
7484.6254
7483.68
7482.8691
7482.1625
7481.5512
7481.021
7480.5592
7480.1557
7479.8014
7479.4861
7479.2036
7478.9499
7478.7209
7478.5127
7478.3229
7478.1495
7477.9904
7477.8439
7477.7087
7477.5839
7477.4685
7477.3615
7477.2622
7477.1703
7477.085
7477.0059
7476.9327
7476.8649
7476.8025
7476.745
7476.6925
7476.6448
7476.6019
7476.5637
7476.5302
7476.5016
7476.4785
7476.4603
7476.448
7476.4415
7476.4406
7476.4451
7476.4547
7476.4691
7476.4872
7476.5081
7476.5312
7476.5551
7476.5778
7476.5973
7476.612
7476.6219
7476.6271
7476.6279
7476.625
7476.6193
7476.6114
7476.602
7476.5916
7476.5806
7476.5692
7476.5577
7476.5461
7476.5346
7476.5233
7476.5121
7476.501
7476.4902
7476.479
7476.4676
7476.4562
7476.4446
7476.4331
7476.4215
7476.4098
7476.398
7476.3861
7476.3742
7476.3622
7476.3502
7476.3381
7476.326
7476.3139
7476.3019
7476.2898
7476.2778
7476.2653
7476.2544
7476.2387
7476.2299
7476.2059
1003.2478
1574.409
1842.5041
1920.785
1937.0278
1923.8622
1863.1608
1797.812
1744.1888
1703.9994
1673.3573
1647.6992
1624.4784
1603.0656
1583.2719
1564.8888
1547.8412
1532.2192
1517.8619
1504.5539
1492.202
1480.7827
1470.1887
1460.3069
1451.0915
1442.5158
1434.5082
1427.0002
1419.9608
1413.3662
1407.1744
1401.3498
1395.8762
1390.7371
1385.9083
1381.3714
1377.1173
1373.1345
1369.4093
1365.9337
1362.706
1359.7237
1356.9839
1354.4899
1352.2335
1350.2284
1348.4725
1346.9658
1345.7233
1344.7383
1344.032
1343.637
1343.4483
1343.4334
1343.5546
1343.7738
1344.0481
1344.3177
1344.5246
1344.6199
1344.5785
1344.3976
1344.123
1343.7465
1343.2668
1342.7073
1342.0894
1341.4339
1340.7565
1340.0689
1339.38
1338.6966
1338.0225
1337.3606
1336.7137
1336.0813
1335.4663
1334.8597
1334.2568
1333.6591
1333.0665
1332.4791
1331.8964
1331.3158
1330.737
1330.1588
1329.5813
1329.0046
1328.4287
1327.8544
1327.2817
1326.7111
1326.1433
1325.5769
1325.0167
1324.4455
1323.8998
1323.338
1322.6626
1322.0507
190.66707
396.62964
585.9538
709.19622
769.24204
785.37133
782.07663
789.19424
803.66688
812.83366
819.31989
823.5399
825.04083
824.14479
821.41749
817.39815
811.93546
805.28107
797.69309
789.38992
780.58389
771.47933
762.21997
752.90982
743.65366
734.54596
725.60269
716.8241
708.22631
699.83285
691.65812
683.71209
676.00832
668.55926
661.37215
654.45493
647.81729
641.45935
635.37837
629.57498
624.05523
618.82682
613.89728
609.27763
604.97501
600.99237
597.33183
593.96992
590.89814
588.10692
585.63363
583.48224
581.54747
579.7951
578.20009
576.70921
575.26058
573.81319
572.35773
570.89261
569.41379
567.90791
566.45662
565.01204
563.55623
562.09183
560.62499
559.16458
557.71889
556.29487
554.89797
553.53265
552.20207
550.90826
549.65306
548.43558
547.2566
546.13839
545.06441
544.02181
543.00393
542.00762
541.03103
540.07057
539.12431
538.18993
537.2662
536.35217
535.44695
534.55056
533.66222
532.78201
531.91004
531.04467
530.18994
529.32899
528.49489
527.65721
526.73858
525.64966
72.002679
121.36367
193.99323
267.71984
324.61871
359.72872
377.79817
386.77216
392.44351
397.561
404.51206
415.22142
426.20465
437.92989
452.27812
470.54987
485.14034
496.53173
505.30158
511.86004
516.53134
519.60719
521.34678
522.01963
521.94158
521.35881
520.00033
517.81438
514.88899
511.34837
507.31167
502.88271
498.15235
493.201
488.10326
482.93349
477.73926
472.50358
467.22608
461.92392
456.62328
451.35186
446.135
440.9971
435.96722
431.03778
426.18811
421.3853
416.61863
411.89599
407.23964
402.74874
398.32432
393.97814
389.74558
385.58163
381.45092
377.39795
373.50935
369.85328
366.4497
363.31537
360.48489
357.88318
355.46068
353.18193
351.01993
348.95586
346.97686
345.07419
343.24175
341.47599
339.77481
338.13585
336.55752
335.03722
333.5741
332.19338
330.88728
329.64023
328.44205
327.28728
326.17315
325.09587
324.05253
323.03987
322.05518
321.0961
320.16024
319.24609
318.35173
317.47595
316.61758
315.77464
314.9485
314.12921
313.32691
312.5742
311.72018
310.75982
55.641595
64.531967
83.910043
111.34807
140.41931
165.52608
184.58034
198.12892
207.73981
214.78671
220.41953
225.66276
230.9597
236.83208
244.0997
253.54846
263.34646
273.15083
282.74731
292.00532
300.8315
309.30622
317.72305
326.7155
337.34858
349.83622
359.69364
366.92347
372.20387
375.98497
378.57298
380.18903
381.0115
381.20805
380.96959
380.50752
379.79979
378.45423
376.46708
373.92321
370.91785
367.53356
363.83822
359.89326
355.77233
351.4746
346.93776
342.13876
337.10433
331.87962
326.51346
321.06621
315.61124
310.15824
304.7433
299.3207
293.91595
288.65207
283.64862
278.9842
274.7223
270.87753
267.40938
264.26119
261.37933
258.71729
256.23553
253.90297
251.69595
249.59668
247.59236
245.67494
243.8372
242.07329
240.3792
238.75108
237.18787
235.69245
234.26764
232.90937
231.6119
230.37078
229.18338
228.0464
226.95694
225.91161
224.90719
223.94063
223.00875
222.10904
221.23913
220.39675
219.57971
218.78573
218.01434
217.26007
216.52031
215.8512
215.10119
214.28362
53.509472
54.437016
58.087863
65.264935
75.157602
86.040931
96.433222
105.64053
113.5407
120.26053
125.96644
130.87299
135.18486
139.11408
142.94338
147.01178
151.42046
156.27164
161.71126
167.81982
174.15853
180.72594
187.52773
194.61606
202.10309
210.07219
218.05413
225.69127
232.80949
239.34781
245.31984
250.80513
255.97466
261.15854
266.96689
274.11985
281.53247
286.10199
288.74791
290.0772
290.44391
290.06517
289.0937
287.67577
285.99135
284.18946
281.82447
278.80162
275.22201
271.19376
266.817
262.18994
257.41295
252.51753
247.55599
242.60067
237.70618
232.95599
228.43049
224.18055
220.22734
216.57803
213.21558
210.11166
207.2364
204.55947
202.05182
199.6893
197.45176
195.32265
193.28941
191.3438
189.47838
187.68724
185.96611
184.31109
182.72127
181.19155
179.7234
178.3184
176.97563
175.69312
174.46926
173.30161
172.18772
171.12462
170.10923
169.13843
168.20889
167.31771
166.46212
165.63948
164.84722
164.08289
163.3451
162.63043
161.93246
161.30321
160.63104
159.8905
53.224017
52.808428
52.958775
54.084862
56.272875
59.363335
62.973015
66.788992
70.617559
74.355999
77.934147
81.305918
84.449532
87.362909
90.076934
92.660272
95.183112
97.716034
100.34311
103.15497
106.19464
109.5302
113.2446
117.38878
121.86692
126.72835
131.94342
137.42821
143.08595
148.8327
154.59597
160.31863
165.96951
171.55862
177.14153
182.82423
188.52763
193.80235
198.43626
202.38446
205.68349
208.42081
210.74828
212.94515
215.47567
218.4738
219.85017
219.66796
218.48702
216.62072
214.28955
211.69331
208.99958
205.97124
202.553
199.04874
195.61151
192.2882
189.03829
185.87064
182.8123
179.87738
177.06694
174.38308
171.82612
169.3889
167.06181
164.83801
162.70818
160.66336
158.69648
156.80272
154.97819
153.22015
151.5262
149.8934
148.32143
146.80614
145.34623
143.94339
142.59876
141.31239
140.08384
138.91169
137.7941
136.72876
135.71313
134.74445
133.81955
132.9356
132.08967
131.27912
130.50147
129.75429
129.03589
128.34358
127.67127
127.05851
126.43596
125.73452
53.161884
52.542221
52.020475
51.71235
51.711649
52.046497
52.632575
53.454711
54.479059
55.668272
56.982675
58.384338
59.837994
61.310729
62.777202
64.224821
65.651485
67.062272
68.47157
69.90344
71.383897
72.944238
74.624517
76.470388
78.518386
80.820115
83.432451
86.359279
89.555234
93.018495
96.738706
100.69622
104.86802
109.23456
113.78683
118.52543
123.43043
128.40924
133.35777
138.17974
142.7944
147.13979
151.1727
154.87727
158.27566
161.33397
163.87692
165.76447
166.99681
167.66708
167.92797
167.97961
167.97324
167.24058
165.72845
163.88001
162.05281
160.27249
158.31697
156.28811
154.24832
152.19729
150.1307
148.07045
146.03335
144.02317
142.04622
140.11472
138.22708
136.38384
134.58663
132.83675
131.13483
129.48384
127.88445
126.33509
124.83711
123.38885
121.98835
120.63648
119.33482
118.08454
116.88625
115.73953
114.64324
113.59602
112.59624
111.64179
110.72995
109.85837
109.02445
108.22581
107.46036
106.72586
106.02068
105.3425
104.68688
104.08111
103.48872
102.8075
53.12553
52.475215
51.838715
51.240346
50.710465
50.271908
49.928894
49.683725
49.538539
49.48256
49.49356
49.598094
49.796055
50.077462
50.428761
50.836849
51.291497
51.784534
52.31069
52.868615
53.460113
54.089865
54.766614
55.503713
56.317358
57.22841
58.263457
59.448387
60.804689
62.358207
64.139025
66.149817
68.387837
70.859421
73.575986
76.546399
79.777038
83.260572
86.974341
90.887599
94.964482
99.164529
103.44376
107.75608
112.06146
116.26044
120.20875
123.79475
126.92967
129.55714
131.6505
133.21211
134.27279
134.87923
135.03897
134.79016
134.37134
133.84231
132.99249
132.00946
130.98858
129.84277
128.54298
127.16055
125.72117
124.22421
122.69195
121.14314
119.58458
118.02568
116.47577
114.94236
113.43068
111.95308
110.51175
109.1048
107.73687
106.40752
105.11468
103.85957
102.64384
101.46896
100.33618
99.245978
98.197695
97.191361
96.226535
95.301978
94.415454
93.565502
92.750276
91.967871
91.216956
90.4956
89.802536
89.135843
88.49287
87.891357
87.317556
86.648103
53.095513
52.438669
51.782586
51.131124
50.491114
49.869905
49.273013
48.705084
48.170902
47.674238
47.216651
46.80222
46.434533
46.115295
45.829947
45.572622
45.355972
45.185436
45.061201
44.981738
44.944944
44.948381
44.991153
45.074743
45.202595
45.380116
45.615227
45.917842
46.29929
46.772934
47.355014
48.061555
48.90909
49.917078
51.109241
52.492136
54.082635
55.899387
57.953969
60.255188
62.812237
65.631874
68.718301
72.072987
75.695844
79.5663
83.601523
87.69933
91.755438
95.662583
99.315451
102.61565
105.47886
107.84953
109.6891
110.92006
111.55005
111.75653
111.73929
111.55884
111.32037
110.95712
110.41604
109.76835
109.01185
108.09008
107.06662
105.96613
104.79403
103.57185
102.31605
101.04206
99.760232
98.502871
97.264693
96.043184
94.841762
93.662275
92.504913
91.37124
90.263127
89.182378
88.130921
87.110168
86.119607
85.160895
84.236204
83.345067
82.48591
81.658004
80.86045
80.092007
79.352588
78.640416
77.954847
77.294535
76.658322
76.057232
75.492322
74.82767
53.069156
52.408932
51.747679
51.085666
50.424018
49.764281
49.10822
48.457869
47.815636
47.184127
46.565813
45.963248
45.379013
44.815517
44.273473
43.753008
43.255517
42.782789
42.336439
41.917632
41.521977
41.139183
40.774059
40.436096
40.131316
39.863218
39.634422
39.447208
39.304056
39.209057
39.168311
39.189266
39.280649
39.452748
39.717949
40.088832
40.580389
41.21097
42.000602
42.960471
44.110675
45.47323
47.072201
48.933759
51.086418
53.560726
56.375455
59.518907
62.961424
66.650045
70.507311
74.431451
78.299743
81.981961
85.355093
88.277904
90.620196
92.352033
93.515525
94.219437
94.58365
94.752519
94.781465
94.706489
94.542699
94.220207
93.780327
93.222875
92.517586
91.712504
90.82789
89.8925
88.916179
87.933569
86.938225
85.931222
84.918356
83.903603
82.890068
81.881591
80.881498
79.89294
78.919361
77.963577
77.027277
76.112851
75.222824
74.358423
73.519969
72.70777
71.921878
71.162031
70.428206
69.719719
69.036546
68.377708
67.743327
67.13982
66.577227
65.912801
53.031157
52.367052
51.702082
51.03601
50.368822
49.700563
49.031496
48.362214
47.693637
47.026908
46.363269
45.704031
45.050571
44.404318
43.766589
43.138563
42.521431
41.916425
41.3248
40.747797
40.186098
39.639317
39.107613
38.592114
38.094442
37.616367
37.158989
36.716512
36.283772
35.869355
35.48367
35.133907
34.82519
34.561524
34.346614
34.185642
34.085662
34.055668
34.106477
34.249573
34.498815
34.871344
35.386776
36.064924
36.933837
38.028023
39.387059
41.049808
43.052255
45.422081
48.171646
51.289546
54.73191
58.417806
62.232601
66.02284
69.600809
72.793256
75.46996
77.593706
79.176167
80.295727
81.050702
81.51917
81.791366
81.933073
81.955839
81.88186
81.674723
81.356264
80.921489
80.392957
79.790485
79.12184
78.394829
77.622925
76.816534
75.981824
75.125253
74.253632
73.372328
72.486393
71.601072
70.720566
69.8483
68.987899
68.142562
67.31469
66.506004
65.717786
64.950987
64.206206
63.483953
62.784325
62.107715
61.453523
60.822869
60.219365
59.658595
58.995506
52.972785
52.293587
51.615879
50.939305
50.263447
49.587801
48.912003
48.23598
47.559952
46.884323
46.209585
45.53627
44.864955
44.196269
43.530879
42.869482
42.212811
41.561638
40.916773
40.279061
39.649327
39.028274
38.41655
37.814853
37.223971
36.644778
36.078162
35.524327
34.982925
34.454554
33.940864
33.444074
32.966333
32.503789
32.049576
31.613537
31.208089
30.84129
30.51875
30.244509
30.023524
29.863472
29.774344
29.768177
29.860367
30.071218
30.426122
30.955097
31.696764
32.696371
34.003923
35.669855
37.737739
40.232902
43.150069
46.438696
49.988746
53.63611
57.183772
60.454605
63.311331
65.684994
67.579955
69.021353
70.06946
70.811989
71.30576
71.622659
71.813294
71.88507
71.85797
71.720841
71.492299
71.18226
70.771187
70.284391
69.735168
69.128362
68.47236
67.777018
67.050018
66.298258
65.529185
64.748747
63.962291
63.175287
62.392046
61.616281
60.851142
60.099015
59.361913
58.64138
57.938653
57.254632
56.590279
55.945529
55.322333
54.722612
54.165261
53.505598
52.92192
52.221863
51.524224
50.829029
50.136067
49.444911
48.755146
48.066547
47.379122
46.693054
46.008598
45.326035
44.64566
43.967778
43.292705
42.620774
41.952332
41.287744
40.627396
39.971695
39.321068
38.675948
38.036772
37.403994
36.778087
36.159556
35.548938
34.946733
34.353353
33.769228
33.194918
32.631156
32.07881
31.538225
31.008969
30.49176
29.988604
29.502122
29.033212
28.572175
28.123398
27.70223
27.31851
26.978428
26.686633
26.45027
26.280467
26.192198
26.205483
26.346903
26.650641
27.159189
27.925978
29.012276
30.481292
32.386492
34.752793
37.554513
40.700591
44.04374
47.40267
50.598945
53.496979
56.004736
58.08217
59.748655
61.033585
61.984032
62.673618
63.14686
63.46696
63.656864
63.73649
63.735934
63.644615
63.469488
63.222791
62.88868
62.476206
62.000903
61.470276
60.890481
60.272126
59.622808
58.949595
58.260459
57.560971
56.856443
56.151758
55.450584
54.756265
54.071441
53.39827
52.738575
52.09401
51.465194
50.854839
50.263952
49.713404
49.060629
52.891964
52.17721
51.464092
50.752954
50.043922
49.336887
48.631663
47.92814
47.226348
46.526447
45.828667
45.133268
44.440522
43.750708
43.064106
42.380999
41.70167
41.026404
40.355484
39.689196
39.027824
38.371651
37.720956
37.076015
36.437103
35.804492
35.178457
34.559272
33.9472
33.342499
32.745436
32.156311
31.575464
31.003219
30.43981
29.88552
29.340812
28.806375
28.282903
27.769915
27.267506
26.777527
26.302692
25.843686
25.38912
24.948815
24.539181
24.169827
23.847715
23.581451
23.385441
23.280094
23.293583
23.464173
23.841881
24.487885
25.47291
26.864359
28.706329
30.997801
33.678059
36.628376
39.695094
42.714556
45.540396
48.07254
50.250884
52.052026
53.500146
54.624187
55.463794
56.07464
56.497226
56.774256
56.94761
57.03046
57.040194
56.970965
56.822773
56.60702
56.312964
55.941974
55.512687
55.030498
54.502823
53.941505
53.352189
52.742182
52.118627
51.486524
50.850951
50.21584
49.5845
48.959918
48.344566
47.739915
47.149452
46.573812
46.035189
45.394227
52.877057
52.154277
51.432244
50.711393
49.991999
49.274152
48.557853
47.843121
47.13005
46.418819
45.709663
45.00285
44.298663
43.597395
42.899345
42.20481
41.51409
40.827484
40.145286
39.467788
38.795277
38.128037
37.466341
36.810458
36.160648
35.517159
34.880232
34.250096
33.626968
33.01105
32.402531
31.801591
31.208402
30.623124
30.045901
29.476864
28.916156
28.363947
27.820439
27.285738
26.759928
26.243277
25.736319
25.239576
24.752195
24.27462
23.809199
23.359058
22.916661
22.481178
22.073969
21.70801
21.393181
21.142674
20.978225
20.931095
21.0446
21.375573
21.991045
22.959549
24.336791
26.144309
28.353838
30.883066
33.606084
36.379399
39.064243
41.543587
43.743724
45.62525
47.175892
48.419289
49.381619
50.094976
50.615301
50.980267
51.217498
51.360207
51.432092
51.434612
51.364776
51.221662
51.018104
50.737422
50.387881
49.988793
49.539733
49.051582
48.534213
47.993144
47.435807
46.867465
46.292878
45.716543
45.141877
44.571469
44.009649
43.457104
42.937255
42.314582
52.870474
52.14362
51.416949
50.690899
49.965789
49.241791
48.519
47.797508
47.077449
46.35901
45.642425
44.92796
44.215894
43.506523
42.800148
42.097073
41.397605
40.702048
40.010709
39.323888
38.641883
37.964988
37.293491
36.627673
35.967808
35.314163
34.666993
34.026547
33.39306
32.766756
32.147846
31.536526
30.93298
30.337373
29.749855
29.170556
28.59959
28.037056
27.483041
26.937611
26.400806
25.872666
25.353259
24.842675
24.34087
23.847841
23.363854
22.889484
22.424362
21.968118
21.523032
21.092635
20.669982
20.256914
19.877817
19.547995
19.281872
19.103126
19.046694
19.159814
19.501655
20.137359
21.126567
22.508039
24.281793
26.399795
28.769391
31.267444
33.764978
36.145649
38.316065
40.22163
41.83591
43.153904
44.20404
45.010639
45.606111
46.035383
46.33754
46.527742
46.633273
46.681465
46.664667
46.579839
46.429818
46.227942
45.946723
45.60953
45.22737
44.8028
44.347182
43.866231
43.36652
42.854433
42.334349
41.810387
41.287817
40.767783
40.275293
39.679045
52.868285
52.139377
51.410324
50.681558
49.953412
49.226098
48.49976
47.774527
47.050552
46.328025
45.607173
44.888249
44.171524
43.457283
42.74582
42.037432
41.33242
40.631084
39.933725
39.240641
38.552129
37.86848
37.189981
36.516916
35.849559
35.18818
34.533042
33.884399
33.242498
32.607573
31.979852
31.359551
30.746873
30.142011
29.545141
28.956428
28.37602
27.804049
27.240628
26.685854
26.139804
25.602534
25.074086
24.554492
24.043752
23.541855
23.048802
22.564648
22.089382
21.622945
21.16555
20.717788
20.279354
19.85025
19.433509
19.033669
18.637066
18.266997
17.94586
17.691197
17.528719
17.49595
17.64213
18.024873
18.704783
19.730909
21.124761
22.868171
24.898795
27.119083
29.411439
31.660793
33.768769
35.660681
37.299499
38.66951
39.776251
40.648911
41.308586
41.790527
42.130832
42.366059
42.501367
42.573765
42.590095
42.547179
42.440769
42.279603
42.062346
41.77961
41.452417
41.082511
40.679153
40.250679
39.801973
39.339314
38.868824
38.392623
37.937845
37.378041
52.868459
52.138511
51.408213
50.677995
49.948199
49.219065
48.49077
47.763469
47.037331
46.312545
45.589334
44.86794
44.148625
43.431664
42.717338
42.005935
41.297746
40.593063
39.892177
39.195379
38.502955
37.815189
37.132361
36.454745
35.78261
35.11622
34.45583
33.801692
33.154046
32.513127
31.87916
31.252362
30.632942
30.021097
29.417014
28.82087
28.232828
27.653043
27.081651
26.518779
25.964536
25.419017
24.882301
24.354452
23.835516
23.325527
22.824505
22.332471
21.849436
21.375398
20.910377
20.454454
20.007654
19.569999
19.141865
18.724119
18.315835
17.919183
17.538931
17.166529
16.819755
16.523774
16.297743
16.169997
16.18034
16.378872
16.820964
17.561902
18.638042
20.054878
21.777594
23.731951
25.817032
27.920839
29.942022
31.798538
33.434917
34.829793
35.97517
36.887119
37.593511
38.115517
38.487392
38.747608
38.915487
38.994557
39.033495
39.016926
38.944492
38.817196
38.645049
38.409021
38.125225
37.802763
37.445083
37.061749
36.658835
36.240244
35.835379
35.324404
52.869953
52.139483
51.408523
50.677499
49.946762
49.216573
48.487137
47.758633
47.031244
46.305164
45.580614
44.857832
44.137071
43.418598
42.702687
41.989618
41.279672
40.573134
39.870287
39.171413
38.476789
37.786692
37.101391
36.421154
35.74624
35.076904
34.413394
33.75595
33.104806
32.460189
31.822316
31.191396
30.567633
29.951217
29.342333
28.741154
28.147845
27.562559
26.985441
26.416622
25.856223
25.304355
24.761113
24.226583
23.700838
23.183939
22.675937
22.176876
21.686796
21.205729
20.733708
20.270769
19.816949
19.372286
18.936853
18.510813
18.094191
17.687261
17.290835
16.904501
16.530243
16.173139
15.824786
15.508533
15.246457
15.059108
14.977766
15.044949
15.310393
15.828383
16.646785
17.787472
19.239042
20.949586
22.83431
24.790201
26.712989
28.516418
30.134114
31.529788
32.695172
33.631317
34.361963
34.911918
35.309998
35.580601
35.766165
35.869071
35.912152
35.912685
35.863338
35.762822
35.618065
35.42458
35.17819
34.895131
34.577739
34.233423
33.892666
33.445898
52.872213
52.141497
51.410185
50.678698
49.947392
49.216549
48.486396
47.757134
47.028962
46.302082
45.576716
44.853101
44.131486
43.412134
42.695313
41.981297
41.270362
40.562787
39.858849
39.158823
38.462982
37.771594
37.084924
36.403231
35.726769
35.055783
34.390516
33.731199
33.07806
32.431315
31.791175
31.157842
30.531509
29.912361
29.300573
28.696312
28.099736
27.510992
26.930221
26.35755
25.793098
25.236974
24.689277
24.150095
23.619508
23.097583
22.584382
22.079958
21.584361
21.097635
20.619823
20.150967
19.69111
19.240296
18.798575
18.36601
17.94266
17.528603
17.123992
16.728888
16.343576
15.96894
15.604612
15.253476
14.921054
14.599489
14.317441
14.093724
13.952029
13.927073
14.063603
14.412365
15.024744
15.937389
17.155954
18.649306
20.348248
22.159712
23.981117
25.719159
27.304135
28.68755
29.852109
30.798045
31.5415
32.1062
32.515762
32.80094
32.99199
33.108225
33.155464
33.166014
33.132267
33.052733
32.930475
32.769651
32.555478
32.304471
32.043917
31.679876
52.874938
52.144126
51.412632
50.680871
49.949203
49.217925
48.487284
47.757503
47.028794
46.30137
45.575457
44.851293
44.129127
43.409219
42.691832
41.977239
41.265713
40.557526
39.852953
39.152265
38.45573
37.763614
37.076175
36.393669
35.716343
35.044441
34.378198
33.71784
33.06359
32.415658
31.774249
31.139558
30.511772
29.891069
29.277618
28.671579
28.073102
27.48233
26.899393
26.324416
25.75751
25.19878
24.64832
24.106213
23.572536
23.047356
22.53073
22.022711
21.523345
21.032674
20.550738
20.077574
19.61322
19.157714
18.711097
18.273413
17.844708
17.42503
17.014432
16.612957
16.220665
15.837703
15.464138
15.100396
14.747569
14.405507
14.078139
13.766449
13.476863
13.232566
13.052526
12.964913
13.00862
13.230565
13.682322
14.409492
15.431754
16.73531
18.266837
19.941569
21.661609
23.330198
24.870335
26.229236
27.381292
28.324901
29.06773
29.635632
30.050161
30.341308
30.532978
30.6548
30.709858
30.72285
30.700364
30.636789
30.533925
30.39531
30.231094
29.970158
52.877953
52.147131
51.415552
50.683627
49.951717
49.220131
48.489135
47.758969
47.029858
46.302029
45.575712
44.851148
44.128587
43.408287
42.690513
41.975532
41.263616
40.555035
39.850062
39.148964
38.452008
37.759454
37.071561
36.388581
35.710757
35.03833
34.371532
33.710587
33.055712
32.407114
31.764995
31.129544
30.500946
29.879373
29.264989
28.657949
28.0584
27.466476
26.882306
26.306006
25.737684
25.177438
24.625358
24.081522
23.546001
23.018856
22.500142
21.989905
21.488184
20.995016
20.51043
20.034455
19.567118
19.108445
18.658463
18.217199
17.784682
17.360943
16.946009
16.539903
16.142643
15.754253
15.374755
15.00421
14.642806
14.290672
13.948448
13.616807
13.297241
12.994369
12.706118
12.45155
12.248463
12.119228
12.097109
12.225229
12.553489
13.131182
13.991013
15.13182
16.514761
18.064511
19.686166
21.282778
22.772114
24.098287
25.227725
26.155815
26.889503
27.451267
27.863643
28.15308
28.343809
28.464975
28.525882
28.539979
28.526682
28.475688
28.407319
28.267562
52.881156
52.150371
51.418765
50.686742
49.954664
49.22285
48.491579
47.761107
47.031676
46.303519
45.576877
44.851994
44.129122
43.408518
42.690447
41.975177
41.262976
40.554114
39.848861
39.147483
38.450245
37.757406
37.069222
36.385942
35.707811
35.035065
34.367934
33.70664
33.051398
32.402414
31.759885
31.124
30.494939
29.872872
29.25796
28.650356
28.050201
27.457628
26.872761
26.295713
25.726587
25.165479
24.612473
24.067644
23.53106
23.002776
22.482842
21.971299
21.468182
20.97352
20.487334
20.009646
19.540471
19.079824
18.627717
18.184163
17.749175
17.322765
16.904944
16.495716
16.095083
15.70304
15.31958
14.944695
14.578396
14.220704
13.871712
13.531587
13.200668
12.879878
12.5697
12.273335
11.99462
11.736692
11.520112
11.363679
11.295583
11.354778
11.589019
12.048934
12.775512
13.778981
15.032225
16.469257
17.998615
19.524209
20.959675
22.244637
23.343394
24.247397
24.964287
25.512298
25.917011
26.198513
26.38599
26.503533
26.568236
26.587116
26.594406
26.549668
52.884484
52.153763
51.422164
50.690084
49.957885
49.225894
48.494401
47.763677
47.033974
46.30554
45.57862
44.853463
44.130325
43.409466
42.691148
41.975639
41.263208
40.554123
39.848653
39.147062
38.449615
37.756569
37.068179
36.384692
35.706352
35.033394
34.366046
33.704529
33.049057
32.399834
31.757055
31.120908
30.491571
29.869212
29.253991
28.646058
28.045553
27.452607
26.86734
26.289864
25.720279
25.158679
24.605145
24.059749
23.522555
22.993618
22.472983
21.960688
21.456762
20.961231
20.47411
19.995415
19.525153
19.06333
18.609948
18.165009
17.728512
17.300456
16.880835
16.469641
16.066862
15.672478
15.286465
14.908794
14.539435
14.178361
13.825555
13.481017
13.144791
12.817031
12.497931
12.188097
11.888577
11.600719
11.328732
11.073633
10.851245
10.678535
10.579529
10.589245
10.752711
11.120773
11.739085
12.62842
13.770701
15.108381
16.553502
18.009581
19.388864
20.627681
21.68979
22.563166
23.257056
23.784964
24.175099
24.446048
24.628774
24.743748
24.823897
24.851387
52.887895
52.157252
51.425681
50.693571
49.961284
49.22915
48.497473
47.766532
47.036593
46.307913
45.580744
44.855343
44.131967
43.410877
42.692339
41.97662
41.263988
40.554711
39.849056
39.147288
38.44967
37.756457
37.067905
36.384259
35.705762
35.032648
34.365145
33.703472
33.047841
32.398457
31.755513
31.119196
30.489683
29.867141
29.251728
28.643594
28.042877
27.449706
26.864201
26.286472
25.716618
25.154729
24.600887
24.055162
23.517616
22.988301
22.467261
21.954531
21.450138
20.954104
20.466442
19.987162
19.516268
19.053758
18.599631
18.153877
17.716489
17.287453
16.866756
16.454378
16.050296
15.654478
15.266891
14.887492
14.516237
14.153079
13.797969
13.450861
13.111718
12.780525
12.45729
12.142097
11.835159
11.536836
11.248029
10.96964
10.704806
10.456782
10.233376
10.051625
9.9322764
9.9067882
10.017413
10.314659
10.846856
11.642763
12.691964
13.943225
15.311904
16.701548
18.024179
19.213893
20.234915
21.072324
21.736208
22.239869
22.612684
22.872484
23.063172
23.17961
52.891362
52.160805
51.429273
50.69715
49.964796
49.232547
48.500711
47.769581
47.039431
46.310528
45.583132
44.857504
44.133907
43.412604
42.693862
41.977947
41.26513
40.555677
39.849854
39.147928
38.450157
37.7568
37.068108
36.384329
35.705702
35.032462
34.364835
33.703041
33.047291
32.397786
31.754723
31.118285
30.48865
29.865983
29.250442
28.642175
28.041321
27.448007
26.862352
26.284465
25.714445
25.152381
24.598352
24.05243
23.514673
22.985134
22.463854
21.950868
21.446201
20.949873
20.461895
19.982274
19.511012
19.048103
18.593541
18.147313
17.709404
17.279796
16.858467
16.445392
16.040538
15.643868
15.255338
14.8749
14.502499
14.138077
13.781574
13.432926
13.09207
12.758948
12.433507
12.115708
11.805544
11.503054
11.208391
10.921804
10.643949
10.375845
10.11952
9.8792984
9.6584846
9.4728581
9.3409215
9.2910567
9.3631235
9.6066039
10.071613
10.792403
11.764645
12.941938
14.242429
15.569799
16.836485
17.975147
18.950344
19.747358
20.378338
20.856125
21.225137
21.475045
52.894866
52.164397
51.432911
50.700786
49.968382
49.236035
48.504063
47.772764
47.042422
46.313314
45.585706
44.859866
44.13606
43.414554
42.695616
41.979516
41.266522
40.556901
39.85092
39.148844
38.450932
37.75744
37.068621
36.384721
35.705978
35.032627
34.364894
33.702997
33.047147
32.397546
31.754387
31.117855
30.488126
29.865366
29.249731
28.64137
28.040419
27.447006
26.86125
26.283258
25.713129
25.150951
24.596804
24.050757
23.512869
22.983191
22.461764
21.948622
21.44379
20.947286
20.45912
19.979297
19.507817
19.044674
18.589857
18.143351
17.705138
17.275195
16.853497
16.440013
16.034706
15.637535
15.248449
14.867395
14.494313
14.129138
13.771802
13.422233
13.080358
12.746104
12.419395
12.100162
11.788337
11.483869
11.186727
10.89692
10.614539
10.339801
10.073171
9.8156679
9.5686367
9.3356421
9.1202031
8.934718
8.7960356
8.7301694
8.7748422
8.9784142
9.392079
10.053798
10.963884
12.079204
13.319952
14.589597
15.800876
16.886432
17.814162
18.568945
19.182226
19.638308
52.898392
52.16801
51.436574
50.704455
49.972012
49.239582
48.507489
47.776038
47.045522
46.316223
45.588417
44.862375
44.138369
43.416667
42.697541
41.98126
41.268094
40.55831
39.852176
39.149954
38.451905
37.758284
37.069343
36.385328
35.706477
35.033023
34.365192
33.703202
33.047262
32.397575
31.754334
31.117722
30.487916
29.865079
29.24937
28.640934
28.03991
27.446423
26.860592
26.282524
25.712318
25.150062
24.595834
24.049703
23.511728
22.981959
22.460438
21.947198
21.442262
20.945648
20.457367
19.977422
19.505811
19.042527
18.587558
18.140888
17.702495
17.272355
16.85044
16.436716
16.031143
15.633676
15.244262
14.862845
14.489359
14.123737
13.765906
13.41579
13.073309
12.738383
12.410928
12.090862
11.778101
11.472564
11.174177
10.882872
10.598604
10.321357
10.051183
9.7882606
9.5329297
9.2859912
9.048638
8.8237823
8.6153344
8.4324505
8.2912015
8.2154688
8.2414275
8.4162134
8.791913
9.4085791
10.270322
11.335175
12.524164
13.739741
14.898023
15.930279
16.829507
17.551374
52.901929
52.171632
51.440246
50.708139
49.975664
49.243164
48.510964
47.779376
47.048698
46.319222
45.591228
44.864994
44.140795
43.418904
42.699594
41.983136
41.269801
40.559857
39.85357
39.151205
38.453021
37.759273
37.070213
36.386085
35.707128
35.033575
34.36565
33.703571
33.047548
32.397781
31.754464
31.11778
30.487903
29.865
29.249226
28.640728
28.039641
27.446094
26.860204
26.282077
25.711812
25.149497
24.595209
24.049017
23.510981
22.98115
22.459565
21.946258
21.441254
20.94457
20.456215
19.976192
19.5045
19.04113
18.586069
18.1393
17.7008
17.270543
16.848499
16.434632
16.028901
15.631259
15.241651
14.860017
14.486292
14.120405
13.762279
13.411837
13.068994
12.733668
12.405769
12.08521
11.7719
11.465749
11.166667
10.874566
10.589362
10.31098
10.039358
9.7744666
9.516325
9.2650575
9.0209353
8.784607
8.5571954
8.3410514
8.1407126
7.962177
7.8212538
7.7403257
7.7542746
7.9095355
8.2588143
8.8433907
9.6695574
10.694062
11.840217
13.006043
14.137871
15.131422
52.905469
52.175254
51.443918
50.711824
49.979325
49.246763
48.514467
47.782753
47.051927
46.322284
45.594113
44.867695
44.14331
43.421236
42.701746
41.985114
41.271612
40.561509
39.855071
39.152563
38.454244
37.76037
37.071191
36.386951
35.707889
35.034237
34.36622
33.704054
33.047949
32.398105
31.754715
31.117962
30.48802
29.865054
29.249221
28.640666
28.039525
27.445925
26.859983
26.281807
25.711493
25.149129
24.594794
24.048555
23.510472
22.980594
22.458962
21.945609
21.440557
20.943825
20.455421
19.975348
19.503604
19.04018
18.585062
18.138232
17.699667
17.26934
16.847218
16.433266
16.027441
15.629694
15.23997
14.858207
14.484338
14.118291
13.759988
13.40935
13.066291
12.730724
12.402559
12.081705
11.768068
11.461553
11.162065
10.869508
10.583786
10.304807
10.032479
9.7667199
9.5074583
9.2546488
9.0082876
8.7684596
8.5353929
8.3096182
8.0922533
7.8851549
7.6924056
7.5197758
7.3816139
7.2993032
7.3068893
7.4506871
7.7840717
8.348275
9.1522538
10.146478
11.28709
12.42021
52.909005
52.178867
51.447579
50.7155
49.982981
49.250365
48.517982
47.786153
47.055189
46.325391
45.597051
44.870457
44.145894
43.42364
42.703974
41.987171
41.273504
40.563243
39.856655
39.154004
38.45555
37.761549
37.07225
36.387898
35.708731
35.03498
34.36687
33.704617
33.048431
32.39851
31.755048
31.118227
30.488222
29.865196
29.249306
28.640697
28.039505
27.445856
26.859868
26.281646
25.711289
25.148884
24.594508
24.04823
23.510109
22.980194
22.458525
21.945135
21.440049
20.943282
20.454843
19.974736
19.502958
19.039499
18.584345
18.137477
17.698872
17.268502
16.846334
16.432331
16.026449
15.628639
15.238845
14.857003
14.483048
14.116904
13.758495
13.407737
13.064547
12.728834
12.400509
12.079476
11.765641
11.458907
11.159176
10.866347
10.580323
10.301002
10.028286
9.7620764
9.502278
9.2488018
9.0015694
8.7605234
8.5256446
8.2969886
8.0747587
7.8593926
7.6518633
7.4538702
7.2691298
7.1032599
6.9695711
6.8888689
6.8950523
7.0344511
7.3628871
7.9185128
8.7435458
9.7224756
52.912531
52.182465
51.451222
50.719158
49.986624
49.253959
48.521497
47.789563
47.058471
46.328525
45.600026
44.873264
44.148528
43.426101
42.706263
41.989291
41.27546
40.565042
39.858304
39.15551
38.456921
37.762792
37.073373
36.388908
35.709634
35.035784
34.36758
33.70524
33.048971
32.398973
31.755439
31.118551
30.488482
29.865397
29.249451
28.640789
28.039547
27.445851
26.859818
26.281555
25.711158
25.148714
24.594302
24.047989
23.509834
22.979887
22.458188
21.944769
21.439654
20.94286
20.454396
19.974265
19.502462
19.03898
18.583802
18.136911
17.698282
17.267886
16.84569
16.431657
16.025741
15.627893
15.238056
14.856168
14.482159
14.115956
13.757482
13.406652
13.063381
12.72758
12.399155
12.078014
11.764058
11.457191
11.157311
10.864319
10.578111
10.298587
10.025643
9.7591759
9.4990835
9.2452647
8.9976211
8.7560591
8.5204949
8.2908629
8.0671337
7.8493414
7.6376512
7.4324465
7.2346007
7.0457067
6.8692285
6.710725
6.5829296
6.5064008
6.5163838
6.6585503
7.0166252
7.5735812
52.916041
52.186042
51.454842
50.722794
49.990245
49.257536
48.525003
47.792971
47.061759
46.331676
45.603025
44.876102
44.1512
43.428604
42.708597
41.99146
41.277467
40.566893
39.860005
39.157068
38.458344
37.764086
37.074545
36.389965
35.710584
35.036633
34.368334
33.705905
33.049553
32.399478
31.755871
31.118914
30.488782
29.865637
29.249634
28.64092
28.039629
27.445887
26.85981
26.281506
25.71107
25.14859
24.594143
24.047798
23.509612
22.979636
22.45791
21.944466
21.439328
20.942512
20.454028
19.973877
19.502057
19.038558
18.583365
18.136459
17.697815
17.267403
16.845192
16.43114
16.025205
15.627334
15.237472
14.855555
14.481515
14.115277
13.756762
13.405888
13.062567
12.726711
12.398226
12.077018
11.762988
11.456038
11.156067
10.862974
10.576655
10.297006
10.023924
9.7573026
9.4970372
9.2430227
8.9951548
8.7533302
8.5174481
8.2874123
8.0631355
7.8445462
7.6316054
7.4243315
7.222863
7.0275457
6.8391853
6.6593099
6.491251
6.3405895
6.2201916
6.1504857
6.1819671
6.3308456
52.919531
52.189594
51.458434
50.7264
49.993838
49.26109
48.52849
47.796368
47.065043
46.334831
45.606036
44.87896
44.153897
43.431137
42.710966
41.993666
41.279514
40.568785
39.861748
39.158668
38.459807
37.76542
37.075757
36.391061
35.711571
35.037517
34.369123
33.706603
33.050167
32.400012
31.756331
31.119306
30.489108
29.865903
29.249844
28.641076
28.039735
27.445947
26.859827
26.281482
25.711008
25.148492
24.594012
24.047636
23.509421
22.979418
22.457667
21.944199
21.43904
20.942205
20.453704
19.973538
19.501705
19.038194
18.58299
18.136074
17.697421
17.267001
16.84478
16.430718
16.024772
15.626889
15.237013
14.855079
14.48102
14.11476
13.756221
13.40532
13.061969
12.726079
12.397557
12.076307
11.762231
11.455231
11.155204
10.862048
10.57566
10.295935
10.022767
9.7560511
9.4956802
9.2415479
8.9935476
8.751573
8.5155183
8.2852794
8.0607541
7.8418445
7.6284608
7.4205277
7.217999
7.0208825
6.8292986
6.643569
6.4644634
6.2934801
6.1340142
5.9917366
5.8848632
5.8230795
52.922996
52.193117
51.461993
50.729971
49.997398
49.264613
48.531952
47.799745
47.068316
46.337981
45.60905
44.881827
44.156609
43.433691
42.71336
41.9959
41.281591
40.570709
39.863523
39.160301
38.461303
37.766786
37.076999
36.392187
35.712586
35.038429
34.369936
33.707325
33.050803
32.400568
31.756812
31.119715
30.489452
29.866185
29.250069
28.641247
28.039856
27.446021
26.859857
26.281471
25.710959
25.148408
24.593895
24.047488
23.509245
22.979215
22.45744
21.943951
21.438773
20.941921
20.453404
19.973225
19.501381
19.03786
18.582649
18.135727
17.697068
17.266643
16.844418
16.430352
16.0244
15.626511
15.236627
14.854684
14.480614
14.114342
13.755789
13.404872
13.061503
12.725593
12.397048
12.075772
11.761668
11.454636
11.154575
10.86138
10.574949
10.295177
10.021956
9.7551817
9.4947456
9.2405407
8.9924594
8.7503941
8.5142375
8.2838827
8.0592235
7.8401552
7.6265753
7.418385
7.2154931
7.0178217
6.8253206
6.6379907
6.4559426
6.2794851
6.1094025
5.9472086
5.7978822
5.6640522
52.926433
52.196605
51.465514
50.733505
50.00092
49.2681
48.535382
47.803096
47.071569
46.341118
45.612057
44.884694
44.159328
43.436256
42.715769
41.998154
41.28369
40.572656
39.865323
39.161959
38.462824
37.768177
37.078265
36.393335
35.713624
35.03936
34.370769
33.708065
33.051455
32.401138
31.757305
31.120137
30.489807
29.866477
29.250302
28.641426
28.039984
27.446101
26.859893
26.281466
25.710915
25.148328
24.593782
24.047344
23.509073
22.979018
22.45722
21.94371
21.438513
20.941644
20.453114
19.972923
19.501069
19.037541
18.582324
18.135398
17.696736
17.266309
16.844082
16.430015
16.024061
15.62617
15.236283
14.854337
14.480261
14.113983
13.755422
13.404496
13.061117
12.725194
12.396636
12.075345
11.761224
11.454173
11.15409
10.860872
10.574415
10.294613
10.02136
9.7545491
9.4940726
9.2398227
8.9916912
8.74957
8.5133508
8.2829259
8.0581876
7.8390291
7.6253445
7.4170291
7.2139804
7.0160999
6.8232957
6.6354889
6.4526273
6.2747081
6.1018446
5.9343533
5.773424
5.6198268
52.929837
52.200057
51.468995
50.736995
50.004399
49.271547
48.538775
47.806415
47.074795
46.344235
45.615051
44.887553
44.162045
43.438825
42.718187
42.000418
41.285803
40.57462
39.867141
39.163635
38.464364
37.769586
37.07955
36.394501
35.714676
35.040307
34.371615
33.708817
33.052118
32.401718
31.757807
31.120565
30.490167
29.866773
29.250538
28.641606
28.040112
27.446181
26.859928
26.281459
25.71087
25.148247
24.593667
24.047198
23.508899
22.978819
22.456997
21.943466
21.438251
20.941367
20.452823
19.972622
19.500759
19.037225
18.582003
18.135074
17.696411
17.265984
16.843757
16.429691
16.023738
15.625848
15.235961
14.854013
14.479936
14.113655
13.755091
13.40416
13.060776
12.724847
12.396281
12.074982
11.760851
11.453789
11.153694
10.860462
10.573989
10.294169
10.020896
9.7540631
9.4935619
9.2392842
8.9911218
8.7489659
8.5127081
8.2822398
8.0574531
7.8382401
7.6244937
7.4161077
7.2129766
7.0149965
6.8220657
6.634086
6.450966
6.2726269
6.0990162
5.9301384
5.766197
5.6074022
52.933205
52.203467
51.472431
50.740439
50.007832
49.274948
48.542125
47.809696
47.077988
46.347324
45.618024
44.890397
44.164752
43.441389
42.720604
42.002687
41.287923
40.576592
39.868969
39.165323
38.465916
37.771007
37.080846
36.395678
35.71574
35.041263
34.37247
33.709576
33.052787
32.402302
31.758311
31.120996
30.490527
29.867068
29.250773
28.641784
28.040237
27.446257
26.859958
26.281446
25.710817
25.148158
24.593544
24.047045
23.508717
22.978611
22.456766
21.943215
21.437982
20.941082
20.452525
19.972314
19.500443
19.036903
18.581678
18.134747
17.696084
17.265657
16.843432
16.429368
16.023418
15.62553
15.235645
14.853699
14.479622
14.113341
13.754776
13.403844
13.060457
12.724526
12.395956
12.074653
11.760517
11.45345
11.153348
10.860108
10.573626
10.293796
10.020512
9.7536661
9.4931501
9.238856
8.9906749
8.748498
8.5122165
8.2817217
8.0569051
7.8376587
7.6238747
7.4154462
7.2122668
7.0142311
6.8212349
6.6331753
6.4499516
6.2714665
6.097629
5.9283676
5.7636394
5.6035008
52.936533
52.206833
51.475819
50.743833
50.011214
49.2783
48.545429
47.812933
47.081142
46.350381
45.620968
44.89322
44.167443
43.443942
42.723014
42.004953
41.290043
40.578568
39.870803
39.167017
38.467475
37.772436
37.08215
36.396862
35.71681
35.042225
34.373329
33.710337
33.053457
32.402887
31.758815
31.121424
30.490884
29.867359
29.251002
28.641955
28.040354
27.446324
26.859978
26.281423
25.710754
25.148057
24.59341
24.046879
23.508523
22.97839
22.456522
21.942951
21.4377
20.940785
20.452216
19.971994
19.500116
19.036571
18.581343
18.13441
17.695748
17.265323
16.8431
16.42904
16.023093
15.625207
15.235324
14.85338
14.479305
14.113025
13.754461
13.403529
13.060143
12.724212
12.395642
12.074337
11.7602
11.45313
11.153026
10.859783
10.573297
10.293463
10.020173
9.7533198
9.492796
9.2384927
8.9903011
8.7481122
8.5118169
8.2813064
8.056472
7.8372053
7.6233985
7.4149442
7.2117356
7.0136669
6.8206328
6.6325293
6.4492534
6.2707033
6.0967812
5.9273909
5.7624383
5.601936
52.939818
52.210151
51.479156
50.747174
50.014542
49.281599
48.548681
47.816122
47.084252
46.353398
45.623879
44.896014
44.170111
43.446477
42.725411
42.007209
41.292157
40.58054
39.872635
39.168711
38.469036
37.773866
37.083455
36.398047
35.717881
35.043187
34.374188
33.711098
33.054126
32.403468
31.759315
31.121846
30.491235
29.867642
29.251222
28.642116
28.040461
27.446379
26.859986
26.281387
25.710677
25.147942
24.59326
24.046698
23.508313
22.978154
22.456263
21.942671
21.437402
20.940472
20.45189
19.971659
19.499773
19.036223
18.580992
18.134059
17.695397
17.264975
16.842756
16.428699
16.022756
15.624873
15.234994
14.853052
14.47898
14.112703
13.754141
13.403211
13.059826
12.723896
12.395327
12.074023
11.759887
11.452818
11.152713
10.85947
10.572983
10.293147
10.019855
9.753
9.4924728
9.2381654
8.9899687
8.7477736
8.5114711
8.280952
8.0561077
7.8368295
7.6230094
7.4145399
7.211314
7.0132255
6.820169
6.6320397
6.4487342
6.2701495
6.0961841
5.9267388
5.7617095
5.6010955
52.943055
52.213417
51.482438
50.750458
50.017812
49.28484
48.551878
47.819259
47.087314
46.35637
45.626751
44.898773
44.172749
43.448987
42.727789
42.009449
41.294259
40.582503
39.87446
39.170401
38.470592
37.775294
37.084758
36.399231
35.71895
35.044146
34.375043
33.711855
33.054789
32.404043
31.759806
31.12226
30.491576
29.867915
29.25143
28.642265
28.040553
27.44642
26.859978
26.281334
25.710583
25.14781
24.593093
24.046498
23.508084
22.977899
22.455984
21.942371
21.437084
20.94014
20.451546
19.971304
19.499412
19.035857
18.580624
18.13369
17.69503
17.26461
16.842395
16.428342
16.022403
15.624525
15.23465
14.852713
14.478645
14.112371
13.753812
13.402886
13.059503
12.723576
12.395009
12.073708
11.759573
11.452505
11.152402
10.85916
10.572675
10.292839
10.019548
9.7526925
9.4921649
9.2378565
8.9896582
8.7474609
8.5111553
8.2806324
8.0557833
7.8364993
7.6226723
7.4141945
7.210959
7.0128592
6.8197897
6.6316454
6.4483226
6.2697182
6.0957289
5.9262552
5.7611956
5.6005407
52.946241
52.216628
51.485662
50.753681
50.021022
49.288021
48.555015
47.822338
47.090322
46.359294
45.629577
44.901492
44.175353
43.451467
42.73014
42.011668
41.296343
40.584451
39.876272
39.17208
38.47214
37.776714
37.086054
36.400407
35.720011
35.045098
34.37589
33.712603
33.055442
32.404608
31.760287
31.122662
30.491904
29.868173
29.251623
28.642398
28.040629
27.446443
26.859952
26.281263
25.71047
25.147658
24.592905
24.046278
23.507834
22.977623
22.455684
21.942051
21.436746
20.939786
20.451179
19.970928
19.499029
19.03547
18.580234
18.1333
17.694642
17.264225
16.842014
16.427966
16.022032
15.62416
15.23429
14.852358
14.478295
14.112026
13.753471
13.402549
13.059171
12.723247
12.394683
12.073385
11.759254
11.452189
11.152088
10.858849
10.572366
10.292533
10.019243
9.7523895
9.4918633
9.2375559
8.9893583
8.7471612
8.5108555
8.2803318
8.0554813
7.8361952
7.6223653
7.4138838
7.2106436
7.0125382
6.8194617
6.6313094
6.4479769
6.2693614
6.0953586
5.9258703
5.7607931
5.6001158
52.949373
52.219781
51.488825
50.756841
50.024166
49.291137
48.558089
47.825357
47.093272
46.362162
45.632354
44.904166
44.177915
43.453911
42.732459
42.013858
41.298402
40.586378
39.878067
39.173743
38.473674
37.778121
37.087338
36.401572
35.721062
35.046039
34.376726
33.713339
33.056084
32.405159
31.760755
31.12305
30.492216
29.868415
29.251799
28.642512
28.040686
27.446446
26.859906
26.28117
25.710334
25.147484
24.592695
24.046035
23.507561
22.977323
22.45536
21.941706
21.436383
20.939408
20.450789
19.970529
19.498622
19.035058
18.579821
18.132888
17.694231
17.263818
16.841611
16.427568
16.02164
15.623773
15.23391
14.851984
14.477927
14.111663
13.753114
13.402197
13.058823
12.722904
12.394345
12.073051
11.758924
11.451863
11.151767
10.858531
10.572051
10.292222
10.018936
9.752085
9.4915617
9.2372569
8.9890616
8.7468666
8.5105625
8.2800402
8.0551905
7.8359049
7.6220749
7.4135927
7.2103512
7.0122437
6.8191645
6.6310085
6.4476713
6.2690501
6.0950405
5.925544
5.7604568
5.599767
52.952447
52.222871
51.491922
50.759934
50.027243
49.294185
48.561096
47.82831
47.096159
46.364972
45.635075
44.906789
44.180431
43.456313
42.734741
42.016016
41.300432
40.588279
39.879838
39.175385
38.475189
37.779511
37.088606
36.402722
35.722098
35.046965
34.377547
33.71406
33.05671
32.405695
31.761205
31.123419
30.49251
29.868638
29.251955
28.642606
28.040722
27.446428
26.859837
26.281055
25.710175
25.147285
24.59246
24.045766
23.507262
22.976997
22.455011
21.941335
21.435994
20.939004
20.450373
19.970103
19.49819
19.034622
18.579383
18.132449
17.693795
17.263385
16.841184
16.427146
16.021225
15.623365
15.233508
14.85159
14.477539
14.111282
13.752739
13.401827
13.058459
12.722545
12.393992
12.072703
11.758581
11.451525
11.151433
10.858203
10.571728
10.291903
10.018621
9.7517743
9.491255
9.2369541
8.9887625
8.7465709
8.51027
8.2797506
8.0549035
7.8356201
7.621792
7.4133113
7.2100708
7.0119638
6.8188845
6.6307278
6.4473894
6.2687661
6.0947539
5.9252536
5.7601627
5.5994664
52.955458
52.225896
51.494951
50.762957
50.030248
49.297162
48.564032
47.831194
47.098979
46.367718
45.637736
44.909356
44.182895
43.458667
42.736979
42.018134
41.302427
40.590148
39.881581
39.177001
38.47668
37.780879
37.089854
36.403852
35.723114
35.047872
34.378349
33.714762
33.057316
32.406211
31.761635
31.123769
30.492783
29.868839
29.252089
28.642676
28.040734
27.446385
26.859743
26.280913
25.709991
25.14706
24.592198
24.045471
23.506936
22.976644
22.454633
21.940936
21.435577
20.938572
20.449929
19.96965
19.49773
19.034158
18.578917
18.131984
17.693332
17.262927
16.84073
16.426699
16.020784
15.622932
15.233082
14.85117
14.477126
14.110876
13.75234
13.401435
13.058074
12.722166
12.393619
12.072336
11.75822
11.45117
11.151084
10.857859
10.57139
10.29157
10.018294
9.7514526
9.4909385
9.2366427
8.9884559
8.746269
8.5099725
8.2794573
8.0546142
7.8353344
7.6215097
7.413032
7.2097942
7.0116896
6.8186123
6.6304571
6.4471197
6.2684971
6.094485
5.9249841
5.7598933
5.5991946
52.958403
52.228851
51.497907
50.765905
50.033178
49.300063
48.566894
47.834005
47.101729
46.370396
45.640332
44.911861
44.185302
43.460969
42.73917
42.020208
41.304381
40.59198
39.883289
39.178586
38.478142
37.78222
37.091076
36.404958
35.724108
35.048757
34.37913
33.715442
33.057901
32.406705
31.762043
31.124095
30.493032
29.869016
29.252198
28.642722
28.040719
27.446315
26.859622
26.280745
25.709778
25.146806
24.591907
24.045146
23.506581
22.976261
22.454226
21.940509
21.435131
20.938111
20.449456
19.969167
19.497241
19.033665
18.578423
18.131491
17.692841
17.26244
16.840249
16.426224
16.020316
15.622471
15.232629
14.850725
14.476688
14.110445
13.751916
13.401018
13.057664
12.721763
12.393223
12.071947
11.757837
11.450794
11.150715
10.857496
10.571033
10.29122
10.01795
9.7511155
9.4906076
9.2363178
8.9881369
8.7459557
8.5096648
8.2791549
8.0543169
7.8350421
7.621222
7.4127488
7.2095151
7.0114143
6.8183405
6.6301885
6.446854
6.2682337
6.094224
5.9247247
5.7596365
5.5989383
52.961275
52.231731
51.500786
50.768774
50.036028
49.302883
48.569675
47.836737
47.104401
46.372999
45.642858
44.9143
44.187646
43.463211
42.741305
42.022231
41.306288
40.593768
39.884957
39.180134
38.479569
37.783528
37.092267
36.406035
35.725073
35.049614
34.379883
33.716096
33.05846
32.407172
31.762424
31.124394
30.493254
29.869165
29.252279
28.642738
28.040676
27.446216
26.859471
26.280545
25.709534
25.146522
24.591585
24.04479
23.506195
22.975847
22.453788
21.940049
21.434654
20.937618
20.448951
19.968653
19.496721
19.033141
18.577898
18.130967
17.69232
17.261923
16.839738
16.42572
16.019819
15.621982
15.232147
14.850251
14.476223
14.109987
13.751466
13.400576
13.057229
12.721335
12.392802
12.071534
11.757431
11.450395
11.150323
10.857112
10.570656
10.290851
10.017588
9.75076
9.4902591
9.2359761
8.987802
8.7456274
8.5093429
8.2788393
8.0540075
7.8347386
7.6209243
7.4124566
7.2092281
7.0111324
6.8180633
6.6299159
6.4465856
6.2679694
6.0939635
5.9244677
5.7593838
5.5986881
52.964064
52.234524
51.503576
50.771552
50.038786
49.305612
48.572365
47.839379
47.106986
46.375518
45.645301
44.91666
44.189915
43.465383
42.743373
42.024191
41.308136
40.595502
39.886574
39.181633
38.480951
37.784794
37.093418
36.407073
35.726002
35.050436
34.380602
33.716716
33.058985
32.407607
31.762772
31.124661
30.493443
29.869281
29.252326
28.642722
28.0406
27.446083
26.859286
26.280312
25.709256
25.146203
24.591229
24.0444
23.505774
22.975399
22.453315
21.939555
21.434142
20.937092
20.448413
19.968106
19.496167
19.032584
18.57734
18.13041
17.691767
17.261375
16.839196
16.425185
16.019293
15.621464
15.231638
14.84975
14.475731
14.109504
13.750991
13.400108
13.05677
12.720884
12.392359
12.071098
11.757003
11.449975
11.149911
10.856707
10.570259
10.290461
10.017206
9.7503858
9.4898924
9.2356169
8.9874501
8.7452827
8.5090054
8.2785089
8.0536839
7.8344217
7.6206139
7.4121526
7.2089303
7.0108405
6.8177773
6.6296354
6.4463105
6.2676993
6.0936986
5.9242075
5.7591298
5.5984373
52.966742
52.237205
51.506252
50.774216
50.04143
49.308228
48.574944
47.841912
47.109465
46.377934
45.647646
44.918926
44.192095
43.467469
42.745361
42.026076
41.309914
40.597169
39.888129
39.183075
38.482279
37.786008
37.09452
36.408065
35.726886
35.051216
34.381281
33.717297
33.059472
32.408004
31.763084
31.124891
30.493597
29.869363
29.25234
28.642671
28.040489
27.445916
26.859067
26.280046
25.708945
25.145851
24.59084
24.043977
23.50532
22.974918
22.452811
21.93903
21.433599
20.936534
20.447844
19.967529
19.495584
19.031998
18.576753
18.129825
17.691185
17.260799
16.838627
16.424624
16.01874
15.62092
15.231103
14.849225
14.475214
14.108996
13.750492
13.399618
13.056288
12.720411
12.391894
12.070642
11.756556
11.449536
11.149479
10.856284
10.569844
10.290054
10.016807
9.7499948
9.4895093
9.2352416
8.9870826
8.744923
8.5086532
8.2781641
8.0533465
7.8340915
7.6202908
7.4118364
7.2086209
7.0105378
6.8174809
6.6293453
6.4460265
6.2674213
6.0934266
5.9239413
5.758871
5.5981815
248.72815
138.01937
97.98597
79.208197
68.980423
62.875183
59.00908
56.477212
54.979226
80.514317
248.72815
138.01898
97.98607
79.208424
68.98072
62.87546
59.009702
56.476019
54.955386
60.812108
248.72815
138.01878
97.986068
79.208516
68.980895
62.875606
59.010056
56.474372
54.941459
55.314919
248.72815
138.01864
97.986049
79.208562
68.981017
62.875734
59.010377
56.473972
54.929026
54.166888
248.72815
138.01852
97.98603
79.208599
68.98112
62.875875
59.010682
56.473649
54.923431
53.92793
248.72815
138.01839
97.986011
79.208639
68.981224
62.87604
59.01095
56.473206
54.913065
53.870225
248.72815
138.01826
97.985992
79.208684
68.981338
62.876234
59.011238
56.472836
54.894796
53.840623
248.72815
138.01813
97.985975
79.208736
68.981467
62.876459
59.011587
56.472557
54.869628
53.81135
248.72815
138.018
97.985958
79.208796
68.981612
62.87672
59.012001
56.472432
54.84164
53.781181
248.72815
138.01786
97.985943
79.208863
68.981777
62.877019
59.012484
56.472498
54.816346
53.754046
248.72815
138.01773
97.985931
79.20894
68.981961
62.877359
59.013043
56.472772
54.796904
53.730131
248.72815
138.01759
97.98592
79.209026
68.982168
62.877745
59.013683
56.473261
54.783564
53.695961
248.72815
138.01745
97.985913
79.209123
68.982398
62.878178
59.014409
56.473967
54.775189
53.654733
248.72815
138.01731
97.985909
79.209232
68.982655
62.878662
59.015224
56.474886
54.770444
53.625116
248.72815
138.01718
97.98591
79.209354
68.982939
62.8792
59.016131
56.476009
54.768198
53.608803
248.72815
138.01704
97.985916
79.20949
68.983254
62.879795
59.017133
56.477324
54.767625
53.600995
248.72815
138.01691
97.985928
79.209641
68.983601
62.88045
59.018231
56.478818
54.768164
53.597926
248.72815
138.01679
97.985947
79.20981
68.983983
62.881168
59.019426
56.480477
54.769448
53.597464
248.72815
138.01666
97.985973
79.209997
68.984403
62.881951
59.020718
56.482287
54.771242
53.598474
248.72815
138.01655
97.986009
79.210204
68.984862
62.882801
59.022106
56.484235
54.773392
53.600348
248.72815
138.01645
97.986056
79.210434
68.985364
62.883721
59.023591
56.48631
54.775798
53.602749
248.72815
138.01635
97.986114
79.210687
68.985911
62.884713
59.02517
56.488499
54.778393
53.605485
248.72815
138.01627
97.986185
79.210966
68.986504
62.885777
59.026841
56.490792
54.781133
53.608442
248.72815
138.01621
97.986271
79.211273
68.987148
62.886915
59.028602
56.49318
54.783985
53.611549
248.72815
138.01616
97.986374
79.211611
68.987844
62.888128
59.030451
56.495654
54.786926
53.614762
248.72815
138.01612
97.986495
79.21198
68.988593
62.889416
59.032383
56.498205
54.789938
53.618049
248.72815
138.01611
97.986636
79.212383
68.989399
62.89078
59.034396
56.500827
54.793009
53.62139
248.72815
138.01612
97.9868
79.212823
68.990262
62.892218
59.036485
56.503511
54.796126
53.62477
248.72815
138.01616
97.986987
79.213302
68.991184
62.893731
59.038647
56.506251
54.799281
53.628175
248.72815
138.01622
97.987202
79.213821
68.992167
62.895316
59.040877
56.50904
54.802466
53.631597
248.72815
138.01632
97.987444
79.214383
68.993212
62.896973
59.043171
56.511873
54.805673
53.635028
248.72815
138.01644
97.987718
79.21499
68.994319
62.898699
59.045525
56.514743
54.808897
53.638461
248.72815
138.01661
97.988024
79.215643
68.995488
62.900491
59.047932
56.517645
54.812131
53.641891
248.72815
138.01681
97.988366
79.216344
68.99672
62.902349
59.050389
56.520573
54.81537
53.645312
248.72815
138.01706
97.988745
79.217096
68.998014
62.904267
59.05289
56.523521
54.818609
53.648719
248.72815
138.01735
97.989163
79.217898
68.999369
62.906243
59.05543
56.526483
54.821843
53.652109
248.72815
138.01768
97.989624
79.218752
69.000785
62.908273
59.058003
56.529456
54.825067
53.655477
248.72815
138.01808
97.990127
79.219658
69.002259
62.910352
59.060605
56.532433
54.828277
53.658818
248.72815
138.01852
97.990676
79.220618
69.00379
62.912477
59.06323
56.535409
54.831468
53.662129
248.72815
138.01903
97.991271
79.221631
69.005374
62.914642
59.065872
56.538379
54.834636
53.665406
248.72815
138.01959
97.991914
79.222697
69.00701
62.916843
59.068525
56.541338
54.837776
53.668644
248.72815
138.02023
97.992606
79.223814
69.008695
62.919075
59.071185
56.54428
54.840884
53.671841
248.72815
138.02093
97.993346
79.224983
69.010423
62.921331
59.073845
56.547201
54.843955
53.674992
248.72815
138.02171
97.994136
79.2262
69.012192
62.923607
59.076499
56.550096
54.846985
53.678092
248.72815
138.02256
97.994972
79.227465
69.013996
62.925896
59.079142
56.552959
54.84997
53.681139
248.72815
138.02349
97.995855
79.228774
69.01583
62.928192
59.081767
56.555784
54.852904
53.684128
248.72815
138.02449
97.996781
79.230124
69.017689
62.930489
59.084368
56.558567
54.855784
53.687054
248.72815
138.02557
97.997744
79.231509
69.019566
62.932778
59.086938
56.5613
54.858602
53.689912
248.72815
138.02672
97.998731
79.232913
69.021443
62.935043
59.089461
56.563971
54.861346
53.692689
248.72815
138.02787
97.999688
79.234279
69.023271
62.937241
59.091899
56.566543
54.863986
53.695357
248.72815
138.02891
98.00064
79.235735
69.02523
62.939579
59.094476
56.569251
54.866755
53.698153
248.72815
138.02958
98.001743
79.237577
69.02769
62.942468
59.09762
56.572527
54.870093
53.701514
248.72815
138.02994
98.003067
79.239574
69.030338
62.945572
59.100994
56.576039
54.873666
53.705109
248.72815
138.03021
98.004864
79.242082
69.033512
62.949202
59.104878
56.580043
54.877715
53.709166
248.72815
138.03051
98.006972
79.245171
69.037358
62.953528
59.109458
56.584733
54.882439
53.71389
248.72815
138.03093
98.009529
79.249089
69.042132
62.958794
59.114958
56.590322
54.888045
53.719481
248.72815
138.03163
98.012448
79.253484
69.047385
62.964496
59.120857
56.596282
54.894004
53.725415
248.72815
138.03268
98.015688
79.258173
69.052849
62.970317
59.126799
56.602231
54.899914
53.731275
248.72815
138.03404
98.01908
79.262866
69.058184
62.975902
59.132436
56.607834
54.905455
53.736752
248.72815
138.03543
98.022257
79.267118
69.062905
62.980755
59.137266
56.612583
54.910114
53.74133
248.72815
138.03678
98.024981
79.270576
69.066612
62.984461
59.140874
56.616072
54.913492
53.744617
248.72815
138.03776
98.026848
79.272823
69.068906
62.986653
59.142922
56.617982
54.915285
53.746319
248.72815
138.03832
98.027759
79.27376
69.069681
62.987213
59.143276
56.618164
54.915334
53.746268
248.72815
138.03838
98.027728
79.273525
69.069221
62.986546
59.142437
56.617189
54.914254
53.745108
248.72815
138.03807
98.026836
79.272076
69.06731
62.984281
59.139912
56.614477
54.911411
53.742174
248.72815
138.03768
98.025888
79.27071
69.065653
62.982424
59.137924
56.612412
54.909309
53.740067
248.72815
138.03656
98.023521
79.267433
69.061773
62.978164
59.133438
56.607803
54.904646
53.735399
248.72815
138.0378
98.024891
79.268563
69.062581
62.978664
59.133662
56.607786
54.904417
53.734979
52.969546
52.24001
51.509052
50.777003
50.044195
49.310964
48.577642
47.844565
47.112063
46.380468
45.650109
44.92131
44.194393
43.469674
42.747467
42.028078
41.311808
40.598952
39.889798
39.184628
38.483716
37.78733
37.095727
36.409158
35.727868
35.052089
34.382048
33.717961
33.060038
32.408476
31.763465
31.125186
30.49381
29.869498
29.252402
28.642664
28.040417
27.445784
26.858879
26.279804
25.708655
25.145516
24.590463
24.043563
23.504872
22.97444
22.452305
21.938501
21.43305
20.935968
20.447264
19.966938
19.494986
19.031396
18.576148
18.129221
17.690583
17.260201
16.838035
16.424038
16.018162
15.62035
15.230542
14.848672
14.474671
14.108461
13.749966
13.399101
13.055779
12.71991
12.391402
12.070158
11.756079
11.449068
11.14902
10.855832
10.569401
10.289619
10.01638
9.7495761
9.4890988
9.2348392
8.9866883
8.7445366
8.5082747
8.2777934
8.0529835
7.8337362
7.619943
7.4114959
7.2082877
7.0102117
6.8171618
6.6290331
6.4457211
6.2671225
6.0931344
5.9236561
5.7585941
5.5979083
52.972912
52.243374
51.512407
50.780341
50.047508
49.314243
48.580878
47.847748
47.115184
46.383519
45.653079
44.924192
44.197178
43.472355
42.750037
42.030531
41.314139
40.601157
39.891875
39.186573
38.485529
37.789009
37.097274
36.410575
35.729155
35.05325
34.383085
33.718879
33.06084
32.409166
31.764048
31.125667
30.494193
29.869788
29.252604
28.642784
28.040458
27.445752
26.858777
26.279639
25.70843
25.145236
24.590132
24.043185
23.504451
22.97398
22.451811
21.937976
21.432498
20.935394
20.44667
19.966329
19.494365
19.030766
18.575513
18.128583
17.689945
17.259565
16.837402
16.423411
16.017541
15.619736
15.229935
14.848073
14.474079
14.107878
13.74939
13.398533
13.055218
12.719357
12.390857
12.06962
11.75555
11.448546
11.148506
10.855327
10.568903
10.28913
10.015899
9.7491033
9.4886342
9.2343829
8.9862403
8.7440968
8.5078433
8.2773702
8.0525685
7.8333292
7.6195441
7.411105
7.2079047
7.0098364
6.8167943
6.6286732
6.4453687
6.2667777
6.0927972
5.9233268
5.7582719
5.5975917
52.976511
52.246969
51.51599
50.783904
50.051042
49.317738
48.584326
47.851138
47.118508
46.386766
45.65624
44.927258
44.20014
43.475205
42.752768
42.033136
41.316612
40.603493
39.89407
39.188626
38.487437
37.790772
37.098891
36.412047
35.730484
35.054439
34.384138
33.719799
33.06163
32.409833
31.764595
31.1261
30.494517
29.870008
29.252726
28.642813
28.0404
27.445612
26.858561
26.279351
25.708076
25.144821
24.589661
24.042662
23.503882
22.973369
22.451163
21.937295
21.43179
20.934661
20.445918
19.965562
19.493587
19.02998
18.574724
18.127792
17.689157
17.258781
16.836625
16.422642
16.016781
15.618987
15.229197
14.847345
14.473362
14.107172
13.748695
13.397849
13.054545
12.718695
12.390204
12.068978
11.754919
11.447925
11.147895
10.854726
10.568313
10.28855
10.01533
9.7485441
9.4880853
9.2338442
8.9857117
8.7435784
8.5073348
8.2768716
8.0520797
7.8328502
7.6190746
7.410645
7.2074541
7.0093951
6.8163621
6.62825
6.4449546
6.2663724
6.092401
5.9229401
5.7578951
5.5972214
52.98056
52.251004
51.520002
50.787883
50.054981
49.321626
48.588154
47.854896
47.122185
46.390353
45.659728
44.930635
44.203399
43.478337
42.755764
42.035989
41.319317
40.606044
39.896462
39.190856
38.489502
37.792672
37.100625
36.413616
35.73189
35.055684
34.385225
33.720732
33.062415
32.410473
31.765097
31.126468
30.494758
29.870128
29.252731
28.642709
28.040194
27.44531
26.85817
26.278876
25.707524
25.144197
24.588972
24.041914
23.50308
22.97252
22.450271
21.936366
21.430829
20.933674
20.444911
19.964538
19.492552
19.028938
18.573679
18.126749
17.688118
17.25775
16.835604
16.421633
16.015786
15.618006
15.228231
14.846396
14.472429
14.106254
13.747793
13.396962
13.053674
12.717839
12.389364
12.068154
11.754109
11.44713
11.147116
10.853962
10.567564
10.287815
10.01461
9.747839
9.4873947
9.2331681
8.98505
8.7429308
8.5067012
8.2762519
8.0514737
7.8322576
7.6184953
7.4100787
7.2069007
7.0088543
6.8158338
6.627734
6.4444506
6.2658805
6.0919212
5.9224727
5.7574402
5.5967761
52.985272
52.255694
51.524661
50.792502
50.059549
49.326133
48.592589
47.859249
47.126446
46.39451
45.663771
44.934554
44.207184
43.481978
42.759253
42.039318
41.322478
40.609032
39.899271
39.193482
38.491943
37.794924
37.102689
36.415491
35.733578
35.057187
34.386545
33.721874
33.063382
32.411271
31.765732
31.126946
30.495085
29.870312
29.252778
28.642626
28.039988
27.444988
26.85774
26.278345
25.706899
25.143486
24.588181
24.04105
23.50215
22.971529
22.449228
21.935277
21.4297
20.932512
20.443721
19.963327
19.491325
19.027701
18.572436
18.125506
17.686878
17.256517
16.834381
16.420423
16.01459
15.616826
15.227068
14.84525
14.471301
14.105144
13.746701
13.395888
13.052619
12.716802
12.388344
12.067151
11.753124
11.446164
11.146167
10.853031
10.56665
10.286919
10.013731
9.7469782
9.4865515
9.2323422
8.9842413
8.7421393
8.5059268
8.2754943
8.0507327
7.8315332
7.6177872
7.4093867
7.2062245
7.0081939
6.8151888
6.6271043
6.4438361
6.2652812
6.0913371
5.9219044
5.7568874
5.5962362
52.990843
52.261235
51.530163
50.797957
50.064946
49.331463
48.597841
47.864412
47.131509
46.399462
45.668602
44.939253
44.21174
43.486382
42.763495
42.043389
41.32637
40.612737
39.902784
39.196797
38.495055
37.797831
37.105388
36.417982
35.735861
35.059262
34.388416
33.723542
33.064852
32.412548
31.76682
31.127852
30.495815
29.870873
29.253177
28.64287
28.040086
27.444948
26.857568
26.27805
25.706489
25.142968
24.587564
24.040341
23.501358
22.970662
22.448292
21.934281
21.42865
20.931416
20.442585
19.96216
19.490132
19.026488
18.57121
18.124272
17.685641
17.255281
16.83315
16.419199
16.013377
15.615625
15.22588
14.844077
14.470142
14.104001
13.745574
13.394777
13.051523
12.715722
12.387281
12.066104
11.752093
11.445148
11.145167
10.852047
10.565683
10.285969
10.012797
9.7460605
9.4856502
9.2314575
8.983373
8.7412874
8.5050911
8.2746749
8.0499294
7.8307459
7.6170157
7.4086311
7.2054845
7.0074693
6.8144797
6.6264105
6.4431576
6.2646179
6.0906895
5.9212729
5.7562718
5.5956336
52.996749
52.267106
51.535989
50.803729
50.070654
49.337098
48.603392
47.869868
47.13686
46.404698
45.67371
44.944224
44.216563
43.491047
42.767992
42.04771
41.330506
40.61668
39.906526
39.200333
38.49838
37.800941
37.108279
36.420653
35.738311
35.061491
34.390425
33.725334
33.06643
32.413915
31.767982
31.128814
30.496583
29.871454
29.253578
28.6431
28.040152
27.444858
26.85733
26.277674
25.705983
25.142341
24.586824
24.039497
23.500419
22.969636
22.447189
21.933108
21.427416
20.930129
20.441254
19.960791
19.488734
19.025068
18.569774
18.122826
17.684192
17.253833
16.831707
16.417765
16.011955
15.614217
15.224489
14.842702
14.468786
14.102664
13.744256
13.393479
13.050245
12.714463
12.386042
12.064885
11.750894
11.443969
11.144009
10.850909
10.564565
10.284871
10.01172
9.7450036
9.4846135
9.2304409
8.9823766
8.7403109
8.5041346
8.273738
8.0490121
7.829848
7.616137
7.4077713
7.2046436
7.006647
6.8136758
6.6256249
6.4423902
6.2638688
6.0899588
5.920561
5.7555786
5.5949559
53.002566
52.272873
51.541699
50.809373
50.076223
49.342583
48.608784
47.875158
47.142038
46.409754
45.678636
44.949009
44.221197
43.495521
42.772297
42.051837
41.334447
40.620428
39.910074
39.203674
38.501509
37.803853
37.110971
36.423122
35.740554
35.063509
34.392218
33.726904
33.067778
32.415045
31.768898
31.129521
30.497087
29.87176
29.253694
28.643033
28.03991
27.444448
26.856763
26.276957
25.705126
25.141353
24.585714
24.038276
23.499094
22.968218
22.445687
21.931531
21.425774
20.928431
20.439508
19.959006
19.486918
19.02323
18.56792
18.120963
17.682326
17.251971
16.829853
16.415924
16.01013
15.612411
15.222704
14.840941
14.467049
14.100952
13.74257
13.391819
13.048611
12.712857
12.384463
12.063332
11.749369
11.442471
11.142538
10.849465
10.563149
10.283482
10.010357
9.743668
9.4833049
9.2291592
8.9811215
8.7390825
8.5029325
8.2725621
8.0478621
7.8287236
7.6150381
7.4066976
7.2035947
7.0056228
6.812676
6.6246492
6.4414386
6.2629412
6.0890553
5.9196817
5.7547234
5.5941219
53.007995
52.278246
51.547008
50.81461
50.081381
49.347653
48.613758
47.880028
47.146795
46.414389
45.683139
44.953372
44.225412
43.499578
42.776189
42.055554
41.337982
40.623774
39.913224
39.206622
38.504249
37.80638
37.113281
36.425212
35.742422
35.065152
34.393637
33.728098
33.068749
32.415795
31.76943
31.129839
30.497196
29.871666
29.253403
28.642551
28.039245
27.443608
26.855756
26.275793
25.703813
25.1399
24.584132
24.036574
23.497282
22.966306
22.443685
21.929449
21.423622
20.926218
20.437244
19.956701
19.48458
19.020867
18.565542
18.118577
17.679939
17.249588
16.827482
16.413568
16.007794
15.610098
15.220418
14.838683
14.464822
14.098757
13.740408
13.38969
13.046516
12.710796
12.382436
12.061341
11.747412
11.44055
11.140652
10.847614
10.561333
10.281701
10.008612
9.7419572
9.4816289
9.2275179
8.9795147
8.7375099
8.5013939
8.2710572
8.0463907
7.8272853
7.6136326
7.4053245
7.2022537
7.0043136
6.8113982
6.6234027
6.4402231
6.2617566
6.0879017
5.9185589
5.753631
5.5930576
53.012514
52.2827
51.551391
50.818915
50.085602
49.351783
48.617791
47.883955
47.15061
46.418084
45.686708
44.956806
44.228705
43.502723
42.779177
42.05838
41.340638
40.626254
39.915522
39.208732
38.506166
37.808099
37.114799
36.426524
35.743527
35.066048
34.394321
33.728571
33.069012
32.415848
31.769276
31.12948
30.496636
29.870909
29.252455
28.641418
28.037933
27.442124
26.854108
26.273989
25.701861
25.13781
24.581913
24.034235
23.494833
22.963757
22.441046
21.92673
21.420833
20.923369
20.434346
19.953762
19.48161
19.017875
18.562536
18.115565
17.676929
17.246587
16.824495
16.410603
16.004853
15.607187
15.21754
14.835841
14.462017
14.095992
13.737684
13.387009
13.043878
12.708201
12.379885
12.058834
11.74495
11.438132
11.138278
10.845285
10.559048
10.279461
10.006416
9.7398052
9.4795208
9.2254534
8.9774936
8.7355318
8.4994585
8.2691642
8.0445396
7.8254757
7.6118641
7.4035967
7.2005661
7.0026658
6.8097899
6.6218334
6.4386925
6.2602645
6.0864481
5.9171433
5.7522528
5.5917146
53.015738
52.285855
51.554474
50.82192
50.088524
49.354616
48.620529
47.886594
47.153143
46.420506
45.689012
44.958987
44.230756
43.50464
42.780953
42.060009
41.342116
40.627574
39.916679
39.209722
38.506984
37.808741
37.115261
36.426804
35.743621
35.065954
34.394038
33.728098
33.068348
32.414995
31.768234
31.128251
30.495223
29.869316
29.250684
28.639474
28.035822
27.439853
26.851683
26.271416
25.699148
25.134966
24.578945
24.031152
23.491646
22.960474
22.437676
21.923284
21.41732
20.919799
20.430728
19.950106
19.477925
19.014171
18.558821
18.111848
17.673217
17.242887
16.820815
16.406947
16.001228
15.603597
15.213989
14.832332
14.458555
14.092577
13.734319
13.383694
13.040616
12.704992
12.37673
12.055734
11.741904
11.43514
11.135342
10.842404
10.556222
10.276689
10.003699
9.7371426
9.4769124
9.2228989
8.9749926
8.7330839
8.4970633
8.2668212
8.0422483
7.8232357
7.6096747
7.4014575
7.1984765
7.0006253
6.807798
6.6198897
6.4367965
6.2584159
6.0846464
5.9153881
5.7505429
5.5900483
53.017377
52.287429
51.555979
50.823352
50.089879
49.355891
48.621719
47.887695
47.154151
46.421416
45.68982
44.95969
44.231348
43.505116
42.78131
42.060242
41.34222
40.627546
39.916515
39.209418
38.506536
37.808147
37.114517
36.425907
35.742569
35.064746
34.392672
33.726572
33.066663
32.41315
31.76623
31.126089
30.492905
29.866843
29.24806
28.636703
28.032907
27.436799
26.848494
26.268098
25.695709
25.131411
24.575281
24.027388
23.487788
22.956531
22.433656
21.919196
21.413173
20.915601
20.426488
19.945833
19.473628
19.009858
18.554501
18.107528
17.668905
17.238592
16.816541
16.402701
15.997016
15.599423
15.209858
14.828248
14.454521
14.088596
13.730393
13.379826
13.036806
12.701243
12.373042
12.052106
11.738339
11.431638
11.131902
10.839027
10.552908
10.273438
10.00051
9.734017
9.4738491
9.2198975
8.9720528
8.7302053
8.4942454
8.2640635
8.0395504
7.8205969
7.6070945
7.3989353
7.1960118
6.9982174
6.8054463
6.6175938
6.4345559
6.2562299
6.0825145
5.9133096
5.7485166
5.5880724
53.01726
52.287245
51.555724
50.823026
50.08948
49.355416
48.621166
47.887061
47.153434
46.420613
45.688929
44.958706
44.23027
43.503941
42.780036
42.058865
41.340738
40.625956
39.914815
39.207604
38.504607
37.8061
37.112351
36.423619
35.740158
35.062211
34.390012
33.723786
33.06375
32.410111
31.763065
31.122799
30.489491
29.863307
29.244404
28.632929
28.029019
27.4328
26.844388
26.263891
25.691404
25.127014
24.570798
24.022825
23.483152
22.951828
22.428894
21.914381
21.408313
20.910705
20.421562
19.940886
19.468667
19.004891
18.549535
18.10257
17.663962
17.233671
16.811648
16.397842
15.992197
15.594649
15.205132
14.823576
14.449904
14.084039
13.725898
13.375395
13.032442
12.696946
12.368813
12.047948
11.734251
11.427621
11.127956
10.835152
10.549105
10.269706
9.9968498
9.7304274
9.4703302
9.2164491
8.9686744
8.7268965
8.4910057
8.2608924
8.0364472
7.8175611
7.6041256
7.3960325
7.1931745
6.9954451
6.8027383
6.6149493
6.4319744
6.2537108
6.080057
5.9109126
5.746179
5.5857927
53.016047
52.285977
51.554402
50.821647
50.088043
49.35392
48.61961
47.885444
47.151753
46.418867
45.687116
44.956825
44.228319
43.501917
42.777937
42.056691
41.338486
40.623624
39.912401
39.205108
38.502026
37.803433
37.109596
36.420776
35.737226
35.059188
34.386897
33.72058
33.060452
32.406721
31.759583
31.119226
30.485826
29.859552
29.24056
28.628998
28.025002
27.4287
26.840207
26.259631
25.687068
25.122607
24.566323
24.018286
23.478554
22.947176
22.424193
21.909637
21.403531
20.90589
20.416721
19.936024
19.463791
19.000007
18.544649
18.097688
17.659091
17.228814
16.806813
16.393034
15.98742
15.589908
15.200432
14.81892
14.445297
14.079483
13.721396
13.37095
13.028055
12.69262
12.36455
12.043748
11.730116
11.423551
11.123953
10.831216
10.545235
10.265904
9.9931156
9.7267609
9.4667313
9.2129176
8.9652102
8.7234994
8.4876754
8.2576285
8.0332495
7.8144291
7.6010589
7.3930306
7.1902371
6.9925715
6.7999281
6.612202
6.4292894
6.2510874
6.0774945
5.9084102
5.7437354
5.5834065
53.013057
52.282935
51.551308
50.818504
50.084851
49.350681
48.616323
47.88211
47.148372
46.41544
45.683641
44.953302
44.224747
43.498296
42.774266
42.052968
41.33471
40.619795
39.908517
39.201168
38.498029
37.799378
37.105481
36.416601
35.73299
35.054891
34.382539
33.71616
33.055971
32.402179
31.754981
31.114564
30.481106
29.854776
29.235729
28.624114
28.020067
27.423716
26.835178
26.254559
25.681956
25.117456
24.561138
24.013068
23.473307
22.941903
22.418897
21.90432
21.398198
20.900544
20.411366
19.930664
19.45843
18.994647
18.539296
18.092345
17.653762
17.223504
16.801524
16.387771
15.982186
15.584708
15.195268
14.813796
14.440215
14.074448
13.716409
13.366014
13.023173
12.687793
12.35978
12.039038
11.725466
11.418964
11.119429
10.826757
10.540842
10.261579
9.9888582
9.7225727
9.4626132
9.2088704
8.9612345
8.7195959
8.4838446
8.2538709
8.0295653
7.8108187
7.5975224
7.3895682
7.1868487
6.9892572
6.7966877
6.6090353
6.426196
6.2480669
6.0745462
5.9055334
5.7409292
5.58067
53.010976
52.280877
51.549273
50.816488
50.082851
49.348692
48.614341
47.880128
47.146384
46.413439
45.68162
44.951255
44.222667
43.496177
42.772101
42.050752
41.332438
40.617461
39.906119
39.198703
38.495495
37.796772
37.102804
36.413851
35.730166
35.051993
34.379567
33.713114
33.052852
32.398986
31.751716
31.111227
30.477698
29.851296
29.232179
28.620495
28.016379
27.41996
26.831354
26.250669
25.678002
25.113441
24.557063
24.008936
23.46912
22.937664
22.414609
21.899988
21.393824
20.896132
20.40692
19.926188
19.453926
18.990121
18.53475
18.087784
17.649189
17.218923
16.796939
16.383184
15.977602
15.58013
15.190699
14.80924
14.435676
14.069928
13.711912
13.361541
13.018727
12.683377
12.355396
12.034688
11.721151
11.414686
11.11519
10.822558
10.536685
10.257465
9.9847883
9.7185481
9.4586351
9.2049399
8.9573528
8.7157639
8.4800633
8.2501413
8.0258884
7.8071954
7.5939534
7.3860544
7.1833908
6.9858558
6.7933435
6.6057488
6.4229677
6.244897
6.0714351
5.9024809
5.7379353
5.5777341
53.00634
52.27627
51.544689
50.811923
50.078298
49.344143
48.609791
47.875569
47.141811
46.408844
45.676999
44.946601
44.217974
43.49144
42.767315
42.045913
41.327543
40.612506
39.9011
39.193616
38.490339
37.791544
37.097502
36.408473
35.724711
35.04646
34.373956
33.707425
33.047084
32.39314
31.745792
31.105226
30.471621
29.845144
29.225953
28.614195
28.010008
27.413518
26.824842
26.244088
25.671353
25.106725
24.550281
24.002089
23.462209
22.930691
22.407576
21.892896
21.386675
20.888929
20.399666
19.918885
19.446579
18.982734
18.527328
18.080333
17.641713
17.211428
16.789431
16.37567
15.970088
15.572622
15.183204
14.801763
14.428224
14.062506
13.704527
13.354201
13.011438
12.676144
12.348226
12.027586
11.714124
11.407738
11.108326
10.815783
10.530002
10.250877
9.9782999
9.7121613
9.4523521
9.1987625
8.9512823
8.7098013
8.4742094
8.2443963
8.0202523
7.8016679
7.5885341
7.3807425
7.1781855
6.9807559
6.7883478
6.600856
6.4181762
6.2402055
6.0668418
5.8979845
5.7335341
5.5734273
53.005752
52.275518
51.543778
50.810858
50.077087
49.342793
48.608309
47.873965
47.140092
46.40702
45.675076
44.944588
44.21588
43.48927
42.765077
42.043613
41.325184
40.610094
39.898638
39.191107
38.487784
37.788946
37.09486
36.405789
35.721984
35.043688
34.371139
33.704561
33.044171
32.390177
31.742775
31.102154
30.468492
29.841956
29.222704
28.610883
28.006631
27.410076
26.821334
26.240513
25.66771
25.103014
24.546501
23.998241
23.458294
22.926708
22.403526
21.888779
21.382492
20.88468
20.395352
19.914507
19.442137
18.978229
18.52276
18.075702
17.637021
17.206676
16.78462
16.370803
15.965165
15.567646
15.178178
14.79669
14.423107
14.057348
13.699332
13.348972
13.006177
12.670857
12.342917
12.022258
11.708781
11.402385
11.102967
10.810421
10.524643
10.245524
9.9729577
9.7068338
9.4470433
9.1934763
8.9460225
8.7045717
8.4690136
8.2392378
8.0151343
7.7965937
7.5835066
7.3757646
7.1732597
6.9758847
6.7835333
6.5961002
6.4134808
6.2355718
6.0622709
5.8934769
5.7290899
5.569046
)
;

boundaryField
{
    inlet
    {
        type            fixedValue;
        value           uniform 750;
    }
    top
    {
        type            zeroGradient;
    }
    outlet
    {
        type            zeroGradient;
    }
    slipsurface
    {
        type            slip;
    }
    bottom
    {
        type            omegaWallFunction;
        blending        binomial;
        n               2;
        value           nonuniform List<scalar> 
100
(
7569.1001
7590.8079
7571.1053
7538.1509
7512.5625
7498.0752
7491.1186
7487.7284
7485.8492
7484.6254
7483.68
7482.8691
7482.1625
7481.5512
7481.021
7480.5592
7480.1557
7479.8014
7479.4861
7479.2036
7478.9499
7478.7209
7478.5127
7478.3229
7478.1495
7477.9904
7477.8439
7477.7087
7477.5839
7477.4685
7477.3615
7477.2622
7477.1703
7477.085
7477.0059
7476.9327
7476.8649
7476.8025
7476.745
7476.6925
7476.6448
7476.6019
7476.5637
7476.5302
7476.5016
7476.4785
7476.4603
7476.448
7476.4415
7476.4406
7476.4451
7476.4547
7476.4691
7476.4872
7476.5081
7476.5312
7476.5551
7476.5778
7476.5973
7476.612
7476.6219
7476.6271
7476.6279
7476.625
7476.6193
7476.6114
7476.602
7476.5916
7476.5806
7476.5692
7476.5577
7476.5461
7476.5346
7476.5233
7476.5121
7476.501
7476.4902
7476.479
7476.4676
7476.4562
7476.4446
7476.4331
7476.4215
7476.4098
7476.398
7476.3861
7476.3742
7476.3622
7476.3502
7476.3381
7476.326
7476.3139
7476.3019
7476.2898
7476.2778
7476.2653
7476.2544
7476.2387
7476.2299
7476.2059
)
;
    }
    frontandback
    {
        type            empty;
    }
}


// ************************************************************************* //
