/*--------------------------------*- C++ -*----------------------------------*\
| =========                 |                                                 |
| \\      /  F ield         | OpenFOAM: The Open Source CFD Toolbox           |
|  \\    /   O peration     | Version:  2206                                  |
|   \\  /    A nd           | Website:  www.openfoam.com                      |
|    \\/     M anipulation  |                                                 |
\*---------------------------------------------------------------------------*/
FoamFile
{
    version     2.0;
    format      ascii;
    arch        "LSB;label=32;scalar=64";
    class       volScalarField;
    location    "1100";
    object      p;
}
// * * * * * * * * * * * * * * * * * * * * * * * * * * * * * * * * * * * * * //

dimensions      [0 2 -2 0 0 0 0];

internalField   nonuniform List<scalar> 
7480
(
0.054710833
0.042452907
0.028327368
0.01651696
0.0059084113
0.00046156475
-0.00079324725
0.00022338755
0.0017767052
0.0028074021
0.0032832407
0.0034865798
0.0035780289
0.0036072713
0.0036095643
0.0036144324
0.0036225372
0.003616593
0.0036004424
0.0035828941
0.0035627115
0.0035357259
0.0035047884
0.0034732669
0.0034399033
0.0034023076
0.0033619049
0.0033202588
0.0032764912
0.0032298025
0.0031813095
0.0031317832
0.0030806097
0.003027598
0.0029736035
0.0029192277
0.0028645146
0.002810121
0.0027572738
0.0027069902
0.0026601172
0.0026182016
0.0025837473
0.0025591587
0.0025487542
0.0025562259
0.0025862445
0.0026385258
0.0027118112
0.0028066135
0.0029211184
0.0030524431
0.0031961191
0.003345858
0.0034994785
0.0036505752
0.0037810865
0.0038782201
0.0039338688
0.0039512311
0.00393259
0.003884136
0.0038148863
0.0037318991
0.0036403213
0.0035442012
0.0034469163
0.0033497665
0.0032536703
0.0031591727
0.0030663939
0.0029748342
0.0028845072
0.0027954025
0.0027067419
0.0026191108
0.0025315976
0.0024420784
0.0023509853
0.0022584531
0.0021652974
0.0020711168
0.0019747494
0.0018772693
0.0017777762
0.0016769163
0.0015745116
0.0014706175
0.0013658598
0.0012598267
0.0011538196
0.0010475277
0.0009427734
0.00083893453
0.00074283967
0.00064105454
0.00058996921
0.00030882332
0.00083739605
-0.00087601471
0.049734135
0.039217185
0.027261954
0.016368416
0.0065093941
0.0012626989
-8.6570765e-05
0.00069277874
0.0020034978
0.0029312326
0.0033609204
0.0035457614
0.0036288571
0.0036512938
0.0036495735
0.0036527706
0.0036548387
0.0036436945
0.0036245265
0.0036045926
0.0035822245
0.0035532546
0.0035206861
0.0034877643
0.0034531183
0.0034143607
0.0033729551
0.0033304135
0.003285812
0.0032383608
0.0031891876
0.0031390377
0.003087279
0.0030337257
0.0029792334
0.0029243912
0.0028692358
0.0028144245
0.00276118
0.0027105127
0.0026632658
0.002620986
0.0025861745
0.00256123
0.0025505312
0.0025579188
0.0025873984
0.0026392174
0.0027121781
0.0028066678
0.0029208922
0.0030519775
0.0031954567
0.0033450511
0.0034985866
0.0036496506
0.0037801841
0.0038774202
0.0039332245
0.0039507499
0.0039323131
0.003884034
0.0038149261
0.0037320516
0.0036405565
0.0035444926
0.0034472427
0.0033501116
0.0032540225
0.003159524
0.0030667391
0.00297517
0.0028848317
0.0027957144
0.002707041
0.0026193975
0.0025318781
0.0024423583
0.002351262
0.0022587236
0.0021655613
0.0020713743
0.0019750013
0.001877516
0.0017780179
0.0016771531
0.0015747433
0.001470844
0.0013660808
0.0012600421
0.0011540293
0.0010477316
0.00094297168
0.00083912706
0.0007430278
0.0006412346
0.00059021701
0.00030980536
0.00083961052
-0.00087557069
0.045674756
0.037536542
0.026899008
0.016643081
0.0078843141
0.0027912677
0.0010860874
0.0013544101
0.0023397326
0.0031154379
0.0034817888
0.003646581
0.0037169713
0.0037243891
0.0037136098
0.0037097389
0.0037032644
0.0036848372
0.0036608923
0.0036372553
0.0036112759
0.0035789159
0.0035437883
0.0035087225
0.0034720225
0.0034314176
0.0033885318
0.0033447198
0.0032989145
0.0032503672
0.0032002622
0.0031492769
0.0030967263
0.003042448
0.0029873102
0.0029318719
0.0028761528
0.0028208214
0.0027670966
0.0027159724
0.0026682832
0.0026255809
0.0025903636
0.0025650204
0.0025539742
0.0025613755
0.0025903506
0.0026414739
0.0027140625
0.0028081625
0.0029220148
0.0030527503
0.0031959023
0.0033452085
0.0034985285
0.0036494265
0.003779818
0.0038770169
0.0039329178
0.0039505444
0.003932324
0.0038842366
0.0038152929
0.0037325578
0.0036411672
0.0035451743
0.003447967
0.0033508542
0.0032547663
0.0031602571
0.003067453
0.0029758595
0.002885494
0.0027963477
0.0027076446
0.0026199719
0.0025324236
0.0024428815
0.002351769
0.002259213
0.0021660334
0.00207183
0.0019754421
0.0018779439
0.0017784335
0.0016775572
0.0015751362
0.0014712258
0.0013664516
0.001260402
0.0011543784
0.0010480698
0.00094329958
0.00083944409
0.00074333753
0.00064152738
0.00059061894
0.00031138288
0.0008435341
-0.00087499527
0.042954228
0.036235363
0.02654461
0.016943022
0.0091709331
0.0042539882
0.0021676092
0.0020479645
0.0027313941
0.0033526725
0.0036635445
0.0038040087
0.0038513131
0.0038291186
0.0037978322
0.0037821535
0.003765126
0.00373624
0.0037057035
0.0036777544
0.0036473112
0.0036103992
0.0035720499
0.0035343906
0.0034950557
0.0034520101
0.0034073189
0.0033620454
0.0033148164
0.0032649831
0.0032138749
0.0031620318
0.0031086537
0.0030536357
0.0029978842
0.0029418992
0.0028856703
0.0028299045
0.0027758211
0.0027243784
0.0026763938
0.0026334352
0.0025979966
0.0025724569
0.0025611481
0.0025689925
0.0025978816
0.0026482173
0.002720519
0.0028142598
0.0029276889
0.0030579552
0.0032005828
0.0033493366
0.0035021359
0.003652502
0.0037823554
0.0038790372
0.0039347457
0.0039521568
0.0039338709
0.003885796
0.003816888
0.0037342053
0.0036428574
0.0035468874
0.0034496817
0.0033525462
0.0032564184
0.0031618567
0.0030689911
0.0029773298
0.002886895
0.002797678
0.0027089032
0.0026211606
0.0025335113
0.0024438703
0.0023527012
0.0022600979
0.0021668748
0.0020726304
0.0019762051
0.0018786745
0.0017791341
0.0016782309
0.0015757845
0.0014718502
0.0013670533
0.0012609817
0.0011549374
0.0010486083
0.00094381911
0.00083994396
0.00074382367
0.00064198595
0.00059123713
0.00031387989
0.00084996135
-0.00087395823
0.04048531
0.034642001
0.025920105
0.017295523
0.010238907
0.0054604101
0.0032063506
0.0028163137
0.0032073541
0.0036513206
0.0038851896
0.0039750838
0.0039904289
0.0039503782
0.0039081795
0.0038828687
0.0038529899
0.0038084347
0.0037669607
0.003732175
0.0036952705
0.0036520006
0.0036093923
0.0035685982
0.0035260033
0.0034797538
0.0034327238
0.003385568
0.0033364355
0.0032848709
0.0032324769
0.0031795721
0.0031251682
0.0030692672
0.0030128485
0.0029563085
0.0028995738
0.0028434267
0.0027891067
0.0027375037
0.0026893986
0.0026463859
0.0026109514
0.0025854421
0.0025741791
0.0025826447
0.0026115752
0.0026613538
0.0027333674
0.0028266744
0.0029395399
0.0030691211
0.0032109204
0.0033587515
0.0035106681
0.0036601889
0.0037890587
0.0038846206
0.0039397754
0.0039565437
0.0039377584
0.0038894389
0.0038203692
0.0037375911
0.0036461702
0.0035501287
0.0034528448
0.0033556134
0.0032593774
0.003164698
0.0030717067
0.0029799148
0.0028893515
0.0028000059
0.0027111023
0.0026232334
0.0025354191
0.0024456169
0.0023543394
0.0022616409
0.0021683307
0.0020740048
0.0019775045
0.0018799083
0.0017803071
0.0016793498
0.0015768529
0.001472872
0.0013680318
0.0012619188
0.0011558363
0.0010494701
0.00094464685
0.0008407375
0.00074459095
0.00064271219
0.00059218506
0.00031758908
0.0008594677
-0.00087189799
0.038171898
0.033049847
0.025331891
0.017607376
0.01112371
0.0065573751
0.004205298
0.0035634706
0.0037048642
0.0039736624
0.0041195267
0.0041573158
0.0041417983
0.0040875159
0.0040320314
0.0039882397
0.0039429328
0.0038885857
0.0038403215
0.003799616
0.0037551349
0.0037039561
0.0036554199
0.003610395
0.0035637059
0.0035135494
0.0034638108
0.0034145635
0.0033632594
0.0033096856
0.0032558421
0.0032017493
0.0031461808
0.0030893335
0.0030323325
0.0029754206
0.0029182983
0.0028618153
0.0028073355
0.0027556868
0.0027076016
0.0026647126
0.0026294969
0.0026042395
0.002593318
0.002602189
0.0026309658
0.0026804028
0.0027518848
0.0028444846
0.002956524
0.0030851389
0.0032257766
0.003372312
0.0035230039
0.0036713024
0.0037986898
0.0038926746
0.003947074
0.0039629267
0.0039433559
0.0038946941
0.003825383
0.0037424416
0.0036508841
0.0035547121
0.0034572969
0.0033599177
0.0032635242
0.0031686784
0.0030755104
0.0029835393
0.0028928052
0.002803289
0.0027142131
0.0026261734
0.0025381736
0.0024481978
0.0023567731
0.0022639313
0.0021704877
0.0020760361
0.0019794186
0.0018817184
0.0017820206
0.0016809765
0.001578399
0.001474344
0.0013694354
0.0012632572
0.0011571147
0.0010506916
0.00094581589
0.00084185533
0.00074566573
0.00064373374
0.00059350024
0.00032263673
0.00087216488
-0.00086834485
0.03607081
0.031571317
0.024779219
0.017836779
0.011881599
0.0075554786
0.00514117
0.0042715172
0.0041889134
0.0043043156
0.0043651115
0.0043529006
0.0043053976
0.0042331083
0.0041602222
0.0040977062
0.0040385532
0.0039761434
0.0039198005
0.0038693982
0.0038165003
0.0037600716
0.0037074268
0.0036584615
0.0036071441
0.0035525667
0.0034995406
0.0034475941
0.0033935972
0.0033376641
0.0032822131
0.00322684
0.0031699864
0.0031121186
0.0030545577
0.0029973207
0.0029398501
0.0028831291
0.0028286645
0.0027771883
0.0027293706
0.0026869122
0.0026523063
0.0026278643
0.0026171188
0.0026254283
0.0026539872
0.0027033157
0.0027743587
0.002866264
0.0029773541
0.0031047106
0.0032438281
0.0033888122
0.0035371806
0.0036825177
0.0038077407
0.0039002357
0.0039542605
0.0039694039
0.0039491963
0.0039004205
0.0038310416
0.0037480617
0.0036564479
0.0035601952
0.0034626775
0.0033651606
0.0032686086
0.0031735888
0.0030802311
0.0029880635
0.0028971389
0.0028074292
0.002718154
0.0026299145
0.0025417061
0.0024515371
0.0023599376
0.0022669169
0.0021733028
0.0020786877
0.0019819157
0.0018840765
0.0017842483
0.0016830863
0.0015803991
0.001476243
0.0013712409
0.0012649743
0.0011587505
0.0010522505
0.0009473039
0.00084327521
0.0007470245
0.00064502927
0.00059515895
0.00032896682
0.00088770427
-0.0008632143
0.034172218
0.030189507
0.024212473
0.017980245
0.012528186
0.0084465378
0.0060037462
0.0049487032
0.0046708985
0.0046449995
0.0046208375
0.0045574011
0.0044757666
0.0043820947
0.0042914081
0.0042122328
0.0041397147
0.0040678693
0.0040017858
0.0039414114
0.0038812716
0.0038201732
0.0037627375
0.0037081815
0.0036520485
0.0035942962
0.0035386919
0.003484056
0.0034270818
0.0033685076
0.0033111903
0.003254289
0.0031957342
0.0031363741
0.0030778867
0.003019968
0.0029618645
0.0029047864
0.0028503265
0.002799075
0.0027516223
0.0027097654
0.0026760356
0.0026527638
0.002642248
0.0026497181
0.0026779342
0.0027272305
0.0027979577
0.0028892265
0.0029992703
0.0031250763
0.0032624436
0.0034059428
0.0035510319
0.0036919199
0.0038145995
0.0039059817
0.0039600939
0.003974919
0.0039544451
0.0039059001
0.0038367244
0.003753921
0.0036624146
0.0035662034
0.0034686699
0.0033710704
0.003274397
0.0031792283
0.0030856981
0.0029933402
0.0029022217
0.002812309
0.0027228193
0.002634362
0.0025459231
0.0024555394
0.0023637455
0.0022705219
0.0021767105
0.0020819028
0.001984946
0.0018869388
0.0017869514
0.0016856445
0.0015828214
0.0014785396
0.0013734214
0.0012670452
0.0011607209
0.0010541257
0.00094909041
0.00084497759
0.0007486477
0.00064658094
0.00059712814
0.00033645456
0.00090555665
-0.00085666428
0.032451609
0.028898088
0.023638006
0.01805947
0.01307816
0.0092373293
0.0067975811
0.0055975124
0.005149368
0.0049919174
0.0048841857
0.0047686877
0.0046520123
0.0045353091
0.0044260615
0.0043303971
0.0042440492
0.004161676
0.0040860242
0.0040166405
0.0039493473
0.0038827673
0.0038197802
0.0037596096
0.0036992147
0.0036383816
0.0035796465
0.0035216604
0.0034618518
0.0034012811
0.0033423593
0.0032837941
0.0032233178
0.0031622787
0.0031026739
0.0030438725
0.002984913
0.0029271421
0.0028722258
0.0028207268
0.0027731927
0.0027315221
0.0026982913
0.0026757249
0.0026657481
0.0026731522
0.0027009937
0.0027498677
0.0028199767
0.0029104278
0.0030193645
0.0031436812
0.0032794412
0.0034215326
0.00356384
0.0037005343
0.0038203052
0.0039105301
0.0039646191
0.0039793259
0.0039589013
0.0039108306
0.0038420483
0.0037596127
0.0036683913
0.0035723577
0.0034749132
0.0033773133
0.003280585
0.0031853174
0.0030916506
0.0029991295
0.0029078375
0.0028177331
0.0027280319
0.0026393555
0.0025506775
0.0024600689
0.0023680726
0.0022746345
0.0021806118
0.0020855943
0.0019884329
0.001890238
0.001790071
0.0016885991
0.00158562
0.0014811933
0.0013759404
0.0012694369
0.0011629958
0.0010562892
0.00095114986
0.00084693885
0.00075051283
0.00064836818
0.00059936472
0.00034495157
0.00092513769
-0.000848747
0.030888375
0.027698391
0.023067233
0.018084558
0.013539442
0.0099347439
0.0075247586
0.0062143499
0.0056190413
0.005341207
0.0051534394
0.004986334
0.0048341046
0.004692995
0.0045645313
0.0044520229
0.0043516538
0.0042581616
0.0041724869
0.0040942218
0.0040195432
0.0039469663
0.0038785166
0.003813175
0.0037484816
0.0036840693
0.0036219103
0.0035607099
0.0034983104
0.0034357077
0.0033747248
0.0033140876
0.0032518965
0.0031896189
0.0031290187
0.0030692227
0.0030092509
0.0029505824
0.0028950101
0.0028430294
0.0027950877
0.0027531696
0.0027198961
0.0026973257
0.0026873885
0.002694631
0.0027219936
0.0027701768
0.0028394332
0.0029289201
0.0030367579
0.0031597941
0.0032941368
0.0034347578
0.003575188
0.0037091445
0.0038264193
0.0039145934
0.0039676432
0.0039823408
0.0039621987
0.003914725
0.0038465146
0.0037646786
0.003673941
0.0035782096
0.0034809741
0.003383493
0.0032868008
0.0031915044
0.0030977638
0.0030051361
0.002913718
0.0028234568
0.0027335688
0.0026446917
0.0025557839
0.002464957
0.0023727653
0.0022791151
0.0021848812
0.0020896508
0.0019922781
0.0018938878
0.001793531
0.0016918835
0.0015887366
0.0014841525
0.0013787525
0.0012721088
0.0011655385
0.0010587082
0.00095345242
0.00084913183
0.00075259446
0.00065036782
0.00060181981
0.00035431193
0.00094587573
-0.00083938145
0.029465078
0.026588144
0.022505089
0.018060336
0.01391928
0.010545661
0.0081867187
0.0067964604
0.0060768349
0.0056907445
0.0054273837
0.005209596
0.0050215185
0.0048549348
0.0047066292
0.0045770161
0.0044623237
0.0043572954
0.0042614639
0.0041741774
0.0040920165
0.0040131911
0.0039389066
0.003868349
0.0037993011
0.0037310701
0.003665501
0.0036012758
0.0035362208
0.0034712698
0.0034080985
0.0033455659
0.0032818232
0.0032182627
0.003156326
0.0030953234
0.0030344377
0.0029750306
0.0029188932
0.002866394
0.0028179388
0.0027755817
0.0027420049
0.0027190799
0.0027086753
0.0027152865
0.0027418619
0.0027890409
0.0028570652
0.0029452007
0.0030516048
0.0031731128
0.0033058503
0.0034448849
0.003583799
0.0037161905
0.0038319143
0.0039182
0.0039703302
0.0039850176
0.0039644553
0.0039171522
0.003849741
0.0037687383
0.0036786082
0.0035833128
0.0034864625
0.0033892543
0.0032926855
0.0031974429
0.003103727
0.0030110718
0.0029195872
0.002829221
0.0027391897
0.0026501469
0.0025610367
0.0024700178
0.0023776547
0.0022838101
0.0021893815
0.0020939504
0.0019963739
0.0018977934
0.0017972488
0.0016954255
0.0015921082
0.0014873624
0.0013818096
0.0012750186
0.0011683115
0.0010613493
0.00095596798
0.00085152929
0.00075486736
0.00065255693
0.00060444311
0.00036440117
0.00096723522
-0.00082843004
0.028166486
0.025562454
0.021955302
0.017993217
0.014226211
0.01107732
0.0087857801
0.0073423982
0.0065203402
0.0060382563
0.0057042646
0.0054372395
0.005213458
0.0050207568
0.004852128
0.0047052392
0.0045759869
0.0044590984
0.0043529601
0.0042565111
0.0041666516
0.0040813488
0.0040011227
0.0039252618
0.0038517426
0.003779708
0.0037104728
0.0036429703
0.0035752991
0.0035079168
0.0034425458
0.0033781873
0.0033128425
0.0032478031
0.0031844668
0.0031224087
0.0030607023
0.0030005295
0.0029436434
0.0028905294
0.0028416258
0.0027988475
0.0027649121
0.0027415465
0.0027305674
0.0027363631
0.0027619061
0.0028077856
0.0028741962
0.002960545
0.0030650505
0.0031845526
0.0033152325
0.0034523187
0.0035894833
0.0037202005
0.003834439
0.0039198451
0.0039719531
0.0039868453
0.0039662028
0.0039192489
0.0038526095
0.0037718711
0.0036820298
0.0035873784
0.0034911162
0.0033942568
0.0032979011
0.0032028437
0.0031092778
0.0030166621
0.0029251723
0.0028347734
0.002744652
0.0026554899
0.0025662252
0.0024750603
0.0023825658
0.0022885615
0.0021939718
0.0020983672
0.0020006082
0.0019018568
0.0018011385
0.0016991504
0.0015956698
0.0014907665
0.0013850625
0.0012781233
0.0011712771
0.001064179
0.00095866675
0.00085410449
0.0007573069
0.00065491333
0.00060718442
0.00037509376
0.00098870512
-0.00081572828
0.026979241
0.024615521
0.021421219
0.01788997
0.014468059
0.011536223
0.0093244906
0.0078511246
0.0069471202
0.0063812965
0.0059822257
0.0056680456
0.0054091838
0.0051901137
0.005000835
0.0048365483
0.0046925631
0.0045635318
0.0044469154
0.0043411815
0.0042434304
0.0041514603
0.0040652054
0.0039839368
0.0039058047
0.0038298349
0.003756839
0.0036859924
0.0036156135
0.0035458734
0.0034781738
0.0034117162
0.0033447638
0.0032782567
0.0032135224
0.003150399
0.0030878373
0.0030268094
0.0029691493
0.0029155163
0.0028662081
0.0028229603
0.0027885729
0.002764743
0.0027532177
0.002758184
0.0027826156
0.0028270507
0.0028916552
0.0029759685
0.0030782673
0.0031953876
0.0033235811
0.0034582642
0.0035932149
0.0037218219
0.0038342906
0.0039188463
0.0039707652
0.0039860988
0.0039664219
0.0039206671
0.0038548824
0.0037744527
0.003685169
0.0035912284
0.0034950719
0.003398213
0.0033022314
0.003207525
0.0031141425
0.003021616
0.0029302257
0.0028398919
0.0027497277
0.0026605083
0.0025711631
0.0024799058
0.0023873301
0.0022932178
0.0021985141
0.0021027738
0.0020048672
0.0019059771
0.0018051105
0.0017029792
0.0015993524
0.0014943044
0.0013884584
0.0012813768
0.0011743951
0.001067162
0.00096151755
0.0008568297
0.0007598878
0.00065741447
0.00060999342
0.00038626604
0.0010097658
-0.00080109839
0.025891579
0.023741226
0.02090525
0.017756761
0.014651844
0.011928442
0.0098057265
0.0083221095
0.0073550469
0.0067176347
0.0062595412
0.005900833
0.0056079208
0.0053625711
0.0051524839
0.0049707435
0.0048119221
0.0046705278
0.0045432822
0.0044281617
0.0043223581
0.0042235424
0.0041311493
0.0040443681
0.0039614917
0.003881448
0.0038046423
0.0037303918
0.0036571979
0.0035850166
0.0035149166
0.0034463068
0.0033777016
0.0033097408
0.0032436012
0.0031792185
0.0031157055
0.0030538813
0.0029954465
0.002941263
0.0028915236
0.0028477636
0.0028129352
0.0027886849
0.0027765948
0.0027806775
0.0028039229
0.0028468724
0.0029096602
0.0029918798
0.0030918454
0.0032063953
0.0033318611
0.003463838
0.0035962125
0.0037223189
0.0038326314
0.0039159973
0.0039673693
0.0039830007
0.0039643854
0.0039199602
0.003855318
0.0037760206
0.0036878791
0.0035946661
0.0034985924
0.0034019509
0.0033064246
0.0032116398
0.0031180865
0.0030257654
0.0029346044
0.0028443535
0.0027542044
0.0026650386
0.0025756965
0.0024843893
0.0023918002
0.0022976465
0.0022028753
0.0021070452
0.0020090378
0.0019100502
0.0018090691
0.0017068264
0.0016030794
0.0014979081
0.001391938
0.0012847274
0.0011776203
0.0010702589
0.00096448575
0.00085967441
0.00076258254
0.00066003614
0.00061281921
0.00039778933
0.0010298455
-0.00078436823
0.024893109
0.022933429
0.02040887
0.017599172
0.014784171
0.012259841
0.010232639
0.0087553218
0.007742359
0.007045233
0.0065345281
0.0061343683
0.0058088122
0.0055376058
0.0053067503
0.0051075925
0.0049339085
0.004780002
0.0046420044
0.0045174118
0.004403419
0.0042975939
0.0041989537
0.0041065656
0.0040188248
0.0039345814
0.0038539033
0.0037761744
0.0037000588
0.0036253392
0.0035528047
0.0034820124
0.0034116798
0.0033422081
0.003274621
0.0032089333
0.0031444379
0.0030818191
0.0030226221
0.002967748
0.0029174914
0.0028732504
0.0028379674
0.0028133116
0.0028006114
0.0028037446
0.0028257943
0.0028672738
0.0029282351
0.0030083041
0.0031058418
0.0032177453
0.0033404209
0.0034695863
0.0035992144
0.0037226068
0.003830498
0.0039123709
0.0039628398
0.003978489
0.0039609039
0.0039175697
0.003854096
0.0037760516
0.0036890291
0.0035966849
0.0035013313
0.0034054125
0.0033103218
0.0032153937
0.0031218587
0.0030297935
0.0029384561
0.0028479951
0.0027579909
0.002668978
0.0025796443
0.0024883531
0.0023958601
0.0023017253
0.0022069241
0.0021110708
0.0020130157
0.0019139703
0.0018129161
0.0017106019
0.0016067665
0.0015015019
0.001395434
0.0012881155
0.0011809005
0.0010734239
0.00096753143
0.00086260361
0.00076535986
0.00066275115
0.00061561028
0.00040952476
0.0010482748
-0.0007653883
0.023974628
0.022186194
0.019932804
0.017422201
0.014871245
0.012535991
0.010608486
0.0091511311
0.0081076352
0.0073622241
0.0068055475
0.0063673978
0.0060109603
0.0057146412
0.0054632682
0.0052468342
0.0050583408
0.0048918449
0.0047430064
0.0046088755
0.0044865829
0.0043736059
0.0042686163
0.0041705344
0.0040778184
0.0039892563
0.0039046353
0.0038233564
0.003744221
0.0036668768
0.0035918677
0.0035188452
0.0034467045
0.0033756618
0.0033065937
0.0032395803
0.0031740609
0.0031106038
0.0030506155
0.0029950155
0.0029442093
0.0028995329
0.0028636738
0.0028384994
0.0028252482
0.0028274366
0.0028482609
0.0028882284
0.0029473116
0.0030251741
0.0031202452
0.0032294829
0.0033493381
0.003475619
0.0036023873
0.003722982
0.0038283736
0.0039086287
0.0039580389
0.0039735492
0.0039567378
0.0039142599
0.0038517996
0.0037748706
0.003688896
0.0035974831
0.0035029548
0.0034076994
0.0033130883
0.0032185238
0.0031254483
0.0030335977
0.002942026
0.0028515428
0.0027616464
0.0026723881
0.0025828816
0.0024917466
0.002399399
0.0023052914
0.0022105402
0.0021147596
0.0020166979
0.0019176345
0.0018165604
0.0017142144
0.0016103264
0.0015050065
0.0013988737
0.0012914746
0.0011841763
0.001076604
0.0009706079
0.00086557606
0.00076818317
0.00066552792
0.00061831472
0.00042132004
0.0010642511
-0.00074404896
0.023127973
0.021493919
0.019477194
0.017230221
0.014918824
0.012762153
0.010936571
0.009510268
0.0084498084
0.0076669443
0.0070710439
0.0065986815
0.006213444
0.0058930517
0.0056216236
0.0053881715
0.0051850059
0.0050059188
0.0048461935
0.004702483
0.0045718081
0.0044515607
0.0043401282
0.004236272
0.0041384796
0.004045488
0.003956852
0.0038719554
0.0037897087
0.0037096554
0.0036321242
0.0035568219
0.0034827994
0.0034101305
0.0033395478
0.003271177
0.003204582
0.0031402406
0.0030794318
0.0030230873
0.0029717016
0.0029265525
0.0028901241
0.0028643201
0.0028504646
0.002851768
0.002871305
0.0029096861
0.002966854
0.0030424766
0.0031350233
0.0032415563
0.0033585774
0.003481918
0.0036057666
0.00372354
0.0038264021
0.0039049701
0.0039532553
0.0039685444
0.0039523925
0.0039106727
0.0038491295
0.003773094
0.0036880327
0.0035974516
0.0035036749
0.0034090112
0.003314913
0.0032207915
0.0031281033
0.0030364919
0.0029451287
0.0028549755
0.0027651047
0.0026755838
0.002586101
0.002494962
0.0024023622
0.0023082525
0.0022136932
0.0021179829
0.0020199476
0.0019209481
0.0018199149
0.0017175701
0.0016136801
0.0015083468
0.0014021831
0.0012947349
0.001187383
0.0010797397
0.00097366144
0.00086854344
0.00077100954
0.00066832924
0.00062088098
0.00043300807
0.0010768395
-0.00072029867
0.022345888
0.020851408
0.01904175
0.017026969
0.014932195
0.01294329
0.011220213
0.0098337721
0.0087681559
0.0079579495
0.007329562
0.0068270038
0.0064153237
0.0060721664
0.0057813555
0.0055312712
0.0053136606
0.005122059
0.0049514514
0.0047981497
0.0046590398
0.0045314291
0.0044134716
0.0043037693
0.0042008104
0.0041032881
0.0040105654
0.0039219859
0.0038365418
0.0037536965
0.0036735925
0.0035959627
0.0035199898
0.003445638
0.0033735034
0.0033037402
0.0032360204
0.0031707521
0.0031090942
0.0030519794
0.0029999754
0.0029543092
0.0029172881
0.0028908187
0.0028763097
0.002876704
0.0028949088
0.0029316472
0.0029868678
0.0030602123
0.0031501949
0.003253984
0.0033681188
0.0034884618
0.0036093333
0.0037242408
0.0038245574
0.0039013914
0.0039485464
0.003963598
0.0039480562
0.0039070516
0.0038463672
0.0037711796
0.003687005
0.0035970701
0.0035039336
0.00340977
0.0033161004
0.0032223312
0.0031299719
0.0030386308
0.0029475302
0.0028576073
0.0027678356
0.0026784678
0.0025892325
0.0024979703
0.0024051825
0.0023112334
0.0022165918
0.0021206109
0.002022694
0.0019238414
0.0018228507
0.0017205719
0.0016167593
0.001511449
0.0014052906
0.0012978304
0.0011904553
0.0010827688
0.00097663329
0.00087145181
0.0007737901
0.000671112
0.00062325925
0.00044440829
0.0010850473
-0.00069416081
0.021621918
0.020253892
0.018625875
0.016815593
0.014916172
0.013084072
0.0114627
0.01012293
0.0090622764
0.0082340237
0.0075797615
0.0070511882
0.0066156538
0.0062512802
0.0059419618
0.0056757661
0.0054440329
0.0052400741
0.0050586443
0.0048957752
0.0047482093
0.0046131697
0.0044886204
0.0043730105
0.0042648069
0.0041626628
0.0040657839
0.0039734589
0.0038847369
0.0037990201
0.0037162913
0.003636287
0.0035582977
0.0034822054
0.0034084795
0.0033372887
0.0032683971
0.0032021586
0.0031396203
0.0030817062
0.0030290446
0.0029828198
0.002945177
0.0029180146
0.0029027997
0.0029022407
0.0029190808
0.00295414
0.0030073758
0.0030783995
0.0031657726
0.003266762
0.00337795
0.0034952416
0.003613088
0.003725101
0.003822873
0.003897861
0.0039439014
0.0039587146
0.0039437047
0.0039034024
0.0038435473
0.003769303
0.0036860062
0.0035966711
0.0035040221
0.0034103897
0.0033170861
0.0032235105
0.0031313721
0.0030402306
0.0029493235
0.0028595774
0.0027699411
0.0026807456
0.0025916301
0.0025004173
0.0024078521
0.0023141328
0.0022192904
0.0021231911
0.0020253626
0.0019263504
0.0018252948
0.001723199
0.0016194586
0.0015142089
0.0014081211
0.0013006943
0.0011933266
0.0010856322
0.00097946386
0.00087424714
0.00077647318
0.00067382926
0.00062540399
0.0004553321
0.0010880123
-0.00066574348
0.020950313
0.019697033
0.018228772
0.016598701
0.014875087
0.013188868
0.011667264
0.010379223
0.009332065
0.008494185
0.0078204328
0.0072701132
0.0068134966
0.006429665
0.0061029052
0.0058212563
0.0055758214
0.0053597452
0.0051676146
0.0049952419
0.0048392324
0.0046967283
0.0045655385
0.0044439718
0.0043304582
0.0042236126
0.0041225118
0.004026382
0.0039343079
0.0038456441
0.0037602374
0.003677812
0.0035977434
0.0035198529
0.0034444954
0.0033718414
0.0033017318
0.0032344786
0.0031710265
0.0031122829
0.003058925
0.0030120994
0.0029738046
0.0029459158
0.0029299419
0.0029283864
0.0029438326
0.0029771741
0.0030283818
0.0030970412
0.0031817593
0.0032798965
0.0033880855
0.0035022773
0.0036170504
0.0037261293
0.0038213378
0.0038944024
0.0039393184
0.0039538765
0.0039393543
0.0038997422
0.0038407106
0.0037674059
0.0036849333
0.0035963942
0.0035040896
0.0034110521
0.0033180556
0.0032246304
0.0031326454
0.0030415919
0.002950771
0.0028611214
0.0027715626
0.0026824819
0.0025934481
0.0025023434
0.0024099722
0.0023163723
0.002221606
0.0021257407
0.0020279256
0.0019287516
0.0018277865
0.0017256436
0.0016216756
0.0015165737
0.0014106007
0.0013032245
0.0011959231
0.0010882682
0.00098209404
0.00087688099
0.00077900843
0.00067643472
0.00062728021
0.00046559199
0.0010852099
-0.0006352366
0.020325954
0.01917691
0.01784952
0.016378427
0.014812801
0.013261737
0.011837048
0.010604278
0.0095776828
0.0087376853
0.0080505096
0.0074827261
0.0070079342
0.0066065795
0.0062636186
0.0059673113
0.0057086968
0.0054808267
0.0052781815
0.0050964138
0.0049320099
0.004782037
0.0046441795
0.0045166215
0.0043977463
0.0042861317
0.0041807488
0.0040807593
0.0039852653
0.0038935834
0.0038054461
0.0037205532
0.0036383457
0.0035586002
0.0034815696
0.0034074161
0.0033360429
0.00326773
0.0032033293
0.0031437248
0.0030896314
0.003042162
0.0030031822
0.0029745314
0.0029577466
0.0029551519
0.0029691725
0.0030007554
0.0030498911
0.0031161443
0.0031981627
0.003293397
0.0033985355
0.0035095781
0.0036212279
0.0037273386
0.0038199084
0.0038910544
0.0039348186
0.0039490863
0.0039350011
0.0038960657
0.0038378648
0.0037654988
0.0036838392
0.0035960984
0.0035042155
0.0034117144
0.0033190176
0.0032258188
0.0031339596
0.0030429354
0.0029521626
0.0028625287
0.0027729391
0.0026838815
0.0025948656
0.002503824
0.0024115954
0.0023181032
0.0022234791
0.0021277598
0.0020300045
0.0019309817
0.0018302369
0.0017279386
0.00162389
0.0015188652
0.0014127328
0.0013053666
0.0011982042
0.0010905821
0.00098445834
0.00087929842
0.00078134357
0.00067888379
0.00062887169
0.00047501551
0.001076547
-0.00060291111
0.019744274
0.018689994
0.017487144
0.016156498
0.014732722
0.013306426
0.011975086
0.010799829
0.0097995241
0.0089640037
0.0082690779
0.0076880551
0.0071980808
0.0067812796
0.0064235128
0.0061134735
0.0058423032
0.0056030474
0.0053901413
0.0051991364
0.0050264261
0.0048690136
0.0047244852
0.0045909182
0.004466645
0.0043502072
0.0042404895
0.0041365906
0.0040376156
0.0039428499
0.00385193
0.0037645244
0.0036801215
0.0035984656
0.0035197197
0.0034440298
0.003371348
0.0033019303
0.0032365447
0.0031760467
0.0031211782
0.003073021
0.0030333208
0.0030038713
0.0029862243
0.0029825457
0.002995107
0.0030248907
0.0030719112
0.0031357162
0.0032149904
0.0033072718
0.0034093084
0.0035171523
0.0036256305
0.0037287395
0.0038185986
0.0038878299
0.0039304081
0.003944348
0.0039306478
0.0038923735
0.0038350007
0.0037635712
0.0036827445
0.0035957094
0.0035044577
0.0034123885
0.0033199828
0.0032270349
0.0031353017
0.0030443546
0.0029536466
0.0028639694
0.0027742951
0.0026852036
0.0025961124
0.0025050398
0.0024128783
0.0023194506
0.0022249382
0.002129323
0.0020316603
0.0019327853
0.0018321531
0.0017299246
0.0016261027
0.0015210728
0.0014148244
0.0013075152
0.0012002634
0.0010925262
0.00098654242
0.00088140656
0.00078340655
0.00068111781
0.00063016289
0.00048346627
0.0010623221
-0.00056914534
0.019201204
0.018233121
0.017140647
0.015934296
0.014637835
0.013326368
0.012084284
0.010967678
0.0099981828
0.0091728347
0.008475382
0.0078852212
0.0073830936
0.0069530294
0.0065819843
0.0062592625
0.0059762606
0.0057261115
0.0055032675
0.0053032355
0.0051223486
0.0049575611
0.0048063854
0.0046668109
0.0045371196
0.004415819
0.004301723
0.0041938711
0.0040913613
0.0039934519
0.0038996995
0.0038097372
0.0037230858
0.0036394657
0.0035589619
0.0034816981
0.0034076638
0.0033370961
0.0032706882
0.0032092626
0.0031535787
0.0031046892
0.0030642312
0.003033945
0.0030153846
0.0030105759
0.0030216425
0.0030495869
0.003094449
0.0031557638
0.0032322498
0.0033215289
0.003420413
0.0035250095
0.0036302684
0.003730346
0.0038174487
0.0038847226
0.0039260858
0.0039396687
0.0039263032
0.0038886708
0.0038321207
0.0037616248
0.0036816358
0.0035953152
0.0035047253
0.0034130668
0.0033209709
0.0032283051
0.0031366891
0.003045798
0.002955158
0.0028654617
0.0027757477
0.0026865888
0.0025973597
0.0025062141
0.0024140469
0.0023205945
0.0022261152
0.0021305482
0.0020329507
0.0019341937
0.00183366
0.0017315619
0.001627876
0.0015229177
0.0014168308
0.0013096269
0.0012022489
0.0010945365
0.00098849334
0.00088314039
0.00078517077
0.00068305508
0.00063111273
0.00049085394
0.0010430441
-0.00053445133
0.018693111
0.017803462
0.016809052
0.015712914
0.014530733
0.013324684
0.012167404
0.011109663
0.010174419
0.0093640735
0.0086688262
0.0080734467
0.0075621838
0.0071211108
0.0067384235
0.00640418
0.0061101677
0.0058497003
0.0056173113
0.0054085177
0.0052196278
0.0050475672
0.0048897967
0.0047442377
0.0046091265
0.0044829387
0.0043644316
0.0042525907
0.0041465001
0.0040453936
0.0039487619
0.0038562008
0.0037672512
0.0036816152
0.003599311
0.0035204359
0.0034450058
0.0033732431
0.0033057743
0.0032433859
0.0031868459
0.0031371791
0.0030959238
0.0030647614
0.0030452364
0.0030392504
0.0030487855
0.0030748507
0.0031175112
0.0031762937
0.0032499479
0.0033361765
0.0034318583
0.0035331608
0.003635148
0.0037321635
0.0038165004
0.0038817413
0.003921856
0.0039350537
0.0039219736
0.0038849608
0.0038292283
0.0037596614
0.0036805153
0.0035949223
0.0035049908
0.0034137549
0.003321983
0.0032296074
0.0031381132
0.0030472984
0.0029567154
0.0028669869
0.0027772339
0.0026880055
0.002598683
0.0025074743
0.0024152459
0.0023217191
0.0022272154
0.0021316118
0.0020340036
0.0019353046
0.00183484
0.0017328573
0.001629276
0.0015244309
0.0014184733
0.001311349
0.001204067
0.0010965382
0.00099033605
0.00088491749
0.00078683867
0.00068466396
0.00063170726
0.00049715731
0.0010192123
-0.0004994351
0.018216753
0.017398491
0.016491412
0.015493213
0.014413654
0.013304196
0.012227049
0.011227628
0.010329127
0.0095377974
0.0088489737
0.0082520627
0.0077346258
0.007284834
0.0068922231
0.0065477158
0.0062436047
0.0059734744
0.005732003
0.0055147699
0.0053180967
0.0051389035
0.0049746221
0.0048231254
0.0046826118
0.0045515297
0.0044285907
0.0043127339
0.0042030248
0.0040986752
0.003999121
0.0039039217
0.0038126279
0.0037249268
0.0036407802
0.0035602563
0.0034833883
0.0034103859
0.0033418168
0.0032784292
0.003220992
0.0031705022
0.0031284084
0.0030963287
0.0030757882
0.0030685765
0.0030765423
0.0031006883
0.0031411041
0.0031973123
0.0032680919
0.0033512226
0.003443654
0.0035416136
0.0036402984
0.003734073
0.0038157997
0.0038789306
0.0039177488
0.0039305232
0.0039176752
0.0038812541
0.0038263301
0.0037576849
0.0036793863
0.0035945274
0.0035052554
0.0034144582
0.0033230183
0.0032309332
0.0031395707
0.0030488389
0.0029583137
0.0028685549
0.002778788
0.0026894693
0.0026000354
0.0025087746
0.0024164904
0.0023229226
0.0022283659
0.00213267
0.0020350044
0.0019362894
0.0018358202
0.0017338909
0.0016303763
0.0015256346
0.0014197845
0.0013127498
0.0012055777
0.0010981331
0.00099194835
0.00088670718
0.0007884096
0.00068628225
0.00063216899
0.00050244919
0.00099129731
-0.0004646184
0.017769233
0.017015957
0.016186831
0.015275856
0.014288523
0.013267433
0.012265655
0.011323401
0.010463307
0.0096942457
0.009015541
0.0084205136
0.0078997653
0.0074435459
0.0070427868
0.0066893539
0.0063761381
0.0060970764
0.0058470531
0.0056217601
0.0054175711
0.0052314262
0.0050607507
0.0049033888
0.0047575116
0.0046215458
0.0044941683
0.0043742787
0.0042609227
0.0041532918
0.0040507771
0.0039529032
0.0038592229
0.0037694109
0.0036833807
0.0036011709
0.0035228238
0.0034485378
0.0033788282
0.0033144041
0.003256028
0.0032046692
0.0031616941
0.0031286548
0.0031070479
0.0030985614
0.0031049185
0.0031271054
0.0031652338
0.0032188259
0.0032866886
0.0033666756
0.0034558089
0.0035503819
0.003645712
0.0037362159
0.0038153432
0.0038762728
0.0039137526
0.0039260721
0.00391341
0.003877554
0.0038234283
0.0037556971
0.0036782492
0.0035941302
0.0035055213
0.0034151771
0.0033240759
0.0032322838
0.0031410629
0.0030504158
0.0029599506
0.0028701661
0.0027803883
0.002690978
0.0026014301
0.0025101347
0.0024177845
0.0023241468
0.0022295445
0.0021337995
0.0020360695
0.0019372839
0.0018367642
0.0017348255
0.001631303
0.0015266063
0.0014208224
0.0013138648
0.0012067915
0.0010994166
0.00099329664
0.00088813087
0.0007897145
0.00068787053
0.00063248467
0.00050699289
0.00096019423
-0.00043020971
0.017347962
0.016653855
0.015894468
0.015061353
0.014156985
0.013216656
0.012285483
0.011398769
0.010578037
0.0098337988
0.00916839
0.0085783591
0.0080570262
0.0075966385
0.0071895367
0.006828579
0.0065073245
0.0062201337
0.0059621543
0.0057292383
0.0055178494
0.0053249752
0.0051480569
0.0049849302
0.004833751
0.0046929317
0.004561124
0.0044371963
0.0043201751
0.0042092335
0.0041037259
0.0040031452
0.0039070404
0.0038150749
0.0037271216
0.0036431896
0.0035633235
0.0034877105
0.00341682
0.0033513211
0.0032919643
0.00323969
0.0031957894
0.0031617468
0.0031390225
0.0031292117
0.0031339196
0.0031541074
0.003189906
0.0032408407
0.0033057451
0.0033825435
0.0034683326
0.0035594749
0.0036514114
0.0037385784
0.0038151201
0.00387379
0.0039098925
0.0039217191
0.0039091918
0.0038738703
0.003820528
0.0037537011
0.0036771056
0.0035937316
0.0035057893
0.003415911
0.0033251559
0.0032336604
0.0031425901
0.0030520306
0.0029616268
0.0028718202
0.0027820275
0.0026925289
0.0026028677
0.0025115395
0.0024191203
0.002325434
0.0022307649
0.0021349471
0.0020371701
0.0019383277
0.0018377705
0.0017357848
0.0016322051
0.0015274987
0.0014217061
0.0013147691
0.0012077528
0.0011004326
0.00099437308
0.00088925658
0.00079075658
0.00068911801
0.00063246618
0.00051071837
0.00092699236
-0.00039605773
0.016950622
0.016310398
0.015613537
0.014850088
0.014020443
0.013153869
0.012288621
0.011455461
0.010674444
0.0099569569
0.009307518
0.0087252739
0.0082059155
0.0077435564
0.007331922
0.0069648833
0.0066367162
0.0063422621
0.0060769842
0.0058369378
0.0056187136
0.0054193747
0.0052364008
0.005067639
0.0049112436
0.0047656214
0.0046294086
0.0045014506
0.0043807569
0.0042664847
0.0041579587
0.0040546436
0.0039560809
0.0038619234
0.0037720096
0.00368632
0.0036048962
0.0035279142
0.0034558021
0.0033891897
0.0033288097
0.0032755734
0.0032307018
0.0031956111
0.0031717186
0.0031605333
0.0031635504
0.0031816992
0.0032151261
0.0032633625
0.0033252678
0.0033988342
0.0034812349
0.0035689027
0.0036574157
0.0037411891
0.0038151025
0.0038714949
0.0039061878
0.0039174837
0.0039050357
0.0038702136
0.0038176353
0.0037517011
0.0036759574
0.0035933327
0.0035060601
0.0034166601
0.003326259
0.0032350637
0.0031441529
0.0030536843
0.0029633432
0.0028735182
0.0027837079
0.0026941234
0.0026043492
0.0025129829
0.0024204955
0.0023267642
0.0022320244
0.0021361316
0.0020383243
0.0019394122
0.0018387962
0.0017367774
0.0016331702
0.0015284274
0.0014225742
0.0013156055
0.0012085732
0.0011012528
0.00099520983
0.00089012288
0.00079153052
0.00069006955
0.00063214284
0.00051344622
0.00089249993
-0.00036214228
0.016575138
0.015983996
0.015343314
0.014642343
0.013880086
0.013080847
0.012276986
0.011495137
0.010753689
0.010064319
0.0094330448
0.0088610449
0.0083460267
0.0078838029
0.0074694252
0.007097773
0.0067638657
0.0064630697
0.0061912071
0.0059445769
0.0057199302
0.0055144333
0.0053256278
0.0051513914
0.0049898914
0.0048395388
0.004698964
0.0045669975
0.004442636
0.0043250236
0.0042134616
0.0041073901
0.0040063413
0.0039099574
0.0038180484
0.0037305675
0.0036475489
0.003569157
0.0034957829
0.0034280176
0.0033665721
0.0033123269
0.003266438
0.0032302532
0.0032051417
0.0031925315
0.0031938154
0.0032098852
0.0032408991
0.0032863968
0.0033452633
0.0034155558
0.0034945243
0.003578681
0.0036637116
0.0037442575
0.003815258
0.00386936
0.0039026081
0.0039133577
0.0039009453
0.0038665894
0.0038147543
0.0037497008
0.0036748068
0.0035929349
0.0035063347
0.0034174248
0.0033273858
0.0032364943
0.0031457517
0.0030553779
0.0029651008
0.0028752609
0.0027854311
0.0026957625
0.0026058756
0.0025144668
0.002421912
0.0023281313
0.0022333212
0.0021373528
0.0020395164
0.0019405322
0.0018398746
0.0017378089
0.0016341442
0.0015293796
0.0014235045
0.0013164804
0.001209378
0.0011020113
0.00099591445
0.00089079866
0.00079206438
0.00069075086
0.00063152478
0.00051534929
0.00085736428
-0.00032876344
0.01621965
0.015673229
0.015083128
0.014438321
0.013736925
0.012999151
0.012252322
0.011519373
0.010816941
0.010156561
0.0095451996
0.0089855667
0.008477041
0.0080169446
0.0076015693
0.0072267747
0.006888332
0.0065821609
0.0063044782
0.0060518604
0.0058212508
0.0056099451
0.005415569
0.0052360503
0.005069584
0.0049145966
0.004769722
0.0046337847
0.0045057731
0.004384822
0.0042702149
0.0041613716
0.0040578141
0.0039591746
0.0038652388
0.0037759347
0.0036912862
0.003611445
0.0035367691
0.0034678114
0.0034052577
0.0033499569
0.0033030036
0.0032656779
0.0032392965
0.0032252109
0.0032247184
0.0032386694
0.0032672296
0.0033099489
0.0033657379
0.003432716
0.0035082113
0.0035888169
0.0036703384
0.0037476171
0.0038156336
0.0038674768
0.0038991786
0.003909361
0.0038969416
0.0038630121
0.0038118949
0.0037477074
0.0036736583
0.0035925407
0.0035066149
0.0034182058
0.0033285372
0.003237953
0.003147387
0.0030571121
0.0029669003
0.0028770492
0.002787198
0.0026974472
0.0026074482
0.0025159928
0.0024233706
0.0023295373
0.0022346562
0.0021386109
0.0020407412
0.0019416849
0.0018409894
0.0017388719
0.0016351732
0.0015303636
0.0014244366
0.0013173814
0.0012102347
0.0011028038
0.00099660304
0.00089140915
0.00079245996
0.0006912217
0.00063063858
0.00051663436
0.00082219621
-0.00029634613
0.015882487
0.015376832
0.014832365
0.014238159
0.013591811
0.012910152
0.012216215
0.011529656
0.010865363
0.010234421
0.0096443066
0.0090988341
0.0085987272
0.0081426151
0.0077279227
0.0073514417
0.0070096853
0.0066991409
0.006416446
0.006158483
0.0059224143
0.0057056902
0.0055060417
0.0053214652
0.0051501991
0.0049906964
0.0048416046
0.0047017507
0.0045701209
0.0044458446
0.004328193
0.0042165699
0.0041104874
0.0040095683
0.003913578
0.0038224214
0.0037361099
0.003654782
0.003578765
0.0035085756
0.0034448714
0.0033884682
0.0033404029
0.0033018888
0.0032741869
0.0032585754
0.0032562627
0.0032680551
0.0032941217
0.0033340237
0.0033866974
0.0034503225
0.0035223051
0.0035993231
0.0036773025
0.0037512674
0.0038162885
0.0038658723
0.0038959163
0.0039054977
0.0038930322
0.0038594862
0.0038090609
0.003745725
0.0036725148
0.0035921522
0.0035069023
0.0034190039
0.0033297137
0.0032394404
0.0031490592
0.0030588875
0.0029687424
0.0028788837
0.0027890096
0.0026991782
0.0026090678
0.0025175618
0.0024248722
0.0023309833
0.0022360303
0.0021399067
0.0020420001
0.0019428724
0.001842135
0.0017399657
0.0016362371
0.0015313762
0.0014254049
0.0013183212
0.0012111096
0.0011036127
0.00099732873
0.00089204471
0.00079282875
0.00069159761
0.00062956074
0.00051754949
0.00078763647
-0.0002654111
0.015562151
0.015093674
0.01459046
0.014041944
0.013445464
0.012815051
0.012170097
0.01152738
0.010900094
0.010298677
0.009730771
0.0092009347
0.0087109395
0.0082605173
0.0078481038
0.0074713591
0.0071275125
0.0068136203
0.0065267565
0.0062641309
0.0060231485
0.005801436
0.0055968498
0.0054074729
0.0052316018
0.0050677282
0.0049145231
0.0047708249
0.0046356239
0.0045080489
0.0043873639
0.0042729612
0.0041643442
0.0040611276
0.0039630594
0.003870024
0.0037820191
0.003699169
0.0036217731
0.0035503129
0.003485416
0.0034278642
0.003378639
0.0033388884
0.0033098154
0.0032926278
0.0032884509
0.0032980449
0.0033215788
0.0033586256
0.0034081477
0.0034683828
0.0035368153
0.003610211
0.0036846146
0.0037552304
0.0038172513
0.0038644828
0.0038928583
0.0039018006
0.0038892408
0.0038560247
0.0038062611
0.0037437604
0.0036713806
0.0035917723
0.0035071989
0.00341982
0.003330916
0.0032409572
0.0031507686
0.0030607047
0.002970628
0.002880765
0.0027908668
0.0027009565
0.0026107356
0.002519175
0.0024264177
0.0023324704
0.0022374444
0.0021412413
0.0020432944
0.0019440954
0.0018433129
0.0017410915
0.0016373292
0.0015324176
0.0014264026
0.0013192883
0.0012120087
0.0011044594
0.00099807708
0.0008926816
0.00079321623
0.00069197236
0.00062835924
0.00051836757
0.00075426716
-0.00023637105
0.015257293
0.014822741
0.014356894
0.013849724
0.013298489
0.012714897
0.012115258
0.011513839
0.010922244
0.010350135
0.0098050638
0.0092920395
0.0088136142
0.0083704236
0.0079617848
0.0075861489
0.0072414226
0.0069252197
0.0066350566
0.0063684855
0.0061231722
0.0058969387
0.005687785
0.0054938975
0.0053136453
0.0051455706
0.0049883784
0.0048409271
0.0047022178
0.0045713842
0.0044476884
0.0043305155
0.0042193624
0.0041138366
0.0040136723
0.0039187354
0.0038290095
0.0037446042
0.0036657931
0.0035930238
0.0035268927
0.0034681464
0.0034177134
0.003376678
0.0033461836
0.0033273701
0.0033212847
0.003328641
0.0033496039
0.0033837587
0.0034300942
0.0034869042
0.0035517512
0.0036214918
0.0036922879
0.0037595218
0.0038185414
0.0038633077
0.0038900218
0.0038982793
0.0038855826
0.0038526383
0.003803505
0.0037418212
0.0036702609
0.0035914044
0.0035075072
0.0034206553
0.003332145
0.0032425042
0.0031525157
0.0030625645
0.0029725576
0.0028826939
0.0027927706
0.0027027828
0.0026124524
0.0025208334
0.0024280079
0.0023339995
0.0022388993
0.0021426154
0.0020446251
0.0019453545
0.0018445242
0.0017422499
0.0016384509
0.0015334882
0.0014274268
0.0013202792
0.0012129303
0.0011053291
0.00099884292
0.00089334183
0.00079361005
0.00069232249
0.00062711667
0.00051944189
0.00072255305
-0.0002096895
0.014966701
0.014563127
0.01413119
0.013661514
0.013151392
0.012610605
0.012052854
0.011490233
0.010932877
0.01038961
0.0098677091
0.0093723927
0.0089067642
0.0084721761
0.0080686938
0.0076954739
0.0073510509
0.007033574
0.0067409985
0.0064712265
0.0062221977
0.0059919449
0.0057786279
0.0055805513
0.0053961707
0.0052240909
0.0050630605
0.0049119669
0.0047698294
0.0046357921
0.0045091203
0.0043891965
0.004275514
0.0041676746
0.0040654014
0.0039685445
0.0038770734
0.0037910829
0.003710822
0.0036367064
0.0035693003
0.0035093143
0.003457626
0.0034152575
0.003383292
0.0033628031
0.0033547652
0.0033598446
0.0033781993
0.0034094266
0.0034525419
0.0035058937
0.0035671223
0.0036331765
0.0037003377
0.0037641477
0.0038201672
0.0038624501
0.0038874257
0.0038949136
0.0038820562
0.0038493269
0.0038007958
0.0037399107
0.0036691578
0.0035910502
0.0035078289
0.0034215108
0.0033334015
0.0032440823
0.003154301
0.0030644674
0.0029745321
0.002884671
0.0027947219
0.0027046581
0.0026142193
0.0025225382
0.0024296439
0.0023355718
0.002240396
0.0021440301
0.0020459928
0.0019466506
0.0018457698
0.0017434413
0.0016396035
0.0015345886
0.0014284785
0.0013212948
0.0012138751
0.0011062168
0.00099962244
0.00089401387
0.00079400464
0.00069265446
0.00062579246
0.00052084019
0.00069247704
-0.00018548008
0.01468928
0.014314016
0.013912912
0.013477305
0.013004599
0.012502972
0.01198392
0.011457667
0.010933012
0.010417922
0.0099192704
0.009442302
0.0089904738
0.008565684
0.008168616
0.0077990409
0.0074560637
0.0071383371
0.0068442433
0.0065720349
0.0063199333
0.0060861939
0.0058691492
0.0056672356
0.0054790081
0.005303145
0.0051384486
0.004983844
0.0048383761
0.0047012053
0.0045716053
0.0044489611
0.0043327647
0.004222615
0.0041182265
0.004019436
0.0039261994
0.0038385966
0.003756854
0.0036813563
0.0036126355
0.0035513657
0.0034983749
0.0034546253
0.0034211394
0.0033989266
0.0033888922
0.0033916563
0.0034073668
0.0034356323
0.0034754954
0.003525358
0.0035829374
0.0036452771
0.0037087735
0.0037691491
0.0038219477
0.0038619915
0.0038851393
0.0038917179
0.0038786928
0.0038461102
0.0037981488
0.003738039
0.0036680771
0.0035907131
0.0035081661
0.0034223877
0.0033346864
0.0032456925
0.0031561253
0.0030664145
0.0029765525
0.0028866973
0.0027967219
0.0027065835
0.0026160374
0.0025242905
0.0024313266
0.0023371882
0.0022419356
0.0021454863
0.0020473987
0.0019479844
0.0018470504
0.0017446666
0.0016407876
0.0015357194
0.0014295583
0.0013223358
0.0012148435
0.0011071233
0.0010004167
0.00089469355
0.00079439309
0.00069297807
0.00062440975
0.00052220046
0.00066354389
-0.00016351023
0.014424045
0.014074674
0.013701656
0.013297066
0.012858466
0.01239269
0.011909379
0.011417154
0.010923612
0.010435876
0.0099603391
0.0095021279
0.0090648912
0.0086509209
0.0082613938
0.0078966032
0.0075561612
0.0072391854
0.0069444649
0.0066705968
0.0064160866
0.0061794196
0.0059591115
0.0057537421
0.0055619768
0.005382578
0.0052144113
0.005056448
0.0049077659
0.0047675479
0.0046350815
0.0045097586
0.0043910741
0.0042786258
0.0041721224
0.0040713899
0.0039763717
0.0038871333
0.0038038796
0.0037269661
0.0036568923
0.0035942957
0.0035399564
0.003494778
0.0034597233
0.0034357387
0.0034236649
0.0034240757
0.003437107
0.0034623782
0.003498959
0.0035453035
0.0035992054
0.0036578045
0.0037176105
0.0037745334
0.0038240178
0.0038618987
0.0038831623
0.0038886547
0.0038755043
0.0038429961
0.0037955743
0.0037362152
0.0036670255
0.0035903975
0.0035085216
0.003423287
0.0033360003
0.0032473352
0.0031579887
0.003068406
0.0029786195
0.0028887734
0.0027987716
0.0027085599
0.0026179077
0.0025260918
0.0024330572
0.0023388499
0.0022435189
0.002146985
0.0020488437
0.0019493568
0.0018483669
0.0017459264
0.0016420038
0.001536881
0.0014306668
0.0013234027
0.0012158358
0.0011080491
0.0010012257
0.00089538066
0.00079477636
0.00069328624
0.00062303486
0.00052321185
0.00063536779
-0.0001435534
0.014170105
0.01384444
0.013497053
0.013120754
0.012713286
0.012280361
0.011830055
0.011369619
0.010905583
0.010444263
0.0099915237
0.0095522737
0.0091302218
0.0087279208
0.0083469259
0.0079879617
0.0076510811
0.0073358218
0.007041354
0.0067666067
0.0065103667
0.006271353
0.0060482713
0.0058398538
0.0056448862
0.0054622245
0.0052908067
0.0051296583
0.0049778971
0.0048347348
0.0046994782
0.0045715311
0.0044503945
0.0043356683
0.004227058
0.0041243813
0.0040275704
0.0039366771
0.0038518861
0.0037735252
0.003702062
0.0036380972
0.0035823644
0.0035357107
0.0034990396
0.0034732367
0.003459081
0.0034571014
0.0034674201
0.0034896661
0.0035229363
0.0035657361
0.0036159352
0.003670769
0.0037268666
0.0037802893
0.0038266628
0.0038621027
0.0038814625
0.0038856628
0.0038724913
0.0038399861
0.0037930737
0.0037344406
0.0036660064
0.0035901073
0.0035088984
0.0034242106
0.0033373442
0.0032490114
0.0031598918
0.0030704424
0.0029807336
0.0028909
0.0028008719
0.0027105882
0.0026198314
0.0025279431
0.0024348367
0.0023405582
0.0022451472
0.0021485274
0.0020503288
0.0019507687
0.0018497203
0.0017472216
0.0016432529
0.001538074
0.0014318045
0.0013244956
0.0012168521
0.0011089942
0.0010020494
0.00089607458
0.0007951555
0.00069356969
0.00062164387
0.00052373801
0.000608153
-0.00012539225
0.013926655
0.013622716
0.01329876
0.012948314
0.012569304
0.012166507
0.011746678
0.011315905
0.010879775
0.010443846
0.01001344
0.0095931761
0.0091867201
0.0087967734
0.0084251656
0.0080729658
0.0077406003
0.0074279789
0.0071346213
0.0068597709
0.0066024883
0.006361725
0.006136381
0.0059253472
0.0057275375
0.0055419102
0.0053674832
0.0052033443
0.0050486584
0.0049026719
0.0047647166
0.0046342127
0.0045106713
0.0043936974
0.0042829963
0.0041783797
0.0040797705
0.0039872076
0.0039008568
0.0038210198
0.0037481329
0.0036827604
0.0036255906
0.0035774162
0.0035390825
0.0035114159
0.0034951369
0.0034907312
0.0034983052
0.0035174969
0.0035474303
0.0035866614
0.0036331347
0.0036841821
0.0037365511
0.0037864577
0.003829753
0.0038626399
0.0038800657
0.003882763
0.0038696813
0.0038371312
0.0037906791
0.0037327252
0.0036650233
0.0035898439
0.003509297
0.0034251577
0.0033387168
0.0032507197
0.003161833
0.0030725227
0.0029828943
0.0028930765
0.0028030229
0.0027126689
0.0026218091
0.0025298457
0.0024366662
0.0023423142
0.0022468217
0.0021501146
0.0020518554
0.0019522212
0.0018511116
0.001748553
0.0016445356
0.0015392992
0.0014329721
0.0013256151
0.0012178927
0.0011099587
0.0010028872
0.00089677523
0.0007955264
0.00069384685
0.00062021176
0.00052375683
0.00058180019
-0.00010879831
0.013692965
0.013408959
0.013106461
0.012779678
0.012426723
0.01205158
0.011659898
0.011256777
0.010846977
0.010435359
0.010026703
0.0096252959
0.0092346819
0.0088576183
0.0084961175
0.0081515121
0.0078245359
0.0075154205
0.0072240003
0.0069498105
0.0066921734
0.0064502686
0.0062231905
0.006009993
0.0058097241
0.0056214511
0.0054442794
0.0052773658
0.0051199289
0.0049712558
0.0048307087
0.0046977291
0.0045718422
0.0044526613
0.0043398941
0.0042333493
0.0041329422
0.0040387
0.003950771
0.0038694324
0.0037950901
0.0037282727
0.0036696243
0.0036198853
0.0035798443
0.0035502703
0.0035318282
0.0035249615
0.0035297605
0.0035458709
0.0035724437
0.0036080844
0.0036508119
0.0036980542
0.0037466781
0.0037930538
0.0038332208
0.003863585
0.0038789804
0.0038800591
0.0038669336
0.0038344346
0.003788429
0.0037310938
0.0036640912
0.0035896172
0.0035097233
0.0034261313
0.0033401192
0.0032524604
0.0031638117
0.0030746456
0.0029851003
0.0028953017
0.0028052238
0.0027148013
0.0026238404
0.0025317995
0.0024385459
0.0023441186
0.002248543
0.0021517475
0.0020534243
0.0019537152
0.0018525417
0.0017499216
0.0016458529
0.0015405572
0.00143417
0.0013267617
0.0012189579
0.0011109426
0.0010037392
0.00089748119
0.00079589252
0.00069408838
0.00061878812
0.00052335707
0.00055605141
-9.383699e-05
0.013468374
0.013202677
0.012919864
0.012614778
0.012285705
0.01193597
0.01157029
0.011192927
0.010807922
0.010419501
0.010031921
0.0096491107
0.0092744378
0.0089106406
0.0085598355
0.0082235452
0.0079027477
0.0075979461
0.0073092516
0.0070364658
0.0067791563
0.0065367227
0.0063084511
0.0060935597
0.0058912344
0.0057006568
0.0055210258
0.0053515736
0.0051915784
0.005040374
0.004897358
0.0047619979
0.0046338371
0.0045125005
0.0043977012
0.0042892477
0.0041870496
0.0040911241
0.0040016031
0.0039187411
0.0038429148
0.0037746178
0.0037144517
0.0036631061
0.0036213149
0.0035897916
0.0035691481
0.0035597875
0.003561783
0.0035747872
0.0035979778
0.0036300093
0.0036689739
0.0037123956
0.0037572602
0.0038000873
0.003837085
0.0038648262
0.0038783735
0.0038779183
0.003864006
0.0038317908
0.0037862975
0.0037295419
0.0036632129
0.0035894317
0.0035101823
0.0034271356
0.0033415547
0.0032542356
0.0031658288
0.0030768113
0.0029873514
0.002897575
0.0028074738
0.0027169844
0.0026259245
0.0025338041
0.0024404754
0.002345971
0.0022503111
0.0021534261
0.002055036
0.001955251
0.0018540114
0.001751328
0.0016472054
0.0015418487
0.0014353989
0.0013279356
0.0012200479
0.001111946
0.0010046049
0.00089819245
0.00079624817
0.00069432255
0.00061736869
0.00052248044
0.00053104014
-8.0539695e-05
0.013252282
0.013003423
0.012738697
0.012453534
0.012146385
0.011820017
0.011478364
0.011124981
0.010763288
0.010396934
0.010029686
0.0096651049
0.0093063427
0.0089560613
0.008616415
0.0082890514
0.0079751338
0.0076753877
0.0073901618
0.0071194956
0.0068631834
0.0066208327
0.0063919158
0.0061758137
0.0059718518
0.00577933
0.0055975451
0.0054258101
0.0052634683
0.0051099056
0.0049645597
0.0048269289
0.0046965787
0.0045731491
0.0044563618
0.0043460275
0.0042420525
0.0041444455
0.0040533241
0.0039689212
0.0038915857
0.0038217775
0.003760057
0.0037070652
0.0036634831
0.0036299706
0.0036070893
0.0035952035
0.0035943691
0.0036042446
0.003624034
0.0036524402
0.003687628
0.0037272161
0.0037683107
0.0038075678
0.0038413959
0.0038661796
0.0038783625
0.0038765369
0.0038610646
0.0038292688
0.0037843154
0.0037280966
0.0036624123
0.0035893076
0.0035106913
0.0034281849
0.0033430347
0.0032560549
0.0031678915
0.0030790254
0.0029896515
0.0028998988
0.0028097746
0.0027192193
0.0026280617
0.0025358597
0.0024424546
0.0023478714
0.002252126
0.0021551506
0.0020566906
0.0019568289
0.0018555209
0.0017527724
0.0016485935
0.001543174
0.0014366591
0.0013291373
0.0012211627
0.0011129688
0.0010054841
0.00089890772
0.00079659476
0.00069452652
0.00061578168
0.00052108377
0.00050701462
-6.835129e-05
0.013044141
0.012810788
0.012562707
0.012295869
0.012008871
0.011704012
0.011384571
0.011053506
0.010713698
0.010368288
0.010020578
0.0096737703
0.0093307767
0.0089941392
0.0086659964
0.0083480641
0.0080416375
0.0077476169
0.0074665503
0.007198685
0.0069440198
0.006702356
0.0064733437
0.0062565226
0.0060513575
0.0058572678
0.0056736523
0.0054999085
0.0053354499
0.0051797188
0.0050321982
0.004892421
0.0047599791
0.0046345311
0.0045158101
0.0044036319
0.004297902
0.0041986221
0.0041058972
0.0040199406
0.003941075
0.0038697275
0.0038064191
0.0037517443
0.0037063331
0.0036707941
0.003645641
0.0036312008
0.0036275124
0.0036342392
0.0036506114
0.0036753793
0.0037067792
0.0037425244
0.0037798398
0.0038155156
0.0038461412
0.0038679578
0.0038788255
0.0038756825
0.0038585697
0.0038270457
0.0037825287
0.0037267833
0.0036617063
0.0035892557
0.0035112577
0.0034292844
0.003344563
0.003257921
0.0031700018
0.0030812888
0.0029920016
0.0029022738
0.0028121268
0.0027215064
0.0026302526
0.0025379669
0.0024444839
0.0023498204
0.0022539881
0.0021569212
0.0020583887
0.0019584494
0.0018570708
0.0017542555
0.0016500177
0.0015445335
0.001437951
0.0013303669
0.0012223025
0.0011140109
0.0010063762
0.00089962626
0.00079693045
0.00069469073
0.00061398198
0.00051898929
0.00048477367
-5.5888594e-05
0.012843457
0.012624399
0.01239166
0.012141698
0.011873244
0.011588202
0.011289302
0.010979002
0.010659719
0.010334139
0.010005144
0.009675585
0.0093481233
0.0090251506
0.0087087468
0.0084006485
0.008102235
0.0078145374
0.007538265
0.007273842
0.0070214488
0.0067810637
0.0065525033
0.00633546
0.0061295352
0.0059342683
0.0057491614
0.0055737002
0.0054073718
0.0052496793
0.005100155
0.0049583707
0.0048239484
0.0046965685
0.004575979
0.0044620032
0.0043545482
0.0042536112
0.0041592859
0.004071768
0.0039913556
0.0039184445
0.003853518
0.0037971262
0.0037498506
0.0037122504
0.0036847937
0.0036677723
0.003661208
0.0036647689
0.0036777105
0.0036988301
0.0037264344
0.0037583303
0.0037918596
0.0038239477
0.0038513379
0.0038703653
0.003879558
0.00387516
0.0038567102
0.0038251329
0.0037808985
0.0037255799
0.0036610815
0.0035892646
0.0035118714
0.0034304249
0.0033461308
0.0032598261
0.0031721528
0.003083596
0.0029943973
0.0029046967
0.0028145281
0.0027238442
0.0026324962
0.0025401256
0.0024465635
0.0023518183
0.0022558981
0.0021587389
0.0020601312
0.0019601131
0.0018586619
0.0017557779
0.0016514787
0.0015459278
0.0014392751
0.0013316248
0.0012234674
0.0011150722
0.0010072811
0.00090034695
0.00079725469
0.00069479842
0.00061205031
0.00051635458
0.00046465476
-4.2048624e-05
0.012649773
0.012443917
0.012225344
0.011990949
0.011739582
0.011472818
0.011192926
0.010901942
0.010601888
0.01029505
0.0099839251
0.0096710354
0.0093587879
0.0090494039
0.0087448724
0.0084469113
0.0081569428
0.0078760888
0.0076051836
0.0073447981
0.0070952696
0.006856735
0.0066291647
0.0064123953
0.00620616
0.0060101165
0.0058238708
0.0056469985
0.0054790633
0.0053196325
0.0051682911
0.005024654
0.0048883763
0.0047591639
0.0046367823
0.0045210656
0.0044119247
0.0043093541
0.0042134387
0.0041243581
0.0040423874
0.0039678934
0.0039013231
0.0038431844
0.0037940124
0.0037543197
0.0037245309
0.0037049045
0.0036954455
0.0036958263
0.0037053273
0.0037227919
0.0037465964
0.0037746401
0.0038043799
0.0038328759
0.0038570221
0.003873344
0.0038803413
0.0038748444
0.0038553614
0.0038234818
0.0037794126
0.0037244928
0.0036605456
0.0035893381
0.0035125341
0.0034316061
0.0033477371
0.0032617691
0.0031743433
0.0030859461
0.0029968382
0.0029071674
0.0028169792
0.0027262339
0.0026347939
0.0025423374
0.0024486952
0.002353867
0.0022578577
0.0021606053
0.0020619196
0.0019618215
0.0018602955
0.0017573407
0.0016529774
0.0015473576
0.0014406318
0.0013329113
0.0012246574
0.0011161527
0.001008198
0.00090106878
0.00079756595
0.0006948434
0.00061006433
0.00051340377
0.00044650354
-2.7144706e-05
0.01246266
0.012269003
0.012063523
0.011843505
0.011607903
0.011358014
0.011095722
0.01082271
0.010540662
0.010251512
0.0099574133
0.0096605791
0.0093631673
0.0090672172
0.0087746039
0.0084869951
0.0082058206
0.0079322573
0.0076672313
0.0074114305
0.0071653244
0.0069291891
0.0067031339
0.0064871296
0.006281035
0.0060846225
0.0058976009
0.0057196364
0.0055503711
0.0053894392
0.0052364816
0.0050911592
0.004953164
0.0048222301
0.0046981438
0.0045807523
0.004469973
0.0043658
0.0042683112
0.004177672
0.0040941369
0.0040180449
0.0039498089
0.0038898969
0.0038388003
0.0037969868
0.0037648403
0.0037425877
0.003730218
0.0037274076
0.003733461
0.0037472673
0.0037672711
0.003791463
0.0038174125
0.0038423171
0.0038632001
0.0038768748
0.0038814362
0.0038747514
0.0038543991
0.0038220954
0.0037781049
0.0037235477
0.0036601146
0.0035894865
0.0035132529
0.003432834
0.0033493866
0.0032637543
0.0031765774
0.0030883428
0.002999328
0.0029096894
0.0028194834
0.0027286784
0.0026371484
0.0025446051
0.0024508813
0.0023559687
0.0022598688
0.0021625219
0.0020637556
0.001963576
0.0018619728
0.001758945
0.0016545148
0.0015488236
0.0014420218
0.0013342268
0.0012258725
0.0011172519
0.0010091266
0.00090179066
0.00079786234
0.00069482621
0.00060803122
0.00051015566
0.00043056129
-1.2070802e-05
0.012281808
0.012099444
0.01190608
0.011699348
0.011478299
0.011243993
0.010997997
0.010741697
0.010476489
0.010204003
0.0099260822
0.0096446569
0.0093616452
0.0090789002
0.0087981666
0.0085210383
0.0082489233
0.0079830225
0.0077243229
0.0074736015
0.0072314356
0.0069982201
0.0067741878
0.0065594317
0.006353928
0.0061575588
0.0059701333
0.0057914075
0.0056211028
0.0054589219
0.0053045643
0.0051577392
0.0050181785
0.0048856477
0.0047599563
0.0046409676
0.0045286076
0.0044228726
0.0043238352
0.0042316492
0.00414655
0.0040688509
0.0039989329
0.0039372263
0.0038841811
0.003840223
0.0038056974
0.0037808013
0.0037655086
0.0037594995
0.0037621022
0.003772251
0.0037884571
0.0038088013
0.0038309642
0.003852276
0.0038699014
0.003880866
0.0038831634
0.0038749412
0.0038537618
0.00382099
0.003777009
0.0037227687
0.003659809
0.003589728
0.0035140432
0.0034341208
0.003351089
0.0032657893
0.0031788606
0.0030907901
0.0030018696
0.0029122648
0.002822042
0.0027311786
0.0026395601
0.002546929
0.0024531221
0.0023581234
0.0022619315
0.002164489
0.0020656393
0.0019653765
0.0018636939
0.0017605907
0.0016560908
0.0015503257
0.0014434448
0.001335571
0.0012271125
0.0011183696
0.0010100659
0.00090251131
0.00079814238
0.00069474538
0.00060594461
0.00050665221
0.0004166335
2.5890624e-06
0.012106717
0.011934842
0.011752733
0.011558323
0.011350743
0.011130862
0.01089998
0.010659236
0.010409783
0.010152986
0.0098904153
0.0096237426
0.0093546599
0.0090848354
0.0088158743
0.008549279
0.0082864124
0.0080284731
0.0077764822
0.0075312794
0.0072935266
0.0070637174
0.0068421915
0.0066291513
0.006424681
0.006228766
0.0060413118
0.0058621625
0.0056911182
0.0055279512
0.0053724208
0.0052242873
0.0050833246
0.0049493322
0.0048221454
0.0047016462
0.0045877717
0.0044805224
0.0043799681
0.0042862526
0.0041995946
0.0041202839
0.0040486715
0.0039851528
0.0039301385
0.0038840152
0.0038470918
0.0038195377
0.0038013125
0.0037921
0.0037912522
0.0037977469
0.0038101617
0.0038266654
0.0038450477
0.0038627708
0.0038771331
0.003885381
0.0038854386
0.0038754094
0.0038534318
0.0038201673
0.0037761294
0.0037221558
0.0036596308
0.0035900659
0.0035149083
0.003435469
0.0033528458
0.0032678747
0.0031811931
0.0030932875
0.0030044623
0.0029148925
0.002824654
0.0027337335
0.002642028
0.0025493082
0.0024554167
0.0023603305
0.0022640453
0.0021665059
0.0020675703
0.0019672227
0.0018654585
0.0017622778
0.0016577053
0.0015518639
0.0014449009
0.0013369439
0.0012283769
0.0011195052
0.0010110154
0.00090322946
0.00079840459
0.0006945988
0.00060380063
0.0005029423
0.00040377945
1.6750534e-05
0.011937251
0.011775077
0.011603382
0.011420369
0.011225239
0.011018698
0.010801821
0.010575545
0.010340814
0.010098764
0.0098507271
0.0095981393
0.0093424825
0.0090852444
0.008827887
0.0085718087
0.0083183094
0.0080685635
0.0078236022
0.0075843048
0.0073513953
0.0071254465
0.0069068878
0.0066960175
0.0064930174
0.0062979682
0.0061108667
0.0059316417
0.0057601708
0.0055962955
0.0054398359
0.0052906049
0.0051484203
0.0050131176
0.0048845606
0.0047626519
0.0046473424
0.0045386387
0.0044366102
0.0043413929
0.0042531908
0.0041722723
0.0040989611
0.0040336196
0.0039766225
0.0039283192
0.0038889852
0.0038587637
0.0038376014
0.003825186
0.0038208923
0.0038237416
0.0038323759
0.0038450508
0.0038596629
0.0038738028
0.0038849028
0.0038903666
0.0038881429
0.0038764109
0.0038535322
0.0038196933
0.0037755119
0.0037217382
0.0036595998
0.0035905137
0.0035158568
0.0034368838
0.0033546599
0.0032700124
0.0031835759
0.0030958356
0.0030071064
0.0029175726
0.0028273195
0.002736343
0.0026445521
0.0025517428
0.0024577651
0.00236259
0.0022662101
0.0021685727
0.0020695488
0.0019691146
0.0018672668
0.0017640062
0.0016593584
0.001553438
0.0014463898
0.0013383451
0.0012296654
0.001120658
0.0010119739
0.0009039437
0.00079864729
0.00069438484
0.00060159576
0.00049906674
0.00039197505
3.0245056e-05
0.011773107
0.011619999
0.011458017
0.011285604
0.011102024
0.010907851
0.010703978
0.010491169
0.010270196
0.010041999
0.0098076984
0.0095685232
0.0093257605
0.0090807267
0.0088347405
0.0085890895
0.0083449975
0.0081035974
0.0078659109
0.0076328359
0.0074051385
0.0071834517
0.0069682784
0.0067599988
0.0065588806
0.0063650915
0.0061787128
0.0059997542
0.005828168
0.0056638637
0.0055067225
0.00535661
0.0052133899
0.0050769351
0.0049471399
0.0048239298
0.0047072711
0.0045971792
0.0044937249
0.0043970385
0.0043073116
0.0042247935
0.0041497829
0.0040826117
0.0040236212
0.0039731265
0.0039313718
0.0038984764
0.0038743751
0.0038587597
0.0038510277
0.0038502428
0.0038551105
0.0038639711
0.0038748259
0.0038853898
0.0038932277
0.0038958741
0.0038913052
0.0038779684
0.0038540144
0.0038195355
0.0037751491
0.0037215165
0.0036597192
0.0035910759
0.0035168929
0.003438369
0.0033565347
0.0032722056
0.0031860119
0.0030984372
0.0030098048
0.0029203081
0.0028300415
0.0027390102
0.002647135
0.0025542356
0.0024601702
0.0023649045
0.0022684285
0.0021706916
0.0020715769
0.0019710541
0.0018691204
0.0017657775
0.0016610512
0.001555049
0.0014479122
0.0013397752
0.0012309781
0.0011218281
0.0010129411
0.00090465316
0.00079886929
0.00069410289
0.00059932728
0.00049504843
0.00038046857
4.3070399e-05
0.011613324
0.011468652
0.011315741
0.01115321
0.01098038
0.010797715
0.010605957
0.010405728
0.010197651
0.0099824988
0.0097612075
0.0095348199
0.009304446
0.0090712407
0.0088363828
0.0086010459
0.0083663689
0.00813343
0.0079032253
0.0076766536
0.0074545052
0.0072374559
0.0070260664
0.006820785
0.0066219539
0.0064298182
0.0062445369
0.0060661951
0.0058948165
0.0057303769
0.0055728172
0.0054220564
0.0052780043
0.0051405731
0.0050096887
0.0048853013
0.004767395
0.0046559956
0.0045511773
0.0044530673
0.0043618466
0.004277748
0.0042010472
0.0041320487
0.0040710628
0.0040183731
0.0039741951
0.003938626
0.0039115901
0.0038927837
0.0038816268
0.0038772247
0.0038783449
0.0038834107
0.0038905255
0.0038975252
0.0039020997
0.0039019292
0.003895027
0.0038798897
0.0038547851
0.0038196606
0.0037750324
0.0037214876
0.0036599863
0.0035917496
0.0035180132
0.0034399205
0.0033584656
0.0032744492
0.0031884959
0.0031010869
0.0030125523
0.0029230943
0.0028328157
0.0027417314
0.0026497737
0.002556784
0.0024626296
0.002367272
0.0022706986
0.002172861
0.002073653
0.0019730398
0.001871018
0.0017675902
0.0016627827
0.0015566957
0.0014494671
0.001341233
0.0012323136
0.0011230138
0.0010139153
0.00090535563
0.00079906819
0.00069375171
0.00059699314
0.00049090346
0.00036965243
5.4576576e-05
0.011709914
0.012618407
0.013696885
0.015159637
0.017148011
0.019783451
0.023271063
0.028328915
0.035610282
0.050530664
0.011709729
0.01261821
0.013696626
0.015159014
0.017146425
0.019779301
0.023258808
0.028275884
0.035393289
0.047840775
0.011709424
0.012617857
0.013696133
0.015157824
0.017143384
0.019771142
0.02323596
0.028171269
0.035015678
0.044893955
0.011708964
0.012617306
0.013695345
0.015155943
0.017138599
0.01975824
0.023199778
0.028019026
0.03446945
0.042387056
0.011708347
0.012616536
0.013694235
0.015153305
0.017131904
0.019740281
0.023147632
0.027825017
0.033792877
0.040258079
0.011707573
0.012615529
0.013692774
0.015149845
0.017123146
0.019716812
0.023079409
0.027592144
0.03304144
0.038337513
0.011706641
0.012614262
0.013690928
0.01514549
0.017112154
0.019687397
0.022995522
0.027322517
0.032261816
0.036563404
0.011705547
0.012612715
0.013688663
0.015140161
0.017098742
0.019651692
0.022895726
0.027020438
0.03146788
0.034915197
0.01170429
0.012610863
0.013685939
0.015133777
0.017082724
0.019609351
0.022779954
0.026689719
0.030665122
0.033382495
0.011702867
0.012608679
0.013682714
0.01512625
0.017063909
0.01956005
0.022648327
0.026333626
0.029859696
0.031956638
0.011701273
0.012606137
0.013678946
0.01511749
0.017042103
0.019503499
0.022501085
0.025955371
0.029057309
0.0306293
0.011699504
0.012603207
0.013674586
0.0151074
0.01701711
0.019439444
0.022338586
0.025558105
0.028262759
0.029392759
0.011697556
0.012599857
0.013669585
0.015095883
0.016988736
0.01936767
0.022161307
0.025144857
0.027480053
0.028239999
0.011695422
0.012596054
0.013663889
0.015082834
0.016956787
0.019288
0.021969834
0.024718515
0.026712515
0.02716461
0.011693096
0.012591763
0.013657441
0.015068147
0.016921075
0.019200306
0.021764851
0.024281819
0.025962849
0.026160707
0.011690572
0.012586945
0.013650181
0.015051712
0.016881415
0.019104502
0.021547126
0.023837345
0.025233202
0.025222877
0.011687841
0.012581561
0.013642045
0.015033415
0.016837632
0.019000552
0.021317502
0.023387503
0.024525218
0.024346138
0.011684895
0.012575568
0.013632966
0.015013141
0.016789559
0.018888468
0.021076887
0.022934526
0.023840102
0.023525898
0.011681723
0.012568921
0.013622872
0.014990773
0.016737041
0.018768311
0.020826234
0.022480465
0.023178671
0.022757921
0.011678316
0.012561571
0.01361169
0.014966193
0.016679938
0.018640192
0.020566537
0.022027192
0.022541408
0.022038297
0.011674662
0.012553468
0.013599341
0.014939281
0.016618124
0.018504269
0.020298815
0.021576395
0.021928507
0.021363412
0.011670749
0.012544558
0.013585744
0.01490992
0.016551491
0.01836075
0.020024099
0.021129583
0.021339919
0.020729925
0.011666563
0.012534785
0.013570814
0.014877993
0.01647995
0.018209884
0.019743423
0.020688091
0.020775395
0.020134745
0.011662089
0.012524088
0.013554463
0.014843383
0.016403433
0.018051966
0.019457811
0.020253082
0.020234517
0.019575011
0.011657312
0.012512405
0.0135366
0.01480598
0.016321894
0.017887329
0.01916827
0.019825558
0.019716738
0.019048077
0.011652216
0.012499669
0.013517131
0.014765675
0.016235309
0.017716343
0.01887578
0.019406367
0.019221402
0.018551496
0.011646781
0.01248581
0.01349596
0.014722365
0.016143681
0.01753941
0.018581285
0.018996214
0.018747778
0.018083002
0.011640989
0.012470755
0.01347299
0.014675955
0.016047034
0.017356959
0.018285685
0.018595666
0.018295075
0.017640503
0.011634819
0.012454426
0.013448121
0.014626354
0.015945419
0.017169446
0.017989836
0.01820517
0.017862463
0.017222067
0.011628249
0.012436743
0.013421252
0.014573482
0.015838914
0.016977344
0.017694537
0.017825059
0.017449091
0.01682591
0.011621256
0.012417621
0.013392284
0.014517267
0.015727619
0.01678114
0.017400536
0.017455563
0.017054093
0.016450388
0.011613814
0.012396972
0.013361117
0.014457648
0.015611659
0.016581333
0.017108517
0.017096821
0.016676608
0.016093986
0.011605898
0.012374704
0.013327652
0.014394575
0.015491185
0.016378427
0.016819109
0.016748893
0.016315781
0.015755309
0.011597481
0.012350721
0.013291792
0.014328011
0.015366369
0.016172925
0.016532878
0.016411766
0.015970775
0.015433074
0.011588533
0.012324923
0.013253446
0.014257929
0.015237403
0.015965328
0.016250328
0.016085366
0.015640772
0.015126103
0.011579025
0.012297209
0.013212524
0.01418432
0.015104501
0.01575613
0.015971907
0.015769567
0.015324983
0.014833313
0.011568924
0.01226747
0.013168945
0.014107185
0.014967893
0.015545812
0.015698004
0.015464198
0.015022646
0.014553708
0.011558198
0.012235598
0.013122633
0.01402654
0.014827826
0.015334841
0.015428952
0.015169051
0.014733029
0.014286375
0.011546814
0.012201481
0.013073522
0.013942418
0.014684558
0.015123668
0.015165031
0.014883886
0.014455436
0.014030477
0.011534735
0.012165004
0.013021556
0.013854862
0.014538362
0.014912721
0.014906474
0.014608442
0.014189199
0.013785244
0.011521925
0.012126051
0.012966694
0.013763931
0.014389516
0.014702409
0.014653463
0.014342436
0.013933689
0.01354997
0.011508347
0.012084506
0.012908907
0.013669697
0.014238306
0.014493115
0.014406141
0.014085572
0.013688306
0.013324006
0.011493963
0.012040257
0.012848185
0.013572243
0.014085024
0.014285196
0.01416461
0.013837545
0.013452485
0.013106759
0.01147873
0.011993193
0.012784537
0.01347166
0.013929961
0.014078986
0.013928935
0.013598043
0.01322569
0.012897679
0.011462607
0.011943216
0.012717996
0.013368048
0.01377341
0.013874788
0.013699149
0.013366753
0.013007422
0.01269626
0.011445547
0.011890245
0.012648618
0.013261512
0.013615669
0.013672881
0.013475246
0.013143353
0.012797218
0.012502077
0.011427497
0.01183423
0.012576489
0.013152147
0.013457028
0.013473536
0.013257202
0.012927494
0.012594556
0.012314587
0.011408394
0.011775172
0.012501735
0.013040054
0.013297734
0.013277004
0.013045063
0.012719001
0.012399185
0.012133584
0.011388156
0.01171316
0.012424466
0.012925448
0.013137942
0.013083264
0.012838532
0.012517358
0.012210532
0.011958588
0.011366639
0.011648692
0.01234443
0.012808955
0.012978351
0.012892736
0.012637635
0.012322249
0.012028047
0.011788856
0.011342391
0.011581486
0.012256267
0.012685337
0.012812741
0.012698089
0.012434614
0.012126208
0.011844976
0.011618501
0.011310593
0.011511724
0.012148204
0.012539745
0.012623605
0.012479536
0.012208997
0.011909293
0.011642277
0.011429207
0.011265401
0.011443154
0.012014918
0.012362502
0.012400615
0.012226838
0.011951114
0.011662679
0.011411981
0.011213753
0.011204738
0.011369179
0.011855941
0.012148671
0.012139514
0.011937723
0.011659743
0.011385317
0.011152851
0.010970685
0.011126414
0.011274837
0.011668328
0.011892957
0.011836212
0.011610866
0.011334827
0.011077028
0.010864079
0.010698621
0.011024943
0.011151982
0.011450013
0.011595613
0.011493273
0.011251841
0.010983544
0.010745527
0.010553728
0.010405789
0.01089464
0.010993028
0.011191755
0.01125231
0.011108429
0.010859233
0.010603717
0.010386495
0.010215138
0.010084125
0.010727869
0.010789704
0.010889899
0.010868074
0.010690867
0.010444222
0.010208415
0.010015187
0.0098654738
0.0097515865
0.01051567
0.010535335
0.010543525
0.010448682
0.010247674
0.010011162
0.0097979484
0.009627746
0.0094974843
0.0093990129
0.010249034
0.010225387
0.010153961
0.010001476
0.0097884563
0.0095693376
0.0093819281
0.0092354575
0.0091242839
0.009040497
0.0099207122
0.009859263
0.0097262047
0.0095358043
0.0093233816
0.0091269004
0.0089659481
0.0088418074
0.0087478558
0.0086771345
0.0095293334
0.009440789
0.0092687334
0.0090614609
0.0088600785
0.008687794
0.0085512248
0.0084470422
0.0083685692
0.0083096779
0.0090822782
0.0089800348
0.0087931519
0.0085894351
0.0084097617
0.0082652533
0.0081533532
0.0080681451
0.0080037808
0.0079554215
0.0085970523
0.0084945455
0.0083130134
0.0081243634
0.0079658411
0.0078425622
0.0077486118
0.0076774277
0.007623635
0.0075830808
0.0081020898
0.0080106495
0.0078544345
0.0076999852
0.007576517
0.0074833126
0.0074127566
0.0073592784
0.00731888
0.0072882127
0.007636149
0.0075559486
0.0074185134
0.0072826714
0.0071758962
0.0070978969
0.0070411174
0.0069997426
0.0069698297
0.0069486442
0.0072491798
0.0072007353
0.00711364
0.0070252606
0.006953025
0.0068985738
0.0068587559
0.0068304941
0.0068126597
0.006803773
0.0069669113
0.0068914648
0.0068057481
0.0067384385
0.0066841823
0.0066390022
0.0066016319
0.0065706025
0.0065441521
0.0065213592
0.011452835
0.011316255
0.01117201
0.011018946
0.01085643
0.010684826
0.010504742
0.010316675
0.010121118
0.0099186916
0.0097101638
0.0094964045
0.0092783556
0.0090570152
0.008833421
0.0086086273
0.0083836788
0.0081595859
0.0079373047
0.0077177187
0.0075016268
0.0072897331
0.0070826425
0.0068808601
0.0066847933
0.0064947579
0.0063109855
0.0061336332
0.0059627948
0.005798512
0.0056407862
0.0054895915
0.0053448857
0.0052066224
0.0050747619
0.0049492818
0.0048301859
0.0047175131
0.0046113433
0.004511802
0.0044190622
0.0043333411
0.0042548935
0.0041839979
0.0041209352
0.0040659589
0.004019257
0.0039809063
0.0039508213
0.0039287036
0.0039139962
0.0039058472
0.003903087
0.0039042233
0.003907463
0.0039107639
0.0039119439
0.0039088175
0.0038994634
0.0038823696
0.0038560268
0.0038201884
0.0037752391
0.0037217111
0.0036604589
0.0035926002
0.0035192948
0.0034416278
0.0033605534
0.003276854
0.0031911464
0.0031039084
0.0030154756
0.0029260583
0.0028357682
0.0027446298
0.0026525874
0.0025595032
0.0024652544
0.0023697992
0.0022731226
0.0021751785
0.0020758707
0.0019751608
0.0018730447
0.0017695256
0.00166463
0.0015584514
0.0014511232
0.0013427827
0.0012337305
0.0011242668
0.0010149384
0.00090608075
0.00079925183
0.0006933149
0.00059450118
0.00048647197
0.0003593267
6.477984e-05
0.011273776
0.011145872
0.011010958
0.010868016
0.010716478
0.01055663
0.010388958
0.010213845
0.010031656
0.009842869
0.0096480854
0.0094480038
0.0092433952
0.009035094
0.0088239866
0.0086109945
0.0083970517
0.0081830836
0.0079699874
0.0077586143
0.007549755
0.007344128
0.0071423711
0.0069450375
0.0067525943
0.0065654249
0.0063838332
0.0062080504
0.0060382437
0.0058745251
0.0057169629
0.0055655917
0.005420424
0.005281461
0.0051487033
0.0050221609
0.0049018627
0.0047878642
0.0046802543
0.0045791594
0.0044847455
0.0043972158
0.004316804
0.0042437622
0.0041783413
0.0041207641
0.0040711907
0.0040296766
0.0039961275
0.0039702517
0.0039515183
0.0039391232
0.0039319671
0.003928651
0.0039274968
0.003926596
0.0039239072
0.0039173872
0.0039051931
0.0038858384
0.003857999
0.0038212532
0.0037758467
0.003722253
0.0036612174
0.0035937381
0.003520885
0.003443676
0.0033630185
0.0032796705
0.0031942377
0.0031071932
0.0030188767
0.002929507
0.0028392053
0.0027480069
0.0026558696
0.0025626775
0.0024683192
0.0023727509
0.0022759546
0.0021778871
0.0020784624
0.0019776395
0.0018754127
0.0017717862
0.0016667861
0.0015604988
0.0014530524
0.0013445841
0.0012353733
0.0011257129
0.0010161098
0.00090689305
0.00079942504
0.00069272243
0.0005915824
0.00048127345
0.00034767608
7.4798038e-05
0.011069457
0.010950761
0.01082578
0.01069369
0.010553959
0.01040678
0.010252522
0.010091455
0.0099238263
0.0097499682
0.0095703189
0.0093854027
0.0091958139
0.009002213
0.0088053218
0.0086059109
0.0084047832
0.0082027562
0.0080006445
0.0077992435
0.0075993138
0.0074015681
0.0072066603
0.0070151786
0.0068276403
0.0066444903
0.0064661025
0.0062927827
0.0061247744
0.0059622656
0.0058053976
0.0056542736
0.0055089687
0.0053695403
0.005236037
0.0051085091
0.0049870168
0.0048716384
0.0047624763
0.0046596615
0.0045633556
0.004473749
0.0043910551
0.0043154994
0.004247302
0.0041866541
0.004133687
0.0040884356
0.0040507969
0.004020489
0.0039970121
0.0039796171
0.0039672859
0.0039587269
0.0039523932
0.0039465281
0.0039392499
0.0039286703
0.0039130524
0.0038909613
0.0038612073
0.0038232492
0.0037771841
0.0037233996
0.0036625212
0.0035954107
0.0035230304
0.003446318
0.0033661237
0.0032831723
0.0031980534
0.0031112323
0.0030230511
0.0029337372
0.0028434219
0.002752153
0.0026599041
0.0025665822
0.0024720906
0.0023763839
0.0022794419
0.0021812243
0.0020816557
0.0019806935
0.0018783301
0.0017745703
0.0016694395
0.0015630163
0.0014554216
0.0013467913
0.001237381
0.0011274715
0.0010175233
0.0009078508
0.00079959234
0.00069189937
0.00058803201
0.00047492504
0.00033518803
8.4419153e-05
0.010838297
0.010729413
0.010614996
0.010494416
0.01036718
0.010233403
0.010093349
0.009947192
0.0097950717
0.009637187
0.009473823
0.0093053372
0.0091321512
0.0089547509
0.0087736872
0.008589569
0.0084030517
0.0082148245
0.0080255958
0.0078360793
0.007646979
0.0074589758
0.007272716
0.007088801
0.0069077802
0.0067301458
0.0065563311
0.0063867099
0.0062215989
0.006061262
0.005905916
0.0057557372
0.0056108696
0.0054714332
0.0053375327
0.0052092659
0.0050867318
0.004970038
0.0048593066
0.0047546783
0.0046563146
0.0045643962
0.0044791188
0.0044006829
0.0043292795
0.0042650694
0.0042081563
0.0041585557
0.0041161592
0.004080698
0.004051709
0.0040285066
0.0040101645
0.003995512
0.0039831496
0.0039714894
0.0039588271
0.0039434444
0.0039237352
0.0038983386
0.0038661641
0.0038266037
0.0037796019
0.00372543
0.0036645862
0.0035977855
0.0035258642
0.0034496642
0.0033699656
0.0032874491
0.0032026804
0.0031161125
0.0030280869
0.0029388382
0.0028485084
0.0027571593
0.0026647818
0.0025713073
0.0024766558
0.0023807828
0.0022836659
0.002185268
0.0020855245
0.0019843929
0.001881863
0.0017779393
0.0016726466
0.0015660547
0.0014582755
0.0013494408
0.0012397802
0.0011295564
0.0010191754
0.00090892544
0.00079969395
0.00069072889
0.0005837272
0.00046723127
0.00032180516
9.3054773e-05
0.010578655
0.01048025
0.010377083
0.010268605
0.010154399
0.010034552
0.0099092541
0.0097785996
0.0096426368
0.009501454
0.0093552037
0.0092040957
0.0090483932
0.0088884183
0.0087245555
0.0085572503
0.0083870033
0.0082143612
0.0080399066
0.0078642473
0.0076880033
0.0075117947
0.0073362298
0.0071618946
0.0069893436
0.0068190927
0.0066516141
0.0064873332
0.0063266279
0.0061698296
0.0060172257
0.0058690643
0.0057255595
0.0055868976
0.0054532439
0.0053247499
0.0052015603
0.0050838187
0.0049716738
0.0048652825
0.0047648121
0.0046704395
0.0045823473
0.0045007159
0.0044257114
0.0043574679
0.004296066
0.0042415061
0.0041936785
0.0041523333
0.0041170506
0.0040872165
0.0040620072
0.0040403853
0.0040211129
0.0040027858
0.0039838927
0.0039628999
0.0039383531
0.0039089881
0.0038737948
0.003832133
0.0037838077
0.0037289545
0.0036679366
0.0036013154
0.0035297838
0.0034540701
0.0033748694
0.0032928053
0.0032084091
0.0031221152
0.0030342595
0.0029450812
0.0028547328
0.0027632904
0.0026707639
0.0025771095
0.0024822657
0.0023861918
0.0022888642
0.0021902491
0.0020902925
0.0019889532
0.0018862184
0.001782092
0.0016765965
0.0015697928
0.0014617815
0.0013526865
0.0012427089
0.0011320859
0.0010211599
0.00091017718
0.0007997514
0.00068917361
0.00057863664
0.00045829968
0.00030801766
0.00010010446
0.01029841
0.010210128
0.010117825
0.010021188
0.0099198127
0.0098137041
0.0097029846
0.0095876951
0.0094678194
0.0093433564
0.0092143487
0.0090808816
0.0089430825
0.0088011276
0.0086552493
0.0085057381
0.0083529411
0.0081972572
0.0080391315
0.0078790472
0.0077175163
0.0075550695
0.0073922459
0.0072295828
0.0070676064
0.0069068238
0.0067477161
0.0065907335
0.0064362916
0.00628477
0.006136512
0.0059918266
0.0058509904
0.0057142525
0.0055818379
0.0054539537
0.0053307932
0.0052125416
0.0050993796
0.0049914871
0.0048890443
0.0047922314
0.0047012254
0.004616194
0.0045372855
0.004464615
0.0043982473
0.0043381746
0.0042842936
0.0042363801
0.0041940651
0.0041568147
0.0041239169
0.0040944776
0.0040674317
0.0040415697
0.0040155852
0.0039881415
0.0039579528
0.003923873
0.0038849673
0.0038405862
0.003790424
0.003734477
0.0036729661
0.0036062947
0.0035350001
0.00345968
0.0033809289
0.0032992981
0.003215272
0.003129257
0.0030415764
0.0029524693
0.0028620965
0.0027705479
0.0026778527
0.0025839915
0.0024889227
0.002392612
0.0022950361
0.0021961651
0.0020959544
0.001994366
0.0018913844
0.0017870116
0.0016812671
0.0015742018
0.0014659022
0.0013564802
0.001246105
0.0011349791
0.0010233719
0.00091146745
0.00079959029
0.00068701738
0.0005725852
0.0004482945
0.00029393922
0.00010490057
0.009989414
0.0099118645
0.0098309752
0.0097464642
0.0096580282
0.009565692
0.0094695381
0.0093695618
0.0092657015
0.0091578985
0.0090461199
0.008930359
0.008810638
0.0086870169
0.0085596015
0.0084285487
0.0082940676
0.0081564186
0.0080159106
0.0078728969
0.0077277691
0.0075809492
0.0074328823
0.007284028
0.0071348517
0.0069858176
0.0068373811
0.0066899833
0.0065440456
0.0063999668
0.0062581206
0.0061188547
0.0059824911
0.0058493276
0.0057196398
0.0055936837
0.0054716989
0.0053539119
0.0052405383
0.0051317854
0.0050278524
0.0049289307
0.0048352005
0.0047468262
0.004663949
0.0045866758
0.0045150656
0.0044491136
0.0043887324
0.004333733
0.0042838059
0.0042385052
0.0041972377
0.0041592603
0.0041236867
0.0040895088
0.0040556317
0.004020924
0.0039842806
0.0039446909
0.0039013029
0.003853478
0.0038008347
0.0037432435
0.0036807828
0.0036136997
0.0035423712
0.0034672517
0.0033888201
0.0033075397
0.0032238331
0.0031380665
0.0030505408
0.0029614882
0.0028710728
0.0027793962
0.0026865054
0.0025924037
0.0024970693
0.0024004773
0.0023026067
0.0022034318
0.0021029162
0.0020010261
0.001897744
0.0017930686
0.0016870147
0.0015796222
0.001470961
0.0013611248
0.0012502472
0.0011384861
0.0010260275
0.00091297077
0.00079934897
0.00068437352
0.00056580174
0.00043762066
0.00028004647
0.00010733614
0.0096691063
0.0096013944
0.0095309152
0.0094575589
0.0093810638
0.0093014279
0.0092187104
0.0091328961
0.0090439061
0.0089516477
0.0088560379
0.0087570074
0.0086545036
0.0085484997
0.0084390039
0.008326065
0.0082097767
0.0080902786
0.0079677559
0.0078424382
0.0077145956
0.0075845344
0.0074525915
0.0073191282
0.0071845238
0.0070491692
0.0069134609
0.0067777951
0.0066425631
0.0065081468
0.0063749155
0.0062432239
0.0061134101
0.0059857953
0.0058606837
0.0057383633
0.0056191067
0.0055031725
0.0053908058
0.0052822396
0.005177694
0.0050773758
0.0049814754
0.0048901635
0.0048035845
0.0047218489
0.0046450231
0.0045731171
0.0045060713
0.0044437422
0.0043858883
0.0043321585
0.0042820837
0.0042350739
0.0041904236
0.0041473256
0.0041048971
0.0040622147
0.0040183609
0.0039724737
0.0039237981
0.0038717291
0.0038158457
0.0037559208
0.0036919046
0.0036238973
0.0035521205
0.0034768809
0.0033985299
0.0033174285
0.003233922
0.0031483222
0.0030608958
0.0029718573
0.0028813669
0.0027895327
0.0026964156
0.0026020379
0.0025063963
0.0024094768
0.0023112628
0.0022117328
0.0021108578
0.0020086083
0.0019049651
0.0017999225
0.0016934888
0.0015856911
0.0014765794
0.0013662235
0.0012547162
0.0011421609
0.0010286501
0.00091417787
0.00079850208
0.00068074404
0.00055795338
0.00042607881
0.00026635923
0.00010697376
0.0093278891
0.0092696152
0.0092090879
0.0091462559
0.0090809581
0.0090132217
0.0089430946
0.0088705498
0.0087955008
0.0087178397
0.0086374556
0.0085542391
0.0084680874
0.0083789136
0.0082866554
0.0081912819
0.0080927982
0.0079912479
0.0078867147
0.0077793223
0.007669233
0.0075566446
0.0074417877
0.0073249209
0.0072063265
0.0070863057
0.006965174
0.0068432564
0.0067208837
0.0065983881
0.0064761007
0.0063543479
0.00623345
0.006113719
0.005995458
0.0058789597
0.0057645064
0.0056523695
0.0055428088
0.0054360723
0.0053323946
0.0052319957
0.005135078
0.0050418233
0.0049523874
0.0048668943
0.0047854288
0.0047080277
0.0046346704
0.0045652685
0.0044996563
0.0044375822
0.0043787025
0.0043225793
0.004268683
0.004216402
0.0041650591
0.0041139358
0.0040623032
0.0040094574
0.0039547565
0.0038976543
0.0038377272
0.0037746893
0.0037083914
0.0036388092
0.0035660246
0.0034902031
0.0034115654
0.003330361
0.0032468451
0.0031612609
0.0030738268
0.0029847273
0.0028941081
0.0028020748
0.0027086955
0.0026140055
0.0025180161
0.0024207239
0.0023221177
0.0022221805
0.0021208886
0.0020182163
0.0019141428
0.0018086567
0.0017017573
0.0015934566
0.0014837816
0.0013727715
0.0012604731
0.0011469258
0.0010321226
0.00091593899
0.00079789796
0.00067704796
0.00055013484
0.00041491539
0.00025419139
0.00010497268
0.0089799256
0.0089302332
0.0088787104
0.00882539
0.0087701787
0.0087131194
0.0086542585
0.0085935732
0.0085309822
0.0084663761
0.0083996325
0.0083306221
0.0082592145
0.0081852871
0.0081087337
0.0080294709
0.0079474434
0.0078626271
0.0077750312
0.007684699
0.0075917074
0.0074961656
0.0073982126
0.0072980146
0.0071957618
0.0070916651
0.0069859527
0.0068788666
0.0067706601
0.0066615943
0.0065519359
0.0064419549
0.0063319229
0.006222111
0.0061127887
0.0060042224
0.0058966746
0.0057904023
0.0056856564
0.0055826793
0.005481704
0.0053829516
0.0052866286
0.0051929234
0.0051020026
0.0050140059
0.0049290408
0.004847176
0.0047684351
0.0046927896
0.0046201518
0.0045503688
0.0044832188
0.0044184081
0.0043555728
0.0042942843
0.0042340585
0.0041743713
0.0041146782
0.0040544369
0.0039931328
0.0039303032
0.003865558
0.0037985953
0.0037292075
0.0036572805
0.0035827851
0.0035057653
0.003426321
0.0033445905
0.0032607327
0.0031749121
0.0030872861
0.002997996
0.00290716
0.0028148699
0.0027211907
0.002626162
0.002529803
0.0024321173
0.0023330987
0.0022327331
0.002131
0.0020278752
0.0019233352
0.0018173613
0.0017099407
0.0016010672
0.0014907412
0.0013789654
0.0012657351
0.0011510199
0.0010347131
0.00091657431
0.00079595672
0.00067189539
0.00054120295
0.00040317873
0.00024251702
0.00010080355
0.0086259475
0.0085838941
0.0085403461
0.0084953901
0.0084490016
0.008401252
0.0083521969
0.0083018253
0.0082500706
0.0081968333
0.0081419936
0.008085418
0.0080269657
0.0079664973
0.0079038829
0.0078390083
0.0077717808
0.0077021319
0.0076300204
0.0075554331
0.0074783848
0.0073989178
0.0073170999
0.0072330224
0.007146798
0.0070585579
0.0069684498
0.0068766351
0.0067832869
0.0066885885
0.0065927308
0.0064959119
0.006398335
0.006300208
0.006201742
0.006103151
0.0060046504
0.0059064563
0.0058087841
0.0057118468
0.0056158534
0.0055210063
0.0054274994
0.0053355141
0.0052452167
0.0051567538
0.0050702486
0.0049857965
0.0049034602
0.0048232653
0.0047451951
0.0046691867
0.0045951277
0.0045228539
0.0044521495
0.0043827489
0.0043143419
0.0042465819
0.0041790969
0.0041115032
0.004043421
0.0039744907
0.0039043876
0.0038328347
0.0037596114
0.0036845578
0.0036075738
0.0035286151
0.0034476853
0.0033648262
0.0032801064
0.0031936106
0.0031054299
0.003015653
0.0029243601
0.0028316178
0.0027374765
0.0026419703
0.0025451176
0.0024469239
0.0023473839
0.0022464843
0.0021442045
0.0020405189
0.0019353993
0.0018288173
0.0017207453
0.0016111556
0.001500018
0.0013872947
0.0012729269
0.0011568138
0.0010387595
0.00091843156
0.00079509723
0.00066786592
0.00053388006
0.00039368314
0.00023380795
9.7342991e-05
0.0082669971
0.0082318354
0.0081953837
0.0081577649
0.0081190262
0.0080792721
0.008038573
0.0079969367
0.0079543199
0.0079106437
0.0078658028
0.0078196726
0.0077721162
0.0077229927
0.0076721652
0.0076195067
0.0075649059
0.0075082702
0.0074495286
0.0073886328
0.0073255579
0.007260301
0.0071928808
0.0071233351
0.0070517192
0.0069781037
0.0069025724
0.0068252206
0.0067461531
0.0066654833
0.0065833317
0.0064998258
0.0064150987
0.0063292898
0.0062425439
0.0061550116
0.0060668483
0.0059782141
0.0058892723
0.0058001886
0.0057111293
0.0056222594
0.0055337403
0.005445727
0.0053583661
0.0052717936
0.005186132
0.0051014878
0.0050179475
0.0049355749
0.0048544077
0.0047744542
0.004695691
0.0046180599
0.0045414671
0.0044657827
0.0043908421
0.0043164495
0.0042423834
0.0041684032
0.0040942586
0.0040196988
0.0039444823
0.0038683863
0.0037912144
0.0037128021
0.0036330201
0.003551775
0.0034690073
0.0033846876
0.0032988118
0.0032113949
0.0031224647
0.0030320562
0.0029402058
0.0028469471
0.0027523073
0.0026563054
0.0025589507
0.0024602433
0.0023601746
0.0022587278
0.0021558791
0.0020515986
0.0019458509
0.0018385963
0.0017297908
0.0016193837
0.0015073132
0.0013935008
0.0012778377
0.0011601604
0.0010402066
0.00091759393
0.00079159282
0.00066147053
0.0005248308
0.00038311882
0.00022451845
9.2215725e-05
0.0079203122
0.0078913148
0.0078612488
0.0078302509
0.00779839
0.0077657769
0.0077324888
0.007698547
0.0076639245
0.0076285577
0.0075923549
0.0075552026
0.0075169723
0.0074775285
0.0074367357
0.0073944647
0.0073505976
0.0073050314
0.0072576809
0.0072084797
0.0071573808
0.007104356
0.0070493947
0.0069925023
0.0069336979
0.0068730126
0.0068104872
0.0067461702
0.0066801162
0.0066123844
0.0065430371
0.0064721388
0.0063997562
0.0063259597
0.0062508267
0.0061744446
0.0060969101
0.0060183244
0.0059387904
0.0058584158
0.0057773151
0.0056956061
0.005613405
0.0055308211
0.0054479588
0.0053649206
0.0052818095
0.0051987285
0.0051157777
0.0050330501
0.0049506278
0.0048685794
0.0047869562
0.0047057889
0.0046250843
0.004544823
0.0044649587
0.0043854179
0.0043061024
0.0042268915
0.0041476473
0.0040682193
0.0039884508
0.0039081851
0.0038272713
0.0037455696
0.0036629549
0.00357932
0.0034945759
0.0034086518
0.0033214943
0.003233065
0.0031433387
0.0030523003
0.002959942
0.0028662594
0.0027712494
0.0026749063
0.0025772209
0.0024781779
0.0023777561
0.0022759274
0.0021726572
0.0020679045
0.0019616215
0.0018537536
0.0017442386
0.0016330005
0.0015199475
0.0014049659
0.0012879066
0.0011685679
0.0010466568
0.00092178858
0.00079330228
0.00066067047
0.0005219424
0.00037921923
0.00022158854
9.1289964e-05
0.0075533455
0.0075286447
0.007503077
0.0074768097
0.0074499567
0.0074226586
0.0073950081
0.0073670396
0.00733874
0.0073100564
0.0072809023
0.007251165
0.0072207129
0.0071894037
0.0071570921
0.0071236358
0.0070889016
0.0070527693
0.0070151343
0.00697591
0.0069350289
0.0068924426
0.0068481209
0.0068020501
0.0067542318
0.00670468
0.0066534184
0.0066004789
0.0065458996
0.0064897241
0.0064319991
0.0063727733
0.0063120968
0.0062500265
0.0061866251
0.0061219583
0.0060560789
0.0059890099
0.0059207561
0.0058513195
0.0057806866
0.0057088308
0.005635718
0.0055613232
0.0054856523
0.0054087436
0.0053306666
0.0052515193
0.005171422
0.0050905121
0.0050089374
0.0049268468
0.0048443803
0.0047616617
0.0046787931
0.0045958524
0.0045128914
0.0044299354
0.0043469833
0.0042640091
0.0041809646
0.0040977828
0.0040143815
0.0039306682
0.0038465452
0.0037619133
0.0036766757
0.0035907394
0.0035040166
0.0034164261
0.0033278947
0.0032383591
0.0031477643
0.0030560635
0.0029632164
0.0028691886
0.0027739497
0.0026774696
0.0025797164
0.0024806535
0.0023802393
0.0022784254
0.0021751569
0.0020703716
0.0019639996
0.0018559625
0.0017461716
0.0016345251
0.0015209053
0.0014051716
0.0012871494
0.0011666231
0.0010433008
0.00091682952
0.00078664581
0.00065240705
0.00051253552
0.00036951715
0.00021359319
8.6485754e-05
0.0072653479
0.0072458493
0.007225045
0.0072030687
0.0071800946
0.0071563329
0.0071319618
0.0071071068
0.007081845
0.0070562078
0.0070301855
0.0070037328
0.0069767785
0.0069492295
0.0069209697
0.0068918771
0.0068618399
0.0068307585
0.0067985508
0.0067651524
0.0067305141
0.0066945964
0.0066573615
0.0066187756
0.0065788096
0.0065374386
0.0064946414
0.0064503934
0.0064046593
0.0063573489
0.0063082491
0.006256991
0.0062032767
0.0061471953
0.0060895865
0.0060317096
0.0059739426
0.005915739
0.0058569616
0.005797874
0.0057385684
0.0056788509
0.0056179457
0.0055550462
0.0054897053
0.0054217435
0.0053512699
0.0052785031
0.0052036472
0.005126908
0.0050485255
0.0049687592
0.0048878581
0.0048060419
0.0047234964
0.0046403757
0.0045568055
0.0044728811
0.0043886655
0.0043041933
0.0042194737
0.0041344933
0.0040492193
0.0039636055
0.0038775982
0.0037911421
0.003704183
0.0036166613
0.003528503
0.0034396236
0.0033499414
0.0032593864
0.0031678996
0.0030754298
0.002981931
0.0028873603
0.0027916775
0.0026948404
0.0025968021
0.0024975096
0.0023969027
0.0022949134
0.0021914654
0.0020864737
0.0019798441
0.0018714727
0.0017612448
0.0016490362
0.0015347084
0.0014181027
0.0012990326
0.0011772793
0.0010525693
0.00092460131
0.00079290846
0.00065730079
0.00051637947
0.0003727921
0.00021647482
8.8518064e-05
0.0069352863
0.006925758
0.0069163123
0.0069065487
0.0068962053
0.0068851723
0.0068734251
0.0068608189
0.0068470114
0.0068316422
0.0068144383
0.0067951238
0.0067733111
0.0067479588
0.0067181274
0.0066842687
0.006647071
0.0066068108
0.0065639267
0.0065197473
0.0064757501
0.0064320565
0.0063882046
0.0063444127
0.0063007577
0.0062569692
0.0062131855
0.0061694487
0.006125855
0.0060821489
0.0060380445
0.0059936446
0.005948905
0.0059037721
0.0058583025
0.0058124869
0.0057660562
0.0057187417
0.0056704819
0.0056210963
0.0055702131
0.0055175097
0.0054627128
0.0054055751
0.0053459308
0.005283786
0.0052192613
0.0051524982
0.005083631
0.0050128021
0.0049401753
0.0048659325
0.0047902676
0.0047133724
0.0046354302
0.0045566172
0.0044771011
0.0043970138
0.004316445
0.0042354576
0.0041540789
0.0040722992
0.0039900897
0.0039073951
0.0038241647
0.0037403602
0.0036559424
0.0035708405
0.0034849375
0.0033981261
0.0033103472
0.0032215571
0.0031317131
0.0030407858
0.0029487639
0.0028556402
0.0027613966
0.002665999
0.0025693997
0.0024715404
0.0023723535
0.0022717606
0.002169673
0.0020659901
0.0019605997
0.0018533783
0.0017441915
0.0016328942
0.0015193297
0.001403328
0.0012847016
0.0011632448
0.0010387173
0.00091087652
0.00077935137
0.00064407899
0.00050389264
0.00036163298
0.00020817034
8.4007479e-05
0.0068035633
0.0068078083
0.0068135065
0.0068192403
0.0068239772
0.0068270248
0.0068280964
0.0068271783
0.0068244406
0.0068200598
0.0068140488
0.0068063124
0.0067967336
0.0067850429
0.0067708233
0.0067535484
0.006732815
0.0067086495
0.006681443
0.0066513797
0.0066180645
0.0065812085
0.0065407933
0.006496831
0.0064495943
0.0063995875
0.0063471746
0.0062926181
0.0062363216
0.0061788253
0.0061205595
0.0060618229
0.006002938
0.0059441453
0.0058855294
0.0058270916
0.0057687771
0.0057104519
0.0056519306
0.0055929749
0.005533312
0.0054727078
0.0054109781
0.0053479698
0.0052835029
0.0052172659
0.0051490048
0.0050786594
0.0050061722
0.0049315067
0.0048547565
0.0047763297
0.004696796
0.0046164593
0.0045355693
0.0044548424
0.0043749551
0.0042958089
0.0042172016
0.0041391706
0.0040614982
0.0039839447
0.0039061004
0.0038276047
0.0037489108
0.0036710279
0.0035946034
0.0035187573
0.0034418391
0.0033630286
0.0032822885
0.0031997146
0.0031153429
0.0030292072
0.0029413858
0.0028519681
0.00276101
0.0026685266
0.0025745039
0.0024789091
0.0023816959
0.002282805
0.0021821636
0.0020796848
0.0019752675
0.001868797
0.0017601462
0.0016491784
0.0015357478
0.0014197003
0.001300871
0.0011790832
0.001054132
0.00092581186
0.00079377693
0.00065794898
0.00051703803
0.00037355038
0.00021748111
8.8607957e-05
0.0065016302
0.0064846066
0.0064683772
0.0064523809
0.0064360432
0.0064190453
0.0064012083
0.0063824124
0.0063625643
0.0063415847
0.0063193973
0.0062959405
0.0062711718
0.0062450187
0.0062173794
0.0061881678
0.0061573126
0.0061247089
0.0060902588
0.0060539271
0.0060157021
0.0059755521
0.0059334468
0.0058893539
0.0058432566
0.0057952128
0.0057453268
0.0056937199
0.0056405257
0.0055859061
0.0055300518
0.0054731712
0.0054154805
0.0053571957
0.0052985229
0.0052396488
0.0051807321
0.005121901
0.0050632426
0.0050047937
0.0049465514
0.0048884842
0.0048305379
0.0047726353
0.0047146744
0.0046565353
0.0045980926
0.0045392229
0.0044798189
0.0044197946
0.0043590958
0.004297714
0.004235674
0.0041730224
0.0041098445
0.004046262
0.0039823655
0.0039181955
0.0038537912
0.0037891749
0.0037243293
0.0036592296
0.0035938487
0.0035282169
0.0034624256
0.0033965537
0.0033306142
0.003264523
0.0031982642
0.0031319825
0.003064893
0.0029956505
0.0029238359
0.0028496449
0.0027733282
0.0026949838
0.002614618
0.0025322214
0.0024477821
0.0023612745
0.0022726557
0.0021818689
0.002088847
0.0019935134
0.0018957816
0.0017955561
0.0016927352
0.0015872138
0.0014788872
0.0013676542
0.0012534201
0.0011360995
0.0010156186
0.00089192245
0.00076497403
0.00063479395
0.00050135951
0.00036523713
0.00022461834
9.6407848e-05
)
;

boundaryField
{
    inlet
    {
        type            zeroGradient;
    }
    top
    {
        type            zeroGradient;
    }
    outlet
    {
        type            fixedValue;
        value           uniform 0;
    }
    slipsurface
    {
        type            slip;
    }
    bottom
    {
        type            zeroGradient;
    }
    frontandback
    {
        type            empty;
    }
}


// ************************************************************************* //
