0 	0.0065764744 	9.6015041e-05 	4.264151e-09 	0.015094806 	0.99924409 	0 	0
0.0021021021 	0.0065751912 	9.5955005e-05 	4.2595952e-09 	0.015203044 	0.9992192 	0 	0
0.0042042042 	0.0065739081 	9.5894968e-05 	4.2550395e-09 	0.015311282 	0.99919431 	0 	0
0.0063063063 	0.0065726249 	9.5834932e-05 	4.2504837e-09 	0.01541952 	0.99916942 	0 	0
0.0084084084 	0.0065713417 	9.5774896e-05 	4.2459279e-09 	0.015527758 	0.99914453 	0 	0
0.010510511 	0.0065701293 	9.5717745e-05 	4.2415908e-09 	0.015652449 	0.99911496 	0 	0
0.012612613 	0.0065689608 	9.5662385e-05 	4.2373894e-09 	0.015787358 	0.99908247 	0 	0
0.014714715 	0.0065677923 	9.5607026e-05 	4.233188e-09 	0.015922268 	0.99904999 	0 	0
0.016816817 	0.0065666238 	9.5551666e-05 	4.2289867e-09 	0.016057177 	0.9990175 	0 	0
0.018918919 	0.0065654553 	9.5496307e-05 	4.2247853e-09 	0.016192087 	0.99898502 	0 	0
0.021021021 	0.0065643005 	9.5441441e-05 	4.2206201e-09 	0.016331289 	0.99895123 	0 	0
0.023123123 	0.0065632381 	9.5389891e-05 	4.2166981e-09 	0.016499353 	0.99890865 	0 	0
0.025225225 	0.0065621757 	9.5338341e-05 	4.2127762e-09 	0.016667416 	0.99886607 	0 	0
0.027327327 	0.0065611134 	9.5286791e-05 	4.2088542e-09 	0.01683548 	0.99882349 	0 	0
0.029429429 	0.006560051 	9.5235241e-05 	4.2049323e-09 	0.017003543 	0.99878092 	0 	0
0.031531532 	0.0065590158 	9.5184501e-05 	4.2010666e-09 	0.017182221 	0.9987349 	0 	0
0.033633634 	0.0065580603 	9.5136127e-05 	4.197365e-09 	0.0173919 	0.99867883 	0 	0
0.035735736 	0.0065571048 	9.5087752e-05 	4.1936634e-09 	0.01760158 	0.99862275 	0 	0
0.037837838 	0.0065561493 	9.5039377e-05 	4.1899618e-09 	0.017811259 	0.99856668 	0 	0
0.03993994 	0.0065551938 	9.4991003e-05 	4.1862602e-09 	0.018020939 	0.99851061 	0 	0
0.042042042 	0.0065543471 	9.4945102e-05 	4.1827134e-09 	0.018278833 	0.99843773 	0 	0
0.044144144 	0.0065535105 	9.4899432e-05 	4.1791812e-09 	0.018541245 	0.99836328 	0 	0
0.046246246 	0.006552674 	9.4853763e-05 	4.175649e-09 	0.018803657 	0.99828883 	0 	0
0.048348348 	0.0065518428 	9.4808181e-05 	4.1721212e-09 	0.019068567 	0.99821346 	0 	0
0.05045045 	0.0065511528 	9.4764887e-05 	4.1687102e-09 	0.019399058 	0.998114 	0 	0
0.052552553 	0.0065504628 	9.4721592e-05 	4.1652993e-09 	0.019729549 	0.99801454 	0 	0
0.054654655 	0.0065497728 	9.4678298e-05 	4.1618883e-09 	0.02006004 	0.99791508 	0 	0
0.056756757 	0.0065491956 	9.463618e-05 	4.1585116e-09 	0.020440057 	0.99779544 	0 	0
0.058858859 	0.0065487074 	9.4594989e-05 	4.1551619e-09 	0.020859119 	0.9976599 	0 	0
0.060960961 	0.0065482192 	9.4553798e-05 	4.1518122e-09 	0.021278181 	0.99752435 	0 	0
0.063063063 	0.0065478568 	9.4513499e-05 	4.1484626e-09 	0.021748751 	0.99736796 	0 	0
0.065165165 	0.0065476643 	9.4474403e-05 	4.1451131e-09 	0.022288958 	0.99718338 	0 	0
0.067267267 	0.0065474718 	9.4435308e-05 	4.1417636e-09 	0.022829165 	0.9969988 	0 	0
0.069369369 	0.0065475772 	9.4397115e-05 	4.138306e-09 	0.023463474 	0.99676558 	0 	0
0.071471471 	0.0065478951 	9.4359566e-05 	4.1347714e-09 	0.024164875 	0.99649769 	0 	0
0.073573574 	0.0065482129 	9.4322018e-05 	4.1312368e-09 	0.024866276 	0.9962298 	0 	0
0.075675676 	0.0065493395 	9.4288324e-05 	4.1275327e-09 	0.025820063 	0.99586359 	0 	0
0.077777778 	0.0065504752 	9.4254675e-05 	4.1238266e-09 	0.026776714 	0.99549625 	0 	0
0.07987988 	0.0065526972 	9.4217194e-05 	4.1190969e-09 	0.027923664 	0.99497402 	0 	0
0.081981982 	0.0065556495 	9.4177138e-05 	4.1136789e-09 	0.029198553 	0.99434766 	0 	0
0.084084084 	0.0065604076 	9.4156253e-05 	4.1088144e-09 	0.030752882 	0.99364312 	0 	0
0.086186186 	0.0065682077 	9.4167661e-05 	4.1048822e-09 	0.032777923 	0.99280691 	0 	0
0.088288288 	0.0065753113 	9.4105362e-05 	4.0949452e-09 	0.034956419 	0.99164098 	0 	-3.2757984e-22
0.09039039 	0.0065805896 	9.3849905e-05 	4.0692722e-09 	0.037537049 	0.98961099 	0 	-1.5136003e-21
0.092492492 	0.0066926269 	9.3976671e-05 	4.0181522e-09 	0.042642358 	0.98786984 	0 	5.4719187e-19
0.094594595 	0.0070861727 	9.5111304e-05 	3.8999322e-09 	0.054404891 	0.98689031 	0 	2.5458838e-18
0.096696697 	0.0093728182 	8.7661482e-05 	3.4689606e-09 	0.063097637 	0.89943765 	0 	3.8729154e-18
0.098798799 	0.015396245 	6.3266837e-05 	2.4206499e-09 	0.065730942 	0.64129605 	0 	3.8741593e-18
0.1009009 	0.01812488 	3.8250266e-05 	1.412558e-09 	0.058133497 	0.38290291 	0 	3.0047376e-18
0.103003 	0.016460458 	1.2404458e-05 	4.5809105e-10 	0.036895053 	0.12417438 	0 	9.7442829e-19
0.10510511 	0.01233427 	6.9101513e-15 	2.7803899e-15 	0.019787614 	0 	0 	0
0.10720721 	0.0059362189 	2.9019033e-15 	1.5633419e-15 	0.0064925073 	0 	0 	0
0.10930931 	0.0031361908 	1.2830501e-15 	9.5826631e-16 	0.0011765725 	0 	0 	0
0.11141141 	0.0027738802 	1.2830502e-15 	7.6781184e-16 	0.0012666538 	0 	0 	0
0.11351351 	0.0021277296 	1.1881308e-15 	6.4940543e-16 	0.0015658508 	0 	0 	0
0.11561562 	0.0013328323 	1.0434688e-15 	5.6875588e-16 	0.001974635 	0 	0 	0
0.11771772 	0.001062103 	1e-15 	5.1265808e-16 	0.0022631624 	0 	0 	0
0.11981982 	0.001016536 	1e-15 	4.6710677e-16 	0.0025000321 	0 	0 	0
0.12192192 	0.00085937527 	1e-15 	4.3250887e-16 	0.0026906779 	0 	0 	0
0.12402402 	0.00066000995 	1e-15 	4.0205354e-16 	0.0028638419 	0 	0 	0
0.12612613 	0.00059500584 	1e-15 	3.7777264e-16 	0.0029936312 	0 	0 	0
0.12822823 	0.00057876973 	1e-15 	3.5573283e-16 	0.0031076771 	0 	0 	0
0.13033033 	0.000512024 	1e-15 	3.3744797e-16 	0.0031984067 	0 	0 	0
0.13243243 	0.00042594289 	1e-15 	3.2060052e-16 	0.0032802107 	0 	0 	0
0.13453453 	0.00046923487 	1e-15 	3.0618037e-16 	0.0033456084 	0 	0 	0
0.13663664 	0.0005697591 	1e-15 	2.92834e-16 	0.0034037483 	0 	0 	0
0.13873874 	0.00057575935 	1e-15 	2.8108529e-16 	0.0034504156 	0 	0 	0
0.14084084 	0.00052936222 	1e-15 	2.7022221e-16 	0.0034907232 	0 	0 	0
0.14294294 	0.00049515598 	1e-15 	2.6040664e-16 	0.0035240745 	0 	0 	0
0.14504505 	0.00047004849 	1e-15 	2.5137288e-16 	0.0035522339 	0 	0 	0
0.14714715 	0.00044318123 	1e-15 	2.4300816e-16 	0.0035764152 	0 	0 	0
0.14924925 	0.00041440981 	1e-15 	2.3536737e-16 	0.0035962921 	0 	0 	0
0.15135135 	0.00038901397 	1e-15 	2.2812364e-16 	0.003613989 	0 	0 	0
0.15345345 	0.00036947563 	1e-15 	2.2156893e-16 	0.003627903 	0 	0 	0
0.15555556 	0.00035021876 	1e-15 	2.1521504e-16 	0.0036408058 	0 	0 	0
0.15765766 	0.00033191657 	1e-15 	2.0954229e-16 	0.0036502784 	0 	0 	0
0.15975976 	0.00031387916 	1e-15 	2.0391651e-16 	0.0036595333 	0 	0 	0
0.16186186 	0.00029960439 	1e-15 	1.9895798e-16 	0.0036656956 	0 	0 	0
0.16396396 	0.00028532962 	1e-15 	1.9399945e-16 	0.003671858 	0 	0 	0
0.16606607 	0.00027267928 	1e-15 	1.8954196e-16 	0.0036758519 	0 	0 	0
0.16816817 	0.00026025285 	1e-15 	1.8515353e-16 	0.0036795469 	0 	0 	0
0.17027027 	0.00024918629 	1e-15 	1.8109233e-16 	0.0036819719 	0 	0 	0
0.17237237 	0.00023880128 	1e-15 	1.7719513e-16 	0.0036837605 	0 	0 	0
0.17447447 	0.00022903068 	1e-15 	1.7347322e-16 	0.0036849105 	0 	0 	0
0.17657658 	0.00022008582 	1e-15 	1.6998688e-16 	0.0036852023 	0 	0 	0
0.17867868 	0.00021134077 	1e-15 	1.6655565e-16 	0.0036853097 	0 	0 	0
0.18078078 	0.00020364982 	1e-15 	1.6341515e-16 	0.0036844445 	0 	0 	0
0.18288288 	0.00019595886 	1e-15 	1.6027464e-16 	0.0036835793 	0 	0 	0
0.18498498 	0.00018914164 	1e-15 	1.5739811e-16 	0.0036819296 	0 	0 	0
0.18708709 	0.0001824628 	1e-15 	1.5456338e-16 	0.0036801557 	0 	0 	0
0.18918919 	0.00017624137 	1e-15 	1.518709e-16 	0.0036779859 	0 	0 	0
0.19129129 	0.00017041373 	1e-15 	1.4930088e-16 	0.0036754754 	0 	0 	0
0.19339339 	0.00016471492 	1e-15 	1.4677216e-16 	0.0036728577 	0 	0 	0
0.1954955 	0.00015960088 	1e-15 	1.4443094e-16 	0.0036697529 	0 	0 	0
0.1975976 	0.00015448685 	1e-15 	1.4208972e-16 	0.0036666481 	0 	0 	0
0.1996997 	0.00014985164 	1e-15 	1.399096e-16 	0.0036631657 	0 	0 	0
0.2018018 	0.00014534245 	1e-15 	1.3777188e-16 	0.0036595839 	0 	0 	0
0.2039039 	0.00014102378 	1e-15 	1.3569518e-16 	0.0036558603 	0 	0 	0
0.20600601 	0.00013703025 	1e-15 	1.3372263e-16 	0.0036518947 	0 	0 	0
0.20810811 	0.00013303671 	1e-15 	1.3175008e-16 	0.003647929 	0 	0 	0
0.21021021 	0.00012944713 	1e-15 	1.299138e-16 	0.0036436797 	0 	0 	0
0.21231231 	0.00012589614 	1e-15 	1.2809054e-16 	0.0036394032 	0 	0 	0
0.21441441 	0.00012250571 	1e-15 	1.2633638e-16 	0.0036350178 	0 	0 	0
0.21651652 	0.00011933665 	1e-15 	1.2467749e-16 	0.0036304822 	0 	0 	0
0.21861862 	0.00011616758 	1e-15 	1.230186e-16 	0.0036259466 	0 	0 	0
0.22072072 	0.00011329364 	1e-15 	1.2147148e-16 	0.0036212197 	0 	0 	0
0.22282282 	0.00011045585 	1e-15 	1.1993806e-16 	0.0036164695 	0 	0 	0
0.22492492 	0.00010771129 	1e-15 	1.1843549e-16 	0.0036116628 	0 	0 	0
0.22702703 	0.00010516224 	1e-15 	1.1699766e-16 	0.0036067378 	0 	0 	0
0.22912913 	0.0001026132 	1e-15 	1.1555982e-16 	0.0036018128 	0 	0 	0
0.23123123 	0.00010024488 	1e-15 	1.1420092e-16 	0.0035967861 	0 	0 	0
0.23333333 	9.7948644e-05 	1e-15 	1.128735e-16 	0.003591719 	0 	0 	0
0.23543544 	9.5666963e-05 	1e-15 	1.1155252e-16 	0.0035866445 	0 	0 	0
0.23753754 	9.3593007e-05 	1e-15 	1.103234e-16 	0.0035814651 	0 	0 	0
0.23963964 	9.1519051e-05 	1e-15 	1.0909427e-16 	0.0035762857 	0 	0 	0
0.24174174 	8.9518307e-05 	1e-15 	1.0789479e-16 	0.0035710726 	0 	0 	0
0.24384384 	8.7640608e-05 	1e-15 	1.0674515e-16 	0.0035658027 	0 	0 	0
0.24594595 	8.5762908e-05 	1e-15 	1.0559551e-16 	0.0035605329 	0 	0 	0
0.24804805 	8.3995781e-05 	1e-15 	1.0449385e-16 	0.0035552141 	0 	0 	0
0.25015015 	8.2291963e-05 	1e-15 	1.0341967e-16 	0.0035498673 	0 	0 	0
0.25225225 	8.0588145e-05 	1e-15 	1.023455e-16 	0.0035445206 	0 	0 	0
0.25435435 	7.901605e-05 	1e-15 	1.0133305e-16 	0.0035391203 	0 	0 	0
0.25645646 	7.746677e-05 	1e-15 	1.0033131e-16 	0.0035337107 	0 	0 	0
0.25855856 	7.5920329e-05 	1e-15 	9.9330697e-17 	0.0035283001 	0 	0 	0
0.26066066 	7.4508843e-05 	1e-15 	9.838428e-17 	0.0035228419 	0 	0 	0
0.26276276 	7.3097358e-05 	1e-15 	9.7437864e-17 	0.0035173838 	0 	0 	0
0.26486486 	7.1702969e-05 	1e-15 	9.6499465e-17 	0.0035119205 	0 	0 	0
0.26696697 	7.0414721e-05 	1e-15 	9.5610844e-17 	0.0035064249 	0 	0 	0
0.26906907 	6.9126474e-05 	1e-15 	9.4722222e-17 	0.0035009293 	0 	0 	0
0.27117117 	6.7860858e-05 	1e-15 	9.3845665e-17 	0.0034954281 	0 	0 	0
0.27327327 	6.6683127e-05 	1e-15 	9.3015952e-17 	0.003489905 	0 	0 	0
0.27537538 	6.5505396e-05 	1e-15 	9.2186239e-17 	0.0034843819 	0 	0 	0
0.27747748 	6.4349199e-05 	1e-15 	9.1367147e-17 	0.003478855 	0 	0 	0
0.27957958 	6.3270849e-05 	1e-15 	9.0586451e-17 	0.0034733145 	0 	0 	0
0.28168168 	6.2192499e-05 	1e-15 	8.9805755e-17 	0.0034677741 	0 	0 	0
0.28378378 	6.1129584e-05 	1e-15 	8.9033335e-17 	0.0034622317 	0 	0 	0
0.28588589 	6.0140845e-05 	1e-15 	8.8300686e-17 	0.0034566802 	0 	0 	0
0.28798799 	5.9152106e-05 	1e-15 	8.7568038e-17 	0.0034511286 	0 	0 	0
0.29009009 	5.8168972e-05 	1e-15 	8.6838609e-17 	0.0034455764 	0 	0 	0
0.29219219 	5.7261206e-05 	1e-15 	8.6152479e-17 	0.0034400159 	0 	0 	0
0.29429429 	5.6353441e-05 	1e-15 	8.5466349e-17 	0.0034344553 	0 	0 	0
0.2963964 	5.5445675e-05 	1e-15 	8.4780218e-17 	0.0034288948 	0 	0 	0
0.2984985 	5.4604266e-05 	1e-15 	8.4136243e-17 	0.00342333 	0 	0 	0
0.3006006 	5.3769809e-05 	1e-15 	8.3496683e-17 	0.0034177648 	0 	0 	0
0.3027027 	5.2935352e-05 	1e-15 	8.2857124e-17 	0.0034121996 	0 	0 	0
0.3048048 	5.2145964e-05 	1e-15 	8.2236378e-17 	0.0034066347 	0 	0 	0
0.30690691 	5.1378019e-05 	1e-15 	8.1624582e-17 	0.00340107 	0 	0 	0
0.30900901 	5.0610075e-05 	1e-15 	8.1012787e-17 	0.0033955052 	0 	0 	0
0.31111111 	4.9865343e-05 	1e-15 	8.041277e-17 	0.0033899421 	0 	0 	0
0.31321321 	4.915787e-05 	1e-15 	7.9831656e-17 	0.0033843818 	0 	0 	0
0.31531532 	4.8450396e-05 	1e-15 	7.9250542e-17 	0.0033788214 	0 	0 	0
0.31741742 	4.7744089e-05 	1e-15 	7.8670188e-17 	0.0033732612 	0 	0 	0
0.31951952 	4.7091691e-05 	1e-15 	7.8124913e-17 	0.0033677087 	0 	0 	0
0.32162162 	4.6439293e-05 	1e-15 	7.7579638e-17 	0.0033621562 	0 	0 	0
0.32372372 	4.5786895e-05 	1e-15 	7.7034363e-17 	0.0033566037 	0 	0 	0
0.32582583 	4.5163971e-05 	1e-15 	7.6502293e-17 	0.0033510578 	0 	0 	0
0.32792793 	4.4561816e-05 	1e-15 	7.5979529e-17 	0.0033455167 	0 	0 	0
0.33003003 	4.3959662e-05 	1e-15 	7.5456765e-17 	0.0033399755 	0 	0 	0
0.33213213 	4.3361046e-05 	1e-15 	7.4936043e-17 	0.0033344356 	0 	0 	0
0.33423423 	4.2804814e-05 	1e-15 	7.4439789e-17 	0.00332891 	0 	0 	0
0.33633634 	4.2248583e-05 	1e-15 	7.3943535e-17 	0.0033233845 	0 	0 	0
0.33843844 	4.1692351e-05 	1e-15 	7.3447281e-17 	0.0033178589 	0 	0 	0
0.34054054 	4.1156691e-05 	1e-15 	7.296716e-17 	0.0033123414 	0 	0 	0
0.34264264 	4.064251e-05 	1e-15 	7.2503882e-17 	0.0033068322 	0 	0 	0
0.34474474 	4.0128328e-05 	1e-15 	7.2040604e-17 	0.0033013231 	0 	0 	0
0.34684685 	3.9614146e-05 	1e-15 	7.1577326e-17 	0.0032958139 	0 	0 	0
0.34894895 	3.9131563e-05 	1e-15 	7.1134514e-17 	0.0032903172 	0 	0 	0
0.35105105 	3.8655928e-05 	1e-15 	7.0696201e-17 	0.0032848233 	0 	0 	0
0.35315315 	3.8180293e-05 	1e-15 	7.0257889e-17 	0.0032793293 	0 	0 	0
0.35525526 	3.7706954e-05 	1e-15 	6.9821452e-17 	0.0032738365 	0 	0 	0
0.35735736 	3.7266694e-05 	1e-15 	6.9412038e-17 	0.0032683593 	0 	0 	0
0.35945946 	3.6826434e-05 	1e-15 	6.9002623e-17 	0.0032628821 	0 	0 	0
0.36156156 	3.6386174e-05 	1e-15 	6.8593209e-17 	0.003257405 	0 	0 	0
0.36366366 	3.5953097e-05 	1e-15 	6.8189786e-17 	0.003251932 	0 	0 	0
0.36576577 	3.554535e-05 	1e-15 	6.7807493e-17 	0.0032464738 	0 	0 	0
0.36786787 	3.5137603e-05 	1e-15 	6.7425201e-17 	0.0032410157 	0 	0 	0
0.36996997 	3.4729856e-05 	1e-15 	6.7042908e-17 	0.0032355575 	0 	0 	0
0.37207207 	3.4330598e-05 	1e-15 	6.6664548e-17 	0.0032301051 	0 	0 	0
0.37417417 	3.3952773e-05 	1e-15 	6.6296117e-17 	0.0032246671 	0 	0 	0
0.37627628 	3.3574948e-05 	1e-15 	6.5927686e-17 	0.0032192291 	0 	0 	0
0.37837838 	3.3197123e-05 	1e-15 	6.5559256e-17 	0.0032137911 	0 	0 	0
0.38048048 	3.282616e-05 	1e-15 	6.5194719e-17 	0.0032083586 	0 	0 	0
0.38258258 	3.2475904e-05 	1e-15 	6.4841936e-17 	0.0032029423 	0 	0 	0
0.38468468 	3.2125648e-05 	1e-15 	6.4489153e-17 	0.003197526 	0 	0 	0
0.38678679 	3.1775391e-05 	1e-15 	6.413637e-17 	0.0031921098 	0 	0 	0
0.38888889 	3.1427982e-05 	1e-15 	6.3785431e-17 	0.0031866961 	0 	0 	0
0.39099099 	3.1103155e-05 	1e-15 	6.3449125e-17 	0.0031813027 	0 	0 	0
0.39309309 	3.0778328e-05 	1e-15 	6.3112819e-17 	0.0031759092 	0 	0 	0
0.3951952 	3.04535e-05 	1e-15 	6.2776513e-17 	0.0031705158 	0 	0 	0
0.3972973 	3.0128673e-05 	1e-15 	6.2440207e-17 	0.0031651224 	0 	0 	0
0.3993994 	2.9824226e-05 	1e-15 	6.2118843e-17 	0.0031597505 	0 	0 	0
0.4015015 	2.9522878e-05 	1e-15 	6.179975e-17 	0.0031543819 	0 	0 	0
0.4036036 	2.9221529e-05 	1e-15 	6.1480657e-17 	0.0031490132 	0 	0 	0
0.40570571 	2.8920181e-05 	1e-15 	6.1161564e-17 	0.0031436446 	0 	0 	0
0.40780781 	2.8629948e-05 	1e-15 	6.0851613e-17 	0.0031382896 	0 	0 	0
0.40990991 	2.835031e-05 	1e-15 	6.0550376e-17 	0.0031329475 	0 	0 	0
0.41201201 	2.8070672e-05 	1e-15 	6.0249138e-17 	0.0031276054 	0 	0 	0
0.41411411 	2.7791033e-05 	1e-15 	5.9947901e-17 	0.0031222633 	0 	0 	0
0.41621622 	2.7512166e-05 	1e-15 	5.964732e-17 	0.0031169221 	0 	0 	0
0.41831832 	2.7252618e-05 	1e-15 	5.93632e-17 	0.0031116043 	0 	0 	0
0.42042042 	2.699307e-05 	1e-15 	5.907908e-17 	0.0031062864 	0 	0 	0
0.42252252 	2.6733522e-05 	1e-15 	5.8794959e-17 	0.0031009686 	0 	0 	0
0.42462462 	2.6473974e-05 	1e-15 	5.8510839e-17 	0.0030956507 	0 	0 	0
0.42672673 	2.6222632e-05 	1e-15 	5.8233479e-17 	0.0030903433 	0 	0 	0
0.42882883 	2.598168e-05 	1e-15 	5.7964679e-17 	0.003085049 	0 	0 	0
0.43093093 	2.5740728e-05 	1e-15 	5.7695878e-17 	0.0030797547 	0 	0 	0
0.43303303 	2.5499776e-05 	1e-15 	5.7427078e-17 	0.0030744604 	0 	0 	0
0.43513514 	2.5258824e-05 	1e-15 	5.7158277e-17 	0.0030691661 	0 	0 	0
0.43723724 	2.5030185e-05 	1e-15 	5.6895855e-17 	0.0030638899 	0 	0 	0
0.43933934 	2.4806464e-05 	1e-15 	5.663598e-17 	0.003058621 	0 	0 	0
0.44144144 	2.4582744e-05 	1e-15 	5.6376105e-17 	0.0030533521 	0 	0 	0
0.44354354 	2.4359023e-05 	1e-15 	5.6116231e-17 	0.0030480833 	0 	0 	0
0.44564565 	2.4135303e-05 	1e-15 	5.5856356e-17 	0.0030428144 	0 	0 	0
0.44774775 	2.3925193e-05 	1e-15 	5.5610886e-17 	0.0030375676 	0 	0 	0
0.44984985 	2.3717456e-05 	1e-15 	5.5367927e-17 	0.0030323246 	0 	0 	0
0.45195195 	2.3509718e-05 	1e-15 	5.5124967e-17 	0.0030270816 	0 	0 	0
0.45405405 	2.3301981e-05 	1e-15 	5.4882008e-17 	0.0030218387 	0 	0 	0
0.45615616 	2.3094243e-05 	1e-15 	5.4639049e-17 	0.0030165957 	0 	0 	0
0.45825826 	2.2899043e-05 	1e-15 	5.4409594e-17 	0.0030113752 	0 	0 	0
0.46036036 	2.2706139e-05 	1e-15 	5.4182613e-17 	0.0030061587 	0 	0 	0
0.46246246 	2.2513235e-05 	1e-15 	5.3955632e-17 	0.0030009422 	0 	0 	0
0.46456456 	2.232033e-05 	1e-15 	5.3728651e-17 	0.0029957258 	0 	0 	0
0.46666667 	2.2127426e-05 	1e-15 	5.350167e-17 	0.0029905093 	0 	0 	0
0.46876877 	2.1943998e-05 	1e-15 	5.3280236e-17 	0.0029853116 	0 	0 	0
0.47087087 	2.1764869e-05 	1e-15 	5.3061317e-17 	0.0029801223 	0 	0 	0
0.47297297 	2.158574e-05 	1e-15 	5.2842399e-17 	0.0029749331 	0 	0 	0
0.47507508 	2.1406611e-05 	1e-15 	5.2623481e-17 	0.0029697438 	0 	0 	0
0.47717718 	2.1227482e-05 	1e-15 	5.2404562e-17 	0.0029645546 	0 	0 	0
0.47927928 	2.105311e-05 	1e-15 	5.2187328e-17 	0.0029593757 	0 	0 	0
0.48138138 	2.0886781e-05 	1e-15 	5.197294e-17 	0.0029542145 	0 	0 	0
0.48348348 	2.0720452e-05 	1e-15 	5.1758552e-17 	0.0029490533 	0 	0 	0
0.48558559 	2.0554122e-05 	1e-15 	5.1544164e-17 	0.0029438921 	0 	0 	0
0.48768769 	2.0387793e-05 	1e-15 	5.1329776e-17 	0.0029387308 	0 	0 	0
0.48978979 	2.0221464e-05 	1e-15 	5.1115388e-17 	0.0029335696 	0 	0 	0
0.49189189 	2.0065703e-05 	1e-15 	5.0917178e-17 	0.0029284344 	0 	0 	0
0.49399399 	1.9911277e-05 	1e-15 	5.0721013e-17 	0.0029233026 	0 	0 	0
0.4960961 	1.9756851e-05 	1e-15 	5.0524848e-17 	0.0029181707 	0 	0 	0
0.4981982 	1.9602425e-05 	1e-15 	5.0328683e-17 	0.0029130388 	0 	0 	0
0.5003003 	1.9447999e-05 	1e-15 	5.0132518e-17 	0.0029079069 	0 	0 	0
0.5024024 	1.9296087e-05 	1e-15 	4.9939486e-17 	0.0029027817 	0 	0 	0
0.5045045 	1.9152739e-05 	1e-15 	4.9757123e-17 	0.0028976789 	0 	0 	0
0.50660661 	1.9009392e-05 	1e-15 	4.9574761e-17 	0.0028925762 	0 	0 	0
0.50870871 	1.8866044e-05 	1e-15 	4.9392398e-17 	0.0028874735 	0 	0 	0
0.51081081 	1.8722697e-05 	1e-15 	4.9210036e-17 	0.0028823707 	0 	0 	0
0.51291291 	1.8579349e-05 	1e-15 	4.9027673e-17 	0.002877268 	0 	0 	0
0.51501502 	1.8439912e-05 	1e-15 	4.8846456e-17 	0.0028721758 	0 	0 	0
0.51711712 	1.8306876e-05 	1e-15 	4.8667114e-17 	0.0028671008 	0 	0 	0
0.51921922 	1.817384e-05 	1e-15 	4.8487772e-17 	0.0028620259 	0 	0 	0
0.52132132 	1.8040805e-05 	1e-15 	4.830843e-17 	0.0028569509 	0 	0 	0
0.52342342 	1.7907769e-05 	1e-15 	4.8129088e-17 	0.002851876 	0 	0 	0
0.52552553 	1.7774733e-05 	1e-15 	4.7949746e-17 	0.002846801 	0 	0 	0
0.52762763 	1.7644901e-05 	1e-15 	4.7773626e-17 	0.0028417355 	0 	0 	0
0.52972973 	1.7521465e-05 	1e-15 	4.760394e-17 	0.0028366887 	0 	0 	0
0.53183183 	1.7398029e-05 	1e-15 	4.7434253e-17 	0.0028316419 	0 	0 	0
0.53393393 	1.7274593e-05 	1e-15 	4.7264567e-17 	0.0028265951 	0 	0 	0
0.53603604 	1.7151157e-05 	1e-15 	4.709488e-17 	0.0028215483 	0 	0 	0
0.53813814 	1.7027721e-05 	1e-15 	4.6925194e-17 	0.0028165015 	0 	0 	0
0.54024024 	1.6904992e-05 	1e-15 	4.6756391e-17 	0.0028114571 	0 	0 	0
0.54234234 	1.6790497e-05 	1e-15 	4.6597875e-17 	0.0028064394 	0 	0 	0
0.54444444 	1.6676003e-05 	1e-15 	4.643936e-17 	0.0028014217 	0 	0 	0
0.54654655 	1.6561509e-05 	1e-15 	4.6280844e-17 	0.0027964041 	0 	0 	0
0.54864865 	1.6447015e-05 	1e-15 	4.6122329e-17 	0.0027913864 	0 	0 	0
0.55075075 	1.6332521e-05 	1e-15 	4.5963813e-17 	0.0027863688 	0 	0 	0
0.55285285 	1.6218026e-05 	1e-15 	4.5805298e-17 	0.0027813511 	0 	0 	0
0.55495495 	1.6108554e-05 	1e-15 	4.564762e-17 	0.0027763512 	0 	0 	0
0.55705706 	1.6002393e-05 	1e-15 	4.5490494e-17 	0.002771363 	0 	0 	0
0.55915916 	1.5896231e-05 	1e-15 	4.5333368e-17 	0.0027663748 	0 	0 	0
0.56126126 	1.579007e-05 	1e-15 	4.5176241e-17 	0.0027613866 	0 	0 	0
0.56336336 	1.5683909e-05 	1e-15 	4.5019115e-17 	0.0027563983 	0 	0 	0
0.56546547 	1.5577747e-05 	1e-15 	4.4861989e-17 	0.0027514101 	0 	0 	0
0.56756757 	1.5471586e-05 	1e-15 	4.4704863e-17 	0.0027464219 	0 	0 	0
0.56966967 	1.5372346e-05 	1e-15 	4.455558e-17 	0.0027414606 	0 	0 	0
0.57177177 	1.5273952e-05 	1e-15 	4.4407254e-17 	0.0027365025 	0 	0 	0
0.57387387 	1.5175557e-05 	1e-15 	4.4258929e-17 	0.0027315445 	0 	0 	0
0.57597598 	1.5077163e-05 	1e-15 	4.4110603e-17 	0.0027265864 	0 	0 	0
0.57807808 	1.4978768e-05 	1e-15 	4.3962277e-17 	0.0027216284 	0 	0 	0
0.58018018 	1.4880374e-05 	1e-15 	4.3813952e-17 	0.0027166703 	0 	0 	0
0.58228228 	1.4781979e-05 	1e-15 	4.3665626e-17 	0.0027117123 	0 	0 	0
0.58438438 	1.4690319e-05 	1e-15 	4.3530434e-17 	0.0027067826 	0 	0 	0
0.58648649 	1.4599166e-05 	1e-15 	4.3396231e-17 	0.0027018552 	0 	0 	0
0.58858859 	1.4508013e-05 	1e-15 	4.3262028e-17 	0.0026969277 	0 	0 	0
0.59069069 	1.441686e-05 	1e-15 	4.3127826e-17 	0.0026920002 	0 	0 	0
0.59279279 	1.4325707e-05 	1e-15 	4.2993623e-17 	0.0026870727 	0 	0 	0
0.59489489 	1.4234554e-05 	1e-15 	4.285942e-17 	0.0026821452 	0 	0 	0
0.596997 	1.4143401e-05 	1e-15 	4.2725218e-17 	0.0026772177 	0 	0 	0
0.5990991 	1.4056996e-05 	1e-15 	4.2595677e-17 	0.0026723125 	0 	0 	0
0.6012012 	1.3972595e-05 	1e-15 	4.2468105e-17 	0.0026674166 	0 	0 	0
0.6033033 	1.3888195e-05 	1e-15 	4.2340533e-17 	0.0026625208 	0 	0 	0
0.60540541 	1.3803794e-05 	1e-15 	4.2212961e-17 	0.0026576249 	0 	0 	0
0.60750751 	1.3719394e-05 	1e-15 	4.2085389e-17 	0.0026527291 	0 	0 	0
0.60960961 	1.3634993e-05 	1e-15 	4.1957817e-17 	0.0026478332 	0 	0 	0
0.61171171 	1.3550593e-05 	1e-15 	4.1830244e-17 	0.0026429374 	0 	0 	0
0.61381381 	1.3467413e-05 	1e-15 	4.1704025e-17 	0.0026380479 	0 	0 	0
0.61591592 	1.3389313e-05 	1e-15 	4.1583434e-17 	0.0026331848 	0 	0 	0
0.61801802 	1.3311212e-05 	1e-15 	4.1462843e-17 	0.0026283218 	0 	0 	0
0.62012012 	1.3233112e-05 	1e-15 	4.1342252e-17 	0.0026234587 	0 	0 	0
0.62222222 	1.3155011e-05 	1e-15 	4.1221661e-17 	0.0026185957 	0 	0 	0
0.62432432 	1.3076911e-05 	1e-15 	4.110107e-17 	0.0026137326 	0 	0 	0
0.62642643 	1.2998811e-05 	1e-15 	4.0980479e-17 	0.0026088696 	0 	0 	0
0.62852853 	1.292071e-05 	1e-15 	4.0859888e-17 	0.0026040065 	0 	0 	0
0.63063063 	1.2844862e-05 	1e-15 	4.0741044e-17 	0.0025991556 	0 	0 	0
0.63273273 	1.277264e-05 	1e-15 	4.0625013e-17 	0.0025943243 	0 	0 	0
0.63483483 	1.2700418e-05 	1e-15 	4.0508982e-17 	0.002589493 	0 	0 	0
0.63693694 	1.2628196e-05 	1e-15 	4.0392951e-17 	0.0025846617 	0 	0 	0
0.63903904 	1.2555974e-05 	1e-15 	4.027692e-17 	0.0025798303 	0 	0 	0
0.64114114 	1.2483753e-05 	1e-15 	4.0160889e-17 	0.002574999 	0 	0 	0
0.64324324 	1.2411531e-05 	1e-15 	4.0044858e-17 	0.0025701677 	0 	0 	0
0.64534535 	1.2339309e-05 	1e-15 	3.9928827e-17 	0.0025653364 	0 	0 	0
0.64744745 	1.2268462e-05 	1e-15 	3.9814252e-17 	0.002560513 	0 	0 	0
0.64954955 	1.2201722e-05 	1e-15 	3.9704025e-17 	0.0025557135 	0 	0 	0
0.65165165 	1.2134983e-05 	1e-15 	3.9593798e-17 	0.0025509139 	0 	0 	0
0.65375375 	1.2068244e-05 	1e-15 	3.9483572e-17 	0.0025461143 	0 	0 	0
0.65585586 	1.2001504e-05 	1e-15 	3.9373345e-17 	0.0025413148 	0 	0 	0
0.65795796 	1.1934765e-05 	1e-15 	3.9263118e-17 	0.0025365152 	0 	0 	0
0.66006006 	1.1868025e-05 	1e-15 	3.9152892e-17 	0.0025317156 	0 	0 	0
0.66216216 	1.1801286e-05 	1e-15 	3.9042665e-17 	0.002526916 	0 	0 	0
0.66426426 	1.1734546e-05 	1e-15 	3.8932438e-17 	0.0025221165 	0 	0 	0
0.66636637 	1.1671769e-05 	1e-15 	3.8826209e-17 	0.0025173425 	0 	0 	0
0.66846847 	1.1610143e-05 	1e-15 	3.8721143e-17 	0.002512576 	0 	0 	0
0.67057057 	1.1548518e-05 	1e-15 	3.8616076e-17 	0.0025078095 	0 	0 	0
0.67267267 	1.1486892e-05 	1e-15 	3.8511009e-17 	0.002503043 	0 	0 	0
0.67477477 	1.1425266e-05 	1e-15 	3.8405943e-17 	0.0024982765 	0 	0 	0
0.67687688 	1.136364e-05 	1e-15 	3.8300876e-17 	0.00249351 	0 	0 	0
0.67897898 	1.1302015e-05 	1e-15 	3.8195809e-17 	0.0024887435 	0 	0 	0
0.68108108 	1.1240389e-05 	1e-15 	3.8090742e-17 	0.002483977 	0 	0 	0
0.68318318 	1.1178763e-05 	1e-15 	3.7985676e-17 	0.0024792105 	0 	0 	0
0.68528529 	1.1121578e-05 	1e-15 	3.7886748e-17 	0.0024744754 	0 	0 	0
0.68738739 	1.1064723e-05 	1e-15 	3.7788276e-17 	0.0024697426 	0 	0 	0
0.68948949 	1.1007868e-05 	1e-15 	3.7689804e-17 	0.0024650098 	0 	0 	0
0.69159159 	1.0951013e-05 	1e-15 	3.7591331e-17 	0.0024602771 	0 	0 	0
0.69369369 	1.0894157e-05 	1e-15 	3.7492859e-17 	0.0024555443 	0 	0 	0
0.6957958 	1.0837302e-05 	1e-15 	3.7394387e-17 	0.0024508115 	0 	0 	0
0.6978979 	1.0780447e-05 	1e-15 	3.7295915e-17 	0.0024460787 	0 	0 	0
0.7 	1.0723592e-05 	1e-15 	3.7197442e-17 	0.0024413459 	0 	0 	0
0.7021021 	1.0666736e-05 	1e-15 	3.709897e-17 	0.0024366132 	0 	0 	0
0.7042042 	1.0612963e-05 	1e-15 	3.7007799e-17 	0.0024319044 	0 	0 	0
0.70630631 	1.0560558e-05 	1e-15 	3.6919868e-17 	0.0024272063 	0 	0 	0
0.70840841 	1.0508152e-05 	1e-15 	3.6831937e-17 	0.0024225082 	0 	0 	0
0.71051051 	1.0455746e-05 	1e-15 	3.6744005e-17 	0.0024178101 	0 	0 	0
0.71261261 	1.0403341e-05 	1e-15 	3.6656074e-17 	0.002413112 	0 	0 	0
0.71471471 	1.0350935e-05 	1e-15 	3.6568143e-17 	0.0024084139 	0 	0 	0
0.71681682 	1.029853e-05 	1e-15 	3.6480211e-17 	0.0024037159 	0 	0 	0
0.71891892 	1.0246124e-05 	1e-15 	3.639228e-17 	0.0023990178 	0 	0 	0
0.72102102 	1.0193718e-05 	1e-15 	3.6304349e-17 	0.0023943197 	0 	0 	0
0.72312312 	1.0141441e-05 	1e-15 	3.621655e-17 	0.0023896227 	0 	0 	0
0.72522523 	1.0093185e-05 	1e-15 	3.6132913e-17 	0.0023849601 	0 	0 	0
0.72732733 	1.0044929e-05 	1e-15 	3.6049276e-17 	0.0023802975 	0 	0 	0
0.72942943 	9.9966726e-06 	1e-15 	3.5965639e-17 	0.0023756349 	0 	0 	0
0.73153153 	9.9484165e-06 	1e-15 	3.5882001e-17 	0.0023709723 	0 	0 	0
0.73363363 	9.9001604e-06 	1e-15 	3.5798364e-17 	0.0023663096 	0 	0 	0
0.73573574 	9.8519043e-06 	1e-15 	3.5714727e-17 	0.002361647 	0 	0 	0
0.73783784 	9.8036482e-06 	1e-15 	3.563109e-17 	0.0023569844 	0 	0 	0
0.73993994 	9.7553921e-06 	1e-15 	3.5547453e-17 	0.0023523218 	0 	0 	0
0.74204204 	9.7071361e-06 	1e-15 	3.5463816e-17 	0.0023476592 	0 	0 	0
0.74414414 	9.65888e-06 	1e-15 	3.5380179e-17 	0.0023429966 	0 	0 	0
0.74624625 	9.6141582e-06 	1e-15 	3.5297305e-17 	0.0023383677 	0 	0 	0
0.74834835 	9.5697709e-06 	1e-15 	3.5214504e-17 	0.002333742 	0 	0 	0
0.75045045 	9.5253836e-06 	1e-15 	3.5131703e-17 	0.0023291163 	0 	0 	0
0.75255255 	9.4809963e-06 	1e-15 	3.5048902e-17 	0.0023244906 	0 	0 	0
0.75465465 	9.436609e-06 	1e-15 	3.4966101e-17 	0.0023198649 	0 	0 	0
0.75675676 	9.3922217e-06 	1e-15 	3.48833e-17 	0.0023152392 	0 	0 	0
0.75885886 	9.3478344e-06 	1e-15 	3.4800499e-17 	0.0023106135 	0 	0 	0
0.76096096 	9.3034471e-06 	1e-15 	3.4717698e-17 	0.0023059878 	0 	0 	0
0.76306306 	9.2590598e-06 	1e-15 	3.4634897e-17 	0.002301362 	0 	0 	0
0.76516517 	9.2146725e-06 	1e-15 	3.4552096e-17 	0.0022967363 	0 	0 	0
0.76726727 	9.1713865e-06 	1e-15 	3.4470544e-17 	0.0022921224 	0 	0 	0
0.76936937 	9.1306065e-06 	1e-15 	3.4391834e-17 	0.0022875352 	0 	0 	0
0.77147147 	9.0898265e-06 	1e-15 	3.4313125e-17 	0.002282948 	0 	0 	0
0.77357357 	9.0490464e-06 	1e-15 	3.4234416e-17 	0.0022783608 	0 	0 	0
0.77567568 	9.0082664e-06 	1e-15 	3.4155706e-17 	0.0022737736 	0 	0 	0
0.77777778 	8.9674863e-06 	1e-15 	3.4076997e-17 	0.0022691864 	0 	0 	0
0.77987988 	8.9267063e-06 	1e-15 	3.3998288e-17 	0.0022645992 	0 	0 	0
0.78198198 	8.8859262e-06 	1e-15 	3.3919578e-17 	0.002260012 	0 	0 	0
0.78408408 	8.8451462e-06 	1e-15 	3.3840869e-17 	0.0022554249 	0 	0 	0
0.78618619 	8.8043662e-06 	1e-15 	3.3762159e-17 	0.0022508377 	0 	0 	0
0.78828829 	8.7635861e-06 	1e-15 	3.368345e-17 	0.0022462505 	0 	0 	0
0.79039039 	8.7233681e-06 	1e-15 	3.3605856e-17 	0.0022416697 	0 	0 	0
0.79249249 	8.6859501e-06 	1e-15 	3.353382e-17 	0.0022371212 	0 	0 	0
0.79459459 	8.6485322e-06 	1e-15 	3.3461784e-17 	0.0022325727 	0 	0 	0
0.7966967 	8.6111142e-06 	1e-15 	3.3389748e-17 	0.0022280242 	0 	0 	0
0.7987988 	8.5736963e-06 	1e-15 	3.3317712e-17 	0.0022234757 	0 	0 	0
0.8009009 	8.5362784e-06 	1e-15 	3.3245676e-17 	0.0022189272 	0 	0 	0
0.803003 	8.4988604e-06 	1e-15 	3.317364e-17 	0.0022143787 	0 	0 	0
0.80510511 	8.4614425e-06 	1e-15 	3.3101604e-17 	0.0022098302 	0 	0 	0
0.80720721 	8.4240246e-06 	1e-15 	3.3029568e-17 	0.0022052816 	0 	0 	0
0.80930931 	8.3866066e-06 	1e-15 	3.2957532e-17 	0.0022007331 	0 	0 	0
0.81141141 	8.3491887e-06 	1e-15 	3.2885496e-17 	0.0021961846 	0 	0 	0
0.81351351 	8.3117707e-06 	1e-15 	3.281346e-17 	0.0021916361 	0 	0 	0
0.81561562 	8.2757797e-06 	1e-15 	3.2741983e-17 	0.0021871057 	0 	0 	0
0.81771772 	8.2414927e-06 	1e-15 	3.2671173e-17 	0.0021825969 	0 	0 	0
0.81981982 	8.2072058e-06 	1e-15 	3.2600363e-17 	0.0021780881 	0 	0 	0
0.82192192 	8.1729189e-06 	1e-15 	3.2529553e-17 	0.0021735794 	0 	0 	0
0.82402402 	8.138632e-06 	1e-15 	3.2458743e-17 	0.0021690706 	0 	0 	0
0.82612613 	8.1043451e-06 	1e-15 	3.2387933e-17 	0.0021645618 	0 	0 	0
0.82822823 	8.0700582e-06 	1e-15 	3.2317123e-17 	0.002160053 	0 	0 	0
0.83033033 	8.0357713e-06 	1e-15 	3.2246313e-17 	0.0021555443 	0 	0 	0
0.83243243 	8.0014844e-06 	1e-15 	3.2175503e-17 	0.0021510355 	0 	0 	0
0.83453453 	7.9671975e-06 	1e-15 	3.2104693e-17 	0.0021465267 	0 	0 	0
0.83663664 	7.9329105e-06 	1e-15 	3.2033883e-17 	0.0021420179 	0 	0 	0
0.83873874 	7.8986236e-06 	1e-15 	3.1963074e-17 	0.0021375092 	0 	0 	0
0.84084084 	7.8646949e-06 	1e-15 	3.1892467e-17 	0.0021330055 	0 	0 	0
0.84294294 	7.8333227e-06 	1e-15 	3.1823313e-17 	0.0021285386 	0 	0 	0
0.84504505 	7.8019506e-06 	1e-15 	3.1754159e-17 	0.0021240717 	0 	0 	0
0.84714715 	7.7705785e-06 	1e-15 	3.1685005e-17 	0.0021196047 	0 	0 	0
0.84924925 	7.7392064e-06 	1e-15 	3.1615852e-17 	0.0021151378 	0 	0 	0
0.85135135 	7.7078343e-06 	1e-15 	3.1546698e-17 	0.0021106708 	0 	0 	0
0.85345345 	7.6764621e-06 	1e-15 	3.1477544e-17 	0.0021062039 	0 	0 	0
0.85555556 	7.64509e-06 	1e-15 	3.140839e-17 	0.002101737 	0 	0 	0
0.85765766 	7.6137179e-06 	1e-15 	3.1339236e-17 	0.00209727 	0 	0 	0
0.85975976 	7.5823458e-06 	1e-15 	3.1270082e-17 	0.0020928031 	0 	0 	0
0.86186186 	7.5509736e-06 	1e-15 	3.1200928e-17 	0.0020883361 	0 	0 	0
0.86396396 	7.5196015e-06 	1e-15 	3.1131775e-17 	0.0020838692 	0 	0 	0
0.86606607 	7.4882294e-06 	1e-15 	3.1062621e-17 	0.0020794023 	0 	0 	0
0.86816817 	7.457169e-06 	1e-15 	3.0994579e-17 	0.0020749404 	0 	0 	0
0.87027027 	7.4285093e-06 	1e-15 	3.0935103e-17 	0.0020705172 	0 	0 	0
0.87237237 	7.3998496e-06 	1e-15 	3.0875626e-17 	0.002066094 	0 	0 	0
0.87447447 	7.3711898e-06 	1e-15 	3.081615e-17 	0.0020616709 	0 	0 	0
0.87657658 	7.3425301e-06 	1e-15 	3.0756674e-17 	0.0020572477 	0 	0 	0
0.87867868 	7.3138703e-06 	1e-15 	3.0697197e-17 	0.0020528245 	0 	0 	0
0.88078078 	7.2852106e-06 	1e-15 	3.0637721e-17 	0.0020484014 	0 	0 	0
0.88288288 	7.2565509e-06 	1e-15 	3.0578244e-17 	0.0020439782 	0 	0 	0
0.88498498 	7.2278911e-06 	1e-15 	3.0518768e-17 	0.002039555 	0 	0 	0
0.88708709 	7.1992314e-06 	1e-15 	3.0459292e-17 	0.0020351319 	0 	0 	0
0.88918919 	7.1705717e-06 	1e-15 	3.0399815e-17 	0.0020307087 	0 	0 	0
0.89129129 	7.1419119e-06 	1e-15 	3.0340339e-17 	0.0020262856 	0 	0 	0
0.89339339 	7.1132522e-06 	1e-15 	3.0280862e-17 	0.0020218624 	0 	0 	0
0.8954955 	7.0845924e-06 	1e-15 	3.0221386e-17 	0.0020174392 	0 	0 	0
0.8975976 	7.0568706e-06 	1e-15 	3.0164516e-17 	0.0020130332 	0 	0 	0
0.8996997 	7.0307328e-06 	1e-15 	3.0112048e-17 	0.0020086559 	0 	0 	0
0.9018018 	7.004595e-06 	1e-15 	3.005958e-17 	0.0020042787 	0 	0 	0
0.9039039 	6.9784572e-06 	1e-15 	3.0007112e-17 	0.0019999014 	0 	0 	0
0.90600601 	6.9523195e-06 	1e-15 	2.9954643e-17 	0.0019955242 	0 	0 	0
0.90810811 	6.9261817e-06 	1e-15 	2.9902175e-17 	0.001991147 	0 	0 	0
0.91021021 	6.9000439e-06 	1e-15 	2.9849707e-17 	0.0019867697 	0 	0 	0
0.91231231 	6.8739061e-06 	1e-15 	2.9797239e-17 	0.0019823925 	0 	0 	0
0.91441441 	6.8477683e-06 	1e-15 	2.9744771e-17 	0.0019780152 	0 	0 	0
0.91651652 	6.8216305e-06 	1e-15 	2.9692303e-17 	0.001973638 	0 	0 	0
0.91861862 	6.7954927e-06 	1e-15 	2.9639835e-17 	0.0019692608 	0 	0 	0
0.92072072 	6.7693549e-06 	1e-15 	2.9587366e-17 	0.0019648835 	0 	0 	0
0.92282282 	6.7432171e-06 	1e-15 	2.9534898e-17 	0.0019605063 	0 	0 	0
0.92492492 	6.7170794e-06 	1e-15 	2.948243e-17 	0.001956129 	0 	0 	0
0.92702703 	6.6909416e-06 	1e-15 	2.9429962e-17 	0.0019517518 	0 	0 	0
0.92912913 	6.6667402e-06 	1e-15 	2.9377195e-17 	0.0019474153 	0 	0 	0
0.93123123 	6.6429457e-06 	1e-15 	2.9324364e-17 	0.0019430874 	0 	0 	0
0.93333333 	6.6191512e-06 	1e-15 	2.9271534e-17 	0.0019387595 	0 	0 	0
0.93543544 	6.5953567e-06 	1e-15 	2.9218704e-17 	0.0019344316 	0 	0 	0
0.93753754 	6.5715621e-06 	1e-15 	2.9165874e-17 	0.0019301037 	0 	0 	0
0.93963964 	6.5477676e-06 	1e-15 	2.9113043e-17 	0.0019257758 	0 	0 	0
0.94174174 	6.5239731e-06 	1e-15 	2.9060213e-17 	0.0019214479 	0 	0 	0
0.94384384 	6.5001785e-06 	1e-15 	2.9007383e-17 	0.0019171199 	0 	0 	0
0.94594595 	6.476384e-06 	1e-15 	2.8954553e-17 	0.001912792 	0 	0 	0
0.94804805 	6.4525895e-06 	1e-15 	2.8901722e-17 	0.0019084641 	0 	0 	0
0.95015015 	6.428795e-06 	1e-15 	2.8848892e-17 	0.0019041362 	0 	0 	0
0.95225225 	6.4050004e-06 	1e-15 	2.8796062e-17 	0.0018998083 	0 	0 	0
0.95435435 	6.3812059e-06 	1e-15 	2.8743232e-17 	0.0018954804 	0 	0 	0
0.95645646 	6.3574114e-06 	1e-15 	2.8690401e-17 	0.0018911525 	0 	0 	0
0.95855856 	6.3336169e-06 	1e-15 	2.8637571e-17 	0.0018868246 	0 	0 	0
0.96066066 	6.3106985e-06 	1e-15 	2.8585035e-17 	0.0018825179 	0 	0 	0
0.96276276 	6.28908e-06 	1e-15 	2.8532934e-17 	0.0018782429 	0 	0 	0
0.96486486 	6.2674615e-06 	1e-15 	2.8480833e-17 	0.0018739678 	0 	0 	0
0.96696697 	6.245843e-06 	1e-15 	2.8428733e-17 	0.0018696928 	0 	0 	0
0.96906907 	6.2242245e-06 	1e-15 	2.8376632e-17 	0.0018654177 	0 	0 	0
0.97117117 	6.202606e-06 	1e-15 	2.8324532e-17 	0.0018611426 	0 	0 	0
0.97327327 	6.1809876e-06 	1e-15 	2.8272431e-17 	0.0018568676 	0 	0 	0
0.97537538 	6.1593691e-06 	1e-15 	2.8220331e-17 	0.0018525925 	0 	0 	0
0.97747748 	6.1377506e-06 	1e-15 	2.816823e-17 	0.0018483175 	0 	0 	0
0.97957958 	6.1161321e-06 	1e-15 	2.8116129e-17 	0.0018440424 	0 	0 	0
0.98168168 	6.0945136e-06 	1e-15 	2.8064029e-17 	0.0018397673 	0 	0 	0
0.98378378 	6.0728951e-06 	1e-15 	2.8011928e-17 	0.0018354923 	0 	0 	0
0.98588589 	6.0512767e-06 	1e-15 	2.7959828e-17 	0.0018312172 	0 	0 	0
0.98798799 	6.0296582e-06 	1e-15 	2.7907727e-17 	0.0018269422 	0 	0 	0
0.99009009 	6.0080397e-06 	1e-15 	2.7855626e-17 	0.0018226671 	0 	0 	0
0.99219219 	5.9864212e-06 	1e-15 	2.7803526e-17 	0.001818392 	0 	0 	0
0.99429429 	5.9648328e-06 	1e-15 	2.775151e-17 	0.0018141178 	0 	0 	0
0.9963964 	5.9452294e-06 	1e-15 	2.7705053e-17 	0.0018098985 	0 	0 	0
0.9984985 	5.925626e-06 	1e-15 	2.7658597e-17 	0.0018056792 	0 	0 	0
1.0006006 	5.9060225e-06 	1e-15 	2.761214e-17 	0.0018014599 	0 	0 	0
1.0027027 	5.8864191e-06 	1e-15 	2.7565684e-17 	0.0017972406 	0 	0 	0
1.0048048 	5.8668157e-06 	1e-15 	2.7519227e-17 	0.0017930213 	0 	0 	0
1.0069069 	5.8472122e-06 	1e-15 	2.7472771e-17 	0.001788802 	0 	0 	0
1.009009 	5.8276088e-06 	1e-15 	2.7426314e-17 	0.0017845827 	0 	0 	0
1.0111111 	5.8080054e-06 	1e-15 	2.7379857e-17 	0.0017803634 	0 	0 	0
1.0132132 	5.7884019e-06 	1e-15 	2.7333401e-17 	0.0017761441 	0 	0 	0
1.0153153 	5.7687985e-06 	1e-15 	2.7286944e-17 	0.0017719248 	0 	0 	0
1.0174174 	5.7491951e-06 	1e-15 	2.7240488e-17 	0.0017677055 	0 	0 	0
1.0195195 	5.7295917e-06 	1e-15 	2.7194031e-17 	0.0017634862 	0 	0 	0
1.0216216 	5.7099882e-06 	1e-15 	2.7147575e-17 	0.0017592669 	0 	0 	0
1.0237237 	5.6903848e-06 	1e-15 	2.7101118e-17 	0.0017550476 	0 	0 	0
1.0258258 	5.6707814e-06 	1e-15 	2.7054662e-17 	0.0017508283 	0 	0 	0
1.0279279 	5.6511779e-06 	1e-15 	2.7008205e-17 	0.001746609 	0 	0 	0
1.03003 	5.6315745e-06 	1e-15 	2.6961749e-17 	0.0017423897 	0 	0 	0
1.0321321 	5.6130321e-06 	1e-15 	2.6917694e-17 	0.0017382103 	0 	0 	0
1.0342342 	5.5953025e-06 	1e-15 	2.687548e-17 	0.0017340615 	0 	0 	0
1.0363363 	5.577573e-06 	1e-15 	2.6833266e-17 	0.0017299126 	0 	0 	0
1.0384384 	5.5598435e-06 	1e-15 	2.6791052e-17 	0.0017257638 	0 	0 	0
1.0405405 	5.542114e-06 	1e-15 	2.6748838e-17 	0.001721615 	0 	0 	0
1.0426426 	5.5243845e-06 	1e-15 	2.6706625e-17 	0.0017174662 	0 	0 	0
1.0447447 	5.506655e-06 	1e-15 	2.6664411e-17 	0.0017133174 	0 	0 	0
1.0468468 	5.4889255e-06 	1e-15 	2.6622197e-17 	0.0017091686 	0 	0 	0
1.0489489 	5.4711959e-06 	1e-15 	2.6579983e-17 	0.0017050197 	0 	0 	0
1.0510511 	5.4534664e-06 	1e-15 	2.6537769e-17 	0.0017008709 	0 	0 	0
1.0531532 	5.4357369e-06 	1e-15 	2.6495555e-17 	0.0016967221 	0 	0 	0
1.0552553 	5.4180074e-06 	1e-15 	2.6453341e-17 	0.0016925733 	0 	0 	0
1.0573574 	5.4002779e-06 	1e-15 	2.6411127e-17 	0.0016884245 	0 	0 	0
1.0594595 	5.3825484e-06 	1e-15 	2.6368913e-17 	0.0016842756 	0 	0 	0
1.0615616 	5.3648189e-06 	1e-15 	2.6326699e-17 	0.0016801268 	0 	0 	0
1.0636637 	5.3470893e-06 	1e-15 	2.6284485e-17 	0.001675978 	0 	0 	0
1.0657658 	5.3293598e-06 	1e-15 	2.6242271e-17 	0.0016718292 	0 	0 	0
1.0678679 	5.3116303e-06 	1e-15 	2.6200057e-17 	0.0016676804 	0 	0 	0
1.06997 	5.2939008e-06 	1e-15 	2.6157843e-17 	0.0016635315 	0 	0 	0
1.0720721 	5.2780123e-06 	1e-15 	2.6118673e-17 	0.0016594813 	0 	0 	0
1.0741742 	5.2622294e-06 	1e-15 	2.6079677e-17 	0.0016554367 	0 	0 	0
1.0762763 	5.2464464e-06 	1e-15 	2.6040681e-17 	0.0016513921 	0 	0 	0
1.0783784 	5.2306635e-06 	1e-15 	2.6001686e-17 	0.0016473475 	0 	0 	0
1.0804805 	5.2148806e-06 	1e-15 	2.596269e-17 	0.0016433029 	0 	0 	0
1.0825826 	5.1990977e-06 	1e-15 	2.5923695e-17 	0.0016392583 	0 	0 	0
1.0846847 	5.1833148e-06 	1e-15 	2.5884699e-17 	0.0016352137 	0 	0 	0
1.0867868 	5.1675319e-06 	1e-15 	2.5845703e-17 	0.0016311691 	0 	0 	0
1.0888889 	5.151749e-06 	1e-15 	2.5806708e-17 	0.0016271245 	0 	0 	0
1.090991 	5.1359661e-06 	1e-15 	2.5767712e-17 	0.0016230799 	0 	0 	0
1.0930931 	5.1201832e-06 	1e-15 	2.5728717e-17 	0.0016190354 	0 	0 	0
1.0951952 	5.1044003e-06 	1e-15 	2.5689721e-17 	0.0016149908 	0 	0 	0
1.0972973 	5.0886174e-06 	1e-15 	2.5650726e-17 	0.0016109462 	0 	0 	0
1.0993994 	5.0728345e-06 	1e-15 	2.561173e-17 	0.0016069016 	0 	0 	0
1.1015015 	5.0570516e-06 	1e-15 	2.5572734e-17 	0.001602857 	0 	0 	0
1.1036036 	5.0412687e-06 	1e-15 	2.5533739e-17 	0.0015988124 	0 	0 	0
1.1057057 	5.0254858e-06 	1e-15 	2.5494743e-17 	0.0015947678 	0 	0 	0
1.1078078 	5.0097029e-06 	1e-15 	2.5455748e-17 	0.0015907232 	0 	0 	0
1.1099099 	4.99392e-06 	1e-15 	2.5416752e-17 	0.0015866786 	0 	0 	0
1.112012 	4.9781789e-06 	1e-15 	2.5377845e-17 	0.0015826339 	0 	0 	0
1.1141141 	4.9639444e-06 	1e-15 	2.5342116e-17 	0.0015785865 	0 	0 	0
1.1162162 	4.9497099e-06 	1e-15 	2.5306387e-17 	0.0015745391 	0 	0 	0
1.1183183 	4.9354754e-06 	1e-15 	2.5270658e-17 	0.0015704917 	0 	0 	0
1.1204204 	4.9212409e-06 	1e-15 	2.523493e-17 	0.0015664443 	0 	0 	0
1.1225225 	4.9070064e-06 	1e-15 	2.5199201e-17 	0.0015623968 	0 	0 	0
1.1246246 	4.8927718e-06 	1e-15 	2.5163472e-17 	0.0015583494 	0 	0 	0
1.1267267 	4.8785373e-06 	1e-15 	2.5127743e-17 	0.001554302 	0 	0 	0
1.1288288 	4.8643028e-06 	1e-15 	2.5092015e-17 	0.0015502546 	0 	0 	0
1.1309309 	4.8500683e-06 	1e-15 	2.5056286e-17 	0.0015462072 	0 	0 	0
1.133033 	4.8358338e-06 	1e-15 	2.5020557e-17 	0.0015421598 	0 	0 	0
1.1351351 	4.8215993e-06 	1e-15 	2.4984828e-17 	0.0015381123 	0 	0 	0
1.1372372 	4.8073648e-06 	1e-15 	2.49491e-17 	0.0015340649 	0 	0 	0
1.1393393 	4.7931303e-06 	1e-15 	2.4913371e-17 	0.0015300175 	0 	0 	0
1.1414414 	4.7788958e-06 	1e-15 	2.4877642e-17 	0.0015259701 	0 	0 	0
1.1435435 	4.7646613e-06 	1e-15 	2.4841913e-17 	0.0015219227 	0 	0 	0
1.1456456 	4.7504268e-06 	1e-15 	2.4806184e-17 	0.0015178752 	0 	0 	0
1.1477477 	4.7361923e-06 	1e-15 	2.4770456e-17 	0.0015138278 	0 	0 	0
1.1498498 	4.7219578e-06 	1e-15 	2.4734727e-17 	0.0015097804 	0 	0 	0
1.151952 	4.7077233e-06 	1e-15 	2.4698998e-17 	0.001505733 	0 	0 	0
1.1540541 	4.6934888e-06 	1e-15 	2.4663269e-17 	0.0015016856 	0 	0 	0
1.1561562 	4.6800208e-06 	1e-15 	2.4628717e-17 	0.0014976347 	0 	0 	0
1.1582583 	4.6670833e-06 	1e-15 	2.4594978e-17 	0.0014935815 	0 	0 	0
1.1603604 	4.6541457e-06 	1e-15 	2.4561239e-17 	0.0014895283 	0 	0 	0
1.1624625 	4.6412081e-06 	1e-15 	2.45275e-17 	0.0014854751 	0 	0 	0
1.1645646 	4.6282706e-06 	1e-15 	2.4493762e-17 	0.0014814219 	0 	0 	0
1.1666667 	4.615333e-06 	1e-15 	2.4460023e-17 	0.0014773687 	0 	0 	0
1.1687688 	4.6023954e-06 	1e-15 	2.4426284e-17 	0.0014733155 	0 	0 	0
1.1708709 	4.5894578e-06 	1e-15 	2.4392545e-17 	0.0014692623 	0 	0 	0
1.172973 	4.5765203e-06 	1e-15 	2.4358806e-17 	0.0014652091 	0 	0 	0
1.1750751 	4.5635827e-06 	1e-15 	2.4325068e-17 	0.001461156 	0 	0 	0
1.1771772 	4.5506451e-06 	1e-15 	2.4291329e-17 	0.0014571028 	0 	0 	0
1.1792793 	4.5377076e-06 	1e-15 	2.425759e-17 	0.0014530496 	0 	0 	0
1.1813814 	4.52477e-06 	1e-15 	2.4223851e-17 	0.0014489964 	0 	0 	0
1.1834835 	4.5118324e-06 	1e-15 	2.4190112e-17 	0.0014449432 	0 	0 	0
1.1855856 	4.4988949e-06 	1e-15 	2.4156373e-17 	0.00144089 	0 	0 	0
1.1876877 	4.4859573e-06 	1e-15 	2.4122635e-17 	0.0014368368 	0 	0 	0
1.1897898 	4.4730197e-06 	1e-15 	2.4088896e-17 	0.0014327836 	0 	0 	0
1.1918919 	4.4600822e-06 	1e-15 	2.4055157e-17 	0.0014287304 	0 	0 	0
1.193994 	4.4471446e-06 	1e-15 	2.4021418e-17 	0.0014246772 	0 	0 	0
1.1960961 	4.434207e-06 	1e-15 	2.3987679e-17 	0.001420624 	0 	0 	0
1.1981982 	4.4214515e-06 	1e-15 	2.3953883e-17 	0.0014165809 	0 	0 	0
1.2003003 	4.4096873e-06 	1e-15 	2.3919771e-17 	0.0014125929 	0 	0 	0
1.2024024 	4.3979232e-06 	1e-15 	2.3885659e-17 	0.0014086049 	0 	0 	0
1.2045045 	4.386159e-06 	1e-15 	2.3851547e-17 	0.0014046169 	0 	0 	0
1.2066066 	4.3743949e-06 	1e-15 	2.3817435e-17 	0.0014006289 	0 	0 	0
1.2087087 	4.3626308e-06 	1e-15 	2.3783324e-17 	0.0013966409 	0 	0 	0
1.2108108 	4.3508666e-06 	1e-15 	2.3749212e-17 	0.0013926529 	0 	0 	0
1.2129129 	4.3391025e-06 	1e-15 	2.37151e-17 	0.0013886649 	0 	0 	0
1.215015 	4.3273384e-06 	1e-15 	2.3680988e-17 	0.0013846769 	0 	0 	0
1.2171171 	4.3155742e-06 	1e-15 	2.3646876e-17 	0.0013806889 	0 	0 	0
1.2192192 	4.3038101e-06 	1e-15 	2.3612764e-17 	0.001376701 	0 	0 	0
1.2213213 	4.292046e-06 	1e-15 	2.3578652e-17 	0.001372713 	0 	0 	0
1.2234234 	4.2802818e-06 	1e-15 	2.3544541e-17 	0.001368725 	0 	0 	0
1.2255255 	4.2685177e-06 	1e-15 	2.3510429e-17 	0.001364737 	0 	0 	0
1.2276276 	4.2567535e-06 	1e-15 	2.3476317e-17 	0.001360749 	0 	0 	0
1.2297297 	4.2449894e-06 	1e-15 	2.3442205e-17 	0.001356761 	0 	0 	0
1.2318318 	4.2332253e-06 	1e-15 	2.3408093e-17 	0.001352773 	0 	0 	0
1.2339339 	4.2214611e-06 	1e-15 	2.3373981e-17 	0.001348785 	0 	0 	0
1.236036 	4.209697e-06 	1e-15 	2.333987e-17 	0.001344797 	0 	0 	0
1.2381381 	4.1979329e-06 	1e-15 	2.3305758e-17 	0.001340809 	0 	0 	0
1.2402402 	4.1861687e-06 	1e-15 	2.3271646e-17 	0.001336821 	0 	0 	0
1.2423423 	4.1751452e-06 	1e-15 	2.3238518e-17 	0.0013328891 	0 	0 	0
1.2444444 	4.164411e-06 	1e-15 	2.3205774e-17 	0.0013289791 	0 	0 	0
1.2465465 	4.1536768e-06 	1e-15 	2.317303e-17 	0.001325069 	0 	0 	0
1.2486486 	4.1429425e-06 	1e-15 	2.3140286e-17 	0.001321159 	0 	0 	0
1.2507508 	4.1322083e-06 	1e-15 	2.3107542e-17 	0.001317249 	0 	0 	0
1.2528529 	4.1214741e-06 	1e-15 	2.3074798e-17 	0.001313339 	0 	0 	0
1.254955 	4.1107398e-06 	1e-15 	2.3042053e-17 	0.0013094289 	0 	0 	0
1.2570571 	4.1000056e-06 	1e-15 	2.3009309e-17 	0.0013055189 	0 	0 	0
1.2591592 	4.0892714e-06 	1e-15 	2.2976565e-17 	0.0013016089 	0 	0 	0
1.2612613 	4.0785371e-06 	1e-15 	2.2943821e-17 	0.0012976989 	0 	0 	0
1.2633634 	4.0678029e-06 	1e-15 	2.2911077e-17 	0.0012937888 	0 	0 	0
1.2654655 	4.0570687e-06 	1e-15 	2.2878333e-17 	0.0012898788 	0 	0 	0
1.2675676 	4.0463344e-06 	1e-15 	2.2845589e-17 	0.0012859688 	0 	0 	0
1.2696697 	4.0356002e-06 	1e-15 	2.2812845e-17 	0.0012820588 	0 	0 	0
1.2717718 	4.024866e-06 	1e-15 	2.2780101e-17 	0.0012781487 	0 	0 	0
1.2738739 	4.0141317e-06 	1e-15 	2.2747357e-17 	0.0012742387 	0 	0 	0
1.275976 	4.0033975e-06 	1e-15 	2.2714613e-17 	0.0012703287 	0 	0 	0
1.2780781 	3.9926632e-06 	1e-15 	2.2681869e-17 	0.0012664187 	0 	0 	0
1.2801802 	3.981929e-06 	1e-15 	2.2649125e-17 	0.0012625086 	0 	0 	0
1.2822823 	3.9711948e-06 	1e-15 	2.2616381e-17 	0.0012585986 	0 	0 	0
1.2843844 	3.9607187e-06 	1e-15 	2.2585433e-17 	0.00125471 	0 	0 	0
1.2864865 	3.9508959e-06 	1e-15 	2.255903e-17 	0.0012508755 	0 	0 	0
1.2885886 	3.9410731e-06 	1e-15 	2.2532628e-17 	0.001247041 	0 	0 	0
1.2906907 	3.9312503e-06 	1e-15 	2.2506225e-17 	0.0012432066 	0 	0 	0
1.2927928 	3.9214275e-06 	1e-15 	2.2479823e-17 	0.0012393721 	0 	0 	0
1.2948949 	3.9116047e-06 	1e-15 	2.245342e-17 	0.0012355377 	0 	0 	0
1.296997 	3.9017819e-06 	1e-15 	2.2427018e-17 	0.0012317032 	0 	0 	0
1.2990991 	3.8919591e-06 	1e-15 	2.2400615e-17 	0.0012278687 	0 	0 	0
1.3012012 	3.8821363e-06 	1e-15 	2.2374213e-17 	0.0012240343 	0 	0 	0
1.3033033 	3.8723136e-06 	1e-15 	2.234781e-17 	0.0012201998 	0 	0 	0
1.3054054 	3.8624908e-06 	1e-15 	2.2321408e-17 	0.0012163653 	0 	0 	0
1.3075075 	3.852668e-06 	1e-15 	2.2295005e-17 	0.0012125309 	0 	0 	0
1.3096096 	3.8428452e-06 	1e-15 	2.2268603e-17 	0.0012086964 	0 	0 	0
1.3117117 	3.8330224e-06 	1e-15 	2.22422e-17 	0.0012048619 	0 	0 	0
1.3138138 	3.8231996e-06 	1e-15 	2.2215798e-17 	0.0012010275 	0 	0 	0
1.3159159 	3.8133768e-06 	1e-15 	2.2189395e-17 	0.001197193 	0 	0 	0
1.318018 	3.803554e-06 	1e-15 	2.2162993e-17 	0.0011933585 	0 	0 	0
1.3201201 	3.7937312e-06 	1e-15 	2.213659e-17 	0.0011895241 	0 	0 	0
1.3222222 	3.7839085e-06 	1e-15 	2.2110188e-17 	0.0011856896 	0 	0 	0
1.3243243 	3.7740857e-06 	1e-15 	2.2083785e-17 	0.0011818552 	0 	0 	0
1.3264264 	3.7642629e-06 	1e-15 	2.2057383e-17 	0.0011780207 	0 	0 	0
1.3285285 	3.7551224e-06 	1e-15 	2.2030489e-17 	0.0011742513 	0 	0 	0
1.3306306 	3.746105e-06 	1e-15 	2.2003506e-17 	0.0011704936 	0 	0 	0
1.3327327 	3.7370876e-06 	1e-15 	2.1976523e-17 	0.001166736 	0 	0 	0
1.3348348 	3.7280702e-06 	1e-15 	2.1949541e-17 	0.0011629783 	0 	0 	0
1.3369369 	3.7190527e-06 	1e-15 	2.1922558e-17 	0.0011592206 	0 	0 	0
1.339039 	3.7100353e-06 	1e-15 	2.1895575e-17 	0.001155463 	0 	0 	0
1.3411411 	3.7010179e-06 	1e-15 	2.1868592e-17 	0.0011517053 	0 	0 	0
1.3432432 	3.6920005e-06 	1e-15 	2.184161e-17 	0.0011479476 	0 	0 	0
1.3453453 	3.6829831e-06 	1e-15 	2.1814627e-17 	0.00114419 	0 	0 	0
1.3474474 	3.6739656e-06 	1e-15 	2.1787644e-17 	0.0011404323 	0 	0 	0
1.3495495 	3.6649482e-06 	1e-15 	2.1760661e-17 	0.0011366746 	0 	0 	0
1.3516517 	3.6559308e-06 	1e-15 	2.1733679e-17 	0.001132917 	0 	0 	0
1.3537538 	3.6469134e-06 	1e-15 	2.1706696e-17 	0.0011291593 	0 	0 	0
1.3558559 	3.637896e-06 	1e-15 	2.1679713e-17 	0.0011254016 	0 	0 	0
1.357958 	3.6288785e-06 	1e-15 	2.165273e-17 	0.001121644 	0 	0 	0
1.3600601 	3.6198611e-06 	1e-15 	2.1625748e-17 	0.0011178863 	0 	0 	0
1.3621622 	3.6108437e-06 	1e-15 	2.1598765e-17 	0.0011141286 	0 	0 	0
1.3642643 	3.6018263e-06 	1e-15 	2.1571782e-17 	0.001110371 	0 	0 	0
1.3663664 	3.5928089e-06 	1e-15 	2.1544799e-17 	0.0011066133 	0 	0 	0
1.3684685 	3.5837914e-06 	1e-15 	2.1517816e-17 	0.0011028556 	0 	0 	0
1.3705706 	3.5750679e-06 	1e-15 	2.1491055e-17 	0.0010991303 	0 	0 	0
1.3726727 	3.5667651e-06 	1e-15 	2.1464611e-17 	0.0010954514 	0 	0 	0
1.3747748 	3.5584622e-06 	1e-15 	2.1438167e-17 	0.0010917724 	0 	0 	0
1.3768769 	3.5501594e-06 	1e-15 	2.1411724e-17 	0.0010880934 	0 	0 	0
1.378979 	3.5418565e-06 	1e-15 	2.138528e-17 	0.0010844145 	0 	0 	0
1.3810811 	3.5335537e-06 	1e-15 	2.1358836e-17 	0.0010807355 	0 	0 	0
1.3831832 	3.5252508e-06 	1e-15 	2.1332392e-17 	0.0010770565 	0 	0 	0
1.3852853 	3.516948e-06 	1e-15 	2.1305948e-17 	0.0010733776 	0 	0 	0
1.3873874 	3.5086451e-06 	1e-15 	2.1279504e-17 	0.0010696986 	0 	0 	0
1.3894895 	3.5003423e-06 	1e-15 	2.125306e-17 	0.0010660196 	0 	0 	0
1.3915916 	3.4920394e-06 	1e-15 	2.1226616e-17 	0.0010623407 	0 	0 	0
1.3936937 	3.4837366e-06 	1e-15 	2.1200172e-17 	0.0010586617 	0 	0 	0
1.3957958 	3.4754337e-06 	1e-15 	2.1173728e-17 	0.0010549827 	0 	0 	0
1.3978979 	3.4671309e-06 	1e-15 	2.1147284e-17 	0.0010513038 	0 	0 	0
1.4 	3.458828e-06 	1e-15 	2.112084e-17 	0.0010476248 	0 	0 	0
1.4021021 	3.4505252e-06 	1e-15 	2.1094396e-17 	0.0010439458 	0 	0 	0
1.4042042 	3.4422223e-06 	1e-15 	2.1067952e-17 	0.0010402669 	0 	0 	0
1.4063063 	3.4339195e-06 	1e-15 	2.1041509e-17 	0.0010365879 	0 	0 	0
1.4084084 	3.4256166e-06 	1e-15 	2.1015065e-17 	0.0010329089 	0 	0 	0
1.4105105 	3.4173138e-06 	1e-15 	2.0988621e-17 	0.00102923 	0 	0 	0
1.4126126 	3.4090109e-06 	1e-15 	2.0962177e-17 	0.001025551 	0 	0 	0
1.4147147 	3.4013282e-06 	1e-15 	2.0939977e-17 	0.0010219518 	0 	0 	0
1.4168168 	3.3936612e-06 	1e-15 	2.0917886e-17 	0.0010183546 	0 	0 	0
1.4189189 	3.3859942e-06 	1e-15 	2.0895794e-17 	0.0010147574 	0 	0 	0
1.421021 	3.3783271e-06 	1e-15 	2.0873702e-17 	0.0010111602 	0 	0 	0
1.4231231 	3.3706601e-06 	1e-15 	2.085161e-17 	0.001007563 	0 	0 	0
1.4252252 	3.3629931e-06 	1e-15 	2.0829518e-17 	0.0010039658 	0 	0 	0
1.4273273 	3.3553261e-06 	1e-15 	2.0807426e-17 	0.0010003687 	0 	0 	0
1.4294294 	3.347659e-06 	1e-15 	2.0785334e-17 	0.00099677146 	0 	0 	0
1.4315315 	3.339992e-06 	1e-15 	2.0763242e-17 	0.00099317427 	0 	0 	0
1.4336336 	3.332325e-06 	1e-15 	2.0741151e-17 	0.00098957709 	0 	0 	0
1.4357357 	3.3246579e-06 	1e-15 	2.0719059e-17 	0.0009859799 	0 	0 	0
1.4378378 	3.3169909e-06 	1e-15 	2.0696967e-17 	0.00098238271 	0 	0 	0
1.4399399 	3.3093239e-06 	1e-15 	2.0674875e-17 	0.00097878552 	0 	0 	0
1.442042 	3.3016569e-06 	1e-15 	2.0652783e-17 	0.00097518833 	0 	0 	0
1.4441441 	3.2939898e-06 	1e-15 	2.0630691e-17 	0.00097159115 	0 	0 	0
1.4462462 	3.2863228e-06 	1e-15 	2.0608599e-17 	0.00096799396 	0 	0 	0
1.4483483 	3.2786558e-06 	1e-15 	2.0586508e-17 	0.00096439677 	0 	0 	0
1.4504505 	3.2709888e-06 	1e-15 	2.0564416e-17 	0.00096079958 	0 	0 	0
1.4525526 	3.2633217e-06 	1e-15 	2.0542324e-17 	0.00095720239 	0 	0 	0
1.4546547 	3.2556547e-06 	1e-15 	2.0520232e-17 	0.0009536052 	0 	0 	0
1.4567568 	3.2482937e-06 	1e-15 	2.0498028e-17 	0.00095005461 	0 	0 	0
1.4588589 	3.241194e-06 	1e-15 	2.0475729e-17 	0.00094654382 	0 	0 	0
1.460961 	3.2340944e-06 	1e-15 	2.045343e-17 	0.00094303303 	0 	0 	0
1.4630631 	3.2269947e-06 	1e-15 	2.0431131e-17 	0.00093952224 	0 	0 	0
1.4651652 	3.219895e-06 	1e-15 	2.0408832e-17 	0.00093601145 	0 	0 	0
1.4672673 	3.2127954e-06 	1e-15 	2.0386533e-17 	0.00093250066 	0 	0 	0
1.4693694 	3.2056957e-06 	1e-15 	2.0364234e-17 	0.00092898987 	0 	0 	0
1.4714715 	3.198596e-06 	1e-15 	2.0341935e-17 	0.00092547908 	0 	0 	0
1.4735736 	3.1914964e-06 	1e-15 	2.0319635e-17 	0.00092196829 	0 	0 	0
1.4756757 	3.1843967e-06 	1e-15 	2.0297336e-17 	0.0009184575 	0 	0 	0
1.4777778 	3.1772971e-06 	1e-15 	2.0275037e-17 	0.0009149467 	0 	0 	0
1.4798799 	3.1701974e-06 	1e-15 	2.0252738e-17 	0.00091143591 	0 	0 	0
1.481982 	3.1630977e-06 	1e-15 	2.0230439e-17 	0.00090792512 	0 	0 	0
1.4840841 	3.1559981e-06 	1e-15 	2.020814e-17 	0.00090441433 	0 	0 	0
1.4861862 	3.1488984e-06 	1e-15 	2.0185841e-17 	0.00090090354 	0 	0 	0
1.4882883 	3.1417987e-06 	1e-15 	2.0163542e-17 	0.00089739275 	0 	0 	0
1.4903904 	3.1346991e-06 	1e-15 	2.0141243e-17 	0.00089388196 	0 	0 	0
1.4924925 	3.1275994e-06 	1e-15 	2.0118944e-17 	0.00089037117 	0 	0 	0
1.4945946 	3.1204998e-06 	1e-15 	2.0096644e-17 	0.00088686038 	0 	0 	0
1.4966967 	3.1134001e-06 	1e-15 	2.0074345e-17 	0.00088334958 	0 	0 	0
1.4987988 	3.1063529e-06 	1e-15 	2.0051986e-17 	0.00087984838 	0 	0 	0
1.5009009 	3.099761e-06 	1e-15 	2.0029107e-17 	0.00087643028 	0 	0 	0
1.503003 	3.093169e-06 	1e-15 	2.0006227e-17 	0.00087301219 	0 	0 	0
1.5051051 	3.086577e-06 	1e-15 	1.9983348e-17 	0.0008695941 	0 	0 	0
1.5072072 	3.079985e-06 	1e-15 	1.9960469e-17 	0.000866176 	0 	0 	0
1.5093093 	3.073393e-06 	1e-15 	1.9937589e-17 	0.00086275791 	0 	0 	0
1.5114114 	3.0668011e-06 	1e-15 	1.991471e-17 	0.00085933982 	0 	0 	0
1.5135135 	3.0602091e-06 	1e-15 	1.9891831e-17 	0.00085592172 	0 	0 	0
1.5156156 	3.0536171e-06 	1e-15 	1.9868951e-17 	0.00085250363 	0 	0 	0
1.5177177 	3.0470251e-06 	1e-15 	1.9846072e-17 	0.00084908553 	0 	0 	0
1.5198198 	3.0404332e-06 	1e-15 	1.9823192e-17 	0.00084566744 	0 	0 	0
1.5219219 	3.0338412e-06 	1e-15 	1.9800313e-17 	0.00084224935 	0 	0 	0
1.524024 	3.0272492e-06 	1e-15 	1.9777434e-17 	0.00083883125 	0 	0 	0
1.5261261 	3.0206572e-06 	1e-15 	1.9754554e-17 	0.00083541316 	0 	0 	0
1.5282282 	3.0140653e-06 	1e-15 	1.9731675e-17 	0.00083199506 	0 	0 	0
1.5303303 	3.0074733e-06 	1e-15 	1.9708796e-17 	0.00082857697 	0 	0 	0
1.5324324 	3.0008813e-06 	1e-15 	1.9685916e-17 	0.00082515888 	0 	0 	0
1.5345345 	2.9942893e-06 	1e-15 	1.9663037e-17 	0.00082174078 	0 	0 	0
1.5366366 	2.9876974e-06 	1e-15 	1.9640157e-17 	0.00081832269 	0 	0 	0
1.5387387 	2.9811054e-06 	1e-15 	1.9617278e-17 	0.0008149046 	0 	0 	0
1.5408408 	2.9745134e-06 	1e-15 	1.9594399e-17 	0.0008114865 	0 	0 	0
1.5429429 	2.9682253e-06 	1e-15 	1.9572571e-17 	0.00080813558 	0 	0 	0
1.545045 	2.9620887e-06 	1e-15 	1.9551266e-17 	0.00080481813 	0 	0 	0
1.5471471 	2.9559521e-06 	1e-15 	1.9529962e-17 	0.00080150068 	0 	0 	0
1.5492492 	2.9498154e-06 	1e-15 	1.9508657e-17 	0.00079818323 	0 	0 	0
1.5513514 	2.9436788e-06 	1e-15 	1.9487353e-17 	0.00079486578 	0 	0 	0
1.5534535 	2.9375421e-06 	1e-15 	1.9466049e-17 	0.00079154833 	0 	0 	0
1.5555556 	2.9314055e-06 	1e-15 	1.9444744e-17 	0.00078823088 	0 	0 	0
1.5576577 	2.9252689e-06 	1e-15 	1.942344e-17 	0.00078491343 	0 	0 	0
1.5597598 	2.9191322e-06 	1e-15 	1.9402136e-17 	0.00078159598 	0 	0 	0
1.5618619 	2.9129956e-06 	1e-15 	1.9380831e-17 	0.00077827853 	0 	0 	0
1.563964 	2.9068589e-06 	1e-15 	1.9359527e-17 	0.00077496108 	0 	0 	0
1.5660661 	2.9007223e-06 	1e-15 	1.9338223e-17 	0.00077164363 	0 	0 	0
1.5681682 	2.8945857e-06 	1e-15 	1.9316918e-17 	0.00076832618 	0 	0 	0
1.5702703 	2.888449e-06 	1e-15 	1.9295614e-17 	0.00076500873 	0 	0 	0
1.5723724 	2.8823124e-06 	1e-15 	1.9274309e-17 	0.00076169128 	0 	0 	0
1.5744745 	2.8761757e-06 	1e-15 	1.9253005e-17 	0.00075837383 	0 	0 	0
1.5765766 	2.8700391e-06 	1e-15 	1.9231701e-17 	0.00075505638 	0 	0 	0
1.5786787 	2.8639025e-06 	1e-15 	1.9210396e-17 	0.00075173893 	0 	0 	0
1.5807808 	2.8577658e-06 	1e-15 	1.9189092e-17 	0.00074842148 	0 	0 	0
1.5828829 	2.8516292e-06 	1e-15 	1.9167788e-17 	0.00074510403 	0 	0 	0
1.584985 	2.8455872e-06 	1e-15 	1.9147308e-17 	0.0007418122 	0 	0 	0
1.5870871 	2.8398593e-06 	1e-15 	1.9129569e-17 	0.0007386054 	0 	0 	0
1.5891892 	2.8341315e-06 	1e-15 	1.9111829e-17 	0.00073539861 	0 	0 	0
1.5912913 	2.8284036e-06 	1e-15 	1.9094089e-17 	0.00073219182 	0 	0 	0
1.5933934 	2.8226757e-06 	1e-15 	1.9076349e-17 	0.00072898503 	0 	0 	0
1.5954955 	2.8169479e-06 	1e-15 	1.9058609e-17 	0.00072577824 	0 	0 	0
1.5975976 	2.81122e-06 	1e-15 	1.904087e-17 	0.00072257145 	0 	0 	0
1.5996997 	2.8054922e-06 	1e-15 	1.902313e-17 	0.00071936466 	0 	0 	0
1.6018018 	2.7997643e-06 	1e-15 	1.900539e-17 	0.00071615787 	0 	0 	0
1.6039039 	2.7940365e-06 	1e-15 	1.898765e-17 	0.00071295108 	0 	0 	0
1.606006 	2.7883086e-06 	1e-15 	1.896991e-17 	0.00070974429 	0 	0 	0
1.6081081 	2.7825807e-06 	1e-15 	1.8952171e-17 	0.0007065375 	0 	0 	0
1.6102102 	2.7768529e-06 	1e-15 	1.8934431e-17 	0.00070333071 	0 	0 	0
1.6123123 	2.771125e-06 	1e-15 	1.8916691e-17 	0.00070012392 	0 	0 	0
1.6144144 	2.7653972e-06 	1e-15 	1.8898951e-17 	0.00069691713 	0 	0 	0
1.6165165 	2.7596693e-06 	1e-15 	1.8881211e-17 	0.00069371034 	0 	0 	0
1.6186186 	2.7539415e-06 	1e-15 	1.8863472e-17 	0.00069050355 	0 	0 	0
1.6207207 	2.7482136e-06 	1e-15 	1.8845732e-17 	0.00068729675 	0 	0 	0
1.6228228 	2.7424857e-06 	1e-15 	1.8827992e-17 	0.00068408996 	0 	0 	0
1.6249249 	2.7367579e-06 	1e-15 	1.8810252e-17 	0.00068088317 	0 	0 	0
1.627027 	2.73103e-06 	1e-15 	1.8792512e-17 	0.00067767638 	0 	0 	0
1.6291291 	2.7255941e-06 	1e-15 	1.8773355e-17 	0.00067456855 	0 	0 	0
1.6312312 	2.7202333e-06 	1e-15 	1.8753833e-17 	0.00067148615 	0 	0 	0
1.6333333 	2.7148725e-06 	1e-15 	1.873431e-17 	0.00066840375 	0 	0 	0
1.6354354 	2.7095116e-06 	1e-15 	1.8714788e-17 	0.00066532135 	0 	0 	0
1.6375375 	2.7041508e-06 	1e-15 	1.8695266e-17 	0.00066223895 	0 	0 	0
1.6396396 	2.6987899e-06 	1e-15 	1.8675744e-17 	0.00065915655 	0 	0 	0
1.6417417 	2.6934291e-06 	1e-15 	1.8656222e-17 	0.00065607415 	0 	0 	0
1.6438438 	2.6880682e-06 	1e-15 	1.86367e-17 	0.00065299174 	0 	0 	0
1.6459459 	2.6827074e-06 	1e-15 	1.8617178e-17 	0.00064990934 	0 	0 	0
1.648048 	2.6773466e-06 	1e-15 	1.8597656e-17 	0.00064682694 	0 	0 	0
1.6501502 	2.6719857e-06 	1e-15 	1.8578134e-17 	0.00064374454 	0 	0 	0
1.6522523 	2.6666249e-06 	1e-15 	1.8558612e-17 	0.00064066214 	0 	0 	0
1.6543544 	2.661264e-06 	1e-15 	1.853909e-17 	0.00063757974 	0 	0 	0
1.6564565 	2.6559032e-06 	1e-15 	1.8519567e-17 	0.00063449734 	0 	0 	0
1.6585586 	2.6505423e-06 	1e-15 	1.8500045e-17 	0.00063141494 	0 	0 	0
1.6606607 	2.6451815e-06 	1e-15 	1.8480523e-17 	0.00062833254 	0 	0 	0
1.6627628 	2.6398207e-06 	1e-15 	1.8461001e-17 	0.00062525014 	0 	0 	0
1.6648649 	2.6344598e-06 	1e-15 	1.8441479e-17 	0.00062216774 	0 	0 	0
1.666967 	2.629099e-06 	1e-15 	1.8421957e-17 	0.00061908534 	0 	0 	0
1.6690691 	2.6237381e-06 	1e-15 	1.8402435e-17 	0.00061600294 	0 	0 	0
1.6711712 	2.6184956e-06 	1e-15 	1.8382898e-17 	0.00061297175 	0 	0 	0
1.6732733 	2.6134636e-06 	1e-15 	1.8363334e-17 	0.00061003177 	0 	0 	0
1.6753754 	2.6084317e-06 	1e-15 	1.8343771e-17 	0.00060709178 	0 	0 	0
1.6774775 	2.6033998e-06 	1e-15 	1.8324207e-17 	0.0006041518 	0 	0 	0
1.6795796 	2.5983679e-06 	1e-15 	1.8304644e-17 	0.00060121182 	0 	0 	0
1.6816817 	2.593336e-06 	1e-15 	1.828508e-17 	0.00059827184 	0 	0 	0
1.6837838 	2.5883041e-06 	1e-15 	1.8265517e-17 	0.00059533186 	0 	0 	0
1.6858859 	2.5832721e-06 	1e-15 	1.8245953e-17 	0.00059239187 	0 	0 	0
1.687988 	2.5782402e-06 	1e-15 	1.822639e-17 	0.00058945189 	0 	0 	0
1.6900901 	2.5732083e-06 	1e-15 	1.8206826e-17 	0.00058651191 	0 	0 	0
1.6921922 	2.5681764e-06 	1e-15 	1.8187263e-17 	0.00058357193 	0 	0 	0
1.6942943 	2.5631445e-06 	1e-15 	1.8167699e-17 	0.00058063194 	0 	0 	0
1.6963964 	2.5581126e-06 	1e-15 	1.8148136e-17 	0.00057769196 	0 	0 	0
1.6984985 	2.5530806e-06 	1e-15 	1.8128572e-17 	0.00057475198 	0 	0 	0
1.7006006 	2.5480487e-06 	1e-15 	1.8109009e-17 	0.000571812 	0 	0 	0
1.7027027 	2.5430168e-06 	1e-15 	1.8089445e-17 	0.00056887202 	0 	0 	0
1.7048048 	2.5379849e-06 	1e-15 	1.8069881e-17 	0.00056593203 	0 	0 	0
1.7069069 	2.532953e-06 	1e-15 	1.8050318e-17 	0.00056299205 	0 	0 	0
1.709009 	2.527921e-06 	1e-15 	1.8030754e-17 	0.00056005207 	0 	0 	0
1.7111111 	2.5228891e-06 	1e-15 	1.8011191e-17 	0.00055711209 	0 	0 	0
1.7132132 	2.5178572e-06 	1e-15 	1.7991627e-17 	0.00055417211 	0 	0 	0
1.7153153 	2.513097e-06 	1e-15 	1.7974437e-17 	0.0005513869 	0 	0 	0
1.7174174 	2.5083592e-06 	1e-15 	1.7957444e-17 	0.0005486145 	0 	0 	0
1.7195195 	2.5036214e-06 	1e-15 	1.794045e-17 	0.0005458421 	0 	0 	0
1.7216216 	2.4988837e-06 	1e-15 	1.7923456e-17 	0.00054306969 	0 	0 	0
1.7237237 	2.4941459e-06 	1e-15 	1.7906462e-17 	0.00054029729 	0 	0 	0
1.7258258 	2.4894081e-06 	1e-15 	1.7889469e-17 	0.00053752489 	0 	0 	0
1.7279279 	2.4846703e-06 	1e-15 	1.7872475e-17 	0.00053475248 	0 	0 	0
1.73003 	2.4799326e-06 	1e-15 	1.7855481e-17 	0.00053198008 	0 	0 	0
1.7321321 	2.4751948e-06 	1e-15 	1.7838487e-17 	0.00052920768 	0 	0 	0
1.7342342 	2.470457e-06 	1e-15 	1.7821494e-17 	0.00052643527 	0 	0 	0
1.7363363 	2.4657193e-06 	1e-15 	1.78045e-17 	0.00052366287 	0 	0 	0
1.7384384 	2.4609815e-06 	1e-15 	1.7787506e-17 	0.00052089047 	0 	0 	0
1.7405405 	2.4562437e-06 	1e-15 	1.7770512e-17 	0.00051811806 	0 	0 	0
1.7426426 	2.4515059e-06 	1e-15 	1.7753519e-17 	0.00051534566 	0 	0 	0
1.7447447 	2.4467682e-06 	1e-15 	1.7736525e-17 	0.00051257326 	0 	0 	0
1.7468468 	2.4420304e-06 	1e-15 	1.7719531e-17 	0.00050980086 	0 	0 	0
1.7489489 	2.4372926e-06 	1e-15 	1.7702537e-17 	0.00050702845 	0 	0 	0
1.7510511 	2.4325549e-06 	1e-15 	1.7685544e-17 	0.00050425605 	0 	0 	0
1.7531532 	2.4278171e-06 	1e-15 	1.766855e-17 	0.00050148365 	0 	0 	0
1.7552553 	2.4230793e-06 	1e-15 	1.7651556e-17 	0.00049871124 	0 	0 	0
1.7573574 	2.4184681e-06 	1e-15 	1.7635108e-17 	0.00049603533 	0 	0 	0
1.7594595 	2.4139897e-06 	1e-15 	1.7619233e-17 	0.00049346078 	0 	0 	0
1.7615616 	2.4095114e-06 	1e-15 	1.7603359e-17 	0.00049088624 	0 	0 	0
1.7636637 	2.4050331e-06 	1e-15 	1.7587484e-17 	0.00048831169 	0 	0 	0
1.7657658 	2.4005548e-06 	1e-15 	1.7571609e-17 	0.00048573715 	0 	0 	0
1.7678679 	2.3960765e-06 	1e-15 	1.7555735e-17 	0.0004831626 	0 	0 	0
1.76997 	2.3915981e-06 	1e-15 	1.753986e-17 	0.00048058806 	0 	0 	0
1.7720721 	2.3871198e-06 	1e-15 	1.7523985e-17 	0.00047801351 	0 	0 	0
1.7741742 	2.3826415e-06 	1e-15 	1.7508111e-17 	0.00047543897 	0 	0 	0
1.7762763 	2.3781632e-06 	1e-15 	1.7492236e-17 	0.00047286443 	0 	0 	0
1.7783784 	2.3736849e-06 	1e-15 	1.7476361e-17 	0.00047028988 	0 	0 	0
1.7804805 	2.3692065e-06 	1e-15 	1.7460487e-17 	0.00046771534 	0 	0 	0
1.7825826 	2.3647282e-06 	1e-15 	1.7444612e-17 	0.00046514079 	0 	0 	0
1.7846847 	2.3602499e-06 	1e-15 	1.7428737e-17 	0.00046256625 	0 	0 	0
1.7867868 	2.3557716e-06 	1e-15 	1.7412863e-17 	0.0004599917 	0 	0 	0
1.7888889 	2.3512933e-06 	1e-15 	1.7396988e-17 	0.00045741716 	0 	0 	0
1.790991 	2.3468149e-06 	1e-15 	1.7381113e-17 	0.00045484261 	0 	0 	0
1.7930931 	2.3423366e-06 	1e-15 	1.7365239e-17 	0.00045226807 	0 	0 	0
1.7951952 	2.3378583e-06 	1e-15 	1.7349364e-17 	0.00044969352 	0 	0 	0
1.7972973 	2.33338e-06 	1e-15 	1.7333489e-17 	0.00044711898 	0 	0 	0
1.7993994 	2.3289135e-06 	1e-15 	1.731754e-17 	0.00044455741 	0 	0 	0
1.8015015 	2.3246636e-06 	1e-15 	1.7300214e-17 	0.00044223388 	0 	0 	0
1.8036036 	2.3204136e-06 	1e-15 	1.7282889e-17 	0.00043991035 	0 	0 	0
1.8057057 	2.3161637e-06 	1e-15 	1.7265564e-17 	0.00043758682 	0 	0 	0
1.8078078 	2.3119138e-06 	1e-15 	1.7248238e-17 	0.0004352633 	0 	0 	0
1.8099099 	2.3076639e-06 	1e-15 	1.7230913e-17 	0.00043293977 	0 	0 	0
1.812012 	2.3034139e-06 	1e-15 	1.7213588e-17 	0.00043061624 	0 	0 	0
1.8141141 	2.299164e-06 	1e-15 	1.7196262e-17 	0.00042829271 	0 	0 	0
1.8162162 	2.2949141e-06 	1e-15 	1.7178937e-17 	0.00042596918 	0 	0 	0
1.8183183 	2.2906642e-06 	1e-15 	1.7161612e-17 	0.00042364565 	0 	0 	0
1.8204204 	2.2864142e-06 	1e-15 	1.7144286e-17 	0.00042132212 	0 	0 	0
1.8225225 	2.2821643e-06 	1e-15 	1.7126961e-17 	0.00041899859 	0 	0 	0
1.8246246 	2.2779144e-06 	1e-15 	1.7109636e-17 	0.00041667506 	0 	0 	0
1.8267267 	2.2736645e-06 	1e-15 	1.709231e-17 	0.00041435153 	0 	0 	0
1.8288288 	2.2694146e-06 	1e-15 	1.7074985e-17 	0.00041202801 	0 	0 	0
1.8309309 	2.2651646e-06 	1e-15 	1.705766e-17 	0.00040970448 	0 	0 	0
1.833033 	2.2609147e-06 	1e-15 	1.7040334e-17 	0.00040738095 	0 	0 	0
1.8351351 	2.2566648e-06 	1e-15 	1.7023009e-17 	0.00040505742 	0 	0 	0
1.8372372 	2.2524149e-06 	1e-15 	1.7005684e-17 	0.00040273389 	0 	0 	0
1.8393393 	2.2481649e-06 	1e-15 	1.6988358e-17 	0.00040041036 	0 	0 	0
1.8414414 	2.243915e-06 	1e-15 	1.6971033e-17 	0.00039808683 	0 	0 	0
1.8435435 	2.2397788e-06 	1e-15 	1.6955469e-17 	0.00039594633 	0 	0 	0
1.8456456 	2.2357136e-06 	1e-15 	1.6941003e-17 	0.00039392006 	0 	0 	0
1.8477477 	2.2316484e-06 	1e-15 	1.6926538e-17 	0.00039189378 	0 	0 	0
1.8498498 	2.2275832e-06 	1e-15 	1.6912072e-17 	0.0003898675 	0 	0 	0
1.851952 	2.223518e-06 	1e-15 	1.6897607e-17 	0.00038784122 	0 	0 	0
1.8540541 	2.2194528e-06 	1e-15 	1.6883141e-17 	0.00038581495 	0 	0 	0
1.8561562 	2.2153876e-06 	1e-15 	1.6868676e-17 	0.00038378867 	0 	0 	0
1.8582583 	2.2113224e-06 	1e-15 	1.6854211e-17 	0.00038176239 	0 	0 	0
1.8603604 	2.2072572e-06 	1e-15 	1.6839745e-17 	0.00037973612 	0 	0 	0
1.8624625 	2.203192e-06 	1e-15 	1.682528e-17 	0.00037770984 	0 	0 	0
1.8645646 	2.1991268e-06 	1e-15 	1.6810814e-17 	0.00037568356 	0 	0 	0
1.8666667 	2.1950616e-06 	1e-15 	1.6796349e-17 	0.00037365728 	0 	0 	0
1.8687688 	2.1909964e-06 	1e-15 	1.6781884e-17 	0.00037163101 	0 	0 	0
1.8708709 	2.1869312e-06 	1e-15 	1.6767418e-17 	0.00036960473 	0 	0 	0
1.872973 	2.182866e-06 	1e-15 	1.6752953e-17 	0.00036757845 	0 	0 	0
1.8750751 	2.1788008e-06 	1e-15 	1.6738487e-17 	0.00036555217 	0 	0 	0
1.8771772 	2.1747356e-06 	1e-15 	1.6724022e-17 	0.0003635259 	0 	0 	0
1.8792793 	2.1706704e-06 	1e-15 	1.6709557e-17 	0.00036149962 	0 	0 	0
1.8813814 	2.1666052e-06 	1e-15 	1.6695091e-17 	0.00035947334 	0 	0 	0
1.8834835 	2.16254e-06 	1e-15 	1.6680626e-17 	0.00035744707 	0 	0 	0
1.8855856 	2.1585046e-06 	1e-15 	1.6666086e-17 	0.00035550141 	0 	0 	0
1.8876877 	2.1546047e-06 	1e-15 	1.6651206e-17 	0.00035392358 	0 	0 	0
1.8897898 	2.1507049e-06 	1e-15 	1.6636326e-17 	0.00035234575 	0 	0 	0
1.8918919 	2.1468051e-06 	1e-15 	1.6621446e-17 	0.00035076791 	0 	0 	0
1.893994 	2.1429052e-06 	1e-15 	1.6606566e-17 	0.00034919008 	0 	0 	0
1.8960961 	2.1390054e-06 	1e-15 	1.6591686e-17 	0.00034761225 	0 	0 	0
1.8981982 	2.1351056e-06 	1e-15 	1.6576807e-17 	0.00034603441 	0 	0 	0
1.9003003 	2.1312057e-06 	1e-15 	1.6561927e-17 	0.00034445658 	0 	0 	0
1.9024024 	2.1273059e-06 	1e-15 	1.6547047e-17 	0.00034287875 	0 	0 	0
1.9045045 	2.1234061e-06 	1e-15 	1.6532167e-17 	0.00034130091 	0 	0 	0
1.9066066 	2.1195062e-06 	1e-15 	1.6517287e-17 	0.00033972308 	0 	0 	0
1.9087087 	2.1156064e-06 	1e-15 	1.6502407e-17 	0.00033814525 	0 	0 	0
1.9108108 	2.1117066e-06 	1e-15 	1.6487527e-17 	0.00033656742 	0 	0 	0
1.9129129 	2.1078067e-06 	1e-15 	1.6472647e-17 	0.00033498958 	0 	0 	0
1.915015 	2.1039069e-06 	1e-15 	1.6457768e-17 	0.00033341175 	0 	0 	0
1.9171171 	2.1000071e-06 	1e-15 	1.6442888e-17 	0.00033183392 	0 	0 	0
1.9192192 	2.0961073e-06 	1e-15 	1.6428008e-17 	0.00033025608 	0 	0 	0
1.9213213 	2.0922074e-06 	1e-15 	1.6413128e-17 	0.00032867825 	0 	0 	0
1.9234234 	2.0883076e-06 	1e-15 	1.6398248e-17 	0.00032710042 	0 	0 	0
1.9255255 	2.0844078e-06 	1e-15 	1.6383368e-17 	0.00032552258 	0 	0 	0
1.9276276 	2.0805079e-06 	1e-15 	1.6368488e-17 	0.00032394475 	0 	0 	0
1.9297297 	2.0766369e-06 	1e-15 	1.6353578e-17 	0.00032269329 	0 	0 	0
1.9318318 	2.0727757e-06 	1e-15 	1.6338656e-17 	0.00032155422 	0 	0 	0
1.9339339 	2.0689146e-06 	1e-15 	1.6323735e-17 	0.00032041516 	0 	0 	0
1.936036 	2.0650535e-06 	1e-15 	1.6308814e-17 	0.00031927609 	0 	0 	0
1.9381381 	2.0611923e-06 	1e-15 	1.6293892e-17 	0.00031813703 	0 	0 	0
1.9402402 	2.0573312e-06 	1e-15 	1.6278971e-17 	0.00031699797 	0 	0 	0
1.9423423 	2.05347e-06 	1e-15 	1.626405e-17 	0.0003158589 	0 	0 	0
1.9444444 	2.0496089e-06 	1e-15 	1.6249128e-17 	0.00031471984 	0 	0 	0
1.9465465 	2.0457478e-06 	1e-15 	1.6234207e-17 	0.00031358077 	0 	0 	0
1.9486486 	2.0418866e-06 	1e-15 	1.6219286e-17 	0.00031244171 	0 	0 	0
1.9507508 	2.0380255e-06 	1e-15 	1.6204364e-17 	0.00031130265 	0 	0 	0
1.9528529 	2.0341644e-06 	1e-15 	1.6189443e-17 	0.00031016358 	0 	0 	0
1.954955 	2.0303032e-06 	1e-15 	1.6174522e-17 	0.00030902452 	0 	0 	0
1.9570571 	2.0264421e-06 	1e-15 	1.61596e-17 	0.00030788545 	0 	0 	0
1.9591592 	2.0225809e-06 	1e-15 	1.6144679e-17 	0.00030674639 	0 	0 	0
1.9612613 	2.0187198e-06 	1e-15 	1.6129758e-17 	0.00030560732 	0 	0 	0
1.9633634 	2.0148587e-06 	1e-15 	1.6114836e-17 	0.00030446826 	0 	0 	0
1.9654655 	2.0109975e-06 	1e-15 	1.6099915e-17 	0.0003033292 	0 	0 	0
1.9675676 	2.0071364e-06 	1e-15 	1.6084994e-17 	0.00030219013 	0 	0 	0
1.9696697 	2.0032753e-06 	1e-15 	1.6070072e-17 	0.00030105107 	0 	0 	0
1.9717718 	1.99949e-06 	1e-15 	1.6055406e-17 	0.0003012108 	0 	0 	0
1.9738739 	1.9958752e-06 	1e-15 	1.6041314e-17 	0.00030429037 	0 	0 	0
1.975976 	1.9922604e-06 	1e-15 	1.6027222e-17 	0.00030736994 	0 	0 	0
1.9780781 	1.9886456e-06 	1e-15 	1.6013129e-17 	0.00031044951 	0 	0 	0
1.9801802 	1.9850308e-06 	1e-15 	1.5999037e-17 	0.00031352908 	0 	0 	0
1.9822823 	1.981416e-06 	1e-15 	1.5984944e-17 	0.00031660865 	0 	0 	0
1.9843844 	1.9778012e-06 	1e-15 	1.5970852e-17 	0.00031968822 	0 	0 	0
1.9864865 	1.9741864e-06 	1e-15 	1.595676e-17 	0.00032276779 	0 	0 	0
1.9885886 	1.9705716e-06 	1e-15 	1.5942667e-17 	0.00032584736 	0 	0 	0
1.9906907 	1.9669568e-06 	1e-15 	1.5928575e-17 	0.00032892693 	0 	0 	0
1.9927928 	1.963342e-06 	1e-15 	1.5914482e-17 	0.0003320065 	0 	0 	0
1.9948949 	1.9597272e-06 	1e-15 	1.590039e-17 	0.00033508607 	0 	0 	0
1.996997 	1.9561124e-06 	1e-15 	1.5886298e-17 	0.00033816564 	0 	0 	0
1.9990991 	1.9524976e-06 	1e-15 	1.5872205e-17 	0.00034124521 	0 	0 	0
2.0012012 	1.9488828e-06 	1e-15 	1.5858113e-17 	0.00034432477 	0 	0 	0
2.0033033 	1.945268e-06 	1e-15 	1.584402e-17 	0.00034740434 	0 	0 	0
2.0054054 	1.9416532e-06 	1e-15 	1.5829928e-17 	0.00035048391 	0 	0 	0
2.0075075 	1.9380384e-06 	1e-15 	1.5815836e-17 	0.00035356348 	0 	0 	0
2.0096096 	1.9344236e-06 	1e-15 	1.5801743e-17 	0.00035664305 	0 	0 	0
2.0117117 	1.9308088e-06 	1e-15 	1.5787651e-17 	0.00035972262 	0 	0 	0
2.0138138 	1.927194e-06 	1e-15 	1.5773559e-17 	0.00036280219 	0 	0 	0
2.0159159 	1.9231646e-06 	1e-15 	1.5755672e-17 	0.00034858337 	0 	0 	0
2.018018 	1.9190742e-06 	1e-15 	1.5737227e-17 	0.00033182338 	0 	0 	0
2.0201201 	1.9149839e-06 	1e-15 	1.5718783e-17 	0.0003150634 	0 	0 	0
2.0222222 	1.9108936e-06 	1e-15 	1.5700338e-17 	0.00029830341 	0 	0 	0
2.0243243 	1.9068033e-06 	1e-15 	1.5681894e-17 	0.00028154343 	0 	0 	0
2.0264264 	1.9027129e-06 	1e-15 	1.5663449e-17 	0.00026478344 	0 	0 	0
2.0285285 	1.8986226e-06 	1e-15 	1.5645005e-17 	0.00024802346 	0 	0 	0
2.0306306 	1.8945323e-06 	1e-15 	1.562656e-17 	0.00023126347 	0 	0 	0
2.0327327 	1.8904419e-06 	1e-15 	1.5608116e-17 	0.00021450349 	0 	0 	0
2.0348348 	1.8863516e-06 	1e-15 	1.5589671e-17 	0.0001977435 	0 	0 	0
2.0369369 	1.8822613e-06 	1e-15 	1.5571227e-17 	0.00018098351 	0 	0 	0
2.039039 	1.8781709e-06 	1e-15 	1.5552783e-17 	0.00016422353 	0 	0 	0
2.0411411 	1.8740806e-06 	1e-15 	1.5534338e-17 	0.00014746354 	0 	0 	0
2.0432432 	1.8699903e-06 	1e-15 	1.5515894e-17 	0.00013070356 	0 	0 	0
2.0453453 	1.8658999e-06 	1e-15 	1.5497449e-17 	0.00011394357 	0 	0 	0
2.0474474 	1.8618096e-06 	1e-15 	1.5479005e-17 	9.7183588e-05 	0 	0 	0
2.0495495 	1.8577193e-06 	1e-15 	1.546056e-17 	8.0423602e-05 	0 	0 	0
2.0516517 	1.8536289e-06 	1e-15 	1.5442116e-17 	6.3663617e-05 	0 	0 	0
2.0537538 	1.8495386e-06 	1e-15 	1.5423671e-17 	4.6903631e-05 	0 	0 	0
2.0558559 	1.8454483e-06 	1e-15 	1.5405227e-17 	3.0143646e-05 	0 	0 	0
2.057958 	1.8420813e-06 	2.902375e-10 	1.3235357e-14 	1.6038394e-05 	6.6208304e-07 	9.9950227e-14 	0
2.0600601 	1.8396504e-06 	9.5598261e-10 	4.3559335e-14 	5.3678432e-06 	2.1807705e-06 	3.2921627e-13 	0
2.0621622 	1.8372194e-06 	1.6217277e-09 	7.3883312e-14 	-5.3027079e-06 	3.699458e-06 	5.5848231e-13 	0
2.0642643 	1.8347884e-06 	2.2874728e-09 	1.0420729e-13 	-1.5973259e-05 	5.2181455e-06 	7.8774836e-13 	0
2.0663664 	1.8323574e-06 	2.9532179e-09 	1.3453127e-13 	-2.664381e-05 	6.736833e-06 	1.0170144e-12 	0
2.0684685 	1.8299265e-06 	3.618963e-09 	1.6485525e-13 	-3.7314361e-05 	8.2555205e-06 	1.2462804e-12 	0
2.0705706 	1.8274955e-06 	4.2847081e-09 	1.9517922e-13 	-4.7984912e-05 	9.774208e-06 	1.4755465e-12 	0
2.0726727 	1.8250645e-06 	4.9504533e-09 	2.255032e-13 	-5.8655463e-05 	1.1292895e-05 	1.7048125e-12 	0
2.0747748 	1.8226335e-06 	5.6161984e-09 	2.5582718e-13 	-6.9326014e-05 	1.2811583e-05 	1.9340786e-12 	0
2.0768769 	1.8202026e-06 	6.2819435e-09 	2.8615116e-13 	-7.9996566e-05 	1.433027e-05 	2.1633446e-12 	0
2.078979 	1.8177716e-06 	6.9476886e-09 	3.1647513e-13 	-9.0667117e-05 	1.5848958e-05 	2.3926107e-12 	0
2.0810811 	1.8153406e-06 	7.6134337e-09 	3.4679911e-13 	-0.00010133767 	1.7367645e-05 	2.6218767e-12 	0
2.0831832 	1.8129096e-06 	8.2791788e-09 	3.7712309e-13 	-0.00011200822 	1.8886333e-05 	2.8511427e-12 	0
2.0852853 	1.8104786e-06 	8.9449239e-09 	4.0744707e-13 	-0.00012267877 	2.040502e-05 	3.0804088e-12 	0
2.0873874 	1.8080477e-06 	9.610669e-09 	4.3777104e-13 	-0.00013334932 	2.1923708e-05 	3.3096748e-12 	0
2.0894895 	1.8056167e-06 	1.0276414e-08 	4.6809502e-13 	-0.00014401987 	2.3442395e-05 	3.5389409e-12 	0
2.0915916 	1.8031857e-06 	1.0942159e-08 	4.98419e-13 	-0.00015469042 	2.4961083e-05 	3.7682069e-12 	0
2.0936937 	1.8007547e-06 	1.1607904e-08 	5.2874298e-13 	-0.00016536097 	2.647977e-05 	3.997473e-12 	0
2.0957958 	1.7983238e-06 	1.2273649e-08 	5.5906695e-13 	-0.00017603153 	2.7998458e-05 	4.226739e-12 	0
2.0978979 	1.7958928e-06 	1.2939395e-08 	5.8939093e-13 	-0.00018670208 	2.9517145e-05 	4.4560051e-12 	0
2.1 	1.7934618e-06 	1.360514e-08 	6.1971491e-13 	-0.00019737263 	3.1035833e-05 	4.6852711e-12 	0
