1.0170124e-05 	1.2669331e-10 	0.00011958822 	11.394038
3.113662e-05 	1.0675306e-09 	0.0004586002 	11.655061
5.3394177e-05 	4.3255805e-09 	0.0011932147 	12.249961
7.7022295e-05 	1.1786301e-08 	0.0024150747 	13.195932
0.00010210537 	2.5424288e-08 	0.0042431267 	14.486073
0.00012873299 	4.7753298e-08 	0.0068288704 	16.134676
0.00015700027 	8.2556299e-08 	0.010362361 	18.161249
0.00018700818 	1.3567715e-07 	0.015077324 	20.592881
0.00021886389 	2.1603277e-07 	0.021253473 	23.470438
0.00025268119 	3.3707798e-07 	0.029213107 	26.828452
0.00028858087 	5.1889763e-07 	0.039305275 	30.64231
0.00032669115 	7.9089994e-07 	0.051865512 	34.791453
0.00036714817 	1.1948893e-06 	0.067139539 	39.055284
0.00041009642 	1.7880167e-06 	0.085169767 	43.122427
0.00045568931 	2.6446175e-06 	0.10566607 	46.625643
0.00050408968 	3.8556297e-06 	0.12791509 	49.216122
0.00055547043 	5.5246448e-06 	0.15080191 	50.655666
0.00061001506 	7.7608379e-06 	0.17298606 	50.881863
0.0006679184 	1.0670493e-05 	0.19318747 	50.009878
0.00072938728 	1.434939e-05 	0.21045855 	48.27418
0.00079464125 	1.8877612e-05 	0.22432427 	45.948628
0.00086391338 	2.4317275e-05 	0.2347593 	43.283791
0.0009374511 	3.0712878e-05 	0.24205847 	40.476409
0.0010155171 	3.8093315e-05 	0.2466829 	37.664982
0.0010983902 	4.647427e-05 	0.24913695 	34.938733
0.0011863663 	5.5859976e-05 	0.24989311 	32.350194
0.0012797599 	6.624408e-05 	0.24935721 	29.926559
0.0013789043 	7.7609885e-05 	0.24785961 	27.678366
0.0014841538 	8.9930442e-05 	0.24566008 	25.605636
0.0015958843 	0.00010316854 	0.24295822 	23.70205
0.0017144948 	0.00011727648 	0.23990485 	21.957732
0.001840409 	0.00013219556 	0.23661252 	20.361062
0.0019740768 	0.00014785549 	0.23316423 	18.899844
0.0021159754 	0.00016417389 	0.22962038 	17.562016
0.0022666117 	0.00018105616 	0.22602414 	16.336067
0.0024265239 	0.00019839578 	0.22240554 	15.211263
0.002596283 	0.00021607511 	0.21878453 	14.17774
0.0027764954 	0.00023396663 	0.21517322 	13.226524
0.0029678048 	0.00025193447 	0.21157757 	12.349511
0.0031708945 	0.00026983624 	0.20799858 	11.539404
0.00338649 	0.000287525 	0.2044332 	10.789654
0.0036153613 	0.00030485111 	0.20087485 	10.094388
0.0038583258 	0.00032166409 	0.19731388 	9.4483328
0.0041162514 	0.00033781402 	0.19373768 	8.8467495
0.0043900594 	0.00035315267 	0.19013081 	8.2853636
0.0046807278 	0.0003675339 	0.18647494 	7.7603041
0.0049892948 	0.00038081342 	0.18274867 	7.2680445
0.0053168625 	0.00039284781 	0.17892732 	6.8053485
0.0056646009 	0.00040349257 	0.17498255 	6.3692192
0.0060337521 	0.00041259946 	0.17088197 	5.9568511
0.0064256347 	0.00042001292 	0.16658867 	5.5655845
0.0068416484 	0.00042556595 	0.16206057 	5.1928625
0.007283279 	0.00042907551 	0.15724975 	4.8361888
0.0077521041 	0.00043033776 	0.15210172 	4.4930885
0.0082497982 	0.00042912336 	0.14655454 	4.1610708
0.008778139 	0.00042517336 	0.14053791 	3.837596
0.0093390136 	0.00041819593 	0.13397226 	3.5200499
0.0099344254 	0.00040786465 	0.12676805 	3.2057338
0.010566501 	0.00039381946 	0.11882544 	2.8918799
0.011237498 	0.00037567258 	0.11003508 	2.575719
0.011949813 	0.00035302407 	0.10028121 	2.2546457
0.012705991 	0.00032549635 	0.089449886 	1.9265707
0.013508733 	0.00029280386 	0.07744833 	1.5906365
0.014360904 	0.000254886 	0.064249364 	1.2486357
0.015265551 	0.00021214056 	0.049991148 	0.90770739
0.016225903 	0.00016579613 	0.035189795 	0.5848396
0.017245391 	0.00011846022 	0.021107668 	0.31115121
0.018327656 	7.6428837e-05 	0.0099935801 	0.12457753
0.019476565 	5.2705362e-05 	0.0037022899 	0.035847326
0.02069622 	5.0249037e-05 	0.0014563159 	0.0098700948
0.021990978 	5.4174504e-05 	0.00095161216 	0.0050954009
0.023365464 	5.4964526e-05 	0.00085902301 	0.0043726056
0.024824587 	5.4785691e-05 	0.00084334606 	0.0042741098
0.026373559 	5.5700016e-05 	0.00084130255 	0.0042631743
0.028017912 	5.7118691e-05 	0.00084101933 	0.0042619532
0.02976352 	5.8605556e-05 	0.0008409369 	0.0042612394
0.031616619 	6.0093598e-05 	0.00084085476 	0.004260398
0.033583826 	6.157703e-05 	0.00084075888 	0.0042594309
0.035672168 	6.3054371e-05 	0.00084064777 	0.0042583313
0.037889105 	6.4523771e-05 	0.00084051986 	0.0042570882
0.040242556 	6.598317e-05 	0.00084037382 	0.0042556934
0.042740925 	6.7429572e-05 	0.00084020889 	0.0042541436
0.045393137 	6.885875e-05 	0.00084002506 	0.0042524406
0.048208665 	7.026604e-05 	0.00083982299 	0.0042505917
0.051197566 	7.1646519e-05 	0.00083960406 	0.004248609
0.054370516 	7.2994743e-05 	0.00083937026 	0.0042465092
0.057738847 	7.4304818e-05 	0.00083912417 	0.0042443133
0.061314592 	7.5570612e-05 	0.00083886877 	0.0042420449
0.06511052 	7.6785905e-05 	0.00083860731 	0.0042397301
0.069140193 	7.7944654e-05 	0.00083834315 	0.0042373953
0.073418001 	7.9041259e-05 	0.0008380796 	0.0042350671
0.077959226 	8.0070888e-05 	0.00083781978 	0.0042327705
0.082780087 	8.1029681e-05 	0.00083756657 	0.0042305289
0.087897803 	8.1914968e-05 	0.0008373225 	0.0042283633
0.093330656 	8.2725362e-05 	0.0008370898 	0.0042262926
