1.0170124e-05 	-0.0073152108 	-6.4757173e-08 	0 	4089.6599 	0.0038283831 	0 	0 	0 	0
3.113662e-05 	-0.014928979 	-3.1940572e-07 	0 	4088.8531 	0.01131631 	0 	0 	0 	0
5.3394177e-05 	-0.025520025 	-8.4850295e-07 	0 	4087.2208 	0.018651765 	0 	0 	0 	0
7.7022295e-05 	-0.036749422 	-1.6899424e-06 	0 	4084.4334 	0.022363073 	0 	0 	0 	0
0.00010210537 	-0.048646197 	-2.8567492e-06 	0 	4079.94 	0.02173372 	0 	0 	0 	0
0.00012873299 	-0.061236192 	-4.2512436e-06 	0 	4073.044 	0.015898347 	0 	0 	0 	0
0.00015700027 	-0.074538694 	-5.6716399e-06 	0 	4062.7398 	0.0053976489 	0 	0 	0 	0
0.00018700818 	-0.088560603 	-8.1036761e-06 	0 	4047.5224 	-0.0091691629 	0 	0 	0 	0
0.00021886389 	-0.10328789 	-1.1321132e-05 	0 	4025.1692 	-0.025392346 	0 	0 	0 	0
0.00025268119 	-0.11867198 	-1.4923831e-05 	0 	3992.4799 	-0.026102305 	0 	0 	0 	0
0.00028858087 	-0.1346122 	-1.7523575e-05 	0 	3945.0055 	0.012476413 	0 	0 	0 	0
0.00032669115 	-0.15092815 	-2.3237337e-05 	0 	3876.8941 	0.14275129 	0 	0 	0 	0
0.00036714817 	-0.16733751 	-3.907892e-05 	0 	3781.0866 	0.38701052 	0 	0 	0 	0
0.00041009642 	-0.18344373 	-5.8879343e-05 	0 	3650.168 	0.63424364 	0 	0 	0 	0
0.00045568931 	-0.1987538 	-7.6220156e-05 	0 	3478.0946 	0.73988465 	0 	0 	0 	0
0.00050408968 	-0.2127425 	-8.9912644e-05 	0 	3262.601 	0.6400304 	0 	0 	0 	0
0.00055547043 	-0.22496355 	-8.9333652e-05 	0 	3007.3953 	0.37865193 	0 	0 	0 	0
0.00061001506 	-0.23517313 	-8.3558487e-05 	0 	2722.8003 	0.095014319 	0 	0 	0 	0
0.0006679184 	-0.24339056 	-9.832405e-05 	0 	2424.006 	-0.089168876 	0 	0 	0 	0
0.00072938728 	-0.24987233 	-0.00012263888 	0 	2127.515 	-0.1511007 	0 	0 	0 	0
0.00079464125 	-0.25501417 	-0.0001443959 	0 	1847.4753 	-0.10837448 	0 	0 	0 	0
0.00086391338 	-0.25924033 	-0.00016850839 	0 	1593.432 	0.0065383999 	0 	0 	0 	0
0.0009374511 	-0.26292244 	-0.0001958263 	0 	1369.9548 	0.14358325 	0 	0 	0 	0
0.0010155171 	-0.26633778 	-0.0002282169 	0 	1177.6009 	0.26144479 	0 	0 	0 	0
0.0010983902 	-0.26967907 	-0.00026272976 	0 	1014.3579 	0.33593945 	0 	0 	0 	0
0.0011863663 	-0.27307421 	-0.00029722823 	0 	876.94096 	0.36618769 	0 	0 	0 	0
0.0012797599 	-0.27660122 	-0.00033244016 	0 	761.69309 	0.36523026 	0 	0 	0 	0
0.0013789043 	-0.28031006 	-0.00036927689 	0 	665.0974 	0.3494857 	0 	0 	0 	0
0.0014841538 	-0.28423092 	-0.00040864366 	0 	584.01313 	0.33128513 	0 	0 	0 	0
0.0015958843 	-0.2883833 	-0.00045127474 	0 	515.75139 	0.31701979 	0 	0 	0 	0
0.0017144948 	-0.29278063 	-0.00049771424 	0 	458.06698 	0.3084827 	0 	0 	0 	0
0.001840409 	-0.2974322 	-0.00054836645 	0 	409.1126 	0.30506286 	0 	0 	0 	0
0.0019740768 	-0.3023495 	-0.00060357381 	0 	367.38152 	0.30538973 	0 	0 	0 	0
0.0021159754 	-0.30754279 	-0.00066367487 	0 	331.64887 	0.30818303 	0 	0 	0 	0
0.0022666117 	-0.3130205 	-0.00072903545 	0 	300.91877 	0.31252386 	0 	0 	0 	0
0.0024265239 	-0.31879321 	-0.00080006167 	0 	274.38008 	0.31784095 	0 	0 	0 	0
0.002596283 	-0.32487383 	-0.00087720127 	0 	251.36973 	0.32381123 	0 	0 	0 	0
0.0027764954 	-0.33127538 	-0.00096093997 	0 	231.34285 	0.33026472 	0 	0 	0 	0
0.0029678048 	-0.33801044 	-0.001051802 	0 	213.84924 	0.33711877 	0 	0 	0 	0
0.0031708945 	-0.34509243 	-0.0011503496 	0 	198.51513 	0.34433864 	0 	0 	0 	0
0.00338649 	-0.35253428 	-0.0012571827 	0 	185.02849 	0.35191544 	0 	0 	0 	0
0.0036153613 	-0.3603509 	-0.0013729402 	0 	173.12721 	0.35985405 	0 	0 	0 	0
0.0038583258 	-0.36855897 	-0.0014983026 	0 	162.59013 	0.36816667 	0 	0 	0 	0
0.0041162514 	-0.37717551 	-0.001634 	0 	153.22957 	0.37686963 	0 	0 	0 	0
0.0043900594 	-0.38621818 	-0.0017808163 	0 	144.88554 	0.38598183 	0 	0 	0 	0
0.0046807278 	-0.39570464 	-0.0019396015 	0 	137.42079 	0.39552416 	0 	0 	0 	0
0.0049892948 	-0.4056552 	-0.0021112883 	0 	130.7172 	0.40551944 	0 	0 	0 	0
0.0053168625 	-0.41609575 	-0.0022969116 	0 	124.67293 	0.41599314 	0 	0 	0 	0
0.0056646009 	-0.42705449 	-0.0024976441 	0 	119.19968 	0.4269744 	0 	0 	0 	0
0.0060337521 	-0.43856109 	-0.0027148273 	0 	114.22079 	0.43849693 	0 	0 	0 	0
0.0064256347 	-0.45065431 	-0.0029500213 	0 	109.66987 	0.45060044 	0 	0 	0 	0
0.0068416484 	-0.46337988 	-0.0032050745 	0 	105.48937 	0.46333207 	0 	0 	0 	0
0.007283279 	-0.47679096 	-0.0034821945 	0 	101.6295 	0.4767475 	0 	0 	0 	0
0.0077521041 	-0.49095131 	-0.003784044 	0 	98.04739 	0.49091205 	0 	0 	0 	0
0.0082497982 	-0.50593308 	-0.0041138396 	0 	94.706148 	0.50590078 	0 	0 	0 	0
0.008778139 	-0.52181763 	-0.004475474 	0 	91.573966 	0.52179779 	0 	0 	0 	0
0.0093390136 	-0.53869505 	-0.0048736382 	0 	88.623315 	0.53869375 	0 	0 	0 	0
0.0099344254 	-0.55665559 	-0.0053139288 	0 	85.829719 	0.55668082 	0 	0 	0 	0
0.010566501 	-0.57578113 	-0.0058029458 	0 	83.17046 	0.57584462 	0 	0 	0 	0
0.011237498 	-0.59613362 	-0.006348323 	0 	80.623034 	0.59625104 	0 	0 	0 	0
0.011949813 	-0.61772123 	-0.0069586785 	0 	78.162688 	0.61792729 	0 	0 	0 	0
0.012705991 	-0.6404551 	-0.0076432266 	0 	75.758989 	0.64081622 	0 	0 	0 	0
0.013508733 	-0.66406527 	-0.0084107915 	0 	73.370292 	0.66467752 	0 	0 	0 	0
0.014360904 	-0.68793414 	-0.0092660861 	0 	70.933646 	0.68875627 	0 	0 	0 	0
0.015265551 	-0.71078449 	-0.010200978 	0 	68.345878 	0.71114291 	0 	0 	0 	0
0.016225903 	-0.73004791 	-0.011170276 	0 	65.426659 	0.72728963 	0 	0 	0 	0
0.017245391 	-0.74059841 	-0.012060401 	0 	61.846398 	0.72973526 	0 	0 	0 	0
0.018327656 	-0.7321764 	-0.012681573 	0 	56.996382 	0.7092278 	0 	0 	0 	0
0.019476565 	-0.68441106 	-0.012964103 	0 	49.828418 	0.66873583 	0 	0 	0 	0
0.02069622 	-0.56328905 	-0.013066224 	0 	38.98701 	0.59081774 	0 	0 	0 	0
0.021990978 	-0.34385319 	-0.010312342 	0 	24.488671 	0.38687152 	0 	0 	0 	0
0.023365464 	-0.11261729 	-0.0049261914 	0 	10.432619 	0.11067813 	0 	0 	0 	0
0.024824587 	0.016080978 	-0.0020720639 	0 	2.4605085 	-0.051124278 	0 	0 	0 	0
0.026373559 	0.063130827 	-0.0018895005 	0 	0.23062634 	-0.082474328 	0 	0 	0 	0
0.028017912 	0.078823679 	-0.0019321574 	0 	-0.20907758 	-0.079757386 	0 	0 	0 	0
0.02976352 	0.080564515 	-0.0018921455 	0 	-0.3418475 	-0.080666228 	0 	0 	0 	0
0.031616619 	0.080797192 	-0.0018754062 	0 	-0.36997103 	-0.080780912 	0 	0 	0 	0
0.033583826 	0.080821224 	-0.0018596545 	0 	-0.37757173 	-0.080831233 	0 	0 	0 	0
0.035672168 	0.080845001 	-0.0018424357 	0 	-0.38182268 	-0.080865379 	0 	0 	0 	0
0.037889105 	0.080868323 	-0.0018216745 	0 	-0.38406711 	-0.0808835 	0 	0 	0 	0
0.040242556 	0.080887002 	-0.0017980289 	0 	-0.38408198 	-0.080898978 	0 	0 	0 	0
0.042740925 	0.080900184 	-0.0017713464 	0 	-0.38173623 	-0.080909884 	0 	0 	0 	0
0.045393137 	0.080907872 	-0.0017415157 	0 	-0.37702583 	-0.080915406 	0 	0 	0 	0
0.048208665 	0.08091002 	-0.0017085056 	0 	-0.37001218 	-0.080915912 	0 	0 	0 	0
0.051197566 	0.080906653 	-0.0016722693 	0 	-0.36078038 	-0.080911546 	0 	0 	0 	0
0.054370516 	0.080898237 	-0.0016327457 	0 	-0.34946621 	-0.080902227 	0 	0 	0 	0
0.057738847 	0.080886059 	-0.0015898849 	0 	-0.33625712 	-0.080888672 	0 	0 	0 	0
0.061314592 	0.080868826 	-0.0015435901 	0 	-0.32136628 	-0.080871108 	0 	0 	0 	0
0.06511052 	0.080847941 	-0.0014937892 	0 	-0.30503812 	-0.08085048 	0 	0 	0 	0
0.069140193 	0.08082656 	-0.0014403557 	0 	-0.28754278 	-0.080827192 	0 	0 	0 	0
0.073418001 	0.080802894 	-0.0013831861 	0 	-0.26914004 	-0.080802255 	0 	0 	0 	0
0.077959226 	0.080776037 	-0.0013221104 	0 	-0.25008083 	-0.080776196 	0 	0 	0 	0
0.082780087 	0.080749158 	-0.0012569977 	0 	-0.2306105 	-0.080749823 	0 	0 	0 	0
0.087897803 	0.080724105 	-0.0011876248 	0 	-0.21094123 	-0.080723787 	0 	0 	0 	0
0.093330656 	0.080699096 	-0.0011138159 	0 	-0.1912456 	-0.080698474 	0 	0 	0 	0
