/*--------------------------------*- C++ -*----------------------------------*\
| =========                 |                                                 |
| \\      /  F ield         | OpenFOAM: The Open Source CFD Toolbox           |
|  \\    /   O peration     | Version:  2206                                  |
|   \\  /    A nd           | Website:  www.openfoam.com                      |
|    \\/     M anipulation  |                                                 |
\*---------------------------------------------------------------------------*/
FoamFile
{
    version     2.0;
    format      ascii;
    arch        "LSB;label=32;scalar=64";
    class       volScalarField;
    location    "1100";
    object      p;
}
// * * * * * * * * * * * * * * * * * * * * * * * * * * * * * * * * * * * * * //

dimensions      [0 2 -2 0 0 0 0];

internalField   nonuniform List<scalar> 
7480
(
0.062808229
0.051892313
0.036487873
0.027134319
0.021859989
0.018695368
0.016700536
0.015175732
0.013838519
0.012723907
0.011839701
0.011145142
0.010619003
0.010234915
0.009962101
0.0097781284
0.0096626933
0.0096016412
0.0095750869
0.0095717188
0.0095931043
0.0096157439
0.0096316277
0.0096433809
0.0096489437
0.0096470999
0.009638653
0.0096237782
0.0096010617
0.0095710673
0.0095350372
0.0094934275
0.0094467317
0.00939572
0.0093403711
0.00928087
0.0092173953
0.0091498428
0.0090786375
0.0090041865
0.0089265437
0.0088456115
0.0087619311
0.0086755876
0.0085865644
0.0084952492
0.0084014572
0.0083053088
0.0082070078
0.0081063052
0.0080035411
0.0078986866
0.0077917591
0.0076829282
0.0075719557
0.0074590747
0.0073441973
0.0072273254
0.0071084572
0.0069875308
0.0068646705
0.0067397363
0.0066128297
0.0064838452
0.0063528071
0.0062196688
0.0060843916
0.0059469465
0.0058072976
0.0056654399
0.0055213174
0.005374926
0.0052262098
0.005075177
0.0049217652
0.0047659829
0.0046077758
0.0044471723
0.0042841302
0.0041186985
0.0039508565
0.0037806813
0.0036082031
0.0034335186
0.003256767
0.0030780714
0.0028977511
0.0027159997
0.0025334962
0.0023503921
0.0021685426
0.0019868954
0.0018123897
0.0016356907
0.0014876332
0.0013149466
0.0012545211
0.0010500281
0.0018236154
-0.001801478
0.059117416
0.050884629
0.038550468
0.029276664
0.022981127
0.019194133
0.016945674
0.015328126
0.013953924
0.012823639
0.011928507
0.011224267
0.010689873
0.010297954
0.010017571
0.0098267347
0.0097054287
0.00963901
0.0096112104
0.0096092234
0.0096229381
0.0096386058
0.0096521794
0.0096619254
0.009665681
0.0096622881
0.0096524955
0.009636416
0.0096126313
0.0095817097
0.0095448673
0.0095025271
0.0094551749
0.0094035707
0.0093476829
0.0092876948
0.0092237814
0.0091558318
0.0090842627
0.0090094789
0.0089315292
0.0088503143
0.0087663737
0.008679788
0.0085905396
0.008499015
0.0084050272
0.0083086969
0.0082102257
0.0081093635
0.00800645
0.0079014547
0.0077943948
0.0076854388
0.0075743481
0.0074613556
0.0073463727
0.0072294009
0.0071104384
0.0069894225
0.0068664771
0.006741462
0.0066144785
0.0064854209
0.0063543133
0.0062211087
0.0060857686
0.0059482635
0.0058085575
0.0056666454
0.0055224708
0.0053760299
0.0052272664
0.0050761885
0.0049227336
0.0047669102
0.0046086638
0.0044480229
0.004284945
0.0041194792
0.0039516047
0.0037813984
0.0036088906
0.0034341778
0.0032573992
0.0030786779
0.0028983332
0.0027165588
0.0025340334
0.0023509087
0.0021690402
0.0019873751
0.0018128543
0.0016361405
0.0014880747
0.0013153799
0.0012549598
0.0010505496
0.0018240309
-0.0018009176
0.055349695
0.048570131
0.037783149
0.029041527
0.023241251
0.019705411
0.017444378
0.015731621
0.014273148
0.013092084
0.012160093
0.011425008
0.010866624
0.010454472
0.010156653
0.0099512564
0.0098171119
0.0097391652
0.0097021011
0.0096910896
0.0096935146
0.0097014224
0.0097087404
0.0097127356
0.0097114582
0.0097037874
0.0096902815
0.0096708058
0.0096439787
0.0096104145
0.00957127
0.0095268624
0.0094776546
0.0094243743
0.009366968
0.0093055874
0.0092404186
0.0091713535
0.0090987496
0.0090230221
0.0089442072
0.0088621982
0.008777532
0.0086902757
0.008600408
0.0085083105
0.0084137888
0.0083169652
0.0082180361
0.0081167467
0.0080134366
0.0079080704
0.0078006639
0.0076913832
0.0075799871
0.0074667088
0.0073514566
0.0072342316
0.0071150307
0.0069937903
0.0068706333
0.0067454179
0.0066182453
0.0064890087
0.0063577319
0.0062243669
0.0060888749
0.0059512259
0.0058113834
0.0056693417
0.0055250442
0.0053784864
0.0052296118
0.0050784284
0.0049248732
0.0047689543
0.0046106172
0.00444989
0.00428673
0.004121186
0.0039532371
0.00378296
0.0036103849
0.0034356081
0.0032587687
0.0030799897
0.0028995903
0.002717764
0.0025351899
0.0023520192
0.0021701086
0.0019884033
0.0018138499
0.0016371012
0.0014890211
0.001316299
0.0012559089
0.0010515056
0.0018251142
-0.0018001841
0.052447487
0.046850005
0.037526893
0.029352277
0.023815499
0.020258236
0.017904056
0.016140511
0.014649734
0.013438863
0.012473022
0.011702757
0.011115306
0.010677499
0.010356357
0.010130131
0.0099767611
0.0098816565
0.0098293849
0.0098049697
0.0097961313
0.0097944227
0.0097931285
0.0097894695
0.0097813025
0.0097675471
0.0097486667
0.009724272
0.0096930087
0.0096555594
0.009612968
0.0095654238
0.0095133861
0.0094575421
0.009397804
0.0093342112
0.0092670403
0.0091962128
0.0091219369
0.00904469
0.0089644812
0.0088811892
0.0087953497
0.0087070083
0.0086161385
0.0085231129
0.0084277235
0.0083300987
0.0082304254
0.0081284415
0.0080244879
0.0079185204
0.0078105531
0.0077007476
0.0075888585
0.0074751197
0.0073594339
0.007241801
0.0071222165
0.0070006159
0.0068771202
0.0067515848
0.0066241107
0.0064945893
0.0063630435
0.006229424
0.0060936911
0.0059558143
0.0058157562
0.0056735101
0.0055290186
0.0053822769
0.0052332279
0.0050818789
0.0049281663
0.0047720981
0.0046136191
0.0044527571
0.0042894689
0.0041238032
0.0039557385
0.0037853513
0.0036126716
0.0034377954
0.0032608616
0.003081993
0.0029015088
0.0027196021
0.0025369525
0.0023537104
0.0021717344
0.0019899665
0.0018153613
0.0016385586
0.0014904518
0.0013176872
0.0012573325
0.001052881
0.0018267836
-0.001799198
0.04973491
0.045023414
0.037060078
0.029704055
0.024453285
0.020842815
0.018365756
0.016506724
0.014944675
0.013716508
0.012747199
0.011969364
0.011365664
0.010905596
0.010564738
0.010320638
0.010150873
0.010040859
0.0099730517
0.0099338559
0.009912165
0.0098989035
0.0098883194
0.0098770448
0.009862081
0.0098421702
0.0098177661
0.0097883132
0.0097524031
0.0097107834
0.0096643675
0.0096132541
0.0095579279
0.0094990722
0.0094365765
0.0093703442
0.009300765
0.0092277841
0.0091514592
0.009072335
0.0089903929
0.008905497
0.0088181845
0.0087284747
0.0086363367
0.0085421341
0.0084456386
0.0083469856
0.0082463546
0.0081434753
0.0080386914
0.0079319463
0.0078232534
0.0077127692
0.0076002426
0.0074859088
0.0073696617
0.0072515002
0.0071314187
0.007009352
0.0068854184
0.0067594693
0.0066316055
0.0065017165
0.0063698237
0.0062358758
0.0060998322
0.0059616618
0.0058213259
0.0056788167
0.0055340757
0.0053870976
0.0052378245
0.005086263
0.0049323486
0.0047760889
0.004617428
0.0044563933
0.0042929411
0.0041271196
0.0039589068
0.003788379
0.0036155656
0.0034405624
0.003263508
0.0030845251
0.0029039325
0.0027219232
0.0025391769
0.0023558435
0.002173783
0.0019919349
0.0018172611
0.0016403895
0.0014922408
0.001319422
0.0012590922
0.001054582
0.0018288585
-0.0017979697
0.047231792
0.043123192
0.036373526
0.029837259
0.024879519
0.02133187
0.018815184
0.016901114
0.015302422
0.014034326
0.013025343
0.012207198
0.011576968
0.011098246
0.010748142
0.010492214
0.010305517
0.010184751
0.010107735
0.010060241
0.01003096
0.010008972
0.0099894583
0.0099695294
0.0099465562
0.0099198612
0.0098900383
0.0098559779
0.0098158551
0.0097704413
0.0097204825
0.009665956
0.0096073854
0.0095454919
0.0094801499
0.0094112092
0.0093391282
0.0092638343
0.0091853193
0.0091041669
0.0090203301
0.0089336582
0.0088447026
0.0087534514
0.0086598703
0.0085643258
0.0084665671
0.0083667364
0.0082650052
0.0081610913
0.0080553434
0.0079476917
0.0078381506
0.0077268723
0.0076136001
0.0074985691
0.0073816622
0.0072628792
0.0071422136
0.0070195983
0.0068951489
0.0067687118
0.006640388
0.0065100651
0.0063777632
0.0062434278
0.0061070175
0.0059685007
0.0058278372
0.0056850177
0.0055399824
0.0053927256
0.0052431886
0.0050913769
0.0049372249
0.0047807398
0.0046218649
0.0044606271
0.004296982
0.0041309773
0.0039625905
0.0037918974
0.003618927
0.0034437747
0.0032665788
0.0030874615
0.0029067416
0.0027246116
0.0025417516
0.0023583106
0.0021761501
0.0019942075
0.0018194501
0.0016424974
0.0014942905
0.0013214073
0.001261084
0.0010565148
0.0018312046
-0.0017965406
0.04504801
0.041349541
0.035563398
0.029777744
0.025162366
0.021733876
0.019212245
0.017266408
0.015656807
0.014363024
0.013324531
0.012478405
0.011817405
0.011308116
0.010929165
0.010645992
0.010436635
0.010302902
0.010217391
0.010161744
0.010125597
0.010100065
0.01007883
0.010057142
0.010031186
0.0099998221
0.00996448
0.009924895
0.0098797252
0.009830334
0.0097771682
0.0097197152
0.0096583879
0.0095938892
0.0095260095
0.0094545923
0.0093801788
0.0093026561
0.009221993
0.0091388329
0.0090530899
0.0089646
0.0088739459
0.0087810814
0.0086859713
0.0085889964
0.0084898853
0.0083887913
0.0082858754
0.0081808377
0.0080740379
0.0079653919
0.0078549157
0.0077427586
0.0076286553
0.0075128447
0.0073952007
0.0072757241
0.0071544059
0.0070311752
0.0069061453
0.0067791579
0.0066503149
0.0065195018
0.0063867376
0.0062519636
0.0061151379
0.0059762287
0.0058351938
0.0056920225
0.0055466538
0.0053990811
0.0052492446
0.0050971489
0.0049427271
0.004785986
0.0046268682
0.0044653999
0.0043015358
0.0041353231
0.0039667387
0.0037958581
0.0036227094
0.0034473878
0.0032700311
0.0030907612
0.0029098966
0.0027276295
0.0025446399
0.0023610763
0.0021788012
0.0019967504
0.0018218951
0.0016448496
0.0014965675
0.0013236096
0.0012632706
0.0010586371
0.001833765
-0.0017949163
0.043139383
0.03980693
0.034768872
0.029614354
0.025336475
0.022048335
0.019552887
0.017597609
0.015982999
0.01467029
0.01361084
0.012747283
0.012064289
0.011529572
0.011127163
0.010819859
0.010585855
0.010430724
0.010324218
0.010250123
0.010200242
0.010167336
0.010142814
0.010118774
0.010092858
0.010063203
0.010029208
0.0099900544
0.0099433124
0.0098907659
0.0098338486
0.0097727266
0.009708362
0.0096414885
0.0095715079
0.0094980743
0.0094217684
0.0093423785
0.0092598448
0.0091748942
0.0090874018
0.0089972034
0.0089049289
0.008810498
0.008713884
0.0086154862
0.0085150102
0.0084126307
0.0083084992
0.0082022982
0.0080944048
0.0079847185
0.0078732571
0.0077601686
0.0076451766
0.0075285285
0.0074100924
0.0072898693
0.0071678461
0.0070439478
0.0069182865
0.0067906993
0.0066612896
0.0065299394
0.0063966668
0.0062614107
0.0061241284
0.0059847869
0.0058433421
0.0056997825
0.0055540456
0.0054061236
0.0052559554
0.0051035448
0.0049488239
0.004791799
0.0046324116
0.0044706872
0.0043065799
0.0041401362
0.0039713322
0.0038002429
0.0036268959
0.003451386
0.0032738503
0.0030944104
0.0029133845
0.0027309644
0.0025478298
0.0023641293
0.0021817252
0.0019995531
0.0018245854
0.0016474354
0.0014990604
0.0013260171
0.0012656378
0.0010609303
0.0018365085
-0.0017930806
0.041428376
0.038449689
0.034050662
0.029434397
0.025457443
0.02230534
0.019850701
0.017899028
0.016285095
0.014962166
0.013887464
0.013008421
0.012305105
0.011749661
0.011324117
0.010995958
0.010743528
0.010568069
0.010442558
0.010351829
0.010287094
0.01024004
0.01020306
0.010168528
0.010136045
0.010104853
0.01007099
0.010032498
0.0099887635
0.0099393757
0.0098846831
0.0098238542
0.0097578679
0.0096884144
0.0096157293
0.0095399593
0.0094618995
0.0093810167
0.0092970329
0.0092107073
0.009121823
0.009030207
0.008936549
0.0088407327
0.008742754
0.0086430402
0.0085412729
0.0084376614
0.0083323506
0.0082250056
0.0081160278
0.0080052992
0.0078928435
0.0077788081
0.0076629056
0.0075453952
0.0074261369
0.0073051347
0.0071823722
0.0070577713
0.0069314434
0.0068032209
0.0066732092
0.0065412855
0.006407468
0.0062716951
0.006133923
0.0059941161
0.0058522293
0.00570825
0.0055621145
0.005413814
0.0052632858
0.005110533
0.0049554869
0.004798153
0.0046384718
0.0044764682
0.0043120953
0.0041453992
0.0039763551
0.0038050376
0.0036314735
0.0034557572
0.0032780253
0.0030983989
0.0029171958
0.0027346075
0.0025513134
0.0023674618
0.0021849147
0.0020026084
0.0018275138
0.0016502479
0.0015017615
0.0013286217
0.0012681753
0.0010633818
0.0018394073
-0.0017910105
0.039873561
0.037214897
0.033376857
0.029246368
0.025552214
0.022533847
0.020126479
0.018184125
0.016572805
0.015243207
0.014155681
0.013262544
0.012541454
0.011967124
0.01152005
0.011172301
0.010902097
0.010706811
0.010563725
0.010458307
0.010379857
0.010319822
0.010272066
0.010228172
0.010187144
0.01014811
0.010106893
0.01006252
0.010017075
0.0099684874
0.009915338
0.0098576461
0.009795324
0.0097286617
0.0096571976
0.0095807605
0.009500968
0.0094181269
0.0093324097
0.0092448129
0.0091548573
0.0090622007
0.0089675384
0.008870668
0.008771601
0.0086707986
0.0085679171
0.008463216
0.0083568385
0.0082484351
0.0081384408
0.0080267199
0.0079133069
0.0077983507
0.0076815527
0.0075631874
0.0074431059
0.0073213176
0.0071978041
0.0070724857
0.0069454734
0.006816595
0.0066859594
0.006553439
0.0064190527
0.006282738
0.0061444504
0.0060041528
0.0058617987
0.0057173745
0.0055708155
0.005422112
0.0052711999
0.0051180816
0.0049626874
0.0048050223
0.0046450259
0.0044827223
0.0043180637
0.0041510957
0.0039817927
0.0038102289
0.0036364303
0.0034604908
0.0032825466
0.003102718
0.0029213227
0.0027385517
0.002555084
0.0023710678
0.0021883642
0.0020059109
0.0018306751
0.0016532819
0.0015046648
0.0013314173
0.0012708749
0.0010659809
0.0018424351
-0.0017886788
0.038452776
0.03607407
0.032720151
0.029031284
0.025613349
0.022735381
0.02038528
0.018459548
0.016853177
0.015518726
0.01441962
0.013513076
0.012775454
0.012183004
0.011715871
0.011348978
0.01106123
0.010847168
0.010687224
0.010566368
0.010474115
0.010401963
0.010343909
0.010291643
0.010242981
0.010196877
0.010149345
0.010099744
0.010049313
0.0099957092
0.0099379256
0.009878182
0.0098166275
0.0097518408
0.009683187
0.0096103733
0.0095335201
0.0094522987
0.0093664413
0.009277654
0.0091862567
0.0090923449
0.0089967851
0.008899146
0.0087993287
0.0086977737
0.0085940718
0.0084885315
0.008381293
0.0082719955
0.0081611206
0.0080485157
0.0079342342
0.0078184289
0.0077007907
0.0075816144
0.0074607415
0.0073381895
0.0072139395
0.0070879113
0.0069602173
0.0068306803
0.0066994146
0.0065662884
0.006431322
0.0062944516
0.006155633
0.0060148281
0.0058719891
0.0057271018
0.0055801004
0.005430975
0.0052796599
0.0051261571
0.0049703959
0.004812381
0.0046520508
0.0044894291
0.0043244671
0.0041572099
0.0039876312
0.0038158046
0.0036417555
0.0034655774
0.0032874057
0.0031073605
0.0029257588
0.0027427913
0.0025591365
0.0023749427
0.0021920693
0.0020094568
0.0018340654
0.0016565337
0.001507766
0.0013343993
0.0012737303
0.0010687193
0.0018455663
-0.0017860537
0.03714982
0.035014933
0.03207415
0.028781722
0.025631801
0.022902156
0.020621563
0.018722462
0.017125964
0.015789832
0.014681197
0.01376217
0.01300884
0.01239881
0.011912389
0.011526642
0.011221465
0.010989237
0.010812507
0.010676342
0.010570538
0.01048634
0.010417535
0.010356483
0.01030021
0.010247427
0.010194491
0.010140287
0.010085308
0.010027473
0.0099661846
0.009903102
0.0098380441
0.0097696797
0.009698897
0.0096266999
0.0095517159
0.0094731056
0.0093907156
0.0093047794
0.0092149835
0.0091211075
0.0090246737
0.0089259593
0.0088252624
0.0087230828
0.0086188215
0.0085127472
0.0084049409
0.0082950041
0.0081834675
0.0080701584
0.0079551576
0.0078386272
0.0077202495
0.0076003464
0.0074787505
0.0073554901
0.0072305475
0.0071038432
0.0069754933
0.0068453157
0.0067134321
0.0065797073
0.0064441636
0.0063067365
0.0061673828
0.0060260641
0.0058827316
0.0057373709
0.0055899157
0.0054403557
0.0052886241
0.0051347227
0.00497858
0.0048202005
0.0046595216
0.0044965667
0.0043312863
0.0041637251
0.0039938559
0.0038217521
0.0036474382
0.0034710074
0.0032925946
0.0031123192
0.002930498
0.0027473212
0.0025634665
0.0023790827
0.0021960268
0.0020132431
0.0018376817
0.0016600004
0.0015110618
0.0013375641
0.0012767361
0.0010715894
0.0018487753
-0.0017830983
0.035951159
0.034029254
0.031440186
0.028500155
0.025606066
0.023029678
0.020829565
0.018967533
0.017387441
0.016054187
0.014939171
0.014009396
0.013241637
0.012614877
0.012109964
0.011705788
0.011383291
0.011133251
0.010939806
0.010788473
0.010669042
0.010572772
0.010493196
0.010423109
0.010359049
0.010299442
0.010240845
0.010181767
0.010122393
0.010060965
0.0099967403
0.0099307708
0.0098627709
0.0097917565
0.0097185728
0.0096438076
0.0095660365
0.0094856101
0.0094038517
0.0093197285
0.0092324353
0.0091417934
0.0090479754
0.0089505845
0.0088498796
0.0087470005
0.008641933
0.0085352831
0.0084270639
0.0083167278
0.0082047992
0.0080910375
0.0079755383
0.0078584706
0.0077395085
0.0076190101
0.0074968
0.007372923
0.0072473638
0.0071200466
0.0069910926
0.0068603157
0.0067278474
0.0065935495
0.006457448
0.006319478
0.0061795984
0.0060377709
0.0058939467
0.0057481117
0.0056001992
0.0054501992
0.0052980442
0.0051437359
0.0049872024
0.004828448
0.0046674095
0.0045041101
0.0043384995
0.0041706222
0.0040004503
0.003828057
0.003653466
0.0034767703
0.0032981041
0.0031175864
0.0029355337
0.0027521356
0.0025680692
0.0023834837
0.002200233
0.0020172666
0.0018415212
0.0016636796
0.001514549
0.0013409085
0.0012798872
0.0010745839
0.0018520347
-0.0017797706
0.034845174
0.033110048
0.030820774
0.028192276
0.025539194
0.023117637
0.02100645
0.01919087
0.017634027
0.016308799
0.015191235
0.01425316
0.013472786
0.012830573
0.012308219
0.011886256
0.0115467
0.011279244
0.011069267
0.010902835
0.010769734
0.010661306
0.0105709
0.010491627
0.010419666
0.010353073
0.010288562
0.010224433
0.010160588
0.010095415
0.010028028
0.0099591622
0.0098886189
0.0098155393
0.0097403953
0.0096634826
0.00958368
0.0095014787
0.0094177494
0.0093313966
0.0092427654
0.0091528681
0.009060818
0.0089658967
0.0088681403
0.0087675204
0.0086633725
0.0085565873
0.0084477982
0.0083368901
0.0082245952
0.0081105522
0.0079947845
0.0078774156
0.0077580829
0.0076371774
0.0075145114
0.0073901516
0.0072640887
0.0071362535
0.0070067761
0.0068754672
0.0067424708
0.0066076464
0.0064710253
0.0063325432
0.0061921618
0.0060498442
0.0059055421
0.0057592424
0.0056108786
0.0054604417
0.0053078639
0.0051531471
0.0049962193
0.0048370851
0.0046756807
0.0045120297
0.0043460808
0.0041778788
0.0040073948
0.0038347024
0.0036598242
0.0034828533
0.0033039234
0.0031231529
0.002940858
0.0027572279
0.0025729388
0.0023881408
0.0022046838
0.002021524
0.0018455807
0.0016675683
0.0015182242
0.0013444292
0.0012831782
0.0010776956
0.001855315
-0.0017760229
0.0338218
0.032251093
0.030218069
0.027864157
0.025435892
0.023167963
0.021151594
0.019390298
0.017863184
0.016551194
0.015435215
0.014491745
0.013700962
0.013044922
0.012506426
0.012067536
0.011711381
0.011427001
0.011200775
0.01101937
0.010872638
0.010752011
0.010650715
0.010562105
0.010482083
0.010408365
0.010337788
0.01026848
0.010200036
0.010130938
0.010060229
0.0099883829
0.0099152082
0.0098399033
0.0097627393
0.0096839601
0.009602653
0.0095190709
0.0094337492
0.0093458448
0.0092558365
0.0091643011
0.0090704108
0.0089747804
0.0088779323
0.0087790454
0.0086773665
0.0085731513
0.0084661019
0.0083557311
0.0082431865
0.0081286833
0.0080125766
0.0078949962
0.0077754692
0.0076543682
0.0075314506
0.0074067904
0.0072803804
0.0071521604
0.007022273
0.0068905278
0.0067570856
0.0066218043
0.0064847229
0.0063457784
0.0062049365
0.0060621626
0.00591741
0.0057706675
0.0056218694
0.0054710085
0.0053180169
0.0051628979
0.0050055792
0.0048460664
0.0046842955
0.0045202904
0.0043539995
0.0041854678
0.004014666
0.0038416677
0.0036664951
0.0034892412
0.0033100392
0.0031290072
0.002946461
0.0027625897
0.0025780684
0.0023930481
0.0022093742
0.0020260107
0.0018498561
0.0016716629
0.0015220832
0.001348122
0.0012866031
0.0010809161
0.0018585834
-0.0017718013
0.032872276
0.03144679
0.029633589
0.027521339
0.025301212
0.023183585
0.021265697
0.019564921
0.018073343
0.016779568
0.015669335
0.0147236
0.013924859
0.013256879
0.012703746
0.012248995
0.01187689
0.01157618
0.01133409
0.011137924
0.010977662
0.010844846
0.010732631
0.010634568
0.01054635
0.01046539
0.010388607
0.010313974
0.010240804
0.010167646
0.010093485
0.010018562
0.0099426505
0.0098649917
0.0097857236
0.0097050229
0.0096220921
0.0095370623
0.0094503821
0.0093613809
0.009270326
0.0091775549
0.0090824838
0.0089857487
0.0088874109
0.0087869913
0.0086853075
0.0085821744
0.0084768134
0.0083689405
0.008258554
0.0081451695
0.0080292402
0.0079113835
0.0077915297
0.0076702428
0.0075472019
0.0074224217
0.0072958521
0.0071674201
0.0070372749
0.0069052231
0.0067714466
0.0066358036
0.006498344
0.0063590074
0.0062177651
0.0060745859
0.0059294257
0.0057822761
0.0056330731
0.005481812
0.0053284259
0.0051729196
0.0050152214
0.0048553384
0.0046932065
0.0045288507
0.004362219
0.0041933573
0.0040222357
0.0038489285
0.0036734574
0.0034959154
0.0033164354
0.0031351354
0.0029523309
0.0027682108
0.002583449
0.0023981979
0.0022142974
0.002030721
0.0018543421
0.0016759589
0.0015261211
0.0013519823
0.0012901552
0.0010842362
0.0018618034
-0.0017670452
0.031988951
0.030692093
0.029068242
0.027168588
0.025140003
0.023167773
0.021350184
0.019714681
0.01826367
0.016992704
0.015892238
0.014947435
0.014143313
0.013465448
0.012899336
0.012429955
0.012042721
0.011726383
0.011468915
0.011258281
0.011084654
0.010939709
0.010816584
0.01070899
0.010612468
0.010524167
0.010441047
0.010360953
0.01028295
0.010205616
0.010127886
0.010049783
0.0099710364
0.0098909231
0.0098094618
0.0097267615
0.0096421146
0.0095555649
0.0094674814
0.0093772835
0.0092851443
0.0091913708
0.0090954908
0.0089978895
0.0088985472
0.0087971959
0.0086945751
0.0085900351
0.0084836352
0.0083762383
0.0082671869
0.0081556968
0.0080419711
0.0079256979
0.0078064307
0.0076850636
0.0075617699
0.0074368243
0.0073101718
0.0071816727
0.0070514377
0.0069192408
0.0067852756
0.0066493965
0.0065116668
0.0063720311
0.0062304689
0.0060869538
0.0059414456
0.00579394
0.0056443755
0.0054927508
0.0053390005
0.0051831321
0.0050250749
0.0048648381
0.0047023581
0.0045376613
0.004370696
0.004201509
0.0040300704
0.0038564553
0.003680685
0.0035028531
0.0033230923
0.0031415204
0.0029584527
0.0027740782
0.0025890694
0.0024035807
0.002219445
0.0020356477
0.0018590322
0.0016804503
0.0015303316
0.0013560042
0.0012938265
0.0010876453
0.0018649336
-0.0017616864
0.031165126
0.029982476
0.028522436
0.026809879
0.024956717
0.023123822
0.021406829
0.019840034
0.01843383
0.017189829
0.016102926
0.015162217
0.014355337
0.013669735
0.013092408
0.012609752
0.012208348
0.011877179
0.011604914
0.011380188
0.011193425
0.011036466
0.010902477
0.01078531
0.010680402
0.010584678
0.010495108
0.010409431
0.010326495
0.010244878
0.010163465
0.010082089
0.010000423
0.009917769
0.0098340381
0.009749269
0.0096628285
0.0095746833
0.0094851272
0.0093936573
0.0093003806
0.0092055618
0.0091087779
0.0090103294
0.0089102412
0.0088082674
0.0087048652
0.0085995028
0.0084923648
0.0083840015
0.0082737375
0.0081620391
0.0080490736
0.0079341447
0.0078169668
0.0076974053
0.0075750344
0.0074502535
0.0073234442
0.0071947972
0.0070645038
0.0069322738
0.0067982685
0.006662303
0.0065244405
0.0063846255
0.006242847
0.0060990858
0.0059533074
0.0058055133
0.0056556456
0.0055037077
0.0053496363
0.0051934423
0.0050350567
0.0048744918
0.0047116849
0.0045466643
0.0043793791
0.0042098776
0.0040381301
0.0038642129
0.0036881472
0.0035100274
0.0033299862
0.0031481413
0.0029648083
0.002780176
0.0025949159
0.0024091842
0.0022248066
0.0020407815
0.001863918
0.0016851298
0.0015347071
0.0013601805
0.0012976074
0.0010911309
0.0018679277
-0.0017556487
0.030394914
0.029313894
0.0279962
0.026448475
0.024755353
0.02305492
0.021437562
0.019941744
0.018583815
0.01737047
0.016300665
0.015367124
0.014560098
0.013868956
0.013282241
0.012787759
0.012373256
0.012028135
0.011741738
0.011503368
0.011303764
0.011134959
0.010990191
0.010863449
0.0107501
0.010646885
0.01055077
0.010459404
0.010371439
0.010285438
0.010200238
0.0101155
0.010030834
0.0099455579
0.0098594863
0.0097725888
0.0096842899
0.0095944899
0.0095034079
0.0094106058
0.0093161295
0.0092202007
0.0091224511
0.0090231215
0.0089222375
0.0088195537
0.0087154612
0.0086095485
0.0085018838
0.0083928331
0.008281894
0.0081695686
0.0080555378
0.0079397872
0.0078229857
0.0077045476
0.0075838317
0.0074608595
0.0073352233
0.0072069739
0.0070766357
0.0069442811
0.0068102317
0.0066742649
0.0065363976
0.0063965401
0.0062546731
0.006110779
0.0059648289
0.005816832
0.0056667357
0.0055145497
0.0053602136
0.0052037431
0.0050450713
0.0048842143
0.0047211108
0.0045557922
0.0043882084
0.0042184099
0.0040463675
0.0038721595
0.003695807
0.0035174056
0.0033370883
0.003154973
0.0029713756
0.0027864851
0.0026009715
0.0024149938
0.002230369
0.0020461108
0.001868989
0.0016899878
0.001539238
0.0013645022
0.0013014868
0.0010946782
0.0018707327
-0.0017488462
0.029673129
0.028682737
0.027489283
0.026087005
0.024539455
0.022964087
0.021444381
0.020020775
0.018713842
0.017534372
0.01648491
0.015561484
0.014756888
0.014062415
0.013468181
0.012963388
0.012536947
0.012178824
0.01187903
0.011627538
0.011415445
0.011235015
0.011079595
0.010943308
0.010821493
0.01071074
0.010608001
0.010510853
0.010417773
0.010327294
0.010238207
0.010150021
0.010062279
0.0099743023
0.0098858214
0.0097967381
0.0097065202
0.0096150108
0.0095223584
0.0094281753
0.0093324539
0.0092353722
0.0091366096
0.0090363444
0.008934603
0.0088311615
0.0087263595
0.008619831
0.0085115937
0.0084020058
0.0082906432
0.0081777832
0.0080631642
0.007946888
0.0078293256
0.0077099643
0.007589171
0.0074669631
0.0073426191
0.007216119
0.0070871224
0.0069553461
0.0068213487
0.0066852968
0.0065473988
0.006407559
0.0062657127
0.0061218091
0.0059758059
0.0058277126
0.0056774807
0.0055251277
0.0053705979
0.005213913
0.0050550093
0.0048939074
0.0047305482
0.0045649666
0.0043971139
0.0042270437
0.0040547276
0.0038802461
0.003703621
0.0035249494
0.0033443647
0.0031619855
0.002978128
0.0027929819
0.0026072156
0.0024209912
0.0022361162
0.0020516214
0.0018742323
0.0016950129
0.0015439127
0.0013689587
0.0013054516
0.00109827
0.0018732877
-0.0017411831
0.028995185
0.028085787
0.02700124
0.025727565
0.024312135
0.022854149
0.021429289
0.020078232
0.018824305
0.017681441
0.016655261
0.015744739
0.014945083
0.014249481
0.013649621
0.013136083
0.012698938
0.012328827
0.012016436
0.011752403
0.011528233
0.011336448
0.011170543
0.01102478
0.010894502
0.010776185
0.010666763
0.010563749
0.010465476
0.010370435
0.010277369
0.010185653
0.01009476
0.010004007
0.0099130505
0.0098217249
0.0097295291
0.0096362574
0.009541991
0.0094463809
0.0093493741
0.0092511056
0.0091512923
0.0090500563
0.0089474217
0.0088431839
0.008737621
0.00863042
0.0085215809
0.0084114282
0.0082995689
0.0081862178
0.0080712105
0.0079545547
0.0078364812
0.0077166178
0.0075952955
0.0074722371
0.0073475403
0.0072214778
0.0070934793
0.0069633135
0.0068307114
0.0066953658
0.0065576182
0.0064177339
0.0062758683
0.0061319961
0.0059860324
0.0058379541
0.0056876961
0.0055352754
0.0053806394
0.0052238167
0.0050647482
0.0049034605
0.0047398973
0.0045740978
0.0044060154
0.0042357071
0.004063146
0.0038884156
0.0037115384
0.0035326135
0.0033517753
0.0031691432
0.0029850342
0.0027996386
0.0026136236
0.0024271546
0.0022420288
0.0020572961
0.0018796322
0.001700191
0.0015487173
0.0013735369
0.0013094864
0.001101886
0.0018755241
-0.0017325524
0.02835702
0.027520171
0.026531493
0.025371791
0.024076092
0.022727728
0.021394269
0.020115319
0.018915737
0.017811726
0.016811439
0.015916425
0.015124134
0.014429577
0.013825992
0.013305312
0.012858759
0.012477729
0.012153597
0.011877667
0.011641884
0.011439064
0.011262881
0.011107749
0.010969039
0.010843154
0.010727006
0.010618062
0.010514526
0.010414843
0.010317713
0.010222389
0.010128275
0.010034674
0.0099411755
0.009847552
0.0097533212
0.0096582351
0.0095623114
0.0094652295
0.009366898
0.0092674091
0.00916651
0.0090642741
0.0089607195
0.0088556561
0.0087493047
0.0086414006
0.0085319241
0.0084211559
0.0083087528
0.0081948989
0.0080794499
0.0079623761
0.0078439117
0.007723731
0.0076019973
0.0074784958
0.0073534132
0.0072266183
0.0070980422
0.0069681076
0.0068363639
0.0067023949
0.0065660185
0.0064269235
0.0062852892
0.0061414117
0.005995442
0.0058474052
0.0056972005
0.0055448129
0.0053901714
0.0052333034
0.0050741517
0.0049127501
0.004749046
0.0045830845
0.0044148214
0.004244318
0.0040715491
0.003896602
0.0037195
0.0035403453
0.0033592733
0.0031764044
0.0029920571
0.0028064224
0.0026201663
0.0024334581
0.0022480836
0.0020631141
0.0018851699
0.0017055049
0.001553635
0.0013782213
0.0013135732
0.0011055025
0.001877377
-0.0017228339
0.027755026
0.026983321
0.026079381
0.025020943
0.023833651
0.022587231
0.021341253
0.020133308
0.018988793
0.017925401
0.016953278
0.016076169
0.015293551
0.014602167
0.013996751
0.013470558
0.013015944
0.012625115
0.012290152
0.012003023
0.011756147
0.011542658
0.011356446
0.011192087
0.011045011
0.010911575
0.010788679
0.010673753
0.010564895
0.010460501
0.010359227
0.010260222
0.010162816
0.010066298
0.0099701952
0.009874219
0.0097778977
0.0096809459
0.0095833219
0.0094847245
0.0093850289
0.0092842863
0.0091822672
0.0090790029
0.0089745017
0.0088685861
0.0087614264
0.0086527969
0.0085426586
0.0084312514
0.0083182781
0.0082038835
0.0080879428
0.0079704241
0.0078515443
0.0077309906
0.0076088918
0.0074851054
0.007359684
0.0072325021
0.0071035873
0.0069730793
0.006840722
0.0067067817
0.0065711008
0.0064331899
0.0062928784
0.006149836
0.0060041562
0.0058561468
0.0057059489
0.0055536115
0.0053990334
0.0052422113
0.0050830695
0.0049216396
0.0047578708
0.0045918144
0.0044234298
0.0042527837
0.0040798532
0.0039047297
0.0037274383
0.0035480842
0.0033668042
0.0031837206
0.0029991533
0.0028132945
0.002626809
0.0024398709
0.002254253
0.0020690508
0.0018908228
0.0017109344
0.001558646
0.0013829936
0.0013176911
0.0011090915
0.0018787948
-0.0017118918
0.027185993
0.026472937
0.025644192
0.024675968
0.023586793
0.022434845
0.021272102
0.020133512
0.019044227
0.018022753
0.017080717
0.016223679
0.01545291
0.014766759
0.014161386
0.013631321
0.013170032
0.012770568
0.012425732
0.012128157
0.011870756
0.011647015
0.011451064
0.011277658
0.011122312
0.010981368
0.010851723
0.010730779
0.010616551
0.010507386
0.010401897
0.01029914
0.010198379
0.010098876
0.010000107
0.0099017245
0.0098032584
0.0097043902
0.0096050228
0.0095048668
0.0094037682
0.0093017385
0.0091985655
0.0090942441
0.00898877
0.0088819764
0.0087739884
0.0086646118
0.0085537916
0.00844173
0.0083281683
0.0082132131
0.008096759
0.0079787687
0.0078594297
0.0077384647
0.0076159878
0.0074918633
0.0073661074
0.0072386581
0.0071094745
0.0069786222
0.0068459404
0.0067115498
0.0065752796
0.0064372741
0.0062975136
0.0061554975
0.006011075
0.0058639116
0.0057140381
0.0055617528
0.0054071938
0.0052504292
0.005091358
0.0049299833
0.0047662354
0.0046001634
0.004431728
0.0042610018
0.0040879649
0.0039127142
0.0037352765
0.0035557608
0.0033743059
0.003191036
0.0030062727
0.0028202102
0.0026335118
0.002446357
0.0022605047
0.0020750771
0.0018965644
0.0017164553
0.0015637269
0.001387832
0.001321816
0.0011126202
0.0018796144
-0.0016995746
0.026647065
0.025986953
0.025225194
0.024337556
0.02333719
0.022272547
0.02118859
0.020117265
0.019082875
0.018104175
0.017193797
0.016358751
0.015601852
0.014922905
0.014319409
0.013787115
0.013320564
0.012913668
0.012559963
0.012252742
0.011985437
0.011751907
0.011546549
0.011364315
0.011200828
0.011052445
0.01091607
0.010789093
0.01066946
0.010555472
0.010445705
0.010339134
0.010234954
0.010132404
0.010030909
0.0099300665
0.0098294024
0.0097285677
0.0096274141
0.0095256568
0.0094231161
0.0093197658
0.0092154054
0.0091099979
0.0090035246
0.0088958272
0.0087869907
0.0086768454
0.008565324
0.0084525926
0.0083384253
0.0082228961
0.0081059147
0.0079874366
0.0078676209
0.0077462241
0.0076233354
0.0074988314
0.0073727272
0.0072449693
0.0071154891
0.0069843718
0.0068514536
0.0067167663
0.0065801977
0.0064418297
0.0063015198
0.0061593394
0.0060153562
0.0058690967
0.0057204071
0.0055689519
0.0054147302
0.0052580344
0.0050989933
0.0049376825
0.0047740106
0.0046079996
0.0044395923
0.0042688593
0.0040957815
0.0039204616
0.0037429292
0.0035632975
0.003381708
0.0031982868
0.0030133581
0.0028271177
0.0026402282
0.0024528747
0.0022668012
0.0020811592
0.0019023639
0.0017220394
0.0015688506
0.0013927114
0.0013259201
0.0011160541
0.0018796999
-0.0016857271
0.026135692
0.025523508
0.024821644
0.024006191
0.023086245
0.022102103
0.021092391
0.020085893
0.019105633
0.01817015
0.017292659
0.016481267
0.015740083
0.015070205
0.014470369
0.013937471
0.013467088
0.013053994
0.012692463
0.012376444
0.012099902
0.011857092
0.011642702
0.011451899
0.011280435
0.01112471
0.010981649
0.01084864
0.010723581
0.010604732
0.010490633
0.010380188
0.010272533
0.010166877
0.010062598
0.0099592432
0.0098563291
0.0097534787
0.0096504958
0.0095470949
0.0094430731
0.0093383683
0.009232787
0.0091262641
0.0090187651
0.0089101382
0.0088004323
0.0086894971
0.0085772547
0.0084638377
0.008349048
0.0082329315
0.0081154094
0.0079964302
0.0078761283
0.0077542873
0.0076309718
0.007506072
0.0073795948
0.0072514875
0.0071216878
0.0069902793
0.0068570884
0.0067221481
0.0065853656
0.0064467374
0.0063061562
0.0061636766
0.0060191899
0.0058727315
0.005724402
0.0055737623
0.0054206513
0.0052647495
0.0051060403
0.0049448075
0.0047811752
0.0046152337
0.0044469057
0.0042762366
0.0041031907
0.0039278694
0.0037503025
0.0035706085
0.0033889319
0.0032054016
0.0030203445
0.0028339585
0.0026469052
0.0024593761
0.0022730992
0.0020872576
0.0019081852
0.0017276539
0.0015739857
0.0013976024
0.0013299716
0.0011193508
0.0018789362
-0.0016701648
0.025649602
0.025080926
0.02443281
0.023682193
0.02283512
0.021925081
0.020985068
0.020040705
0.019113444
0.018221241
0.01737753
0.016591192
0.015867381
0.015208317
0.01461385
0.014081945
0.013609163
0.013191127
0.012822843
0.012498917
0.01221385
0.011962315
0.01173931
0.011540236
0.011360994
0.011198054
0.011048376
0.010909359
0.010778868
0.010655131
0.010536657
0.010422289
0.010311106
0.010202287
0.01009517
0.0099892528
0.0098840384
0.0097791237
0.0096742686
0.0095691821
0.0094636401
0.0093575467
0.0092507111
0.009143043
0.0090344916
0.008924909
0.0088143126
0.0087025659
0.0085895825
0.0084754637
0.0083600348
0.0082433174
0.0081252405
0.0080057478
0.0078849497
0.0077626536
0.0076389025
0.0075135978
0.0073867354
0.0072582648
0.0071281267
0.0069963904
0.0068628992
0.0067276872
0.0065906521
0.0064517842
0.0063110059
0.0061682957
0.0060235633
0.0058768485
0.0057280604
0.0055772122
0.0054244117
0.005269265
0.0051115949
0.0049511059
0.0047877869
0.0046219266
0.0044536459
0.0042830508
0.0041100852
0.0039348282
0.0037572941
0.0035776001
0.003395892
0.0032123018
0.0030271599
0.0028406667
0.0026534828
0.0024658068
0.0022793491
0.0020933276
0.0019139872
0.001733261
0.0015790958
0.0014024713
0.0013339346
0.0011224598
0.001877216
-0.0016526744
0.025186761
0.024657689
0.024057976
0.023365747
0.02258477
0.021742862
0.020868069
0.019982973
0.019107275
0.018258076
0.017448721
0.016688575
0.015983596
0.01533695
0.014749476
0.014220118
0.013746361
0.013324649
0.012950714
0.012619806
0.012326969
0.012067307
0.011836147
0.01162914
0.011442356
0.011272358
0.011116158
0.010971177
0.010835268
0.01070663
0.010583749
0.010465415
0.010350659
0.010238628
0.010128621
0.010020093
0.0099125298
0.0098055034
0.0096987338
0.0095919202
0.009484819
0.0093773026
0.009269179
0.0091603357
0.0090507047
0.0089401403
0.0088286314
0.0087160513
0.0086023066
0.0084874694
0.0083713841
0.0082540515
0.0081354059
0.0080153868
0.007894082
0.0077713199
0.0076471246
0.0075214061
0.0073941506
0.0072653098
0.0071348236
0.0070027477
0.006868941
0.0067334266
0.0065961093
0.0064569847
0.0063159718
0.0061730371
0.0060281202
0.0058811976
0.0057321873
0.0055811103
0.0054278926
0.0052725434
0.0051151582
0.0049553893
0.0047930412
0.0046278643
0.0044598679
0.0042893524
0.0041164401
0.0039412597
0.0037638051
0.0035841724
0.0034024947
0.0032189016
0.0030337256
0.0028471698
0.0026598945
0.0024721057
0.0022854952
0.002099318
0.0019197229
0.0017388173
0.0015841399
0.0014072796
0.0013377681
0.0011253277
0.0018744411
-0.0016330369
0.024745352
0.024252425
0.023696446
0.023056938
0.022335974
0.021556652
0.020742727
0.019913919
0.019088105
0.018281334
0.017506616
0.016773541
0.016088649
0.015455876
0.014876919
0.014351604
0.013878272
0.013454154
0.013075686
0.012738752
0.012438938
0.012171788
0.011932973
0.01171841
0.011524357
0.01134749
0.011184889
0.011034016
0.010892718
0.010759184
0.010631875
0.010509545
0.010391176
0.010275888
0.010162945
0.010051761
0.0099418023
0.0098326187
0.0097238928
0.0096153113
0.0095066123
0.0093976384
0.0092881931
0.0091781442
0.0090674061
0.0089558332
0.0088433894
0.0087299539
0.008615427
0.0084998541
0.0083830952
0.0082651326
0.0081459037
0.0080253448
0.0079035225
0.0077802833
0.0076556346
0.0075294932
0.0074018371
0.0072726188
0.0071417775
0.0070093566
0.0068752271
0.0067393998
0.0066017878
0.0064623816
0.0063211034
0.0061779266
0.0060327906
0.0058856574
0.0057364727
0.0055852059
0.0054317877
0.0052762254
0.0051184616
0.004958508
0.0047964379
0.004631965
0.004464873
0.0042949729
0.0041223092
0.0039472036
0.0037698063
0.00359025
0.0034086483
0.0032251093
0.0030399559
0.002853389
0.0026660677
0.0024782057
0.0022914755
0.0021051716
0.0019253394
0.001744274
0.0015890711
0.0014119833
0.0013414264
0.0011278939
0.0018703961
-0.0016110104
0.024323746
0.023863887
0.023347551
0.022755766
0.022089358
0.021367503
0.020610253
0.019834707
0.019056909
0.018291735
0.01755166
0.016846286
0.01618253
0.015564927
0.014995899
0.014476052
0.01400451
0.013579246
0.013197374
0.012855392
0.012549427
0.012275465
0.012029535
0.011807832
0.011606818
0.011423304
0.011254455
0.011097782
0.010951149
0.010812737
0.010680997
0.010554648
0.010432637
0.010314054
0.010198132
0.01008425
0.0099718537
0.0098604694
0.0097497467
0.0096393577
0.0095290228
0.0094185569
0.0093077566
0.0091964715
0.0090845985
0.0089719904
0.0088585886
0.0087442751
0.0086289449
0.0085126186
0.008395168
0.0082765601
0.0081567332
0.0080356205
0.0079132694
0.0077895415
0.0076644296
0.0075378559
0.0074097909
0.0072801874
0.007148984
0.0070162128
0.0068817544
0.0067456098
0.0066076973
0.0064680009
0.0063264467
0.0061830068
0.0060376216
0.0058902593
0.0057408684
0.0055894037
0.0054358198
0.0052800829
0.0051221391
0.0049619783
0.0047995665
0.0046349354
0.0044681271
0.0042989286
0.0041271018
0.0039525387
0.0037753513
0.0035958618
0.0034143187
0.0032308519
0.0030457654
0.0028592401
0.0026719235
0.002484034
0.0022972225
0.0021108257
0.0019307782
0.0017495762
0.0015938373
0.0014165328
0.0013448581
0.0011300891
0.0018648787
-0.0015863283
0.02392048
0.023490943
0.023010652
0.022462171
0.021845421
0.021176318
0.020471749
0.019746437
0.019014651
0.018290023
0.017584354
0.016907074
0.016265297
0.015663996
0.015106186
0.01459315
0.014124716
0.013699545
0.013315398
0.012969366
0.012658101
0.012378037
0.012125568
0.011897179
0.01168955
0.011499643
0.011324727
0.011162374
0.011010478
0.010867227
0.010731065
0.01060069
0.010475015
0.010353107
0.010234172
0.010117555
0.01000268
0.0098890542
0.0097762959
0.0096640611
0.009552053
0.0094400611
0.0093278729
0.0092153209
0.0091022852
0.0089886149
0.0088742317
0.0087590176
0.0086428624
0.0085257643
0.008407604
0.0082883347
0.0081678946
0.0080462137
0.0079233218
0.007799093
0.0076735077
0.0075464916
0.0074180091
0.0072880123
0.0071564394
0.0070233115
0.0068885183
0.0067520515
0.0066138338
0.0064738432
0.0063320088
0.0061882986
0.0060426547
0.0058950452
0.005745419
0.0055937374
0.0054399582
0.0052840354
0.0051259329
0.0049656109
0.0048030395
0.0046381986
0.004471086
0.0043017622
0.0041302312
0.0039563758
0.0037799563
0.0036009319
0.0034195578
0.0032361469
0.0030511149
0.0028646521
0.0026773822
0.0024895125
0.0023026631
0.002116212
0.0019359754
0.0017546638
0.0015983809
0.0014208724
0.0013480065
0.0011318362
0.0018576822
-0.0015587027
0.023534236
0.023132564
0.022685137
0.022176041
0.021604553
0.020983876
0.020328201
0.019650136
0.018962265
0.018276958
0.01760524
0.016956226
0.016337069
0.015753035
0.015207603
0.014702628
0.014238561
0.013814694
0.013429391
0.013080312
0.012764622
0.012479197
0.012220799
0.011986211
0.011772348
0.011576337
0.011395563
0.011227677
0.011070615
0.010922582
0.010782025
0.010647628
0.01051828
0.010393026
0.010271048
0.010151663
0.010034274
0.0099183697
0.0098035392
0.0096894221
0.0095757051
0.0094621539
0.0093485453
0.0092346962
0.0091204698
0.0090057105
0.0088903221
0.0087741844
0.0086571825
0.0085392938
0.0084204052
0.0083004582
0.008179389
0.0080571252
0.0079336799
0.0078089378
0.0076828681
0.0075553993
0.0074264898
0.007296091
0.0071641405
0.0070306492
0.0068955146
0.0067587203
0.0066201922
0.0064799032
0.0063377847
0.0061938009
0.006047895
0.0059000324
0.0057501625
0.0055982476
0.0054442457
0.0052881168
0.0051298284
0.0049693321
0.0048066082
0.004641618
0.0044743664
0.0043048224
0.0041330269
0.0039590841
0.003782974
0.0036046671
0.0034239881
0.0032409591
0.0030560512
0.00286963
0.0026823993
0.0024945718
0.002307722
0.0021212574
0.0019408624
0.0017594715
0.0016026394
0.0014249408
0.00135081
0.0011330492
0.001848582
-0.0015278263
0.023163828
0.022787809
0.022370426
0.021897232
0.021367052
0.02079084
0.020180495
0.019546761
0.018900656
0.018253304
0.017614895
0.016994117
0.016398029
0.015832057
0.015300027
0.014804261
0.014345752
0.013924356
0.013539001
0.013187881
0.012868654
0.012578631
0.012314944
0.01207468
0.011854997
0.011653202
0.011466811
0.011293566
0.011131458
0.01097872
0.010833812
0.010695412
0.010562392
0.01043378
0.010308739
0.010186559
0.010066627
0.0099484099
0.0098314736
0.0097154399
0.00959998
0.0094848372
0.0093697768
0.0092546008
0.0091391561
0.0090232812
0.0089068637
0.0087897795
0.0086719088
0.0085532103
0.0084335746
0.0083129331
0.0081912189
0.0080683569
0.0079443451
0.0078190768
0.0076925113
0.0075645788
0.0074352324
0.0073044224
0.0071720856
0.0070382235
0.0069027404
0.0067656123
0.0066267682
0.0064861761
0.006343769
0.0061995082
0.0060533371
0.0059052186
0.0057551025
0.0056029493
0.0054487169
0.005292367
0.0051338667
0.0049731746
0.0048102728
0.0046451196
0.0044777201
0.0043080372
0.004136125
0.0039619443
0.0037855942
0.0036072579
0.0034269199
0.0032445966
0.0030602933
0.0028741664
0.0026870122
0.0024992047
0.0023123502
0.0021258939
0.0019453675
0.0017639294
0.001606546
0.0014286717
0.0013532019
0.0011336334
0.0018373378
-0.0014933764
0.022808177
0.022455819
0.022065969
0.021625569
0.021133142
0.02059777
0.020029416
0.019437195
0.018830687
0.018219818
0.017613916
0.01702116
0.016448408
0.01590113
0.015383386
0.01489787
0.01444603
0.014028224
0.013643892
0.013291729
0.012969861
0.012676023
0.012407713
0.012162327
0.011937269
0.011730043
0.011538306
0.011359904
0.011192894
0.011035551
0.010886354
0.010743985
0.010607308
0.010475337
0.010347219
0.010222226
0.010099725
0.009979166
0.0098600935
0.0097421118
0.0096248769
0.0095081119
0.0093915694
0.0092750375
0.0091583475
0.0090413308
0.0089238603
0.0088058068
0.0086870453
0.0085675177
0.008447116
0.0083257627
0.0082033871
0.0080799114
0.0079553198
0.0078295118
0.0077024387
0.007574031
0.0074442375
0.0073130064
0.0071802741
0.0070460333
0.0069101939
0.0067727254
0.0066335589
0.0064926582
0.0063499575
0.0062054153
0.0060589753
0.0059105981
0.0057602331
0.0056078396
0.0054533747
0.0052967994
0.0051380802
0.0049771776
0.0048140739
0.0046487342
0.0044811631
0.0043113279
0.00413927
0.0039649591
0.0037885035
0.0036099155
0.0034293457
0.0032470629
0.0030631561
0.0028776876
0.0026910282
0.0025034235
0.0023165741
0.0021301024
0.0019494377
0.0017679695
0.0016100309
0.0014319939
0.0013551118
0.001133485
0.0018237
-0.0014550222
0.022466306
0.022135806
0.021771245
0.021360859
0.020902984
0.020405141
0.019875662
0.019322245
0.018753177
0.018177245
0.017602916
0.017037807
0.016488488
0.015960376
0.015457663
0.014983322
0.014539177
0.01412602
0.013743752
0.013391527
0.013067916
0.012771059
0.012498814
0.012248884
0.012018929
0.011806654
0.011609871
0.011426541
0.011254799
0.011092971
0.010939568
0.010793281
0.010652974
0.010517655
0.010386458
0.010258639
0.01013355
0.010010626
0.0098893904
0.0097694325
0.0096503933
0.0095319772
0.009413924
0.0092960084
0.0091780467
0.0090598627
0.0089413156
0.0088222701
0.008702596
0.0085822198
0.0084610332
0.0083389508
0.0082158973
0.0080917921
0.0079666067
0.0078402456
0.0077126525
0.007583758
0.0074535064
0.0073218441
0.0071887067
0.0070540786
0.0069178746
0.0067800584
0.0066405626
0.0064993472
0.0063563473
0.0062115187
0.0060648053
0.0059161655
0.0057655485
0.005612912
0.0054582127
0.0053014104
0.0051424707
0.0049813541
0.0048180417
0.0046525009
0.004484736
0.0043147224
0.0041424971
0.0039680426
0.0037914455
0.0036127293
0.0034320378
0.0032495092
0.0030653949
0.0028800141
0.0026937926
0.0025067756
0.0023202777
0.0021339066
0.0019530873
0.0017715614
0.0016130373
0.0014348356
0.0013564659
0.0011324912
0.0018074179
-0.0014124355
0.022137325
0.021827048
0.021485761
0.021102898
0.020676684
0.020213349
0.019719845
0.019202652
0.018668896
0.018126311
0.017582516
0.017044536
0.016518592
0.016009963
0.015522889
0.015060533
0.014625016
0.0142175
0.013838291
0.013486964
0.0131625
0.012863426
0.01258795
0.012334079
0.012099732
0.01188282
0.01168132
0.011493317
0.011317039
0.01115087
0.010993361
0.010843225
0.010699332
0.010560686
0.010426418
0.01029577
0.01016808
0.010042772
0.0099193526
0.0097973941
0.0096765241
0.0095564305
0.0094368397
0.009317514
0.0091982555
0.0090788793
0.0089592327
0.008839173
0.0087185648
0.0085973205
0.0084753301
0.0083525011
0.0082287531
0.0081040025
0.0079782095
0.0078512814
0.0077231558
0.0075937623
0.0074630415
0.0073309374
0.0071973848
0.0070623606
0.0069257833
0.0067876115
0.0066477789
0.006506242
0.0063629365
0.006217816
0.0060708241
0.0059219172
0.0057710442
0.0056181615
0.0054632249
0.0053061934
0.0051470317
0.0049856998
0.0048221774
0.0046564323
0.0044884672
0.0043182598
0.0041458471
0.0039712205
0.0037944597
0.0036156022
0.0034347744
0.0032521206
0.0030678493
0.0028822296
0.0026958204
0.0025089182
0.0023228603
0.0021369725
0.001956261
0.0017747289
0.0016155657
0.001437151
0.0013571989
0.0011305347
0.0017882484
-0.001365313
0.021820421
0.021528876
0.021209052
0.02085147
0.020454309
0.020022721
0.019562502
0.019079085
0.018578568
0.018067714
0.017553333
0.017041846
0.016539077
0.016050106
0.015579142
0.015129461
0.014703411
0.014302454
0.013927248
0.013577746
0.013253305
0.012952818
0.012674827
0.012417637
0.012179424
0.011958314
0.011752454
0.011560062
0.011379467
0.011209124
0.011047633
0.010893734
0.010746311
0.010604376
0.010467055
0.010333583
0.010203289
0.010075586
0.0099499649
0.0098259853
0.0097032618
0.0095814667
0.0094603138
0.0093395534
0.009218974
0.0090983823
0.0089776137
0.0088565184
0.008734955
0.0086128234
0.0084900106
0.0083664176
0.0082419586
0.0081165467
0.0079901316
0.0078626227
0.0077339518
0.0076040471
0.0074728456
0.007340289
0.0072063108
0.0070708811
0.0069339215
0.0067953858
0.0066552085
0.0065133428
0.006369725
0.0062243063
0.0060770301
0.0059278509
0.0057767172
0.0056235841
0.0054684068
0.0053111432
0.0051517569
0.004990208
0.0048264744
0.004660524
0.0044923576
0.0043219535
0.0041493468
0.0039745316
0.0037975876
0.0036185608
0.0034375721
0.0032547718
0.0030703619
0.0028846181
0.0026979966
0.0025108348
0.0023246002
0.0021388435
0.0019584345
0.0017772403
0.0016176012
0.0014389513
0.0013572932
0.0011275184
0.0017659969
-0.0013134305
0.021514846
0.021240678
0.020940677
0.020606356
0.020235888
0.019833529
0.019404103
0.01895215
0.018482862
0.018002123
0.017515977
0.017030245
0.016550331
0.016081059
0.015626546
0.015190115
0.014774267
0.014380708
0.014010392
0.013663602
0.013340041
0.013038938
0.012759152
0.01249928
0.01225775
0.012032904
0.011823066
0.011626595
0.011441928
0.011267601
0.01110227
0.010944714
0.010793837
0.010648662
0.010508318
0.010372038
0.010239145
0.010109041
0.0099812078
0.0098551918
0.0097305958
0.0096070784
0.0094843415
0.0093621237
0.0092402013
0.0091183717
0.0089964599
0.0088743082
0.0087517692
0.0086287315
0.0085050781
0.0083807038
0.0082555174
0.0081294283
0.008002377
0.0078742733
0.0077450441
0.0076146158
0.0074829221
0.0073499018
0.0072154875
0.0070796427
0.0069422914
0.0068033831
0.0066628529
0.0065206507
0.0063767134
0.0062309897
0.0060834229
0.0059339656
0.0057825659
0.0056291776
0.0054737552
0.0053162557
0.0051566418
0.0049948732
0.0048309263
0.0046647691
0.0044964003
0.0043257989
0.0041529969
0.0039779903
0.0038008559
0.0036216422
0.0034404709
0.0032574974
0.0030729229
0.0028870183
0.002700242
0.0025129293
0.0023263998
0.0021403262
0.0019596598
0.0017786019
0.0016187296
0.0014400879
0.0013567577
0.0011233706
0.0017406814
-0.0012567449
0.021219913
0.020961884
0.020680221
0.020367334
0.02002142
0.019645991
0.019245055
0.018822391
0.018382401
0.017930175
0.017471046
0.017010253
0.016552761
0.016103108
0.015665265
0.015242541
0.014837532
0.014452126
0.014087522
0.013744288
0.013422434
0.013121497
0.012840639
0.012578731
0.01233445
0.012106352
0.011892941
0.011692725
0.011504256
0.011326159
0.011157153
0.010996063
0.010841824
0.010693473
0.01055015
0.010411089
0.010275609
0.010143108
0.010013058
0.0098849951
0.0097585122
0.0096332554
0.0095089155
0.0093852203
0.0092619343
0.0091388462
0.0090157711
0.0088925432
0.0087690092
0.008645047
0.0085205353
0.0083953628
0.0082694328
0.008142651
0.0080149491
0.0078862367
0.0077564364
0.0076254721
0.0074932743
0.0073597792
0.007224918
0.0070886482
0.0069508956
0.006811606
0.0066707142
0.0065281677
0.006383903
0.0062378673
0.0060900031
0.0059402614
0.0057885899
0.005634941
0.0054792686
0.0053215287
0.0051616832
0.0049996913
0.0048355282
0.0046691618
0.0045005887
0.0043297888
0.0041567905
0.003981592
0.0038042658
0.0036248616
0.0034434995
0.0032603342
0.0030755698
0.0028894793
0.0027025195
0.0025150168
0.0023282759
0.0021419683
0.0019608429
0.0017793937
0.0016188018
0.0014400698
0.0013553151
0.0011177968
0.0017126984
-0.0011953854
0.020934991
0.020691965
0.020427292
0.020134183
0.019810884
0.019460285
0.019085711
0.018690296
0.018277755
0.01785247
0.017419119
0.016982384
0.016546792
0.016116568
0.015695499
0.015286828
0.014893194
0.01451661
0.01415847
0.013819583
0.013500229
0.013200226
0.01291901
0.012655716
0.012409261
0.012178413
0.011961858
0.011758254
0.011566276
0.011384643
0.011212149
0.01104767
0.010890177
0.010738731
0.010592485
0.010450681
0.010312638
0.010177751
0.010045487
0.009915373
0.0097869935
0.0096599844
0.0095340258
0.0094088357
0.0092841682
0.0091598029
0.0090355458
0.0089112231
0.0087866756
0.0086617715
0.0085363842
0.0084103971
0.0082837077
0.0081562178
0.0080278513
0.0078985166
0.0077681321
0.0076366194
0.0075039058
0.0073699246
0.0072346056
0.007097901
0.0069597373
0.0068200571
0.0066787951
0.0065358959
0.0063912961
0.0062449408
0.0060967722
0.0059467395
0.0057947898
0.0056408744
0.0054849464
0.0053269611
0.0051668793
0.00500466
0.0048402768
0.004673698
0.0045049179
0.0043339171
0.0041607209
0.0039853291
0.0038078102
0.0036282149
0.0034466601
0.0032632985
0.0030783338
0.0028920371
0.002704864
0.0025171455
0.0023301606
0.0021436052
0.001962107
0.0017802755
0.0016186794
0.0014392352
0.0013527264
0.0011101701
0.0016816116
-0.0011290872
0.020659493
0.020430429
0.020181517
0.019906683
0.019604236
0.019276549
0.018926375
0.018556301
0.018169449
0.017769573
0.017360755
0.016947152
0.01653286
0.016121779
0.015717481
0.015323104
0.014941279
0.014574098
0.014223103
0.013889299
0.013573198
0.013274868
0.012993997
0.012729968
0.012481925
0.012248843
0.01202959
0.011822976
0.011627803
0.011442894
0.011267119
0.011099414
0.010938794
0.010784349
0.010635252
0.010490754
0.010350182
0.01021293
0.010078461
0.0099462986
0.0098160187
0.0096872486
0.0095596595
0.0094329604
0.0093068957
0.0091812366
0.0090557805
0.0089303461
0.0088047678
0.0086789051
0.008552626
0.0084258084
0.0082983444
0.0081701315
0.0080410864
0.0079111159
0.0077801345
0.0076480611
0.0075148199
0.0073803414
0.0072445538
0.0071074041
0.0069688196
0.0068287397
0.0066870984
0.0065438382
0.0063988952
0.0062522126
0.0061037321
0.0059534014
0.0058011669
0.0056469788
0.0054907893
0.0053325529
0.0051722296
0.005009778
0.0048451704
0.0046783751
0.0045093844
0.0043381795
0.0041647828
0.0039891955
0.003811482
0.0036316941
0.0034499454
0.0032663862
0.0030812185
0.0028947091
0.002707309
0.0025193507
0.0023320886
0.0021452536
0.0019633339
0.0017811423
0.0016186249
0.0014383383
0.0013496417
0.0011032996
0.0016427537
-0.0010570958
0.020392875
0.02017682
0.019942546
0.019684619
0.01940142
0.019094891
0.018767306
0.018420792
0.01805796
0.017682011
0.017296487
0.01690506
0.016511406
0.016119098
0.015731472
0.015351528
0.01498185
0.014624567
0.01428132
0.013953275
0.013641134
0.013345186
0.013065346
0.012801225
0.012552183
0.012317395
0.012095905
0.011886679
0.011688647
0.01150074
0.011321912
0.011151165
0.010987563
0.010830231
0.010678368
0.010531241
0.010388184
0.010248597
0.010111943
0.0099777407
0.0098455621
0.0097150276
0.0095858005
0.0094575818
0.0093301072
0.0092031402
0.0090764703
0.0089499087
0.0088232837
0.0086964469
0.0085692606
0.0084415975
0.0083133441
0.0081843938
0.0080546567
0.0079240373
0.0077924464
0.0076598001
0.0075260197
0.0073910328
0.0072547657
0.007117161
0.0069781458
0.0068376568
0.0066956272
0.0065519975
0.0064067029
0.0062596853
0.0061108853
0.0059602494
0.0058077231
0.0056532556
0.0054967983
0.005338305
0.0051777345
0.0050150453
0.0048502083
0.0046831918
0.0045139863
0.0043425732
0.0041689725
0.0039931864
0.0038152758
0.0036352928
0.003453348
0.0032695892
0.0030842163
0.0028974916
0.0027098597
0.0025216516
0.0023340928
0.0021469467
0.0019645653
0.001781973
0.0016184677
0.0014376274
0.0013462097
0.0011010156
0.0015939716
-0.00098050711
0.020134634
0.019930709
0.019710045
0.019467778
0.019202364
0.018915389
0.018608726
0.018284113
0.017943723
0.017590274
0.017226825
0.016856596
0.016482871
0.016108894
0.015737755
0.01537229
0.015015007
0.014668027
0.014333058
0.014011381
0.013703859
0.013410965
0.01313282
0.012869239
0.012619786
0.012383824
0.012160571
0.011949146
0.01174861
0.011558003
0.01137637
0.011202785
0.011036364
0.010876275
0.010721747
0.010572066
0.010426582
0.0102847
0.010145888
0.010009663
0.0098755941
0.0097432972
0.0096124291
0.0094826842
0.0093537904
0.0092255043
0.0090976078
0.0089699056
0.0088422198
0.0087143946
0.0085862869
0.0084577641
0.0083287074
0.008199006
0.0080685639
0.0079372828
0.0078050701
0.0076718391
0.0075375081
0.0074020016
0.0072652444
0.0071271745
0.0069877188
0.0068468114
0.0067043846
0.0065603766
0.0064147221
0.0062673614
0.0061182343
0.0059672858
0.0058144606
0.0056597069
0.0055029754
0.0053442188
0.0051833951
0.0050204626
0.0048553908
0.0046881479
0.0045187226
0.0043470969
0.0041732879
0.003997299
0.0038191874
0.0036390059
0.0034568618
0.0032729005
0.0030873194
0.0029003762
0.0027125085
0.0025240452
0.00233618
0.0021487066
0.0019658329
0.0017827982
0.0016182305
0.001437148
0.0013423194
0.001102436
0.0015396929
-0.00090236085
0.019884299
0.019691696
0.019483699
0.019255952
0.01900699
0.0187381
0.018450821
0.018146566
0.017827132
0.017494817
0.017152247
0.016802235
0.016447693
0.016091545
0.015736632
0.015385609
0.015040877
0.014704524
0.014378283
0.014063519
0.013761219
0.013472013
0.013196197
0.012933773
0.012684489
0.012447889
0.012223356
0.012010158
0.011807489
0.0116145
0.011430329
0.011254126
0.011085067
0.010922368
0.01076529
0.010613147
0.010465304
0.01032118
0.010180246
0.010042023
0.00990608
0.0097720289
0.0096395222
0.0095082486
0.0093779301
0.0092483166
0.0091191837
0.0089903295
0.0088615706
0.0087327444
0.0086037022
0.0084743066
0.0083444336
0.0082139682
0.0080828085
0.0079508536
0.0078180073
0.0076841801
0.0075492872
0.0074132505
0.0072759925
0.0071374475
0.0069975416
0.0068562065
0.0067133734
0.0065689785
0.0064229558
0.0062752439
0.0061257818
0.0059745131
0.0058213818
0.005666335
0.0055093224
0.005350296
0.0051892131
0.0050260311
0.0048607188
0.0046932439
0.0045235936
0.0043517501
0.004177728
0.0040015315
0.0038232147
0.0036428303
0.0034604828
0.0032763149
0.0030905214
0.0029033555
0.0027152468
0.0025265226
0.0023383428
0.0021505313
0.0019671445
0.0017836416
0.001617953
0.0014365913
0.0013382358
0.0011047608
0.0014853905
-0.0008257843
0.019641433
0.019459404
0.019263208
0.019048939
0.018815209
0.018563059
0.018293749
0.018008417
0.017708543
0.017396057
0.017073206
0.016742432
0.016406301
0.016067435
0.01572842
0.015391723
0.01505962
0.014734133
0.014416997
0.014109622
0.013813091
0.013528161
0.013255276
0.012994603
0.01274606
0.012509354
0.012284028
0.012069495
0.011865077
0.011670039
0.011483615
0.011305034
0.011133536
0.01096839
0.010808894
0.010654393
0.010504274
0.010357969
0.010214961
0.010074775
0.0099369803
0.0098011896
0.0096670522
0.0095342527
0.0094025079
0.0092715624
0.009141186
0.009011171
0.0088813289
0.0087514907
0.0086215026
0.0084912223
0.0083605211
0.0082292795
0.0080973907
0.0079647502
0.0078312591
0.0076968244
0.0075613589
0.0074247814
0.0072870124
0.0071479825
0.0070076167
0.0068658447
0.0067225963
0.0065778059
0.0064314065
0.0062833354
0.0061335305
0.0059819341
0.0058284893
0.0056731422
0.0055158417
0.0053565389
0.0051951901
0.0050317525
0.0048661936
0.0046984809
0.0045285999
0.0043565331
0.0041822925
0.0040058833
0.0038273561
0.0036467639
0.003464208
0.0032798285
0.0030938175
0.0029064235
0.0027180677
0.0025290756
0.0023405718
0.0021524113
0.0019684921
0.0017845025
0.0016176409
0.0014358833
0.0013340267
0.0011068201
0.0014331083
-0.00075232594
0.019405624
0.019233481
0.019048289
0.018846542
0.018626928
0.018390286
0.018137639
0.0178699
0.017588274
0.017294379
0.016990126
0.016677621
0.016359116
0.016036944
0.015713446
0.015390892
0.015071417
0.014756962
0.01444923
0.014149655
0.013859382
0.013579266
0.013309878
0.013051526
0.012804277
0.012567992
0.012342362
0.012126937
0.011921166
0.011724426
0.011536049
0.011355347
0.011181627
0.011014212
0.010852446
0.010695707
0.010543406
0.010394996
0.010249971
0.010107864
0.00996825
0.0098307417
0.0096949877
0.0095606701
0.0094275021
0.0092952237
0.0091636
0.0090324183
0.0089014851
0.0087706261
0.0086396823
0.008508507
0.0083769668
0.0082449381
0.0081123091
0.0079789724
0.0078448256
0.0077097729
0.0075737244
0.0074365959
0.0072983058
0.0071587814
0.0070179464
0.0068757284
0.0067320558
0.0065868614
0.006440077
0.0062916385
0.0061414829
0.0059895512
0.0058357855
0.0056801309
0.0055225354
0.0053629495
0.0052013284
0.0050376287
0.0048718169
0.0047038603
0.0045337428
0.0043614467
0.004186982
0.0040103544
0.0038316113
0.0036508056
0.0034680358
0.003283439
0.0030972045
0.0029095759
0.0027209658
0.0025316976
0.0023428591
0.0021543373
0.0019698655
0.0017853707
0.0016172811
0.0014350945
0.0013296795
0.0011082576
0.0013820621
-0.00068148958
0.019176488
0.019013595
0.018838673
0.018648569
0.018442051
0.018219784
0.017982599
0.017731217
0.017466615
0.017190137
0.0169034
0.016608216
0.016306545
0.016000453
0.015692042
0.015383387
0.015076473
0.014773141
0.014475044
0.01418361
0.013900024
0.013625212
0.013359846
0.013104353
0.012858933
0.012623585
0.012398135
0.012182264
0.011975545
0.011777464
0.011587449
0.011404897
0.011229187
0.011059699
0.010895826
0.010736981
0.010582608
0.01043218
0.010285206
0.010141232
0.0099998388
0.0098606422
0.0097232923
0.0095874704
0.009452887
0.0093192793
0.0091864082
0.0090540569
0.0089220276
0.0087901411
0.0086582337
0.0085261547
0.0083937661
0.0082609405
0.0081275616
0.0079935185
0.007858706
0.0077230255
0.0075863839
0.0074486947
0.0073098739
0.0071698457
0.0070285323
0.0068858594
0.006741754
0.0065961471
0.0064489694
0.0063001555
0.0061496414
0.0059973667
0.0058432727
0.0056873035
0.005529406
0.00536953
0.0052076298
0.0050436616
0.0048775905
0.0047093837
0.0045390234
0.0043664921
0.0041917974
0.0040149453
0.0038359804
0.0036549553
0.0034719654
0.003287145
0.0031006801
0.0029128097
0.002723937
0.0025343834
0.0023451983
0.0021563014
0.0019712554
0.0017862353
0.0016168589
0.0014343034
0.0013250482
0.0011089926
0.0013315092
-0.00061250677
0.018953663
0.01879943
0.018634099
0.018454834
0.018260474
0.018051546
0.017828715
0.017592544
0.017343819
0.017083649
0.016813395
0.016534606
0.01624898
0.015958334
0.015664545
0.015369494
0.015075011
0.014782827
0.014494525
0.01421151
0.013934979
0.013665908
0.013405046
0.013152918
0.012909838
0.012675927
0.012451134
0.012235265
0.012028007
0.011828952
0.011637627
0.011453512
0.011276058
0.011104708
0.010938906
0.010778105
0.010621781
0.010469434
0.010320592
0.010174814
0.01003169
0.0098908431
0.0097519251
0.0096146186
0.0094786333
0.0093437043
0.0092095898
0.0090760695
0.008942942
0.0088100239
0.0086771473
0.0085441577
0.008410913
0.0082772821
0.0081431445
0.0080083861
0.0078728987
0.007736581
0.0075993372
0.007461078
0.0073217173
0.0071811764
0.0070393758
0.0068962393
0.0067516926
0.0066056648
0.0064580858
0.0063088885
0.0061580081
0.0060053829
0.0058509531
0.005694662
0.0055364555
0.0053762825
0.0052140965
0.005049853
0.0048835163
0.0047150528
0.0045444435
0.0043716706
0.0041967397
0.0040196569
0.003840464
0.003659213
0.0034759964
0.0032909455
0.003104243
0.0029161228
0.0027269784
0.0025371291
0.0023475844
0.0021582974
0.0019726539
0.0017870864
0.0016163635
0.0014335105
0.0013200404
0.0011088708
0.0012814856
-0.00054508834
0.018736816
0.018590695
0.018434329
0.01826516
0.0180821
0.017885554
0.017676056
0.017454037
0.017220118
0.01697521
0.016720453
0.01645716
0.016186798
0.015910952
0.01563129
0.015349504
0.015067269
0.014786196
0.014507787
0.014233403
0.013964237
0.013701291
0.013445369
0.013197075
0.012956818
0.012724824
0.012501157
0.012285731
0.012078344
0.011878692
0.011686394
0.011501013
0.011322078
0.011149091
0.010981551
0.010818957
0.010660819
0.010506665
0.010356046
0.010208538
0.010063743
0.0099212909
0.0097808402
0.0096420755
0.0095047075
0.0093684704
0.0092331208
0.0090984359
0.0089642114
0.0088302604
0.0086964114
0.0085625064
0.0084283998
0.0082939567
0.0081590529
0.0080235713
0.0078874009
0.0077504375
0.0076125829
0.0074737451
0.0073338359
0.0071927736
0.0070504774
0.006906869
0.0067618727
0.0066154161
0.0064674277
0.0063178393
0.0061665849
0.0060136016
0.0058588287
0.0057022084
0.0055436858
0.005383209
0.0052207303
0.0050562049
0.0048895959
0.0047208693
0.0045500045
0.0043769836
0.0042018101
0.0040244902
0.0038450628
0.0036635792
0.003480129
0.0032948404
0.0031078923
0.0029195139
0.002730088
0.0025399318
0.0023500136
0.0021603201
0.0019740548
0.0017879156
0.0016157851
0.0014326818
0.0013142526
0.0011078168
0.001232453
-0.00047913543
0.018525609
0.018387096
0.018239116
0.018079363
0.017906813
0.017721774
0.017524668
0.017315817
0.017095707
0.016865079
0.01662488
0.016376219
0.016120353
0.01585866
0.015592609
0.015323715
0.015053499
0.014783445
0.014514967
0.014249369
0.013987819
0.013731327
0.013480735
0.013236705
0.012999723
0.012770106
0.012548015
0.012333469
0.012126362
0.01192649
0.011733563
0.011547226
0.011367081
0.011192696
0.011023625
0.010859412
0.010699609
0.010543773
0.010391481
0.010242328
0.010095929
0.0099519276
0.0098099874
0.0096697981
0.0095310726
0.009393546
0.0092569744
0.0091211333
0.0089858166
0.0088508345
0.0087160126
0.0085811898
0.0084462171
0.0083109567
0.0081752809
0.0080390695
0.0079022089
0.0077645924
0.0076261192
0.0074866948
0.007346229
0.0072046374
0.0070618374
0.0069177492
0.0067722954
0.006625402
0.0064769965
0.0063270093
0.0061753734
0.0060220246
0.0058669013
0.0057099447
0.005551099
0.0053903113
0.0052275332
0.0050627191
0.0048958311
0.0047268348
0.004555708
0.0043824326
0.00420701
0.0040294463
0.0038497777
0.0036680545
0.0034843636
0.0032988297
0.0031116278
0.0029229821
0.0027332643
0.0025427894
0.0023524828
0.0021623655
0.0019754526
0.001788716
0.0016151136
0.0014317862
0.001307614
0.0011057035
0.0011845702
-0.00041454003
0.017764075
0.018713173
0.020126668
0.02188033
0.024104564
0.027000974
0.030465889
0.035616842
0.041785648
0.057220125
0.017764017
0.018713022
0.020126369
0.021879643
0.024102929
0.026996373
0.030455259
0.035557038
0.041710298
0.055058954
0.017763905
0.018712752
0.020125823
0.021878384
0.024099869
0.026988144
0.030435222
0.035466702
0.041494733
0.052604598
0.017763727
0.018712328
0.020124961
0.021876397
0.024095036
0.026975259
0.030403261
0.035337886
0.041112937
0.050375736
0.017763476
0.018711732
0.020123752
0.021873609
0.02408827
0.026957327
0.030357407
0.035172712
0.040622342
0.048388733
0.017763147
0.018710949
0.020122165
0.021869954
0.024079418
0.026934013
0.030297293
0.03497428
0.040051331
0.046587317
0.017762731
0.018709963
0.020120164
0.021865352
0.02406831
0.026904953
0.030223164
0.034743655
0.039425395
0.044931614
0.017762221
0.018708754
0.020117712
0.021859721
0.024054766
0.026869793
0.030134845
0.034482178
0.038773496
0.043376116
0.017761609
0.018707302
0.020114768
0.021852971
0.024038602
0.026828197
0.030032164
0.03419229
0.038103243
0.0419084
0.017760884
0.018705586
0.020111289
0.021845011
0.024019631
0.02677985
0.029915052
0.033876511
0.037418448
0.040525036
0.017760036
0.018703582
0.02010723
0.021835744
0.02399766
0.026724459
0.029783531
0.033537282
0.03672374
0.039222702
0.017759056
0.018701265
0.02010254
0.021825067
0.023972497
0.026661753
0.029637706
0.033177031
0.036023702
0.037997655
0.01775793
0.018698609
0.020097169
0.021812875
0.023943945
0.026591492
0.029477764
0.03279818
0.035322422
0.036845948
0.017756648
0.018695586
0.020091062
0.021799057
0.02391181
0.026513464
0.029303979
0.032403122
0.034623513
0.035763492
0.017755195
0.018692166
0.020084161
0.021783501
0.023875896
0.02642749
0.029116706
0.031994204
0.033930152
0.034746117
0.017753557
0.018688317
0.020076404
0.021766088
0.023836012
0.026333427
0.028916377
0.031573701
0.033245108
0.033789642
0.017751719
0.018684005
0.020067729
0.021746696
0.023791967
0.026231167
0.028703499
0.031143803
0.032570757
0.032889946
0.017749664
0.018679194
0.020058066
0.021725203
0.023743581
0.026120644
0.028478652
0.030706603
0.031909102
0.032043024
0.017747376
0.018673846
0.020047345
0.021701481
0.023690675
0.026001827
0.028242477
0.030264084
0.031261799
0.031245037
0.017744834
0.018667921
0.020035492
0.021675402
0.023633082
0.025874732
0.027995674
0.029818106
0.030630183
0.030492344
0.017742019
0.018661376
0.02002243
0.021646835
0.023570646
0.025739414
0.027738997
0.029370407
0.030015288
0.029781528
0.017738909
0.018654166
0.020008077
0.021615649
0.023503219
0.025595971
0.027473241
0.028922587
0.029417878
0.029109409
0.017735482
0.018646244
0.019992349
0.021581713
0.023430671
0.025444542
0.027199238
0.028476114
0.028838475
0.028473046
0.017731712
0.018637559
0.019975159
0.021544896
0.023352885
0.02528531
0.026917845
0.028032317
0.028277381
0.027869734
0.017727574
0.018628059
0.019956417
0.021505067
0.023269761
0.025118497
0.02662994
0.027592387
0.027734711
0.027296999
0.01772304
0.018617689
0.019936031
0.0214621
0.023181218
0.024944365
0.026336412
0.027157382
0.027210415
0.02675258
0.017718079
0.018606391
0.019913903
0.02141587
0.023087195
0.024763212
0.02603815
0.026728226
0.026704305
0.026234417
0.017712661
0.018594105
0.019889937
0.021366258
0.022987652
0.024575372
0.025736035
0.026305719
0.02621608
0.025740632
0.017706752
0.018580767
0.019864032
0.021313147
0.022882571
0.024381212
0.025430938
0.025890535
0.025745342
0.025269517
0.017700315
0.018566313
0.019836086
0.021256428
0.02277196
0.024181127
0.025123702
0.025483239
0.025291625
0.02481951
0.017693313
0.018550675
0.019805996
0.021196
0.022655846
0.023975538
0.024815147
0.025084285
0.024854403
0.024389186
0.017685705
0.01853378
0.019773658
0.021131769
0.022534286
0.02376489
0.024506054
0.024694031
0.024433113
0.023977242
0.017677449
0.018515558
0.019738966
0.021063648
0.022407359
0.023549644
0.024197165
0.024312742
0.024027163
0.023582479
0.017668499
0.018495931
0.019701815
0.020991565
0.02227517
0.023330274
0.023889176
0.023940601
0.023635946
0.023203799
0.017658807
0.018474823
0.019662101
0.020915455
0.02213785
0.023107269
0.023582736
0.02357772
0.023258848
0.022840186
0.017648322
0.018452155
0.019619721
0.020835267
0.021995551
0.022881117
0.023278443
0.023224143
0.022895256
0.022490706
0.017636991
0.018427844
0.019574573
0.020750963
0.021848453
0.022652314
0.022976839
0.022879858
0.022544564
0.022154492
0.017624758
0.018401809
0.019526557
0.020662518
0.021696754
0.02242135
0.022678414
0.022544803
0.022206177
0.021830743
0.017611562
0.018373965
0.019475578
0.020569922
0.021540677
0.022188708
0.022383602
0.022218874
0.021879517
0.021518716
0.017597341
0.018344226
0.019421542
0.02047318
0.021380462
0.021954863
0.022092784
0.02190193
0.02156402
0.021217718
0.017582029
0.018312507
0.019364363
0.020372314
0.021216367
0.021720275
0.021806287
0.0215938
0.021259146
0.020927106
0.017565558
0.018278722
0.019303956
0.020267359
0.021048668
0.021485385
0.021524387
0.02129429
0.020964371
0.020646281
0.017547854
0.018242785
0.019240247
0.020158369
0.02087765
0.021250618
0.021247312
0.021003183
0.020679195
0.020374684
0.017528842
0.01820461
0.019173164
0.020045413
0.020703614
0.021016373
0.020975243
0.020720248
0.020403139
0.020111793
0.017508442
0.018164112
0.019102647
0.019928577
0.020526866
0.020783026
0.020708319
0.020445243
0.020135746
0.019857118
0.017486572
0.018121209
0.019028642
0.019807962
0.020347719
0.020550926
0.020446638
0.020177916
0.019876579
0.019610204
0.017463147
0.018075819
0.018951103
0.019683684
0.020166489
0.020320396
0.020190265
0.019918007
0.019625221
0.019370621
0.017438076
0.018027864
0.018869996
0.019555877
0.019983494
0.020091732
0.019939232
0.019665258
0.019381275
0.019137965
0.017411272
0.017977272
0.018785299
0.019424683
0.019799041
0.019865193
0.019693536
0.019419404
0.019144366
0.018911864
0.01738265
0.017923981
0.018696996
0.01929026
0.019613423
0.019640991
0.01945313
0.019180153
0.0189141
0.018691931
0.017350821
0.017865606
0.018601249
0.019147084
0.019419238
0.019410182
0.019208258
0.018937619
0.018680862
0.018468948
0.017311767
0.017795351
0.018487227
0.01897987
0.01919681
0.019150152
0.018935288
0.018668502
0.018422247
0.018221467
0.017261098
0.017706653
0.018344964
0.018775886
0.01893165
0.01884589
0.01861952
0.01835875
0.01812485
0.01793658
0.017194729
0.017594861
0.018168147
0.018528743
0.018618961
0.018494412
0.018259132
0.018007017
0.017787348
0.017612781
0.01710691
0.017454314
0.017949959
0.018232084
0.018254919
0.01809421
0.017853786
0.017613257
0.017409591
0.017249748
0.016989968
0.017278029
0.017683509
0.017880385
0.017837416
0.01764584
0.017405067
0.017178986
0.016992591
0.016847939
0.016834523
0.017057764
0.017361828
0.017469522
0.017366446
0.017151963
0.016916386
0.016707547
0.016539616
0.016410618
0.016629268
0.016784008
0.016979049
0.016998154
0.016844818
0.016617293
0.016392029
0.016201617
0.016051682
0.015937646
0.01636116
0.01644668
0.016531476
0.016468409
0.01627799
0.016048586
0.015839591
0.015670013
0.015538803
0.015439656
0.016016553
0.016036456
0.016018507
0.015886017
0.015672778
0.01544961
0.015257755
0.015106547
0.014991546
0.014905671
0.015583442
0.015546453
0.015442756
0.015259715
0.015040726
0.014836139
0.014668635
0.01453901
0.014440911
0.014367762
0.015054385
0.01497548
0.014810224
0.014595335
0.014376706
0.014186531
0.014035854
0.013921885
0.013837338
0.013775219
0.01443116
0.014328042
0.014132851
0.013917345
0.013725143
0.013568346
0.013445302
0.013351119
0.013280549
0.013228515
0.013727776
0.013616326
0.013407649
0.013186321
0.012998381
0.012852462
0.012742987
0.012662121
0.012602981
0.012560028
0.012971936
0.0128783
0.012712094
0.012549388
0.012417192
0.012312455
0.012229533
0.012165341
0.012117147
0.01208167
0.012195487
0.012086164
0.011894669
0.011712117
0.011576754
0.011481781
0.01141252
0.011361025
0.011323276
0.011296021
0.01149382
0.011493015
0.011438086
0.011360523
0.011283716
0.011215592
0.011159186
0.011115144
0.011081938
0.011057296
0.010699457
0.010515446
0.0103121
0.010167823
0.01007001
0.0099980223
0.0099443314
0.0099054152
0.0098776187
0.0098576927
0.01831119
0.018180125
0.018040328
0.017889731
0.017727373
0.017553476
0.017368369
0.017172284
0.016965586
0.016748866
0.016522898
0.016288608
0.016047056
0.015799427
0.015546999
0.015291111
0.015033128
0.014774406
0.014516254
0.014259906
0.014006492
0.013757014
0.01351233
0.013273146
0.013040013
0.012813324
0.012593328
0.012380138
0.012173747
0.011974041
0.011780822
0.01159382
0.011412711
0.011237132
0.011066694
0.010900994
0.010739625
0.010582181
0.010428266
0.010277499
0.010129514
0.0099839645
0.0098405268
0.0096988964
0.0095587904
0.0094199463
0.0092821208
0.0091450893
0.0090086441
0.0088725936
0.008736761
0.0086009824
0.0084651061
0.0083289912
0.0081925068
0.0080555299
0.0079179445
0.007779641
0.0076405164
0.0075004737
0.0073594205
0.0072172698
0.0070739373
0.0069293415
0.0067834033
0.0066360472
0.0064871995
0.0063367893
0.0061847483
0.0060310113
0.0058755156
0.0057182014
0.0055590118
0.0053978931
0.0052347961
0.0050696743
0.0049024888
0.0047332046
0.0045617982
0.0043882507
0.0042125618
0.0040347371
0.0038548102
0.0036728301
0.0034888806
0.0033030828
0.0031156076
0.0029266737
0.0027366404
0.0025458205
0.0023550929
0.0021645154
0.0019768991
0.0017895129
0.0016143057
0.0014307017
0.0013001743
0.0011020799
0.0011358941
-0.00034872673
0.018072895
0.01794978
0.01781869
0.0176778
0.017526215
0.017364081
0.017191639
0.017009039
0.016816534
0.016614573
0.016403764
0.01618485
0.015958698
0.015726295
0.015488723
0.015247135
0.015002726
0.014756703
0.014510256
0.014264528
0.014020587
0.013779409
0.013541854
0.013308655
0.013080412
0.012857592
0.012640524
0.012429415
0.012224354
0.012025328
0.011832232
0.011644887
0.011463056
0.01128645
0.011114751
0.010947614
0.010784684
0.010625597
0.010469994
0.010317522
0.01016784
0.01002062
0.0098755502
0.0097323373
0.0095907054
0.0094503965
0.0093111699
0.009172802
0.009035085
0.0088978262
0.0087608468
0.0086239806
0.0084870734
0.0083499814
0.0082125705
0.008074715
0.007936296
0.0077972013
0.0076573255
0.0075165686
0.007374836
0.0072320381
0.0070880886
0.0069429038
0.0067964033
0.0066485095
0.0064991475
0.0063482449
0.0061957321
0.0060415426
0.0058856124
0.0057278807
0.0055682894
0.005406784
0.0052433139
0.005077832
0.0049102981
0.0047406765
0.0045689419
0.0043950752
0.0042190734
0.0040409417
0.0038607105
0.0036784274
0.0034941726
0.003308063
0.003120264
0.002930988
0.0027405796
0.0025493487
0.002358119
0.0021669906
0.0019785354
0.0017903671
0.0016132478
0.0014291088
0.0012912285
0.0010959405
0.0010824849
-0.00027635609
0.017798143
0.017683737
0.017562162
0.017431838
0.01729195
0.01714257
0.016983859
0.016815889
0.016638813
0.01645294
0.01625872
0.016056715
0.015847601
0.01563216
0.01541127
0.015185884
0.014957009
0.014725682
0.014492948
0.014259833
0.01402732
0.013796329
0.013567698
0.013342168
0.013120374
0.012902837
0.012689964
0.012482048
0.012279278
0.01208174
0.011889435
0.011702284
0.011520143
0.011342816
0.011170061
0.011001609
0.010837165
0.010676422
0.010519068
0.010364787
0.010213271
0.010064216
0.0099173329
0.0097723423
0.0096289802
0.0094869969
0.0093461576
0.0092062418
0.0090670436
0.0089283706
0.0087900431
0.0086518936
0.0085137656
0.0083755128
0.0082369983
0.0080980935
0.0079586767
0.007818633
0.0076778541
0.0075362373
0.0073936853
0.0072501058
0.0071054098
0.0069595119
0.0068123294
0.0066637831
0.0065137961
0.0063622944
0.0062092071
0.0060544661
0.005898006
0.0057397645
0.0055796825
0.005417704
0.0052537772
0.0050878542
0.0049198931
0.0047498573
0.0045777198
0.0044034603
0.0042270733
0.0040485631
0.0038679565
0.0036852988
0.0035006659
0.0033141692
0.0031259676
0.0029362652
0.0027453885
0.0025536422
0.0023617845
0.0021699605
0.0019804592
0.0017912869
0.0016118121
0.0014265335
0.0012802519
0.0010857404
0.0010220463
-0.00019537514
0.017485222
0.01738013
0.01726871
0.017149619
0.017022126
0.016886243
0.016742057
0.016589574
0.016428858
0.016260097
0.016083592
0.015899738
0.015709025
0.015512039
0.015309452
0.015102013
0.014890529
0.014675854
0.014458864
0.014240444
0.014021462
0.013802754
0.013585106
0.013369238
0.013155792
0.012945324
0.012738297
0.012535081
0.012335952
0.012141096
0.011950616
0.011764538
0.011582821
0.011405367
0.011232027
0.011062615
0.010896913
0.010734682
0.010575666
0.010419603
0.010266223
0.010115262
0.0099664555
0.0098195497
0.0096742981
0.0095304647
0.0093878251
0.0092461662
0.0091052869
0.0089649976
0.00882512
0.0086854868
0.0085459404
0.0084063331
0.0082665258
0.0081263873
0.0079857935
0.0078446271
0.0077027768
0.0075601373
0.0074166085
0.0072720951
0.0071265059
0.0069797529
0.0068317513
0.0066824198
0.0065316797
0.0063794553
0.0062256737
0.0060702653
0.0059131631
0.0057543033
0.0055936252
0.0054310715
0.0052665889
0.0051001281
0.0049316457
0.0047611038
0.0045884733
0.0044137323
0.0042368728
0.0040578971
0.0038768282
0.0036937082
0.0035086075
0.0033216311
0.0031329288
0.0029426948
0.002751233
0.0025588398
0.0023661961
0.0021734903
0.0019826883
0.0017922142
0.0016098594
0.0014227124
0.0012668955
0.0010701239
0.0009542052
-0.00010804567
0.017133673
0.017038343
0.016937523
0.016830098
0.016715427
0.016593474
0.016464268
0.016327762
0.016183948
0.016032911
0.015874827
0.015709941
0.01553858
0.015361146
0.015178118
0.014990046
0.01479754
0.01460126
0.014401903
0.01420019
0.013996851
0.013792608
0.013588162
0.013384177
0.013181269
0.012979998
0.012780854
0.012584258
0.012390556
0.012200016
0.012012836
0.011829143
0.011648997
0.011472403
0.011299312
0.011129631
0.010963229
0.010799946
0.010639599
0.010481987
0.010326896
0.010174108
0.0100234
0.0098745496
0.009727337
0.0095815485
0.0094369766
0.0092934216
0.0091506921
0.0090086057
0.0088669891
0.0087256777
0.0085845156
0.0084433554
0.0083020572
0.0081604887
0.0080185244
0.0078760447
0.0077329364
0.0075890917
0.0074444079
0.0072987872
0.0071521358
0.0070043633
0.006855383
0.0067051113
0.0065534675
0.0064003741
0.0062457563
0.0060895427
0.0059316645
0.0057720563
0.0056106556
0.0054474037
0.0052822454
0.00511513
0.0049460122
0.0047748523
0.0046016189
0.0044262883
0.0042488491
0.0040693011
0.0038876628
0.0037039718
0.0035182921
0.0033307202
0.0031413949
0.0029504969
0.0027583031
0.0025650956
0.0023714676
0.0021776404
0.0019852247
0.0017930528
0.0016072033
0.0014174119
0.0012506271
0.001047889
0.00088013425
-1.9291763e-05
0.01674354
0.016658143
0.016568083
0.016472429
0.016370637
0.016262646
0.016148439
0.016027932
0.015901064
0.015767845
0.015628345
0.015482693
0.015331072
0.015173731
0.015010977
0.01484318
0.014670763
0.014494199
0.014314005
0.01413073
0.013944947
0.013757239
0.013568195
0.013378387
0.013188372
0.012998671
0.012809768
0.012622098
0.012436044
0.012251932
0.012070031
0.011890551
0.011713646
0.011539414
0.011367905
0.011199123
0.01103303
0.010869554
0.010708593
0.010550021
0.010393692
0.010239446
0.010087112
0.0099365132
0.0097874671
0.0096397919
0.0094933064
0.0093478324
0.0092031955
0.009059227
0.0089157637
0.0087726487
0.0086297315
0.0084868684
0.0083439219
0.0082007606
0.0080572592
0.0079132978
0.0077687622
0.0076235432
0.0074775364
0.0073306419
0.007182764
0.0070338103
0.0068836922
0.006732324
0.0065796234
0.0064255108
0.0062699099
0.0061127472
0.0059539523
0.0057934578
0.0056311997
0.0054671173
0.0053011537
0.0051332563
0.0049633777
0.0047914763
0.0046175178
0.0044414761
0.0042633359
0.0040830937
0.0039007626
0.0037163743
0.0035299848
0.00334168
0.0031515846
0.0029598621
0.0027667567
0.0025725279
0.002377671
0.00218242
0.001988011
0.0017936266
0.0016035929
0.0014100727
0.001230911
0.0010186953
0.0008024411
6.3613991e-05
0.016318007
0.016242479
0.016163055
0.01607899
0.015989819
0.015895462
0.015795874
0.015690952
0.015580602
0.015464779
0.015343482
0.015216746
0.01508465
0.014947316
0.014804913
0.014657658
0.014505813
0.014349685
0.014189619
0.014025998
0.013859235
0.013689765
0.013518041
0.013344522
0.013169666
0.012993925
0.012817733
0.0126415
0.012465607
0.012290399
0.012116181
0.011943218
0.01177173
0.011601892
0.011433839
0.011267661
0.011103411
0.010941104
0.010780725
0.01062223
0.010465548
0.010310589
0.010157246
0.010005399
0.0098549157
0.0097056574
0.0095574807
0.0094102391
0.0092637853
0.0091179725
0.0089726559
0.0088276932
0.0086829457
0.0085382785
0.008393561
0.0082486671
0.008103475
0.0079578674
0.0078117315
0.0076649588
0.0075174449
0.0073690895
0.007219796
0.0070694712
0.0069180252
0.0067653713
0.0066114256
0.0064561073
0.0062993385
0.0061410444
0.0059811527
0.0058195946
0.0056563042
0.005491219
0.0053242803
0.0051554335
0.0049846287
0.0048118221
0.0046369761
0.0044600615
0.0042810587
0.0040999597
0.0039167709
0.0037315167
0.0035442429
0.0033550222
0.0031639612
0.0029712015
0.002776948
0.0025814261
0.0023850244
0.0021879577
0.0019910831
0.0017938277
0.0015988195
0.0014002176
0.0012072376
0.00098345971
0.0007256419
0.00013290738
0.015856339
0.015790364
0.015721178
0.01564817
0.015570979
0.015489528
0.015403755
0.015313546
0.015218793
0.01511942
0.015015379
0.014906645
0.01479322
0.014675138
0.014552463
0.014425296
0.014293769
0.014158052
0.014018347
0.013874887
0.013727938
0.013577791
0.013424759
0.013269172
0.013111376
0.012951721
0.012790559
0.012628238
0.012465095
0.012301451
0.012137609
0.011973846
0.011810413
0.011647528
0.011485382
0.011324131
0.011163898
0.011004776
0.010846828
0.010690088
0.010534563
0.010380238
0.010227074
0.010075018
0.0099239963
0.0097739261
0.0096247123
0.0094762516
0.0093284345
0.0091811471
0.0090342727
0.0088876927
0.0087412886
0.0085949421
0.0084485364
0.0083019563
0.0081550892
0.0080078248
0.007860056
0.0077116783
0.0075625905
0.0074126946
0.0072618953
0.0071101004
0.0069572205
0.006803169
0.0066478619
0.0064912181
0.0063331588
0.0061736084
0.0060124937
0.0058497444
0.0056852933
0.0055190762
0.0053510327
0.0051811059
0.0050092437
0.0048353993
0.0046595319
0.0044816081
0.0043016035
0.0041195038
0.0039353082
0.0037490311
0.0035607059
0.0033703885
0.0031781633
0.0029841432
0.0027884868
0.0025913712
0.0023930693
0.0021937372
0.0019938611
0.0017929704
0.0015921526
0.0013869753
0.0011793188
0.00094267763
0.00065392247
0.00018223831
0.015369211
0.015312169
0.015252527
0.015189818
0.015123733
0.01505419
0.014981125
0.014904431
0.014823998
0.014739736
0.014651571
0.014559444
0.014463313
0.01436315
0.014258953
0.01415074
0.014038551
0.013922453
0.013802538
0.01367892
0.013551742
0.013421169
0.013287387
0.013150604
0.013011047
0.012868955
0.01272458
0.01257818
0.012430019
0.01228036
0.012129459
0.011977568
0.011824925
0.011671752
0.011518257
0.011364626
0.011211024
0.011057592
0.010904451
0.010751695
0.010599398
0.010447611
0.010296363
0.010145664
0.0099955066
0.0098458669
0.0096967061
0.0095479733
0.0093996068
0.0092515356
0.0091036816
0.0089559607
0.0088082844
0.0086605607
0.0085126953
0.0083645929
0.0082161571
0.0080672921
0.0079179024
0.0077678935
0.0076171725
0.0074656479
0.0073132302
0.0071598315
0.007005366
0.0068497501
0.0066929019
0.0065347419
0.0063751926
0.0062141788
0.0060516277
0.0058874688
0.0057216342
0.0055540589
0.0053846809
0.0052134419
0.0050402872
0.004865167
0.004688037
0.0045088591
0.0043276031
0.0041442475
0.0039587821
0.0037712093
0.003581547
0.0033898308
0.0031961171
0.0030004828
0.0028030324
0.0026038782
0.0024031694
0.0022009607
0.0019973868
0.0017919303
0.0015843876
0.0013711776
0.0011488457
0.00089988307
0.00059147681
0.00021039158
0.014845172
0.014796453
0.014745605
0.014692268
0.014636232
0.014577433
0.0145158
0.014451235
0.014383634
0.01431291
0.01423898
0.014161769
0.014081212
0.013997252
0.013909845
0.013818959
0.013724577
0.013626697
0.013525334
0.013420521
0.013312306
0.013200758
0.013085963
0.012968025
0.012847064
0.012723217
0.012596635
0.01246748
0.012335928
0.01220216
0.012066365
0.011928733
0.011789456
0.011648724
0.011506719
0.011363619
0.011219592
0.011074793
0.010929363
0.010783432
0.01063711
0.010490494
0.010343664
0.010196681
0.010049594
0.0099024323
0.0097552129
0.0096079381
0.0094605975
0.0093131689
0.0091656198
0.0090179087
0.0088699858
0.0087217947
0.0085732732
0.0084243543
0.0082749675
0.0081250392
0.007974494
0.0078232547
0.0076712434
0.0075183818
0.0073645915
0.0072097944
0.0070539131
0.0068968707
0.0067385916
0.0065790011
0.0064180258
0.0062555938
0.0060916345
0.0059260793
0.0057588613
0.0055899159
0.0054191807
0.0052465963
0.0050721064
0.0048956583
0.0047172038
0.0045366997
0.004354109
0.0041694019
0.0039825566
0.0037935612
0.0036024144
0.0034091267
0.0032137211
0.0030162303
0.0028166956
0.0026151495
0.0024116099
0.0022059937
0.001998115
0.0017872979
0.001572369
0.0013502741
0.00111446
0.00085620398
0.00053768416
0.00021812512
0.014316303
0.014274876
0.014231757
0.014186688
0.014139477
0.014090059
0.014038378
0.013984349
0.013927884
0.013868898
0.013807313
0.013743052
0.013676043
0.013606216
0.013533509
0.013457865
0.013379236
0.013297582
0.013212871
0.013125083
0.013034208
0.012940248
0.012843218
0.012743144
0.012640068
0.01253404
0.012425128
0.012313409
0.012198972
0.012081917
0.011962354
0.011840401
0.011716183
0.011589829
0.011461474
0.011331251
0.011199297
0.011065744
0.01093072
0.010794351
0.010656754
0.010518037
0.0103783
0.010237633
0.010096116
0.0099538152
0.0098107878
0.0096670783
0.0095227206
0.0093777369
0.0092321393
0.0090859298
0.0089391008
0.0087916365
0.0086435131
0.0084946997
0.0083451595
0.0081948498
0.0080437237
0.00789173
0.0077388144
0.0075849197
0.0074299865
0.0072739535
0.0071167582
0.0069583369
0.0067986254
0.006637559
0.0064750727
0.006311102
0.0061455821
0.0059784494
0.0058096405
0.0056390935
0.0054667476
0.0052925438
0.005116425
0.0049383366
0.0047582269
0.0045760475
0.0043917542
0.0042053075
0.0040166727
0.0038258208
0.0036327285
0.0034373769
0.0032397499
0.0030398291
0.0028375856
0.0026329607
0.0024258391
0.0022159824
0.0020029331
0.0017858232
0.0015628934
0.0013315217
0.0010842334
0.00081905337
0.00049798227
0.00021572984
0.013731915
0.013697258
0.013661206
0.013623566
0.013584232
0.013543157
0.013500283
0.013455538
0.013408847
0.013360139
0.013309342
0.013256386
0.0132012
0.013143715
0.013083864
0.013021583
0.012956811
0.01288949
0.012819566
0.012746992
0.012671724
0.012593728
0.012512974
0.01242944
0.012343113
0.012253987
0.012162068
0.012067367
0.011969907
0.011869719
0.011766844
0.011661329
0.011553233
0.01144262
0.01132956
0.011214133
0.01109642
0.010976507
0.010854484
0.010730441
0.01060447
0.01047666
0.0103471
0.010215874
0.010083065
0.0099487469
0.0098129906
0.0096758605
0.0095374145
0.009397703
0.0092567683
0.0091146452
0.0089713605
0.0088269335
0.008681376
0.0085346927
0.0083868818
0.008237935
0.0080878381
0.0079365718
0.0077841117
0.007630429
0.0074754907
0.0073192602
0.0071616976
0.0070027598
0.0068424014
0.0066805744
0.0065172288
0.0063523131
0.0061857742
0.0060175578
0.0058476088
0.0056758718
0.005502291
0.0053268105
0.0051493749
0.0049699289
0.0047884184
0.0046047903
0.0044189929
0.0042309762
0.0040406912
0.0038480898
0.0036531232
0.0034557398
0.0032558804
0.0030534708
0.0028484083
0.0026405407
0.0024296288
0.0022152898
0.0019968716
0.0017733728
0.0015428391
0.0013031501
0.0010473733
0.00077792805
0.0004601681
0.00020111294
0.013192193
0.013163027
0.013132754
0.013101254
0.01306841
0.013034171
0.012998494
0.012961323
0.012922596
0.012882252
0.012840233
0.012796475
0.012750916
0.012703493
0.012654142
0.0126028
0.012549406
0.012493897
0.012436213
0.012376296
0.012314089
0.012249537
0.012182592
0.012113204
0.01204133
0.011966933
0.011889977
0.011810434
0.01172828
0.011643499
0.011556079
0.011466015
0.011373309
0.01127797
0.011180011
0.011079454
0.010976325
0.010870657
0.010762488
0.010651859
0.010538817
0.010423412
0.010305696
0.010185724
0.01006355
0.0099392316
0.0098128272
0.0096843948
0.0095539907
0.0094216695
0.0092874842
0.009151484
0.0090137135
0.0088742131
0.0087330186
0.0085901613
0.0084456673
0.0082995578
0.0081518489
0.0080025514
0.0078516711
0.0076992085
0.0075451591
0.0073895133
0.007232257
0.0070733718
0.0069128352
0.0067506206
0.0065866979
0.0064210333
0.0062535894
0.0060843258
0.0059131993
0.0057401646
0.0055651747
0.0053881809
0.0052091321
0.0050279757
0.0048446574
0.0046591216
0.0044713106
0.004281165
0.0040886223
0.0038936154
0.0036960709
0.0034959043
0.0032930145
0.0030872741
0.002878514
0.002666502
0.0024509044
0.0022312406
0.0020067662
0.0017764729
0.0015385274
0.0012914257
0.001029379
0.0007574595
0.00044397939
0.00019574598
0.012530341
0.012506707
0.01248216
0.01245659
0.012429956
0.012402228
0.012373362
0.012343309
0.012312019
0.012279441
0.012245526
0.012210219
0.012173466
0.012135213
0.012095403
0.012053979
0.012010882
0.011966053
0.011919435
0.011870967
0.011820591
0.01176825
0.011713885
0.011657438
0.011598852
0.011538074
0.011475048
0.011409725
0.011342056
0.011271994
0.011199497
0.011124525
0.011047041
0.010967015
0.010884418
0.010799226
0.01071142
0.010620986
0.010527914
0.010432197
0.010333835
0.010232832
0.010129194
0.010022944
0.0099140739
0.0098025341
0.0096883865
0.0095717114
0.0094525413
0.0093308951
0.0092068017
0.0090802972
0.0089514194
0.0088202055
0.0086866936
0.0085509218
0.0084129287
0.0082727525
0.0081304306
0.0079859988
0.0078394906
0.0076909359
0.0075403596
0.0073877804
0.007233212
0.0070766625
0.0069181352
0.0067576283
0.0065951348
0.0064306424
0.0062641334
0.0060955851
0.005924971
0.0057522603
0.0055774177
0.0054004025
0.0052211693
0.0050396692
0.0048558492
0.0046696518
0.0044810144
0.0042898687
0.0040961396
0.0038997426
0.003700581
0.0034985417
0.003293488
0.00308525
0.0028736073
0.0026582732
0.0024388674
0.0022148834
0.0019855952
0.0017501144
0.001506922
0.0012551221
0.00099021097
0.00071867122
0.00041333331
0.00017777096
0.01205692
0.012037016
0.012016386
0.011994973
0.011972689
0.011949493
0.011925359
0.01190025
0.011874124
0.011846938
0.011818649
0.011789212
0.011758581
0.011726709
0.011693546
0.011659043
0.011623147
0.011585807
0.011546968
0.011506574
0.011464571
0.0114209
0.011375505
0.011328329
0.011279312
0.011228394
0.011175517
0.01112062
0.011063645
0.011004532
0.010943224
0.010879662
0.010813791
0.010745555
0.010674899
0.010601772
0.010526123
0.010447902
0.010367063
0.010283559
0.010197345
0.01010838
0.010016619
0.009922023
0.0098245434
0.0097241182
0.0096207034
0.0095143151
0.0094050737
0.0092931003
0.0091783983
0.0090609428
0.0089407378
0.008817805
0.0086921674
0.0085638474
0.0084328705
0.0082992656
0.0081630639
0.0080242969
0.0078829949
0.0077391848
0.0075928914
0.0074441399
0.007292955
0.0071393595
0.0069833735
0.0068250131
0.0066642883
0.0065012036
0.0063357558
0.006167928
0.0059977002
0.0058250644
0.0056500106
0.0054725115
0.0052925301
0.0051100246
0.0049249486
0.0047372484
0.0045468629
0.0043537218
0.0041577448
0.0039588389
0.0037568954
0.0035517853
0.0033433535
0.0031314102
0.0029157199
0.0026959881
0.0024718399
0.0022428053
0.0020082545
0.0017674861
0.0015193074
0.0012633128
0.00099564579
0.00072324168
0.00041864675
0.00018214135
0.01127729
0.011262414
0.011246931
0.011230781
0.011213951
0.011196423
0.011178167
0.011159146
0.011139328
0.011118677
0.01109716
0.011074737
0.01105137
0.011027019
0.011001642
0.010975194
0.010947632
0.010918908
0.010888974
0.010857781
0.010825275
0.010791404
0.010756113
0.010719344
0.01068104
0.010641141
0.010599587
0.010556314
0.010511259
0.010464356
0.010415538
0.010364738
0.010311885
0.010256911
0.010199741
0.010140305
0.010078528
0.010014335
0.0099476496
0.0098783936
0.0098064878
0.0097318503
0.0096543989
0.0095740382
0.0094906961
0.0094043326
0.0093148115
0.0092219885
0.0091258191
0.0090263331
0.008923542
0.008817444
0.0087080501
0.0085953859
0.0084794898
0.0083604172
0.0082382403
0.0081130501
0.007984954
0.0078540989
0.0077206432
0.0075846312
0.0074460254
0.0073048036
0.0071609591
0.0070144765
0.0068653556
0.0067136083
0.0065592312
0.0064022093
0.006242525
0.0060801604
0.0059150947
0.0057473041
0.0055767599
0.0054034285
0.0052272712
0.0050482439
0.0048662969
0.0046813734
0.0044934087
0.0043023293
0.0041080508
0.0039104761
0.0037094928
0.0035049693
0.003296751
0.0030846542
0.0028684595
0.0026479038
0.0024226688
0.0021923806
0.001956569
0.0017147735
0.001466192
0.0012109122
0.00094608199
0.00067919052
0.00038682902
0.00016439222
0.011039969
0.011025952
0.011011451
0.01099643
0.010980802
0.010964531
0.010947602
0.010929991
0.010911666
0.010892594
0.010872743
0.010852079
0.010830567
0.010808169
0.010784847
0.010760562
0.010735271
0.010708931
0.010681498
0.010652924
0.010623162
0.01059216
0.010559867
0.010526228
0.010491188
0.01045469
0.010416674
0.010377081
0.010335848
0.01029291
0.010248204
0.010201662
0.010153217
0.010102799
0.010050339
0.0099957659
0.0099390095
0.0098799977
0.0098186595
0.0097549247
0.0096887242
0.0096199905
0.0095486585
0.0094746663
0.0093979555
0.0093184774
0.0092361893
0.0091510024
0.0090627439
0.0089712586
0.008876502
0.0087784617
0.0086771114
0.0085724209
0.0084643711
0.008352955
0.0082381758
0.008120047
0.0079985945
0.0078738637
0.007745914
0.0076147931
0.007480543
0.007343223
0.0072029083
0.0070597104
0.0069137311
0.0067649438
0.0066132859
0.0064587209
0.0063012265
0.0061407768
0.0059773398
0.0058108815
0.0056413669
0.0054687592
0.0052930178
0.005114098
0.0049319503
0.0047465198
0.004557745
0.0043655563
0.0041698751
0.0039706115
0.0037676622
0.0035609083
0.0033502119
0.0031354122
0.0029163211
0.0026927184
0.0024643423
0.0022308925
0.0019919876
0.0017472657
0.0014960027
0.0012383155
0.00097111555
0.00070150641
0.00040389733
0.00017392298
0.0098439738
0.009833085
0.0098217673
0.0098099711
0.0097976866
0.0097849012
0.0097715916
0.0097577324
0.0097432989
0.009728266
0.0097126073
0.0096962948
0.0096792996
0.0096615916
0.0096431394
0.0096239103
0.0096038704
0.0095829843
0.0095612155
0.0095385258
0.009514876
0.0094902253
0.0094645315
0.009437751
0.0094098392
0.0093807496
0.0093504348
0.0093188462
0.0092859336
0.0092516461
0.0092159317
0.0091787374
0.0091400095
0.0090996938
0.0090577355
0.0090140797
0.0089686715
0.0089214558
0.0088723786
0.0088213872
0.0087684305
0.0087134594
0.0086564274
0.0085972915
0.0085360128
0.0084725575
0.0084068991
0.0083390184
0.008268869
0.0081963575
0.0081213831
0.0080438513
0.007963667
0.0078807307
0.0077949381
0.0077061786
0.0076143366
0.0075192911
0.0074209187
0.0073190791
0.0072136398
0.007104577
0.0069919465
0.0068758091
0.0067562149
0.0066332444
0.0065069743
0.006377357
0.006244309
0.0061077723
0.0059677051
0.0058240629
0.005676797
0.0055258584
0.0053711994
0.0052127718
0.0050505267
0.0048844131
0.0047143786
0.0045403681
0.0043623237
0.0041801834
0.003993881
0.0038033448
0.0036084973
0.0034092541
0.0032055235
0.0029972059
0.0027841939
0.0025663733
0.0023436221
0.0021158224
0.0018828353
0.0016446094
0.0014008611
0.0011521933
0.00089650747
0.00064115191
0.00036446911
0.00015437105
)
;

boundaryField
{
    inlet
    {
        type            zeroGradient;
    }
    top
    {
        type            zeroGradient;
    }
    outlet
    {
        type            fixedValue;
        value           uniform 0;
    }
    slipsurface
    {
        type            slip;
    }
    bottom
    {
        type            zeroGradient;
    }
    frontandback
    {
        type            empty;
    }
}


// ************************************************************************* //
