/*--------------------------------*- C++ -*----------------------------------*\
| =========                 |                                                 |
| \\      /  F ield         | OpenFOAM: The Open Source CFD Toolbox           |
|  \\    /   O peration     | Version:  2206                                  |
|   \\  /    A nd           | Website:  www.openfoam.com                      |
|    \\/     M anipulation  |                                                 |
\*---------------------------------------------------------------------------*/
FoamFile
{
    version     2.0;
    format      ascii;
    arch        "LSB;label=32;scalar=64";
    class       volScalarField;
    location    "100";
    object      p;
}
// * * * * * * * * * * * * * * * * * * * * * * * * * * * * * * * * * * * * * //

dimensions      [0 2 -2 0 0 0 0];

internalField   nonuniform List<scalar> 
7480
(
0.059720864
0.048934465
0.033490664
0.02413747
0.018940437
0.015870836
0.013935423
0.012450345
0.011176972
0.010112107
0.0092568627
0.0085928738
0.0080944146
0.0077317824
0.0074773528
0.0073097964
0.007211074
0.0071649176
0.0071495298
0.0071684498
0.0072017734
0.007234135
0.0072653507
0.0072931232
0.0073154483
0.0073318931
0.0073433613
0.0073502694
0.0073516058
0.0073485964
0.0073427395
0.0073340642
0.0073232652
0.0073098449
0.0072920942
0.0072693726
0.0072398223
0.0072004916
0.0071494695
0.007085676
0.0070076589
0.0069138519
0.0068033532
0.0066747262
0.0065264332
0.0063576105
0.0061668923
0.005953282
0.005715855
0.0054534366
0.0051656657
0.0048528503
0.0045158125
0.0041572994
0.0037823743
0.0033987025
0.0030173468
0.0026521196
0.0023182628
0.0020300104
0.0017990351
0.0016338069
0.0015316639
0.0014902306
0.0015008216
0.0015438126
0.0016053664
0.0016723446
0.0017334248
0.0017806057
0.0018101407
0.0018182897
0.0018061348
0.0017787088
0.0017378869
0.0016864239
0.0016271434
0.0015623535
0.0014937967
0.0014227232
0.0013500183
0.0012762776
0.0012018691
0.0011270332
0.0010519606
0.00097680595
0.00090170701
0.00082683993
0.00075243357
0.0006787729
0.00060626416
0.00053544024
0.00046713221
0.00040224256
0.00034297418
0.00029003291
0.00025304512
0.00021957886
0.00042222625
-0.00048231076
0.056020203
0.047917755
0.035545706
0.026277226
0.0200612
0.016371622
0.014180513
0.012601879
0.011293421
0.01021195
0.0093453645
0.0086720698
0.0081652368
0.0077946816
0.007532668
0.0073582571
0.007253754
0.0072019382
0.0071886371
0.0072020771
0.0072276511
0.0072571518
0.0072859863
0.0073116494
0.0073321696
0.0073470774
0.0073572093
0.0073629167
0.0073633141
0.0073594256
0.007352672
0.0073432375
0.0073318156
0.0073178456
0.0072996255
0.0072765092
0.007246634
0.0072070565
0.0071558507
0.0070919204
0.007013798
0.0069199072
0.0068093371
0.006680642
0.006532281
0.0063633861
0.0061725866
0.0059588853
0.0057213561
0.0054588242
0.0051709286
0.004857976
0.0045207876
0.0041621086
0.0037869969
0.0034031112
0.0030215088
0.0026559985
0.0023218214
0.0020332211
0.0018018919
0.0016362975
0.0015339281
0.0014921995
0.001502424
0.0015452066
0.0016066184
0.0016734963
0.0017345083
0.0017816483
0.001811152
0.0018192733
0.001807095
0.001779641
0.001738789
0.0016872933
0.001627978
0.0015631524
0.0014945595
0.0014234503
0.0013507104
0.001276936
0.0012024951
0.0011276282
0.0010525261
0.00097734324
0.00090221751
0.00082732502
0.00075289454
0.00067921106
0.00060668078
0.0005358366
0.00046750968
0.00040260251
0.00034331861
0.00029036271
0.00025336701
0.00021993192
0.00042255327
-0.000482007
0.052239729
0.045582114
0.034762569
0.026029544
0.020317559
0.016887383
0.014680325
0.013004499
0.011616643
0.010480868
0.009575785
0.0088726893
0.0083416406
0.0079506748
0.0076712085
0.007482271
0.0073651903
0.0073019045
0.0072800461
0.0072814354
0.0072980498
0.0073202753
0.0073424572
0.0073623858
0.0073779381
0.0073886213
0.0073950746
0.0073974109
0.0073948399
0.0073883483
0.0073792119
0.0073676808
0.0073543525
0.0073386405
0.0073189133
0.007294453
0.0072633973
0.0072228611
0.0071708873
0.0071063465
0.0070277372
0.0069334544
0.0068225592
0.0066935764
0.006544954
0.0063758125
0.0061847643
0.0059708079
0.0057330127
0.0054701984
0.0051820033
0.0048687288
0.0045311871
0.0041721161
0.0037965589
0.0034121597
0.0030299679
0.0026637923
0.0023288838
0.0020395135
0.0018074154
0.0016410621
0.0015380685
0.001495764
0.0015054868
0.0015479172
0.0016090792
0.0016757858
0.001736683
0.0017837509
0.0018131955
0.0018212586
0.0018090256
0.0017815096
0.0017405906
0.001689023
0.0016296331
0.0015647316
0.0014960633
0.0014248803
0.001352069
0.0012782259
0.0012037193
0.0011287897
0.001053628
0.00097838863
0.00090320924
0.00082826592
0.00075378738
0.00068005849
0.00060748545
0.00053660112
0.0004682369
0.00040329509
0.00034398095
0.00029099567
0.00025398749
0.00022053664
0.00042322653
-0.00048156065
0.049405964
0.043842737
0.034472059
0.026319708
0.020889056
0.017446056
0.01513322
0.013406818
0.012000232
0.010829506
0.0098874881
0.0091508181
0.0085901062
0.0081732215
0.0078702834
0.0076604679
0.0075245415
0.0074440059
0.0074066185
0.0073950138
0.0074008214
0.0074131648
0.0074266826
0.0074390241
0.0074477431
0.007452411
0.0074535424
0.0074510043
0.0074440632
0.0074337064
0.0074210757
0.0074063777
0.0073900373
0.0073714953
0.0073493275
0.0073225496
0.0072893149
0.0072469617
0.0071934835
0.0071277107
0.0070481056
0.0069530243
0.0068414777
0.0067119384
0.0065628381
0.0063932766
0.0062018303
0.0059874876
0.005749305
0.0054860892
0.0051974754
0.0048837542
0.0045457217
0.0041861038
0.0038099225
0.0034247991
0.0030417752
0.0026746621
0.0023387236
0.0020482737
0.0018150928
0.0016476781
0.0015437636
0.0015007051
0.0015097817
0.0015517374
0.0016125577
0.0016790281
0.0017397649
0.0017867318
0.0018160883
0.001824063
0.0018117498
0.0017841422
0.0017431248
0.0016914528
0.0016319551
0.001566945
0.0014981691
0.0014268811
0.0013539684
0.001280028
0.0012054286
0.0011304105
0.0010551648
0.00097984561
0.00090459061
0.00082957571
0.0007550295
0.00068123672
0.00060860353
0.00053766272
0.00046924591
0.00040425522
0.00034489812
0.00029187103
0.00025484358
0.00022133715
0.00042415615
-0.00048096697
0.04684998
0.042080888
0.033987824
0.026645231
0.021516327
0.01804248
0.01559614
0.013764108
0.012301006
0.011107764
0.010159937
0.0094180483
0.0088393421
0.0084002427
0.0080776957
0.0078503612
0.0076988439
0.0076029517
0.0075496982
0.0075238912
0.0075164983
0.0075173268
0.0075216935
0.0075264644
0.0075284298
0.0075270199
0.0075226812
0.0075151438
0.0075036219
0.0074891184
0.0074726265
0.007454297
0.0074344008
0.0074124462
0.0073872294
0.0073574824
0.0073214047
0.0072765767
0.0072209596
0.007153382
0.0070722909
0.0069759999
0.0068634571
0.0067330772
0.0065832772
0.006413126
0.0062211464
0.0060063092
0.0057676505
0.0055039546
0.0052148488
0.0049006085
0.0045620062
0.0042017546
0.0038248514
0.0034388934
0.0030549177
0.0026867422
0.0023496474
0.0020580009
0.0018236377
0.0016550561
0.0015501337
0.0015062718
0.0015146625
0.0015561152
0.0016165696
0.0016827826
0.0017433401
0.0017901921
0.0018194382
0.0018273002
0.0018148895
0.0017871691
0.0017460327
0.0016942362
0.0016346114
0.0015694744
0.0015005737
0.0014291644
0.001356135
0.001282083
0.001207377
0.0011322577
0.0010569157
0.00098150529
0.00090616376
0.00083106696
0.00075644332
0.00068257741
0.0006098753
0.00053886968
0.00047039235
0.00040534522
0.00034593784
0.00029286193
0.00025580799
0.00022223667
0.00042519536
-0.0004802662
0.044539835
0.040382715
0.033401365
0.026808299
0.02194982
0.01852571
0.016050668
0.014170837
0.012662126
0.011426664
0.010436805
0.009658108
0.0090517152
0.0085935819
0.0082601302
0.0080201926
0.0078533591
0.0077463215
0.0076838533
0.0076504448
0.0076352264
0.0076273122
0.0076226969
0.0076187464
0.0076126878
0.0076045719
0.0075948724
0.0075827912
0.0075671298
0.0075488611
0.0075287882
0.0075069252
0.0074834967
0.0074580724
0.007429531
0.0073965115
0.0073573059
0.0073096126
0.0072514165
0.0071816017
0.0070985997
0.0070006946
0.0068868174
0.0067553274
0.0066046061
0.0064336872
0.0062410295
0.0060255834
0.005786358
0.0055221053
0.0052324426
0.0049176256
0.004578398
0.0042174608
0.0038397873
0.0034529506
0.0030679893
0.002698732
0.0023604766
0.0020676489
0.0018321412
0.0016624211
0.0015565429
0.0015119264
0.0015196597
0.0015606393
0.0016207455
0.0016867064
0.0017470819
0.001793814
0.0018229322
0.0018306616
0.0018181413
0.0017902935
0.0017490254
0.0016970935
0.0016373324
0.0015720608
0.0015030289
0.001431493
0.0013583424
0.0012841748
0.0012093588
0.001134135
0.0010586939
0.00098318962
0.00090775912
0.00083257812
0.0007578749
0.00068393382
0.00061116083
0.00054008848
0.00047154859
0.0004064429
0.00034698247
0.00029385518
0.00025676841
0.00022313451
0.00042621184
-0.00047951095
0.042469572
0.038826066
0.03279675
0.026875803
0.022294749
0.018952116
0.01646934
0.014554419
0.01301579
0.011756521
0.010739208
0.0099302158
0.0092937465
0.0088049191
0.0084412089
0.008174481
0.0079863778
0.0078652133
0.0077930081
0.0077511422
0.007729489
0.0077183431
0.0077120418
0.0077064227
0.0076973795
0.0076844818
0.0076691271
0.0076514463
0.0076307613
0.0076085615
0.0075852582
0.0075603307
0.00753387
0.0075054116
0.0074737707
0.0074375604
0.0073952182
0.00734453
0.0072835387
0.0072112244
0.007126005
0.0070261622
0.0069106674
0.0067778306
0.0066259829
0.0064541261
0.0062606488
0.0060444818
0.0058046012
0.0055397197
0.0052494435
0.0049340061
0.0045941186
0.0042324736
0.0038540218
0.0034663135
0.0030803935
0.002710103
0.0023707533
0.0020768287
0.001840274
0.0016695006
0.0015627674
0.0015174806
0.0015246055
0.0015651552
0.0016249389
0.0016906578
0.0017508506
0.0017974587
0.0018264333
0.0018340125
0.0018213731
0.0017933867
0.0017519782
0.0016999042
0.0016400022
0.0015745932
0.0015054286
0.0014337653
0.0013604934
0.0012862107
0.0012112854
0.0011359579
0.0010604188
0.00098482158
0.00090930314
0.000834039
0.00075925722
0.00068524194
0.00061239894
0.00054126057
0.00047265856
0.00040749446
0.00034798013
0.00029480068
0.00025767525
0.00022398121
0.00042713956
-0.00047871597
0.040599154
0.037385962
0.032173125
0.026870838
0.02257552
0.019329279
0.016853668
0.014915061
0.013352093
0.012071973
0.011032863
0.01020121
0.0095419862
0.0090285197
0.0086390677
0.0083484743
0.0081375002
0.007993608
0.0078999556
0.0078400216
0.0078046664
0.007786313
0.0077759149
0.0077673997
0.0077588707
0.0077478595
0.0077338437
0.0077165066
0.0076940594
0.0076685297
0.0076413058
0.0076124797
0.007582719
0.0075515011
0.0075172096
0.0074782351
0.0074331056
0.0073796344
0.0073159144
0.0072410607
0.0071535093
0.0070515681
0.0069342727
0.0067998992
0.0066467543
0.0064738177
0.0062794013
0.0060624202
0.0058218139
0.0055562501
0.0052653259
0.004949251
0.0046087013
0.0042463668
0.0038671773
0.00347866
0.0030918681
0.0027206534
0.0023803318
0.0020854415
0.0018479708
0.0016762535
0.0015687763
0.0015229053
0.0015294663
0.001569621
0.0016290998
0.0016945795
0.0017545842
0.001801061
0.001829876
0.0018372896
0.0018245235
0.0017963902
0.0017548356
0.001702616
0.0016425714
0.0015770248
0.0015077282
0.0014359393
0.0013625482
0.0012881527
0.0012131207
0.0011376922
0.0010620576
0.00098637014
0.00091076631
0.00083542147
0.00076056348
0.00068647621
0.00061356522
0.00054236266
0.00047369994
0.00040847847
0.00034891014
0.00029567837
0.00025850864
0.0002247556
0.00042794387
-0.00047787204
0.038902637
0.036046973
0.031529989
0.02679683
0.022791065
0.0196563
0.017206838
0.015259359
0.013679397
0.012381675
0.011322509
0.010468766
0.0097870142
0.0092508169
0.0088386546
0.0085266391
0.008295258
0.0081313855
0.0080189935
0.0079425608
0.0078918017
0.0078590522
0.0078358055
0.0078168341
0.0078020803
0.0077891121
0.0077749551
0.0077585374
0.0077391198
0.0077165383
0.0076913961
0.007662521
0.007630657
0.007596318
0.0075586985
0.0075166707
0.0074689258
0.007413021
0.0073468927
0.0072697378
0.0071799839
0.0070759788
0.0069568504
0.0068208591
0.0066663207
0.0064922156
0.0062967796
0.0060789236
0.0058375501
0.0055712787
0.0052797023
0.0049630068
0.0046218315
0.0042588703
0.0038790344
0.0034898261
0.0031023061
0.00273033
0.0023892063
0.0020935168
0.0018552825
0.0016827415
0.0015746256
0.0015282418
0.0015342666
0.001574043
0.0016332182
0.0016984488
0.001758251
0.0018045837
0.0018332219
0.0018404561
0.0018275579
0.0017992717
0.001757568
0.0017052018
0.0016450152
0.0015793327
0.0015099066
0.0014379949
0.001364488
0.0012899832
0.0012148479
0.001139322
0.0010635953
0.000987821
0.00091213503
0.0008367126
0.00076178136
0.00068762488
0.00061464847
0.00054338399
0.00047466243
0.00040938501
0.00034976285
0.00029647875
0.00025925909
0.00022544684
0.00042860199
-0.00047695875
0.037358214
0.034803834
0.030877268
0.026659034
0.022940625
0.019932268
0.017527435
0.015585375
0.013996324
0.012685132
0.011608643
0.010734629
0.010031582
0.0094735504
0.0090391472
0.0087058149
0.0084544266
0.0082714365
0.0081410844
0.0080493114
0.0079848871
0.00793917
0.0079048277
0.0078763237
0.0078528079
0.0078315917
0.0078099153
0.0077875591
0.0077662612
0.0077442183
0.0077203354
0.007694567
0.0076659762
0.0076341114
0.0075970997
0.0075535337
0.0075030573
0.0074441797
0.007375354
0.0072959625
0.0072042099
0.0070983345
0.0069775223
0.0068399932
0.0066840924
0.0065088265
0.006312361
0.0060936239
0.0058514858
0.0055845197
0.005292324
0.0049750632
0.0046333391
0.0042698583
0.0038895153
0.0034997835
0.0031117279
0.0027391978
0.002397478
0.0021011792
0.001862343
0.0016890984
0.001580433
0.0015335823
0.0015390733
0.0015784629
0.0016373139
0.0017022688
0.0017618428
0.001808011
0.0018364525
0.0018434947
0.0018304605
0.0018020175
0.001760164
0.0017076522
0.0016473257
0.0015815102
0.0015119581
0.0014399272
0.0013663082
0.0012916979
0.0012164632
0.0011408434
0.0010650284
0.00098917071
0.00091340598
0.00083790919
0.00076290776
0.00068868493
0.00061564571
0.00054432166
0.00047554313
0.00041021116
0.00035053529
0.00029719864
0.00025992327
0.00022604957
0.00042910019
-0.00047594706
0.035946984
0.033650173
0.030223866
0.026467115
0.023029495
0.020158541
0.017812875
0.015888892
0.014299165
0.012979671
0.011889541
0.010997903
0.010275301
0.0096965911
0.0092407849
0.0088866648
0.0086156167
0.0084136581
0.0082657315
0.0081581565
0.008079652
0.008021604
0.0079768508
0.0079396477
0.007908305
0.0078799191
0.0078516852
0.0078237114
0.0077969218
0.0077693847
0.007740301
0.0077120383
0.0076838786
0.007653531
0.0076190532
0.0075785273
0.0075304295
0.0074722508
0.0074021494
0.0073204104
0.0072261482
0.0071180876
0.0069955649
0.0068565962
0.0066994535
0.0065231452
0.0063257441
0.0061062089
0.0058633833
0.0055957959
0.0053030661
0.0049853427
0.0046431914
0.0042793425
0.0038986762
0.0035086324
0.0031202742
0.0027474313
0.0024053458
0.0021086389
0.0018693602
0.0016955212
0.0015863703
0.0015390637
0.0015439901
0.0015829531
0.0016414331
0.0017060652
0.0017653711
0.0018113448
0.0018395661
0.001846404
0.0018332309
0.0018046289
0.0017626265
0.0017099717
0.0016495086
0.0015835639
0.0015138895
0.0014417432
0.0013680156
0.0012933034
0.0012179728
0.0011422626
0.0010663625
0.00099042457
0.00091458411
0.00083901586
0.00076394697
0.00068966032
0.00061656061
0.00054517901
0.00047634508
0.00041095964
0.00035122981
0.00029783989
0.0002605027
0.00022656246
0.00042941596
-0.00047479972
0.034652949
0.032578935
0.029576636
0.026230717
0.02306385
0.020337864
0.018063049
0.016168345
0.014586092
0.013263559
0.012163582
0.011257155
0.010516972
0.0099190452
0.0094430058
0.0090688506
0.008778564
0.0085579715
0.0083926867
0.008269318
0.0081767583
0.0081063271
0.0080508936
0.0080046482
0.0079653211
0.0079300826
0.0078961785
0.0078632772
0.0078316113
0.0077993288
0.0077661728
0.0077337161
0.0077011897
0.0076662227
0.0076289786
0.0075887506
0.0075421968
0.0074862407
0.0074189796
0.0073393659
0.0072455948
0.0071363548
0.0070118962
0.0068709889
0.0067122944
0.0065348839
0.0063366133
0.0061164029
0.0058730363
0.0056049772
0.0053118716
0.0049938558
0.0046514587
0.0042874467
0.0039066896
0.0035165877
0.0031281954
0.0027553074
0.0024131017
0.0021161887
0.001876614
0.0017022693
0.001592662
0.001544867
0.0015491581
0.0015876163
0.0016456465
0.0017098842
0.0017688646
0.0018146019
0.0018425734
0.0018491941
0.0018358799
0.0018071175
0.0017649685
0.0017121747
0.0016515793
0.0015855094
0.0015157165
0.0014434582
0.0013696253
0.0012948142
0.0012193903
0.0011435924
0.0010676098
0.00099159416
0.00091568033
0.00084004287
0.00076490863
0.0006905601
0.0006174016
0.0005459639
0.00047707558
0.00041163716
0.00035185256
0.00029840789
0.00026100228
0.00022698694
0.00042953793
-0.00047347299
0.033462477
0.031583064
0.028940778
0.025958594
0.023049605
0.020473216
0.018278661
0.016423017
0.014855924
0.01353559
0.012429597
0.01151131
0.010755686
0.01014016
0.0096451714
0.0092518487
0.0089428811
0.0087041158
0.0085217235
0.0083827079
0.0082761301
0.0081932726
0.0081270268
0.008071567
0.0080241022
0.0079818494
0.0079420308
0.007903884
0.0078674364
0.0078311395
0.0077944948
0.0077583951
0.0077219321
0.0076834236
0.0076427643
0.0075989085
0.0075484463
0.0074902479
0.0074235705
0.0073455725
0.0072538936
0.0071470755
0.0070242862
0.0068836166
0.0067239569
0.0065451603
0.0063455868
0.0061244522
0.0058805107
0.0056120748
0.0053187622
0.005000669
0.0046582668
0.0042943583
0.0039138005
0.0035239441
0.0031358247
0.0027631849
0.0024211164
0.0021241951
0.0018844512
0.0017096622
0.0015995861
0.0015512199
0.0015547579
0.0015925892
0.001650053
0.0017137949
0.0017723709
0.0018178141
0.0018454983
0.0018518861
0.0018384272
0.0018095035
0.001767211
0.0017142827
0.0016535597
0.0015873688
0.0015174609
0.0014450934
0.0013711576
0.0012962497
0.0012207345
0.0011448506
0.001068787
0.00099269522
0.00091670949
0.00084100421
0.00076580589
0.00069139663
0.00061818028
0.0005466872
0.00047774476
0.0004122531
0.00035241218
0.00029891033
0.00026142908
0.00022732583
0.00042945179
-0.00047191436
0.032363864
0.030655771
0.028320009
0.025658512
0.022992504
0.020567698
0.018460716
0.01665246
0.015107651
0.013794717
0.012686605
0.011759497
0.01099071
0.010359315
0.0098467365
0.0094352156
0.0091082307
0.0088518148
0.0086526466
0.0084981643
0.0083776199
0.0082823204
0.0082051779
0.0081403699
0.0080846756
0.0080352592
0.0079893193
0.0079457885
0.007904486
0.0078639907
0.0078235575
0.0077838094
0.0077440232
0.0077025767
0.007658831
0.0076116106
0.0075582173
0.0074974143
0.0074279324
0.007347057
0.0072540157
0.0071480737
0.0070268512
0.0068880368
0.0067303408
0.0065528873
0.0063535448
0.0061318548
0.0058871087
0.0056179864
0.0053243143
0.0050061799
0.0046639399
0.004300387
0.0039203349
0.0035310566
0.0031435464
0.0027714696
0.0024298049
0.0021330666
0.001893259
0.001718057
0.0016074564
0.0015583846
0.0015610029
0.0015980376
0.001654778
0.0017178901
0.0017759578
0.0018210308
0.0018483793
0.0018545137
0.0018409037
0.0018118165
0.001769383
0.0017163248
0.0016554786
0.0015891703
0.0015191499
0.001446675
0.0013726374
0.0012976334
0.0012220275
0.001146058
0.0010699139
0.00099374636
0.00091768911
0.00084191635
0.00076665426
0.00069218446
0.00061891032
0.00054736167
0.00047836453
0.00041281855
0.00035291885
0.00029935632
0.00026179146
0.00022758236
0.00042913965
-0.00047006233
0.031347017
0.029790703
0.027716832
0.025337269
0.022898078
0.020624467
0.018610446
0.016856524
0.015340485
0.014040028
0.01293371
0.012000885
0.011221326
0.010575896
0.010047179
0.0096185306
0.0092742832
0.0090007982
0.0087852487
0.0086155287
0.0084811225
0.008373402
0.0082853053
0.0082110209
0.0081469828
0.0080902625
0.0080380577
0.0079890392
0.0079427659
0.0078978895
0.007853548
0.0078101112
0.0077668982
0.0077222939
0.0076755032
0.0076254359
0.0075695701
0.0075062639
0.0074342731
0.0073513931
0.0072565368
0.0071486307
0.0070253893
0.0068861723
0.0067296246
0.0065535774
0.0063559072
0.0061359371
0.0058924461
0.005623825
0.0053301467
0.0050118973
0.004669685
0.004306467
0.0039270406
0.0035385621
0.0031519318
0.0027806894
0.002439661
0.0021432623
0.0019034553
0.001727828
0.0016165958
0.0015666279
0.0015681086
0.0016041301
0.0016599503
0.0017222672
0.0017796993
0.0018243086
0.0018512629
0.0018571191
0.0018433491
0.0018140953
0.0017715227
0.0017183386
0.0016573728
0.0015909496
0.0015208178
0.0014482354
0.0013740952
0.0012989941
0.0012232961
0.0011472396
0.0010710137
0.00099476917
0.0009186393
0.00084279805
0.00076747124
0.00069293992
0.00061960693
0.00054800153
0.00047894811
0.00041334569
0.00035338378
0.00029975583
0.00026209854
0.00022775982
0.000428591
-0.00046784825
0.030403195
0.02898202
0.027132794
0.025000705
0.022771565
0.020646706
0.018729285
0.01703534
0.015553849
0.014270718
0.013170068
0.012234665
0.011446814
0.010789287
0.01024597
0.0098013601
0.0094406936
0.0091507861
0.0089193117
0.0087346377
0.0085865205
0.0084664322
0.0083673528
0.0082834908
0.0082110059
0.008146861
0.0080882451
0.0080335959
0.0079822292
0.0079328494
0.0078845108
0.0078373053
0.0077905401
0.0077426779
0.0076928129
0.007639834
0.0075813742
0.0075157314
0.0074416243
0.0073568808
0.0072602911
0.0071507854
0.0070262855
0.0068859692
0.0067282662
0.0065510813
0.0063538721
0.0061353673
0.0058932923
0.0056264236
0.0053345735
0.0050178707
0.0046767394
0.0043143233
0.0039356414
0.0035479751
0.0031622505
0.002791899
0.0024515667
0.0021555237
0.0019156601
0.0017394871
0.001627415
0.0015762679
0.0015763131
0.0016110357
0.0016656859
0.0017270038
0.0017836473
0.0018276831
0.001854178
0.0018597308
0.0018457934
0.001816373
0.0017736661
0.0017203628
0.0016592824
0.0015927471
0.0015225045
0.0014498133
0.0013755679
0.0013003663
0.0012245726
0.0011484255
0.0010721143
0.00099578947
0.00091958391
0.00084367132
0.00076827713
0.00069368178
0.00062028745
0.00054862273
0.00047951017
0.00041384798
0.0003538192
0.00030011963
0.00026236007
0.00022786113
0.00042777775
-0.00046519373
0.029524795
0.028224423
0.026568715
0.02465374
0.022617845
0.02063759
0.018818832
0.017189285
0.015747364
0.014486104
0.013394905
0.012460061
0.011666461
0.010998863
0.010442567
0.0099832493
0.0096070952
0.0093014799
0.0090545998
0.0088553116
0.0086936794
0.0085613129
0.0084512538
0.0083577411
0.0082767219
0.0082050446
0.0081398781
0.0080794628
0.0080228924
0.0079688892
0.0079164275
0.0078653508
0.0078149474
0.0077637553
0.007710759
0.0076548033
0.0075936788
0.0075256512
0.0074493781
0.0073627965
0.0072646135
0.0071536991
0.0070280964
0.0068867116
0.0067282038
0.006550524
0.0063531025
0.0061341967
0.0058921174
0.0056265322
0.0053365714
0.0050217657
0.0046828901
0.0043228128
0.0039462467
0.0035603717
0.0031760975
0.0028068277
0.0024671567
0.0021712933
0.0019310984
0.0017540481
0.001640731
0.0015879454
0.0015860991
0.0016190973
0.0016722134
0.0017322399
0.0017878777
0.0018311874
0.0018571349
0.0018623498
0.0018482366
0.0018186544
0.0017758248
0.0017224157
0.0016612322
0.0015945925
0.0015242431
0.0014514437
0.0013770914
0.0013017858
0.001225892
0.0011496492
0.0010732474
0.00099683714
0.00092055085
0.00084456212
0.00076909599
0.00069443223
0.0006209723
0.00054924403
0.00048006787
0.00041434099
0.00035423912
0.00030045994
0.00026258694
0.00022788903
0.00042667225
-0.00046200919
0.028705171
0.02751314
0.026024871
0.024300456
0.0224414
0.020600254
0.018880809
0.01731895
0.015920855
0.014685632
0.013607526
0.012676339
0.01187957
0.011203994
0.010636413
0.010163725
0.0097730992
0.0094525602
0.0091908569
0.008977351
0.0088024482
0.0086579327
0.0085369305
0.0084337228
0.0083440988
0.0082647944
0.0081929518
0.0081266446
0.0080647626
0.0080060154
0.0079493061
0.0078942631
0.007840139
0.0077855285
0.007729326
0.0076703367
0.0076064845
0.0075360087
0.0074575198
0.0073690617
0.0072692699
0.0071569742
0.0070302877
0.0068880199
0.0067288313
0.006550841
0.0063531983
0.0061341473
0.0058925204
0.00562772
0.0053386335
0.005024976
0.0046882707
0.0043308989
0.0039570551
0.003574007
0.0031923933
0.0028252532
0.0024869624
0.0021916198
0.0019510812
0.0017728841
0.0016578547
0.0016028447
0.0015984895
0.0016291556
0.0016801909
0.0017384657
0.0017927348
0.0018350474
0.0018602716
0.0018650527
0.0018507148
0.0018209534
0.001778002
0.001724498
0.0016632246
0.0015964923
0.0015260448
0.0014531425
0.0013786854
0.0013032756
0.0012272794
0.0011509372
0.0010744404
0.00099793961
0.00092156716
0.00084549673
0.00076995305
0.00069521527
0.00062168409
0.00054988656
0.00048064079
0.0004148427
0.00035465985
0.00030079103
0.0002627919
0.00022784668
0.00042524409
-0.00045819239
0.027938497
0.0268439
0.025501146
0.023944183
0.022246281
0.020537753
0.018917034
0.017425111
0.016074337
0.014868892
0.013807325
0.012882822
0.012085463
0.011404052
0.010826947
0.010342298
0.0099382969
0.0096036872
0.009327806
0.009100537
0.0089126585
0.0087561648
0.008624291
0.0085113749
0.0084130953
0.0083260856
0.0082474559
0.0081751397
0.0081078406
0.0080442344
0.0079831595
0.0079240565
0.007866127
0.0078080093
0.0077485263
0.0076864434
0.0076197951
0.0075468104
0.007466061
0.0073756772
0.0072742318
0.007160509
0.0070327029
0.0068895562
0.0067297498
0.0065514727
0.006353711
0.0061348789
0.0058937855
0.005629793
0.0053418837
0.0050298138
0.0046951053
0.0043400358
0.0039688581
0.0035889664
0.0032105444
0.0028460426
0.0025096867
0.0022154104
0.0019749095
0.0017957178
0.0016788828
0.001621368
0.0016141164
0.0016419923
0.0016904717
0.0017465295
0.0017989964
0.0018399271
0.0018641231
0.0018682486
0.0018535263
0.0018234807
0.0017803416
0.0017267047
0.0016653207
0.0015984849
0.0015279336
0.0014549253
0.0013803613
0.0013048455
0.0012287448
0.0011523009
0.0010757061
0.00099911134
0.00092264886
0.00084649239
0.00077086646
0.00069604957
0.00062244166
0.000550569
0.00048124714
0.00041537053
0.00035509778
0.00030112766
0.00026298846
0.00022773694
0.00042345765
-0.00045362673
0.027219647
0.026212885
0.024997153
0.023587598
0.022036102
0.020453024
0.018929383
0.017508697
0.016208003
0.015035612
0.013993792
0.01307889
0.012283498
0.011598422
0.011013602
0.010518469
0.010102262
0.009754502
0.0094651504
0.0092246312
0.0090241236
0.0088558661
0.0087132292
0.008590624
0.0084836604
0.008388885
0.008303373
0.0082249405
0.0081521244
0.0080835508
0.0080179973
0.0079547408
0.0078929225
0.0078312114
0.0077683738
0.0077031364
0.0076336253
0.007558072
0.0074750127
0.0073826468
0.0072794989
0.0071643114
0.0070353552
0.0068913145
0.0067308689
0.0065522702
0.0063544345
0.006135887
0.0058954298
0.0056323492
0.0053457707
0.0050355691
0.0047031373
0.0043506499
0.0039824406
0.0036058563
0.0032307283
0.0028691743
0.0025351869
0.0022423932
0.0020021256
0.0018218611
0.0017029703
0.0016426032
0.0016320757
0.0016567931
0.0017024242
0.0017560675
0.0018066074
0.001846057
0.0018691317
0.0018724919
0.0018572467
0.0018267728
0.0017833084
0.0017294185
0.001667824
0.0016008044
0.0015300857
0.0014569215
0.001382212
0.0013065606
0.001230333
0.0011537705
0.0010770648
0.0010003665
0.00092380641
0.00084755774
0.00077184424
0.00069694329
0.00062325372
0.00055130074
0.00048189694
0.00041593493
0.0003555635
0.00030147987
0.00026318639
0.00022755858
0.00042126722
-0.00044818193
0.026544101
0.025616694
0.02451232
0.023232819
0.021814042
0.020348852
0.018919761
0.01757076
0.016322203
0.01518566
0.014166519
0.013263994
0.012473071
0.011786505
0.011195816
0.01069173
0.010264553
0.0099046281
0.0096025746
0.009349376
0.0091366382
0.0089568766
0.008803624
0.0086713832
0.0085557324
0.0084531499
0.0083606777
0.0082760336
0.0081976073
0.0081239651
0.0080538259
0.0079863243
0.0079205354
0.0078551476
0.0077888819
0.0077204291
0.007647991
0.0075698088
0.0074843876
0.0073899823
0.0072850838
0.007168397
0.0070382557
0.0068932967
0.006732192
0.0065532615
0.006355367
0.0061370994
0.0058972722
0.0056351504
0.0053499656
0.0050416492
0.0047115302
0.0043618291
0.0039968881
0.0036238575
0.0032522481
0.0028939641
0.00256272
0.0022717155
0.0020319898
0.0018509431
0.0017301236
0.0016667916
0.0016525887
0.0016735152
0.0017156156
0.0017662634
0.0018144877
0.0018522851
0.001874268
0.0018770228
0.0018614548
0.0018307338
0.0017870632
0.0017329669
0.0016711451
0.001603879
0.0015329049
0.0014594888
0.0013845405
0.0013086691
0.001232242
0.0011554998
0.0010786338
0.0010017922
0.00092510328
0.000848738
0.00077291794
0.00069791809
0.00062413496
0.00055209175
0.00048259712
0.0004165409
0.00035606082
0.00030185031
0.00026338794
0.00022730213
0.00041861037
-0.00044171776
0.025907861
0.025052294
0.02404596
0.022881497
0.021582865
0.020227846
0.018890075
0.017612454
0.016417434
0.015319043
0.014325205
0.01343766
0.012653625
0.011967725
0.011373034
0.010861571
0.010424717
0.010053673
0.0097397455
0.0094744954
0.0092499794
0.0090590198
0.0088953391
0.0087535518
0.0086292377
0.0085188284
0.0084193362
0.0083283987
0.0082442776
0.0081654733
0.008090648
0.0080188126
0.0079489739
0.007879829
0.0078100632
0.0077383348
0.0076629069
0.0075820357
0.0074942001
0.0073976997
0.0072910035
0.0071727813
0.0070414169
0.0068955125
0.0067337327
0.0065544589
0.0063565085
0.0061385236
0.0058993381
0.0056382128
0.0053544585
0.0050480484
0.0047202787
0.0043734278
0.0040118012
0.0036423628
0.0032744189
0.0029196062
0.002591226
0.0023021392
0.0020631897
0.0018816394
0.0017591326
0.0016929995
0.0016752109
0.0016923246
0.0017307249
0.0017780607
0.0018235051
0.001859098
0.001879491
0.0018813004
0.0018652669
0.0018343407
0.0017906338
0.0017365657
0.0016747551
0.0016074425
0.001536354
0.001462763
0.0013875946
0.001311476
0.0012347914
0.0011577957
0.0010806904
0.0010036292
0.00092674191
0.00085019904
0.00077422044
0.00069907819
0.0006251655
0.00055300233
0.000483392
0.00041722009
0.00035661145
0.00030225242
0.00026360068
0.00022695793
0.00041541325
-0.00043408417
0.025307389
0.024516979
0.023597318
0.022534893
0.021344946
0.020092419
0.018842202
0.017634999
0.016494312
0.015435892
0.014469654
0.013599491
0.012824657
0.012141541
0.011544718
0.011027483
0.010582296
0.010201233
0.0098763139
0.0095996956
0.009363906
0.009162102
0.0089882226
0.0088370147
0.0087040908
0.0085858578
0.0084793059
0.0083820085
0.0082921178
0.0082080669
0.0081284627
0.0080522089
0.0079782438
0.007905265
0.0078319291
0.0077568657
0.0076783868
0.0075947672
0.0075044652
0.0074058158
0.0072972746
0.0071774795
0.0070448545
0.0068979781
0.0067355069
0.0065558756
0.0063578684
0.0061401708
0.0059016421
0.0056415426
0.0053592505
0.0050547826
0.004729415
0.0043854626
0.0040271813
0.0036613724
0.0032971483
0.0029458509
0.002620384
0.0023332908
0.002095176
0.0019131898
0.0017890578
0.0017201644
0.0016988565
0.0017122423
0.0017470147
0.0017910691
0.0018337187
0.0018670439
0.0018857241
0.0018864119
0.0018696769
0.001838263
0.0017942515
0.0017400219
0.0016781396
0.0016108008
0.0015396978
0.001466078
0.0013908482
0.0013146273
0.0012378
0.0011606275
0.0010833212
0.0010060438
0.00092893386
0.00085216995
0.00077597833
0.00070063489
0.00062653429
0.00055419615
0.00048441968
0.00041808625
0.00035730701
0.00030275737
0.00026387882
0.00022654862
0.00041162966
-0.00042510102
0.024739543
0.024008336
0.023165604
0.022193952
0.021102307
0.019944776
0.018777969
0.017639669
0.016553556
0.015536462
0.014599776
0.013749176
0.012985724
0.012307446
0.011710346
0.011188963
0.010736823
0.010346891
0.010011916
0.0097246666
0.00947816
0.0092659128
0.0090821065
0.0089216423
0.0087801932
0.0086541646
0.0085405346
0.0084368276
0.0083411043
0.008251732
0.0081672644
0.0080865126
0.0080083487
0.007931463
0.0078544894
0.0077760326
0.0076944436
0.0076080176
0.0075151976
0.0074143468
0.0073039134
0.0071825078
0.0070485855
0.0069007105
0.0067375311
0.0065575279
0.0063594625
0.0061420575
0.0059041992
0.0056451511
0.0053643519
0.0050618633
0.0047389451
0.0043979369
0.0040430439
0.0036809098
0.0033204412
0.0029726856
0.0026501718
0.0023651236
0.002127832
0.0019454378
0.0018197288
0.0017480667
0.0017232368
0.0017328799
0.0017639785
0.001804683
0.0018445023
0.0018755777
0.0018925838
0.0018921829
0.0018747695
0.0018428833
0.0017985608
0.0017441337
0.0016820951
0.0016145885
0.0015433058
0.0014695105
0.001394119
0.0013177519
0.0012407927
0.001163499
0.0010860729
0.0010086682
0.00093141799
0.00085450009
0.00077814183
0.00070262133
0.00062833566
0.00055580704
0.00048583469
0.00041929964
0.00035830307
0.00030350789
0.00026435016
0.00022615645
0.00040729649
-0.00041451306
0.024201531
0.023524207
0.022750022
0.021859363
0.020856651
0.019786913
0.018699129
0.017627758
0.016595971
0.015621113
0.014715586
0.013886489
0.013136449
0.012464977
0.011869424
0.011345519
0.010887836
0.010490224
0.010146177
0.0098490832
0.0095924665
0.0093702252
0.0091768073
0.00900729
0.0088574332
0.0087236639
0.0086029601
0.0084928121
0.0083912065
0.0082964491
0.0082070432
0.0081217201
0.0080392889
0.0079584278
0.0078777521
0.0077958453
0.0077110892
0.0076218005
0.0075264118
0.0074233085
0.0073109364
0.0071878826
0.0070526275
0.0069037269
0.0067398221
0.0065594331
0.0063613079
0.006144201
0.0059070261
0.0056490543
0.0053697788
0.0050693049
0.00474888
0.0044108597
0.0040593971
0.0037009791
0.0033443026
0.0030001196
0.0026805867
0.0023975982
0.0021612015
0.0019783854
0.0018510319
0.0017766533
0.0017483133
0.0017541632
0.0017815427
0.0018188471
0.001855783
0.0018845444
0.0018998177
0.0018982856
0.0018801732
0.0018478332
0.0018032429
0.0017486691
0.0016865258
0.0016189019
0.001547478
0.0014735242
0.0013979462
0.0013213569
0.0012441605
0.0011666358
0.0010889938
0.0010113911
0.00093396331
0.00085688694
0.0007803842
0.00070472634
0.00063030286
0.00055762998
0.00048750051
0.00042079042
0.00035958878
0.00030453897
0.00026508602
0.0002258315
0.00040246931
-0.00040197874
0.023690866
0.02306266
0.022349782
0.021531606
0.020609402
0.019620615
0.018607347
0.017600566
0.016622425
0.015690299
0.014817195
0.014011289
0.013276519
0.012613723
0.012021488
0.011496678
0.011034875
0.010630807
0.010278712
0.0099726074
0.0097065359
0.0094747961
0.0092721256
0.0090937982
0.0089356854
0.0087942586
0.0086665096
0.0085499092
0.0084423864
0.0083421924
0.0082477839
0.0081578233
0.008071062
0.007986162
0.0079017233
0.0078163121
0.0077283345
0.007636129
0.0075381219
0.0074327166
0.0073183601
0.0071936206
0.007056998
0.0069070451
0.0067423975
0.0065616095
0.0063634224
0.0061466189
0.0059101405
0.005653269
0.0053755478
0.0050771232
0.0047592336
0.0044242432
0.0040762504
0.0037215868
0.0033687364
0.0030281544
0.002711629
0.0024307255
0.0021952457
0.0020120197
0.0018830237
0.0018059268
0.0017740598
0.0017760768
0.0017996923
0.0018335489
0.0018675432
0.0018939356
0.0019074265
0.0019047055
0.0018858514
0.0018530353
0.0018081595
0.0017534211
0.0016911669
0.0016234453
0.001551918
0.0014778482
0.0014021279
0.0013253628
0.0012479715
0.0011702442
0.0010923843
0.001014548
0.00093688758
0.00085958728
0.00078287058
0.00070701056
0.00063239728
0.00055954518
0.00048924147
0.00042235429
0.00036095654
0.00030565874
0.00026592906
0.00022541207
0.00039692084
-0.00038719753
0.023205328
0.022621964
0.021964114
0.021210999
0.020361739
0.019447469
0.018504184
0.017559382
0.016633835
0.015744558
0.01490481
0.014123521
0.013405696
0.012753323
0.012166113
0.011641986
0.011177491
0.010768213
0.010409129
0.01009489
0.0098200642
0.0095793676
0.0093678465
0.0091809924
0.0090148107
0.0088658394
0.0087310994
0.0086080564
0.0084945983
0.0083889296
0.0082894655
0.0081948098
0.0081036615
0.0080146648
0.0079264065
0.0078374393
0.0077461889
0.0076510146
0.0075503411
0.0074425861
0.0073262007
0.0071997386
0.0070617148
0.006910683
0.0067452752
0.0065640754
0.0063658242
0.0061493294
0.0059135604
0.005657813
0.0053816757
0.0050853343
0.0047700203
0.0044381
0.004093614
0.0037427405
0.0033937469
0.0030567917
0.0027432992
0.0024645044
0.0022299593
0.0020463436
0.0019157116
0.0018358894
0.0018004817
0.001798632
0.001818436
0.0018487887
0.0018797787
0.001903749
0.0019154095
0.0019114503
0.0018918148
0.0018584923
0.0018133069
0.0017583836
0.0016960038
0.0016281761
0.0015565386
0.001482343
0.0014064774
0.0013295501
0.0012519869
0.0011740819
0.0010960321
0.0010179949
0.0009401346
0.00086263363
0.0007857081
0.0007096363
0.0006348133
0.00056175156
0.000491234
0.00042412366
0.00036248124
0.00030688139
0.00026684246
0.00022484317
0.00039003501
-0.00036993283
0.022742931
0.022200565
0.021592275
0.020897728
0.020114629
0.01926887
0.01839109
0.01750546
0.016631146
0.015784496
0.014978716
0.014223212
0.013523811
0.012883474
0.012302912
0.011781016
0.011315247
0.010902018
0.010537032
0.010215572
0.0099327355
0.0096836673
0.0094637406
0.0092686831
0.0090946556
0.0089382841
0.0087966342
0.0086671811
0.0085477876
0.0084366212
0.008332061
0.0082326621
0.0081370775
0.0080439323
0.007951803
0.0078592317
0.0077646602
0.0076664682
0.0075630819
0.0074529317
0.0073344744
0.0072062534
0.0070667957
0.0069146589
0.0067484738
0.0065668499
0.0063685321
0.0061523514
0.0059173046
0.005662704
0.0053881798
0.0050939544
0.0047812546
0.0044524425
0.0041114983
0.0037644473
0.0034193382
0.0030860333
0.0027755966
0.0024989319
0.0022653412
0.0020813537
0.001949093
0.0018665439
0.0018275849
0.001821839
0.0018377861
0.0018645798
0.0018925054
0.0019139944
0.0019237695
0.0019185244
0.0018980675
0.001864206
0.0018186867
0.0017635607
0.0017010427
0.0016330997
0.0015613435
0.0014870114
0.0014109906
0.0013338948
0.0012561524
0.00117806
0.0010998176
0.0010215873
0.0009435374
0.00086584686
0.00078872757
0.00071246275
0.00063744832
0.0005641885
0.00049346179
0.00042612844
0.0003642342
0.00030831172
0.00026795009
0.00022437413
0.00038148202
-0.00035027741
0.022301891
0.021797063
0.02123355
0.020591875
0.019868859
0.019086039
0.018269402
0.017440013
0.016615319
0.015810771
0.015039278
0.014310467
0.013630765
0.013003932
0.012431543
0.011913371
0.011447726
0.011031808
0.010662028
0.01033429
0.010044223
0.0097874102
0.0095595641
0.0093566665
0.009175053
0.0090114575
0.0088630068
0.0087272005
0.008601891
0.0084852198
0.0083755369
0.0082713574
0.0081712951
0.008073957
0.0079779106
0.0078816913
0.0077837544
0.0076824989
0.0075763561
0.0074637673
0.0073431968
0.0072131816
0.0070722586
0.0069189915
0.0067520119
0.0065699523
0.0063715653
0.0061557039
0.005921392
0.0056679603
0.0053950775
0.0051029999
0.004792951
0.004467283
0.004129913
0.0037867141
0.0034455143
0.0031158803
0.0028085196
0.0025340052
0.0023013882
0.0021170476
0.0019831678
0.0018978926
0.0018553752
0.0018457069
0.0018577542
0.0018809358
0.0019057383
0.0019246865
0.001932521
0.0019259384
0.0019046156
0.0018701818
0.0018243035
0.0017689563
0.0017062865
0.0016382169
0.0015663328
0.0014918568
0.0014156748
0.0013384042
0.0012604752
0.0011821856
0.0011037415
0.0010253104
0.00094706152
0.0008691736
0.00079185957
0.00071540381
0.00064019928
0.00056674393
0.00049581265
0.00042826094
0.000366115
0.00030986667
0.00026914601
0.00022436398
0.00037149791
-0.00032915448
0.021880608
0.021410192
0.020887262
0.020293445
0.019625062
0.018900035
0.018140339
0.0173642
0.016587314
0.015824084
0.015086923
0.014385465
0.013726534
0.013114512
0.012551715
0.012038692
0.011574533
0.011157179
0.010783724
0.010450676
0.010154194
0.0098902999
0.0096550603
0.0094447249
0.0092558218
0.0090852114
0.0089300982
0.0087880206
0.0086568356
0.0085346701
0.0084198525
0.0083108671
0.0082062952
0.0081047272
0.0080047244
0.0079048179
0.0078034752
0.0076991144
0.0075901738
0.0074751057
0.007352383
0.0072205396
0.0070781213
0.0069236994
0.0067559087
0.0065734023
0.0063749436
0.0061594068
0.0059258422
0.0056736007
0.0054023865
0.0051124875
0.0048051239
0.0044826339
0.0041488678
0.0038095473
0.0034722784
0.0031463332
0.0028420662
0.0025697207
0.0023380963
0.0021534219
0.0020179349
0.0019299378
0.0018838577
0.0018702442
0.0018783518
0.0018978704
0.0019194919
0.0019358403
0.0019416786
0.0019337059
0.0019114714
0.0018764305
0.001830166
0.0017745767
0.001711739
0.0016435302
0.001571508
0.0014968813
0.0014205322
0.0013430798
0.0012649568
0.0011864633
0.0011078109
0.001029172
0.00095071592
0.0008726213
0.00079510356
0.00071844798
0.00064304445
0.00056938822
0.00049824915
0.00043047398
0.00036806887
0.00031148848
0.00027035066
0.00022506617
0.00036062799
-0.00030772659
0.021477637
0.021038811
0.020552764
0.020002379
0.019383743
0.018711772
0.018005007
0.017279116
0.016548083
0.015825165
0.015122133
0.014448451
0.013811157
0.013215094
0.012663184
0.012156655
0.011695298
0.011277745
0.010901734
0.010564362
0.010262307
0.0099920307
0.0097499608
0.0095326278
0.0093367676
0.0091593847
0.008997777
0.0088495363
0.0087125387
0.0085849081
0.0084649599
0.0083511561
0.0082420528
0.008136227
0.0080322354
0.0079286081
0.0078238244
0.0077163204
0.0076045442
0.0074869591
0.0073620475
0.0072283435
0.0070844014
0.0069288013
0.0067601834
0.0065772199
0.006378687
0.00616348
0.005930675
0.0056796442
0.0054101248
0.0051224336
0.0048177879
0.0044985071
0.004168372
0.003832953
0.0034996335
0.0031773916
0.0028762337
0.0026060741
0.0023754608
0.0021904728
0.0020533926
0.0019626806
0.0019130371
0.001895459
0.0018995901
0.001915397
0.0019337811
0.0019474708
0.0019512571
0.0019418406
0.0019186475
0.0018829632
0.001836284
0.0017804305
0.0017174077
0.0016490464
0.0015768755
0.0015020891
0.0014255649
0.0013479229
0.0012695983
0.0011908948
0.0011120283
0.0010331744
0.00095450346
0.00087619499
0.00079846631
0.00072160302
0.00064599164
0.0005721248
0.00050076764
0.00043275821
0.00037008332
0.00031316156
0.00027157279
0.00022621294
0.00034951205
-0.00028662893
0.021091671
0.020681881
0.020229446
0.019718571
0.019145295
0.018522035
0.0178644
0.01718579
0.016498551
0.015814759
0.015145435
0.014499731
0.013884738
0.013305616
0.012765761
0.012266979
0.011809684
0.011393137
0.011015684
0.010674984
0.010368219
0.01009229
0.0098439869
0.0096201322
0.0094176831
0.0092338036
0.0090658998
0.0089116314
0.0087689073
0.0086358607
0.0085108031
0.0083921826
0.0082785378
0.0081684356
0.0080604308
0.0079530556
0.0078448007
0.0077341205
0.0076194747
0.0074993381
0.0073722036
0.0072366088
0.007091116
0.0069343158
0.0067648553
0.006581425
0.0063828159
0.0061679437
0.0059359103
0.0056861099
0.0054183105
0.0051328549
0.0048309573
0.0045149144
0.0041884344
0.0038569368
0.0035275816
0.0032090548
0.0029110186
0.0026430604
0.0024134763
0.0022281954
0.0020895385
0.0019961218
0.0019429174
0.0019213593
0.0019214802
0.0019335292
0.0019486207
0.0019595937
0.0019612715
0.0019503569
0.001926157
0.0018897916
0.0018426678
0.0017865263
0.0017233005
0.0016547726
0.0015824416
0.001507486
0.0014307781
0.0013529384
0.0012744045
0.0011954835
0.0011163952
0.0010373185
0.00095842531
0.00087989646
0.00080195024
0.00072487157
0.00064904439
0.00057495865
0.00050337422
0.00043511928
0.00037215991
0.00031488398
0.00027280765
0.00022745906
0.00033861668
-0.00026605715
0.020721526
0.020338457
0.019916729
0.01944188
0.018910021
0.018331492
0.017719408
0.017085176
0.016439615
0.015793618
0.01515739
0.014539662
0.013947444
0.013386075
0.01285931
0.012369429
0.011917387
0.011503013
0.011125214
0.010782182
0.010471587
0.010190758
0.0099368512
0.0097069849
0.0094983493
0.0093082817
0.009134311
0.0089741779
0.0088258381
0.0086874457
0.0085573178
0.0084338977
0.0083157137
0.008201327
0.0080892935
0.0079781501
0.0078664001
0.0077525159
0.0076349707
0.0075122518
0.0073828639
0.0072453501
0.0070982821
0.0069402611
0.0067699437
0.0065860379
0.0063873506
0.0061728185
0.0059415685
0.0056930173
0.0054269617
0.0051437679
0.0048446464
0.0045318672
0.0042090634
0.0038815034
0.0035561243
0.0032413213
0.0029464168
0.0026806736
0.0024521363
0.0022665841
0.0021263692
0.0020302612
0.001973502
0.0019479523
0.0019440329
0.0019522802
0.0019640259
0.0019722247
0.0019717373
0.0019592693
0.0019340132
0.0018969275
0.0018493277
0.0017928736
0.0017294256
0.001660716
0.0015882129
0.001513078
0.0014361773
0.0013581315
0.0012793801
0.0012002336
0.0011209158
0.0010416084
0.00096248505
0.0008837281
0.00080555654
0.00072825444
0.00065220369
0.00057789153
0.00050607104
0.00043756068
0.00037430296
0.00031665734
0.00027405585
0.00022869677
0.00032802488
-0.00024604699
0.020366125
0.020007678
0.019614068
0.019172136
0.018678149
0.01814071
0.017570824
0.01697816
0.016372134
0.015762491
0.015158586
0.014568645
0.013999491
0.013456525
0.012943747
0.012463813
0.012018139
0.011607055
0.011229982
0.010885609
0.010572072
0.010287116
0.01002826
0.0097929228
0.0095785359
0.0093826211
0.0092028431
0.0090370367
0.008883217
0.0087395709
0.0086044312
0.0084762448
0.0083535375
0.0082348696
0.0081188014
0.0080038777
0.0078886153
0.007771505
0.0076510356
0.0075257078
0.0073940394
0.0072545814
0.0071059155
0.0069466552
0.0067754677
0.0065910785
0.0063923117
0.006178125
0.0059476698
0.0057003858
0.0054360965
0.005155189
0.004858869
0.0045493767
0.0042302669
0.0039066574
0.0035852625
0.0032741887
0.0029824233
0.0027189072
0.0024914337
0.0023056325
0.0021638807
0.002065098
0.0020047937
0.0019752446
0.0019672585
0.0019716633
0.0019800116
0.0019853795
0.0019826704
0.0019685929
0.0019422299
0.0019043833
0.0018562748
0.001799482
0.0017357914
0.0016668842
0.001594196
0.001518871
0.0014417682
0.0013635073
0.00128453
0.0012051498
0.0011255943
0.0010460481
0.0009666865
0.00088769341
0.00080928838
0.0007317546
0.0006554719
0.00058092463
0.0005088585
0.00044008247
0.00037651359
0.00031847973
0.00027531774
0.00022988973
0.00031771592
-0.0002265873
0.020024487
0.019688755
0.019320946
0.018909155
0.018449842
0.017950166
0.017419348
0.016865552
0.016296924
0.015722114
0.015149623
0.014587119
0.014041149
0.013517074
0.013019041
0.012549987
0.01211171
0.011704975
0.011329665
0.010984928
0.010669338
0.010381043
0.010117915
0.0098776755
0.0096580027
0.0094566129
0.0092713174
0.0091000573
0.0089409192
0.0087921346
0.0086520615
0.0085191595
0.0083919592
0.0082690258
0.0081489276
0.00803022
0.0079114353
0.0077910835
0.0076676703
0.0075397118
0.0074057396
0.0072643153
0.0071140318
0.0069535154
0.0067814461
0.0065965668
0.0063977196
0.0061838836
0.0059542345
0.0057082347
0.0054457329
0.0051671344
0.0048736389
0.0045674535
0.0042520524
0.0039324024
0.0036149961
0.0033076539
0.0030190322
0.0027577534
0.0025313604
0.0023453333
0.0022020677
0.0021006303
0.0020367945
0.0020032425
0.0019911671
0.0019916915
0.0019965929
0.0019990742
0.0019940867
0.0019783429
0.0019508214
0.0019121718
0.0018635203
0.0018063614
0.0017424067
0.0016732849
0.0016003982
0.0015248716
0.0014475565
0.0013690713
0.0012898593
0.0012102369
0.0011304352
0.0010506417
0.00097103355
0.00089179598
0.00081314909
0.00073537513
0.00065885179
0.00058406029
0.00051173858
0.00044268583
0.00037879127
0.00032035461
0.000276589
0.00023101465
0.00030768404
-0.00020768703
0.019695713
0.019380962
0.019036878
0.018652733
0.018225211
0.017760261
0.017265598
0.016748092
0.016214753
0.015673206
0.015131113
0.014595551
0.014072727
0.013567878
0.013085209
0.012627855
0.012197913
0.011796521
0.011423967
0.01107982
0.01076306
0.01047222
0.010205515
0.0099609666
0.0097365016
0.0095300381
0.0093395444
0.0091630783
0.0089988095
0.0088450248
0.0087001177
0.0085625689
0.0084309218
0.0083037519
0.0081796395
0.008057154
0.0079348453
0.0078112434
0.0076848731
0.007554267
0.0074179723
0.0072745632
0.007122645
0.0069608583
0.0067878972
0.0066025222
0.0064035945
0.0061901149
0.0059612828
0.0057165834
0.0054558887
0.0051796201
0.0048889694
0.0045861078
0.0042744265
0.0039587415
0.0036453248
0.0033417129
0.0030562369
0.0027972039
0.0025719072
0.002385678
0.0022409243
0.0021368555
0.0020695053
0.0020319513
0.0020157679
0.0020123773
0.0020137845
0.0020133249
0.0020060024
0.0019885352
0.0019598023
0.0019203062
0.0018710761
0.0018135223
0.0017492808
0.0016799265
0.0016068265
0.0015310863
0.0014535483
0.0013748291
0.0012953732
0.0012154997
0.001135443
0.0010553935
0.00097553018
0.0008960395
0.00081714206
0.00073911914
0.00066234616
0.00058730097
0.00051471335
0.00044537239
0.00038113718
0.00032228247
0.00027786622
0.00023206412
0.00029793533
-0.00018937017
0.019378981
0.019083632
0.018761404
0.018402663
0.018004325
0.017571327
0.017110115
0.016626453
0.016126342
0.015616461
0.015103665
0.014594428
0.01409457
0.01360914
0.01314232
0.012697365
0.012276601
0.011881472
0.011512618
0.011169984
0.010852926
0.010560336
0.010290762
0.010042516
0.0098137771
0.0096026691
0.0094073245
0.0092259279
0.0090567422
0.00889812
0.0087484996
0.0086063919
0.0084703605
0.0083389972
0.0082108986
0.0080846517
0.007958826
0.0078319734
0.0077026392
0.0075693743
0.0074307433
0.0072853348
0.0071317682
0.0069686996
0.0067948385
0.0066089638
0.0064099564
0.006196839
0.0059688346
0.0057254509
0.0054665816
0.0051926614
0.0049048731
0.004605349
0.0042973953
0.003985677
0.003676247
0.0033763611
0.0030940299
0.0028372492
0.0026130644
0.0024266575
0.0022804435
0.0021737699
0.0021029266
0.0020613757
0.00204107
0.002033733
0.0020316012
0.0020281476
0.0020184338
0.0019991856
0.0019691875
0.0019288001
0.0018789543
0.0018209753
0.0017564231
0.0016868172
0.0016134887
0.001537522
0.0014597499
0.0013807865
0.001301077
0.0012209431
0.0011406223
0.0010603079
0.00098018047
0.00090042776
0.00082127081
0.00074298984
0.00066595787
0.00059064917
0.00051778492
0.00044814379
0.00038355237
0.00032426357
0.00027914886
0.00023303514
0.00028847797
-0.00017166439
0.019073536
0.01879615
0.018494089
0.01815873
0.017787215
0.017383637
0.016953373
0.016501243
0.016032361
0.015552543
0.015067881
0.014584251
0.014107056
0.013641101
0.013190484
0.012758511
0.012347669
0.011959644
0.011595378
0.011255142
0.010938636
0.010645088
0.010373357
0.010122043
0.0098895693
0.0096742706
0.0094744493
0.0092884244
0.0091145615
0.0089512883
0.0087970976
0.0086505386
0.0085102028
0.0083747041
0.0082426604
0.0081126797
0.0079833538
0.0078532581
0.0077209603
0.0075850319
0.007444056
0.007296638
0.007141413
0.0069770538
0.0068022867
0.0066159099
0.0064168246
0.0062040757
0.0059769094
0.0057348557
0.0054778284
0.0052062734
0.0049213623
0.0046251863
0.0043209642
0.0040132105
0.0037077604
0.0034115929
0.0031324027
0.0028778791
0.0026548209
0.0024682615
0.0023206172
0.002211369
0.0021370577
0.0020915194
0.0020670813
0.0020557705
0.0020500576
0.0020435584
0.0020313977
0.0020103104
0.0019789925
0.0019376673
0.0018871672
0.0018287316
0.0017638434
0.0016939658
0.0016203924
0.0015441856
0.0014661677
0.0013869494
0.0013069764
0.0012265724
0.0011459781
0.0010653895
0.00098498863
0.00090496467
0.00082553891
0.00074699049
0.00066968984
0.00059410744
0.00052095543
0.00045100169
0.00038603787
0.00032629834
0.00028043627
0.0002339251
0.00027931794
-0.00015459472
0.018778681
0.018517944
0.018234523
0.017920716
0.017573884
0.017197414
0.016795783
0.016373009
0.01593343
0.015482085
0.015024355
0.014565529
0.014110582
0.013664037
0.013229855
0.012811332
0.012411055
0.012030893
0.011672036
0.01133504
0.011019911
0.010726182
0.01045301
0.010199265
0.0099636149
0.0097446017
0.0095407026
0.0093503774
0.009172102
0.0090043887
0.0088457928
0.0086949103
0.0085503678
0.0084108078
0.0082748739
0.0081411989
0.0080083999
0.0078750778
0.0077398248
0.0076012347
0.0074579114
0.0073084786
0.0071515892
0.006985934
0.0068102576
0.006623378
0.0064242177
0.006211844
0.0059855263
0.0057448161
0.0054896459
0.0052204705
0.0049384485
0.0046456276
0.0043451376
0.0040413425
0.0037398621
0.0034474016
0.0031713461
0.0029190824
0.0026971649
0.0025104787
0.0023614365
0.0022496469
0.0021718967
0.0021223854
0.0020938094
0.0020785009
0.0020691677
0.0020595732
0.0020449104
0.002021926
0.0019892327
0.0019469223
0.001895728
0.0018368026
0.0017715519
0.0017013813
0.0016275458
0.0015510846
0.0014728084
0.001393324
0.0013130769
0.0012323928
0.0011515153
0.0010706427
0.00098995896
0.0009096542
0.00082995004
0.00075112443
0.00067354507
0.00059767838
0.00052422704
0.00045394777
0.00038859479
0.00032838667
0.0002817284
0.00023473347
0.00027045898
-0.00013818301
0.018493775
0.018248486
0.017982318
0.017688404
0.017364313
0.017012837
0.0166377
0.01624224
0.015830121
0.015405687
0.01497366
0.014538773
0.014105565
0.013678254
0.013260622
0.012855906
0.012466735
0.012095111
0.011742417
0.011409453
0.01109649
0.010803342
0.010529438
0.010273906
0.01003565
0.0098134173
0.0096058616
0.009411588
0.0092291897
0.0090572707
0.0088944573
0.0087393997
0.0085907668
0.0084472359
0.0083074811
0.0081701642
0.0080339303
0.0078974083
0.0077592169
0.0076179744
0.0074723073
0.0073208601
0.0071623048
0.0069953518
0.0068187654
0.0066313846
0.0064321535
0.0062201623
0.0059947035
0.0057553494
0.0055020498
0.0052352664
0.0049561426
0.0046666805
0.0043699192
0.0040700729
0.0037725479
0.0034837801
0.0032108498
0.0029608468
0.0027400836
0.0025532969
0.0024028911
0.0022885971
0.0022074411
0.0021539755
0.0021212608
0.002101935
0.0020889453
0.0020762078
0.0020589887
0.002034049
0.0019999242
0.0019565797
0.0019046497
0.0018452003
0.0017795592
0.0017090731
0.0016349573
0.0015582264
0.0014796789
0.0013999166
0.0013193845
0.0012384099
0.0011572389
0.0010760725
0.00099509588
0.00091450047
0.00083450797
0.00075539507
0.0006775266
0.00060136466
0.00052760195
0.00045698372
0.00039122419
0.00033052911
0.00028302434
0.00023545614
0.00026190265
-0.00012244509
0.018218223
0.017987284
0.017737108
0.01746158
0.017158461
0.016830048
0.016479432
0.016109375
0.015722959
0.01532391
0.014916351
0.014504488
0.014092432
0.013684083
0.01328301
0.012892349
0.012514727
0.012152227
0.011806378
0.011478181
0.011168137
0.010876306
0.010602368
0.010345694
0.010105411
0.00988047
0.0096696986
0.0094718508
0.0092856422
0.0091097752
0.008942954
0.0087838905
0.0086313027
0.0084839084
0.0083404173
0.0081995241
0.0080599054
0.0079202203
0.0077791165
0.007635239
0.0074872388
0.0073337831
0.0071735653
0.0070053168
0.006827823
0.0066399447
0.0064406487
0.0062290481
0.0060044584
0.0057664723
0.0055150553
0.0052506737
0.0049744543
0.0046883513
0.0043953118
0.0040994005
0.0038058129
0.0035207197
0.0032509027
0.0030031594
0.0027835631
0.0025967029
0.00244497
0.0023282116
0.002243687
0.0021862908
0.0021494414
0.0021260828
0.0021094038
0.0020934777
0.0020736491
0.0020466963
0.0020110831
0.0019666545
0.001913946
0.0018539367
0.001787876
0.0017170508
0.0016426354
0.0015656189
0.0014867862
0.0014067336
0.0013259051
0.0012446292
0.0011631543
0.0010816835
0.0010004039
0.00091950764
0.00083921653
0.00075980591
0.00068163755
0.00060516898
0.00053108242
0.00046011124
0.00039392718
0.00033272639
0.00028432258
0.00023608879
0.00025364813
-0.00010739187
0.017951475
0.017733879
0.017498543
0.017240028
0.016956273
0.016649156
0.01632124
0.015974803
0.015612423
0.015237281
0.014852959
0.014463173
0.014071619
0.013681871
0.013297269
0.012920813
0.012555086
0.012202207
0.011863813
0.011541058
0.011234639
0.010944832
0.010671542
0.010414365
0.01017264
0.0099455121
0.0097319826
0.0095309549
0.0093412703
0.0091617351
0.0089911378
0.0088282583
0.0086718701
0.0085207374
0.0083736104
0.0082292207
0.0080862796
0.0079434794
0.007799499
0.0076530123
0.0075026972
0.0073472454
0.0071853738
0.0070158365
0.0068374413
0.0066490719
0.0064497185
0.0062385176
0.0060148074
0.0057782003
0.0055286762
0.0052667043
0.0049933925
0.0047106454
0.0044213169
0.0041293231
0.0038396511
0.0035582113
0.0032914927
0.0030460061
0.0028275887
0.0026406824
0.0024876607
0.0023684813
0.0022806295
0.002219331
0.0021783558
0.0021509533
0.0021305558
0.0021113982
0.0020889081
0.0020598845
0.0020227258
0.001977162
0.001923631
0.0018630244
0.0017965135
0.0017253244
0.0016505891
0.0015732701
0.0014941377
0.0014137819
0.001332645
0.0012510564
0.0011692667
0.001087481
0.0010058877
0.00092468001
0.00084407965
0.00076436051
0.00068588109
0.00060909406
0.00053467069
0.00046333205
0.00039670484
0.00033497951
0.00028562142
0.00023662726
0.00024569068
-9.3029203e-05
0.017693019
0.017487842
0.017266295
0.017023541
0.016757681
0.016470244
0.01616335
0.015838869
0.015498947
0.015146289
0.014783989
0.014415312
0.01404356
0.013671982
0.013303676
0.01294148
0.012587901
0.012245056
0.011914648
0.011597948
0.011295811
0.011008699
0.010736718
0.010479667
0.010237083
0.010008298
0.0097924813
0.0095886851
0.0093958787
0.0092129761
0.0090388554
0.0088723704
0.0087123557
0.0085576274
0.0084069811
0.0082591893
0.0081130015
0.0079671457
0.0078203349
0.007671274
0.00751867
0.0073612416
0.0071977308
0.007026916
0.0068476292
0.0066587781
0.0064593768
0.0062485857
0.0060257655
0.0057905478
0.0055429256
0.0052833688
0.005012965
0.0047335671
0.0044479351
0.0041598373
0.0038740556
0.0035962445
0.0033326067
0.003089372
0.0028721446
0.00268522
0.0025309501
0.0024093963
0.0023182626
0.002253095
0.002208008
0.0021765552
0.0021524137
0.002129984
0.0021047819
0.0020736306
0.0020348688
0.0019881178
0.0019337187
0.0018724764
0.0018054833
0.0017339043
0.0016588276
0.0015811883
0.0015017409
0.0014210683
0.0013396106
0.0012576976
0.0011755816
0.0010934698
0.001011552
0.00093002197
0.00084910137
0.00076906251
0.00069026045
0.00061314272
0.00053836908
0.00046664789
0.00039955823
0.00033728987
0.00028692026
0.00023706779
0.00023801966
-7.9362676e-05
0.017442379
0.017248774
0.017040052
0.016811913
0.016562606
0.01629337
0.016005951
0.015701877
0.015382928
0.015051388
0.01470992
0.014361376
0.014008688
0.013654789
0.013302525
0.012954559
0.012613293
0.012280811
0.011958843
0.011648745
0.011351494
0.011067709
0.010797671
0.010541359
0.010298495
0.010068586
0.0098509625
0.0096448238
0.0094492675
0.0092633179
0.0090859466
0.0089160864
0.0087526383
0.0085944753
0.0084404427
0.0082893583
0.0081400129
0.0079911735
0.0078415893
0.0076899989
0.0075351407
0.0073757624
0.0072106331
0.0070385576
0.0068583932
0.0066690728
0.0064696354
0.0062592655
0.0060373462
0.0058035278
0.0055578149
0.0053006766
0.005033178
0.0047571193
0.0044751656
0.0041909386
0.003909018
0.0036348078
0.0033742305
0.0031332409
0.0029172139
0.0027302994
0.0025748234
0.002450945
0.0023565787
0.0022875801
0.0022384004
0.0022028956
0.0021749886
0.0021492494
0.0021212866
0.0020879513
0.0020475288
0.0019995376
0.0019442238
0.0018823058
0.0018147972
0.0017428007
0.0016673603
0.0015893819
0.0015096035
0.0014285999
0.0013468083
0.0012645586
0.0011821047
0.0010996554
0.0010174016
0.00093553796
0.00085428574
0.00077391557
0.00069477888
0.00061731775
0.00054217987
0.00047006049
0.00040248829
0.00033965886
0.00028822101
0.00023741327
0.00023062279
-6.6407893e-05
0.017199113
0.017016297
0.016819517
0.016604945
0.016370964
0.016118572
0.015849202
0.015564098
0.015264721
0.014952997
0.014631204
0.014301819
0.013967429
0.013630667
0.013294127
0.012960283
0.012631413
0.012309541
0.011996393
0.011693376
0.011401561
0.011121691
0.010854196
0.010599217
0.010356642
0.01012614
0.0099071966
0.009699153
0.0095012337
0.0093125749
0.0091322449
0.008959259
0.0087925893
0.0086311702
0.0084739014
0.0083196493
0.0081672496
0.0080155113
0.0078632221
0.0077091574
0.0075520886
0.0073907949
0.0072240748
0.0070507608
0.0068697374
0.0066799637
0.0064805044
0.0062705686
0.0060495616
0.0058171518
0.0055733542
0.0053186355
0.0050540369
0.0047813039
0.0045030067
0.0042226215
0.0039445294
0.0036738889
0.0034163493
0.0031775961
0.0029627791
0.0027759034
0.0026192653
0.002493115
0.0023955696
0.0023227828
0.0022695348
0.0022299813
0.0021982915
0.0021692084
0.0021384381
0.0021028634
0.0020607226
0.0020114376
0.0019551613
0.0018925261
0.0018244674
0.001752025
0.0016761972
0.0015978599
0.0015177335
0.0014363841
0.001354245
0.0012716459
0.0011888418
0.001106043
0.0010234416
0.00094123262
0.00085963702
0.00077892355
0.00069943981
0.00062162209
0.00054610549
0.00047357162
0.00040549637
0.00034208386
0.00028953273
0.00023768952
0.00022349702
-5.4193525e-05
0.016962805
0.01679006
0.016604408
0.01640244
0.016182664
0.015945871
0.015693237
0.015425764
0.015144648
0.0148515
0.014548261
0.014237071
0.013920201
0.013599996
0.013278804
0.012958906
0.012642439
0.012331345
0.012027324
0.0117318
0.011445911
0.011170498
0.010906111
0.010653034
0.010411302
0.010180733
0.0099609587
0.0097514554
0.0095515726
0.0093605581
0.0091775783
0.0090017343
0.008832073
0.0086675942
0.0085072557
0.0083499764
0.0081946403
0.0080401007
0.0078851873
0.0077287138
0.0075694877
0.0074063216
0.0072380454
0.0070635212
0.0068816622
0.006691455
0.0064919908
0.0062825036
0.006062421
0.0058314288
0.0055895514
0.0053372513
0.0050755444
0.0048061206
0.0045314544
0.0042548784
0.0039805787
0.0037134738
0.0034589463
0.0032224191
0.0030088208
0.0028220129
0.0026642584
0.002535892
0.0024352248
0.0023586976
0.0023014108
0.0022578169
0.0022223314
0.0021898734
0.0021562511
0.0021183829
0.0020744665
0.0020238334
0.0019665458
0.0019031509
0.001834506
0.0017615877
0.0016853477
0.001606631
0.001526139
0.001444428
0.0013619273
0.0012789655
0.0011957985
0.001112638
0.0010296768
0.00094711042
0.00086515926
0.0007840901
0.00070424644
0.00062605849
0.00055014817
0.00047718287
0.00040858367
0.0003445621
0.000290862
0.00023792363
0.00021665815
-4.2737496e-05
0.016733069
0.016569733
0.01639446
0.016204213
0.01599761
0.015775275
0.015538166
0.015287084
0.015022999
0.014747253
0.014461488
0.014167547
0.013867409
0.013563151
0.013256885
0.012950695
0.01264657
0.012346352
0.01205169
0.011764006
0.011484475
0.011214008
0.010953257
0.010702622
0.010462268
0.010232149
0.01001203
0.009801517
0.0096000798
0.009407076
0.009221771
0.0090433535
0.008870948
0.0087036232
0.0085403983
0.0083802482
0.008222108
0.0080648786
0.0079074338
0.0077486284
0.0075873083
0.0074223215
0.0072525315
0.007076832
0.0068941661
0.0067035494
0.0065041003
0.0062950782
0.006075933
0.0058463672
0.0056064138
0.0053565294
0.0050977033
0.0048315687
0.0045605049
0.0042877021
0.0040171553
0.0037535489
0.0035020056
0.0032676922
0.0030553206
0.0028686097
0.0027097861
0.0025792622
0.0024755344
0.0023953192
0.0023340286
0.0022864078
0.0022471184
0.0022112581
0.0021747415
0.0021345271
0.0020887782
0.0020367423
0.0019783934
0.0019141949
0.0018449266
0.0017715011
0.0016948231
0.001615705
0.0015348288
0.0014527399
0.0013698628
0.0012865245
0.0012029815
0.0011194463
0.0010361128
0.00095317655
0.00087085724
0.00078941953
0.00070920259
0.00063063023
0.00055431062
0.00048089634
0.00041175159
0.00034709311
0.00029221357
0.0002381136
0.00021012294
-3.2038523e-05
0.016509536
0.016354997
0.016189415
0.016010077
0.015815702
0.015606776
0.015384075
0.015148234
0.014900031
0.014640575
0.014371251
0.014093635
0.013809443
0.013520503
0.013228702
0.012935931
0.012644023
0.012354711
0.012069575
0.011790013
0.011517211
0.01125213
0.010995498
0.010747812
0.010509349
0.010280182
0.0100602
0.0098491279
0.0096465516
0.0094519355
0.0092646431
0.0090839518
0.0089090657
0.0087391248
0.008573213
0.0084103639
0.0082495668
0.0080897727
0.0079299021
0.0077688534
0.0076055128
0.0074387665
0.0072675131
0.0070906799
0.0069072415
0.0067162437
0.0065168329
0.0063082946
0.0060901007
0.0058619703
0.0056239433
0.0053764699
0.005120511
0.0048576427
0.004590149
0.0043210799
0.0040542433
0.0037940954
0.003545506
0.0033133926
0.0031022547
0.0029156704
0.0027558264
0.0026232063
0.0025164829
0.002432637
0.0023673831
0.0023157543
0.0022726575
0.0022333714
0.0021939212
0.0021513097
0.0021036721
0.0020501784
0.0019907176
0.0019256707
0.0018557403
0.0017817753
0.0017046321
0.0016250901
0.0015438102
0.0014613264
0.0013780573
0.0012943283
0.0012103956
0.0011264727
0.0010427538
0.0009594348
0.00087673436
0.00079491484
0.00071431087
0.00063533947
0.00055859449
0.00048471305
0.00041500062
0.0003496765
0.00029358851
0.00023824328
0.00020391356
-2.2085606e-05
0.016291876
0.016145566
0.015989036
0.015819857
0.015636843
0.015440361
0.015231039
0.015009371
0.014775975
0.014531762
0.01427789
0.014015701
0.013746676
0.013472413
0.013194587
0.012914901
0.012635033
0.012356595
0.012081087
0.011809863
0.011544105
0.011284798
0.011032724
0.010788459
0.010552373
0.010324644
0.01010527
0.0098940873
0.0096907905
0.009494947
0.0093060165
0.0091233648
0.0089462767
0.0087739655
0.008605582
0.0084402213
0.0082769291
0.0081147093
0.0079525314
0.0077893397
0.0076240632
0.0074556279
0.00728297
0.007105052
0.0069208816
0.006729536
0.0065301907
0.0063221574
0.0061049302
0.0058782442
0.0056421458
0.0053970771
0.0051439699
0.0048843423
0.0046203835
0.0043550058
0.0040918339
0.0038351018
0.003589434
0.0033595051
0.0031496073
0.0029631792
0.002802365
0.0026677126
0.0025580622
0.0024706475
0.0024014756
0.002345863
0.0022989602
0.0022562287
0.0022138082
0.0021687502
0.0021191685
0.0020641619
0.0020035378
0.0019375962
0.0018669639
0.0017924255
0.0017147888
0.0016347989
0.001553095
0.0014701982
0.0013865211
0.0013023862
0.0012180497
0.0011337253
0.0010496076
0.00096589236
0.00088279726
0.00080058211
0.00071957677
0.00064019108
0.00056300399
0.00048863647
0.00041833355
0.00035231405
0.00029498867
0.0002383119
0.00019805085
-1.2868682e-05
0.016079756
0.015941155
0.015793087
0.015633378
0.015460925
0.015276001
0.015079108
0.014870625
0.014651034
0.014421077
0.014181719
0.013934092
0.013679468
0.013419235
0.013154872
0.0128879
0.012619846
0.012352196
0.012086358
0.01182363
0.011565169
0.011311969
0.011064848
0.010824437
0.010591184
0.010365355
0.010147046
0.0099361953
0.009732596
0.0095359146
0.0093457037
0.0091614163
0.008982418
0.0088079968
0.0086373718
0.0084697016
0.0083040909
0.0081395984
0.0079752449
0.0078100226
0.0076429057
0.007472862
0.0072988671
0.0071199206
0.0069350649
0.0067434096
0.0065441602
0.0063366553
0.0061204112
0.0058951786
0.0056610096
0.0054183371
0.0051680629
0.0049116469
0.0046511844
0.0043894521
0.0041298961
0.0038765345
0.0036337536
0.0034059924
0.0031973405
0.0030110989
0.0028493663
0.0027127487
0.002600244
0.0025093275
0.0024362893
0.002376723
0.0023260211
0.0022798294
0.0022344058
0.0021868548
0.0021352749
0.0020787007
0.0020168616
0.0019499785
0.0018786034
0.0018034569
0.0017252974
0.0016448349
0.0015626857
0.0014793574
0.0013952555
0.0013106995
0.0012259445
0.0011412045
0.0010566742
0.00097254907
0.00088904552
0.00080642067
0.00072499928
0.0006451837
0.00056753738
0.00049266438
0.00042174776
0.00035500267
0.0002964096
0.00023832894
0.00019255027
-4.3870809e-06
0.015329984
0.016241455
0.017703235
0.019478746
0.021737506
0.024613236
0.028238102
0.033268569
0.040096802
0.05405919
0.015329925
0.016241302
0.017702929
0.019478069
0.021735846
0.024608943
0.028226309
0.033220795
0.039928502
0.05189568
0.01532981
0.016241024
0.017702367
0.019476799
0.021732709
0.024600803
0.028204135
0.033131841
0.039632299
0.04948112
0.015329629
0.016240587
0.017701484
0.019474798
0.021727775
0.024588009
0.028169007
0.033001456
0.039190119
0.047345455
0.015329375
0.016239976
0.017700246
0.019471995
0.021720882
0.024570182
0.028119651
0.032832744
0.038633856
0.045461522
0.01532904
0.016239175
0.017698621
0.019468319
0.021711869
0.024546925
0.02805606
0.032628327
0.038000571
0.043734437
0.015328618
0.016238166
0.017696574
0.019463689
0.021700556
0.024517861
0.027977916
0.032389996
0.037328887
0.042119563
0.015328101
0.01623693
0.017694065
0.01945802
0.021686758
0.024482623
0.027884905
0.032120585
0.036634611
0.040600146
0.015327478
0.016235448
0.017691054
0.019451224
0.021670283
0.024440861
0.027776848
0.031822979
0.035922767
0.039170537
0.015326742
0.016233696
0.017687495
0.019443206
0.021650933
0.024392242
0.027653697
0.031499718
0.035199129
0.037826242
0.015325881
0.016231652
0.017683342
0.019433868
0.021628508
0.024336459
0.027515504
0.031153358
0.034469226
0.036562264
0.015324884
0.016229291
0.017678545
0.019423105
0.021602805
0.024273233
0.027362423
0.030786462
0.033737837
0.035373574
0.015323741
0.016226586
0.01767305
0.019410811
0.021573621
0.02420231
0.027194713
0.030401548
0.033009082
0.034255332
0.015322437
0.01622351
0.017666803
0.019396873
0.02154075
0.024123473
0.027012728
0.030001069
0.032286506
0.033202884
0.01532096
0.016220033
0.017659744
0.019381174
0.02150399
0.024036539
0.026816916
0.029587403
0.031573122
0.032211778
0.015319294
0.016216122
0.017651809
0.019363594
0.02146314
0.023941361
0.026607811
0.02916283
0.030871448
0.031277781
0.015317425
0.016211745
0.017642934
0.019344009
0.021418007
0.023837836
0.026386025
0.02872953
0.030183557
0.0303969
0.015315335
0.016206864
0.017633048
0.019322292
0.0213684
0.023725899
0.026152239
0.028289566
0.029511116
0.029565386
0.015313006
0.016201443
0.01762208
0.019298313
0.02131414
0.02360553
0.0259072
0.027844874
0.028855426
0.028779739
0.015310419
0.016195442
0.017609952
0.01927194
0.021255056
0.023476755
0.025651703
0.027397264
0.028217465
0.028036703
0.015307554
0.016188818
0.017596586
0.019243038
0.021190991
0.023339641
0.025386591
0.026948409
0.027597925
0.027333257
0.015304388
0.016181526
0.017581897
0.019211474
0.021121799
0.023194303
0.025112739
0.026499844
0.026997246
0.026666608
0.015300898
0.01617352
0.0175658
0.019177111
0.021047353
0.023040898
0.024831047
0.026052968
0.026415656
0.026034174
0.015297058
0.016164751
0.017548205
0.019139816
0.02096754
0.022879627
0.024542428
0.02560904
0.025853195
0.025433574
0.015292842
0.016155165
0.017529018
0.019099455
0.020882269
0.022710733
0.024247805
0.025169186
0.025309754
0.02486261
0.01528822
0.016144711
0.017508145
0.019055896
0.020791467
0.022534499
0.023948092
0.024734398
0.024785093
0.024319255
0.015283162
0.016133329
0.017485486
0.019009014
0.020695083
0.022351243
0.023644197
0.024305544
0.024278871
0.023801639
0.015277636
0.016120961
0.017460941
0.018958683
0.020593093
0.022161321
0.023337005
0.023883368
0.023790662
0.023308035
0.015271606
0.016107545
0.017434406
0.018904787
0.020485491
0.021965118
0.023027376
0.023468502
0.02331998
0.022836848
0.015265035
0.016093017
0.017405777
0.018847213
0.0203723
0.021763047
0.022716138
0.02306147
0.022866287
0.022386604
0.015257884
0.016077309
0.017374947
0.018785858
0.020253567
0.021555545
0.022404078
0.022662695
0.022429014
0.021955939
0.01525011
0.016060353
0.017341808
0.018720627
0.020129364
0.021343069
0.022091944
0.02227251
0.022007567
0.02154359
0.015241669
0.016042076
0.017306253
0.018651434
0.019999791
0.021126091
0.021780433
0.021891164
0.021601339
0.021148389
0.015232514
0.016022405
0.017268175
0.018578205
0.019864969
0.020905094
0.021470198
0.02151883
0.021209719
0.020769251
0.015222595
0.016001265
0.017227466
0.018500878
0.019725047
0.020680569
0.021161835
0.021155612
0.020832093
0.020405171
0.015211857
0.015978576
0.017184021
0.018419401
0.019580196
0.020453008
0.020855891
0.020801555
0.020467857
0.020055217
0.015200246
0.015954261
0.017137738
0.018333739
0.019430611
0.020222903
0.020552858
0.020456648
0.020116415
0.019718521
0.015187702
0.015928238
0.017088516
0.01824387
0.019276505
0.019990738
0.020253176
0.020120836
0.019777182
0.019394279
0.015174162
0.015900425
0.017036258
0.018149788
0.019118113
0.019756989
0.019957233
0.019794022
0.019449591
0.019081741
0.015159559
0.015870738
0.016980872
0.018051501
0.018955685
0.01952212
0.019665366
0.019476072
0.019133091
0.01878021
0.015143826
0.015839096
0.016922272
0.017949034
0.018789489
0.019286576
0.019377861
0.019166826
0.018827149
0.018489035
0.015126888
0.015805413
0.016860378
0.017842429
0.018619803
0.019050785
0.019094961
0.018866097
0.018531251
0.018207611
0.01510867
0.015769606
0.016795116
0.017731742
0.018446918
0.018815154
0.018816864
0.018573677
0.018244904
0.017935372
0.015089092
0.015731591
0.016726421
0.017617047
0.01827113
0.018580065
0.018543723
0.018289343
0.017967632
0.01767179
0.015068069
0.015691286
0.016654235
0.017498435
0.018092743
0.018345875
0.018275658
0.018012856
0.01769898
0.017416369
0.015045516
0.01564861
0.016578513
0.01737601
0.017912063
0.018112915
0.018012749
0.017743971
0.017438513
0.017168648
0.015021341
0.015603484
0.016499217
0.017249894
0.017729395
0.01788149
0.017755046
0.017482431
0.017185812
0.016928192
0.014995451
0.015555829
0.016416321
0.017120221
0.017545045
0.017651876
0.017502568
0.017227977
0.016940478
0.016694589
0.014967751
0.015505571
0.01632981
0.016987141
0.017359311
0.017424321
0.01725531
0.016980348
0.016702136
0.016467467
0.01493814
0.015452648
0.016239683
0.01685082
0.017172486
0.017199042
0.017013231
0.016739266
0.016470403
0.016246448
0.014905177
0.015394698
0.01614205
0.016705641
0.016977073
0.016966987
0.016766449
0.016494725
0.016235569
0.016022242
0.014864716
0.015324976
0.01602593
0.016536078
0.016753191
0.016705336
0.016491113
0.016223236
0.015975082
0.015773275
0.014812231
0.01523691
0.015881284
0.01632921
0.016486192
0.01639897
0.016172479
0.015910707
0.015675443
0.015486496
0.014743591
0.015125746
0.015701911
0.016078539
0.016171027
0.016044726
0.015808608
0.015555608
0.015335064
0.015160117
0.01465306
0.014985543
0.015481207
0.015777711
0.01580364
0.015640953
0.0153991
0.015157769
0.01495359
0.014793562
0.014533062
0.014809012
0.015212257
0.015421103
0.015381589
0.015187957
0.014945358
0.014718519
0.014531869
0.014387185
0.014374225
0.014587709
0.014888003
0.015004563
0.014904631
0.014688114
0.014450441
0.014240679
0.014072445
0.013943368
0.014165129
0.014311923
0.014502275
0.01452675
0.014375547
0.01414604
0.013918676
0.013727325
0.013577107
0.013462979
0.01389263
0.013971494
0.014051026
0.0139898
0.013799846
0.013568062
0.013356481
0.013185319
0.01305332
0.012953783
0.013543019
0.013557079
0.013533267
0.013399353
0.013184769
0.01295912
0.012764973
0.012612266
0.012496368
0.012409933
0.013104308
0.013061986
0.012951483
0.012763901
0.01254085
0.012331913
0.012160646
0.012028405
0.011928697
0.011854586
0.012569356
0.012485081
0.012312071
0.012091026
0.011868032
0.011674368
0.011520738
0.011404398
0.011318117
0.011254815
0.011940641
0.011831787
0.011626824
0.011401196
0.011200231
0.011036547
0.010908516
0.010810923
0.010738091
0.01068458
0.011233602
0.011116697
0.010899638
0.010671274
0.010478255
0.010328222
0.010215182
0.0101314
0.010070057
0.010025516
0.010478603
0.010376418
0.010194711
0.010016256
0.0098718702
0.0097586176
0.0096700387
0.0096022981
0.0095518751
0.0095149615
0.0097154647
0.0096039449
0.0094073756
0.0092179636
0.0090744488
0.0089722203
0.008898225
0.0088437966
0.008803959
0.0087751039
0.0090375013
0.0090175046
0.0089407227
0.0088483609
0.0087630272
0.0086903367
0.0086313641
0.0085855638
0.0085511238
0.0085256853
0.0083327187
0.0081686465
0.007984054
0.0078513733
0.0077614529
0.0076948793
0.0076439211
0.0076060509
0.0075785648
0.0075586358
0.015864263
0.015733195
0.01559338
0.015442871
0.015280652
0.015106914
0.014922053
0.014726346
0.01452016
0.014304085
0.014078912
0.013845585
0.01360518
0.013358889
0.013107999
0.012853856
0.01259783
0.012341275
0.012085498
0.011831726
0.011581076
0.011334533
0.011092931
0.010856946
0.010627086
0.010403694
0.010186955
0.0099768994
0.0097734173
0.0095762706
0.0093851049
0.0091994618
0.00901879
0.0088424555
0.0086697499
0.0084998995
0.0083320722
0.0081653859
0.007998917
0.0078317099
0.0076627875
0.0074911636
0.0073158568
0.0071359068
0.0069503941
0.0067584632
0.0065593519
0.0063524272
0.0061372286
0.0059135227
0.0056813668
0.0054411834
0.0051938421
0.004940742
0.0046838813
0.0044258982
0.0041700575
0.0039201589
0.0036803483
0.0034548264
0.0032474775
0.0030614611
0.0028988259
0.0027602318
0.0026448316
0.0025503402
0.0024733315
0.0024096821
0.0023550334
0.0023052247
0.0022566402
0.0022064446
0.0021527271
0.002094462
0.0020313017
0.0019633875
0.0018911942
0.0018153761
0.0017366398
0.0016556578
0.0015730213
0.0014892232
0.0014046604
0.0013196486
0.0012344416
0.0011492532
0.001064278
0.00097971076
0.00089576653
0.00081269936
0.00073082843
0.00065054786
0.00057240437
0.00049698363
0.00042540276
0.0003578691
0.00029792461
0.00023830181
0.00018724453
3.6822745e-06
0.015624611
0.01550156
0.015370511
0.015229746
0.015078335
0.014916397
0.014744226
0.014562009
0.014370002
0.014168652
0.013958581
0.013740548
0.013515434
0.013284232
0.013048031
0.012807991
0.012565308
0.01232119
0.012076822
0.011833339
0.011591798
0.011353154
0.011118244
0.010887768
0.010662287
0.010442212
0.01022781
0.010019205
0.009816384
0.00961921
0.0094274282
0.009240677
0.0090584982
0.0088803459
0.0087055955
0.0085335516
0.0083634562
0.008194497
0.0080258161
0.00785652
0.0076856898
0.0075123942
0.0073357033
0.0071547053
0.0069685255
0.0067763504
0.0065774557
0.0063712415
0.0061572742
0.005935338
0.0057054951
0.0054681552
0.0052241501
0.0049748089
0.0047220201
0.0044682667
0.004216612
0.003970614
0.0037341534
0.0035111677
0.0033053136
0.0031195917
0.0029559911
0.0028152257
0.0026966132
0.002598128
0.0025166554
0.0024483861
0.0023892429
0.0023352865
0.0022830502
0.0022297726
0.0021735406
0.0021132687
0.0020485268
0.001979368
0.0019061812
0.0018295455
0.0017501073
0.0016684953
0.0015852712
0.001500909
0.0014157954
0.0013302406
0.0012444963
0.0011587755
0.0010732723
0.00098818054
0.00090371327
0.00082012078
0.00073771554
0.00065688173
0.00057814625
0.00050207275
0.00042970142
0.00036122669
0.00029969767
0.00023820662
0.00018181017
1.1938382e-05
0.015348059
0.015233764
0.015112277
0.014982111
0.014842423
0.014693266
0.014534838
0.014367243
0.014190634
0.014005321
0.013811764
0.013610538
0.013402329
0.013187925
0.01296821
0.012744138
0.012516721
0.012286993
0.012055994
0.01182474
0.011594202
0.01136528
0.011138786
0.010915429
0.010695802
0.010480372
0.01026948
0.010063339
0.009862038
0.0096655425
0.0094737061
0.0092862748
0.0091028961
0.0089231269
0.0087464407
0.0085722362
0.0083998451
0.0082285404
0.0080575451
0.0078860421
0.0077131855
0.0075381122
0.0073599568
0.0071778678
0.0069910271
0.0067986731
0.0066001282
0.006394833
0.0061823861
0.0059625924
0.005735519
0.0055015588
0.0052614979
0.0050165821
0.0047685714
0.0045197691
0.0042730067
0.0040315666
0.0037990268
0.0035790252
0.003374957
0.0031896385
0.0030249843
0.0028817615
0.0027594684
0.0026563669
0.0025696939
0.0024960013
0.0024315402
0.0023726355
0.0023160024
0.002258976
0.0021996521
0.002136886
0.002070158
0.0019994214
0.0019249659
0.001847282
0.0017669442
0.0016845276
0.0016005568
0.0015154819
0.0014296756
0.0013434404
0.0012570246
0.0011706392
0.0010844774
0.0009987315
0.00091361164
0.00082936322
0.00074629016
0.00066476411
0.00058528729
0.00050839561
0.00043503631
0.00036538014
0.00030191811
0.00023799821
0.00017630063
2.0521008e-05
0.015032644
0.014927713
0.014816432
0.014697531
0.014570259
0.014434613
0.01429071
0.01413858
0.013978286
0.013810016
0.013634079
0.013450879
0.013260914
0.013064772
0.012863131
0.012656739
0.012446404
0.012232977
0.012017327
0.011800329
0.011582835
0.011365663
0.011149571
0.010935244
0.010723283
0.01051419
0.010308364
0.010106094
0.0099075592
0.0097128287
0.0095218654
0.009334529
0.0091505822
0.008969696
0.0087914564
0.0086153715
0.0084408788
0.0082673532
0.0080941153
0.0079204417
0.0077455751
0.0075687371
0.007389142
0.0072060132
0.0070186023
0.0068262117
0.0066282214
0.006424121
0.0062135474
0.0059963297
0.0057725401
0.0055425504
0.0053070925
0.0050673152
0.0048248311
0.0045817393
0.0043406109
0.0041044194
0.0038764055
0.0036598717
0.0034579193
0.0032731533
0.0031073963
0.0029614638
0.0028350432
0.0027267077
0.0026340811
0.0025541215
0.0024834569
0.0024187218
0.0023568526
0.0022953086
0.0022322114
0.0021663638
0.0020971529
0.0020244224
0.0019483499
0.0018693236
0.0017878334
0.0017043895
0.0016194703
0.0015334957
0.0014468194
0.0013597334
0.00127248
0.0011852675
0.0010982866
0.0010117272
0.00092579554
0.00084073044
0.00075682497
0.00067443482
0.00059403178
0.00051611657
0.00044152588
0.00037039123
0.00030458674
0.00023773687
0.00017065172
2.900033e-05
0.014677619
0.014582488
0.01448185
0.014374633
0.014260185
0.014138464
0.014009518
0.013873318
0.013729855
0.013579213
0.013421573
0.013257187
0.013086383
0.012909568
0.01272722
0.01253989
0.012348183
0.012152755
0.011954295
0.011753512
0.011551118
0.011347816
0.011144278
0.010941133
0.010738956
0.010538253
0.010339449
0.010142889
0.0099488239
0.0097574123
0.0095687187
0.0093827141
0.009199278
0.0090182023
0.008839195
0.0086618861
0.0084858334
0.0083105297
0.0081354105
0.0079598633
0.0077832377
0.0076048575
0.0074240339
0.0072400818
0.0070523381
0.0068601833
0.006663067
0.0064605378
0.0062522786
0.0060381466
0.005818219
0.0055928431
0.0053626879
0.0051287922
0.004892603
0.0046559935
0.0044212484
0.0041910039
0.0039681331
0.0037555726
0.0035561
0.0033720831
0.0032052324
0.0030564009
0.0029254663
0.0028113265
0.0027120191
0.0026249473
0.0025471616
0.0024756538
0.0024076241
0.0023406902
0.0022730245
0.0022033915
0.0021310874
0.0020558407
0.0019777065
0.0018969576
0.0018139857
0.001729224
0.0016430945
0.0015559784
0.0014682045
0.0013800499
0.0012917481
0.0012035022
0.001115499
0.0010279245
0.00094097929
0.00085489355
0.00076994645
0.00068647352
0.00060490899
0.00052570982
0.00044958044
0.00037660781
0.00030794677
0.0002380154
0.00016503372
3.7095514e-05
0.01428296
0.014197782
0.014107919
0.014012471
0.013910885
0.013803095
0.0136891
0.013568827
0.013442213
0.013309264
0.013170055
0.013024716
0.012873433
0.01271645
0.012554077
0.012386677
0.012214669
0.01203852
0.011858735
0.011675849
0.011490417
0.011303001
0.011114158
0.01092443
0.010734327
0.01054432
0.010354831
0.01016622
0.0099787818
0.0097927392
0.0096082379
0.0094253454
0.0092440495
0.0090642587
0.0088858047
0.0087084447
0.0085318658
0.0083556909
0.0081794844
0.0080027608
0.0078249936
0.0076456265
0.0074640856
0.0072797947
0.0070921927
0.0069007535
0.0067050098
0.0065045806
0.0062992026
0.0060887659
0.0058733544
0.0056532876
0.0054291645
0.0052019027
0.0049727696
0.0047433951
0.0045157586
0.0042921387
0.004075019
0.003866948
0.0036703566
0.0034873521
0.0033195118
0.0031677082
0.003032
0.0029116091
0.0028049997
0.002710047
0.002624262
0.0025450381
0.0024698842
0.0023966167
0.0023234922
0.0022492607
0.0021731395
0.0020947428
0.0020139971
0.0019310498
0.0018461818
0.0017597367
0.0016720685
0.0015835101
0.0014943579
0.001404868
0.001315261
0.0012257318
0.0011364607
0.0010476276
0.00095942504
0.00087207176
0.00078582918
0.00070100731
0.00061799484
0.00053719343
0.00045915884
0.00038390484
0.00031191036
0.00023842779
0.00015943743
4.4083456e-05
0.01385089
0.013775573
0.013696329
0.013612427
0.013523403
0.013429177
0.013329715
0.013224916
0.013114684
0.01299897
0.012877773
0.012751129
0.012619113
0.012481844
0.012339488
0.012192254
0.012040398
0.011884215
0.01172404
0.011560239
0.011393205
0.01122335
0.011051098
0.010876872
0.01070109
0.010524153
0.010346435
0.010168278
0.0099899804
0.0098117917
0.009633907
0.0094564622
0.0092795305
0.0091031205
0.0089271753
0.0087515732
0.0085761294
0.0084005996
0.0082246843
0.0080480348
0.0078702609
0.0076909403
0.0075096296
0.0073258775
0.0071392404
0.0069493008
0.0067556879
0.0065581024
0.0063563438
0.0061503411
0.0059401868
0.005726172
0.0055088214
0.0052889254
0.0050675631
0.0048461126
0.0046262389
0.0044098544
0.0041990449
0.0039959602
0.0038026716
0.0036210091
0.0034523948
0.003297698
0.003157135
0.0030302347
0.0029158815
0.0028124307
0.0027178778
0.0026300531
0.0025468171
0.002466229
0.0023866712
0.0023069145
0.0022261204
0.0021438003
0.0020597545
0.0019739998
0.0018866974
0.0017980893
0.00170845
0.0016180534
0.0015271542
0.0014359803
0.0013447337
0.0012535962
0.0011627384
0.0010723306
0.00098255397
0.00089361225
0.00080574411
0.00071922764
0.0006343967
0.00055158608
0.00047118385
0.00039312989
0.00031720577
0.00023996409
0.00015500829
5.0076388e-05
0.013381763
0.013315947
0.01324688
0.013173955
0.013096817
0.013015391
0.012929617
0.012839383
0.012744576
0.012645115
0.012540949
0.012432051
0.012318418
0.012200077
0.012077087
0.011949538
0.011817555
0.011681294
0.011540943
0.011396719
0.011248865
0.011097648
0.010943354
0.010786278
0.010626724
0.010464997
0.010301394
0.010136199
0.0099696742
0.0098020578
0.0096335534
0.0094643272
0.0092945026
0.009124157
0.0089533187
0.0087819656
0.008610025
0.0084373745
0.008263844
0.0080892203
0.0079132515
0.007735655
0.0075561255
0.0073743463
0.0071900027
0.0070027964
0.0068124643
0.0066187983
0.0064216689
0.0062210501
0.006017047
0.0058099244
0.0056001337
0.0053883381
0.0051754298
0.0049625373
0.0047510164
0.0045424203
0.0043384446
0.0041408462
0.0039513372
0.0037714621
0.0036024702
0.003445199
0.0032999879
0.0031666368
0.0030444206
0.0029321593
0.0028283346
0.0027312335
0.0026391019
0.0025502845
0.0024633373
0.0023770975
0.0022907071
0.0022035997
0.0021154629
0.0020261876
0.001935812
0.0018444689
0.001752343
0.0016596383
0.0015665577
0.0014732921
0.0013800174
0.0012868964
0.0011940849
0.0011017391
0.0010100243
0.00091912416
0.00082924879
0.00074063669
0.00065355759
0.00056826628
0.00048497884
0.00040353613
0.00032319368
0.00024130977
0.00015141631
5.4175072e-05
0.012883284
0.012826323
0.012766707
0.012703958
0.012637788
0.012568122
0.012494893
0.012417989
0.012337294
0.012252714
0.01216417
0.012071599
0.011974949
0.011874189
0.011769304
0.011660303
0.011547216
0.011430095
0.011309016
0.011184078
0.011055399
0.010923121
0.010787403
0.010648421
0.010506362
0.010361425
0.01021381
0.010063722
0.0099113583
0.0097569081
0.0096005467
0.0094424306
0.0092826931
0.0091214403
0.008958748
0.008794659
0.008629181
0.0084622866
0.008293913
0.0081239638
0.0079523124
0.0077788062
0.0076032727
0.0074255276
0.0072453849
0.0070626683
0.0068772257
0.0066889448
0.0064977713
0.006303729
0.0061069407
0.0059076498
0.0057062411
0.0055032593
0.0052994217
0.0050956239
0.0048929332
0.0046925684
0.0044958611
0.0043041991
0.0041189516
0.0039413824
0.0037725559
0.0036132493
0.0034638817
0.0033244715
0.0031946316
0.0030736042
0.0029603318
0.0028535544
0.0027519201
0.002654094
0.0025588524
0.0024651509
0.0023721612
0.0022792782
0.0021861053
0.0020924246
0.0019981586
0.0019033306
0.0018080297
0.0017123814
0.0016165269
0.0015206111
0.0014247748
0.0013291546
0.0012338845
0.0011391005
0.0010449465
0.00095157974
0.00085917486
0.0007679224
0.00067801983
0.00058963019
0.00050280976
0.00041727818
0.00033204248
0.00024451986
0.00015051093
5.7931304e-05
0.012349233
0.012300457
0.01224949
0.012195952
0.012139657
0.012080548
0.012018552
0.01195356
0.011885463
0.011814166
0.011739584
0.011661635
0.011580243
0.011495344
0.011406883
0.011314818
0.01121912
0.011119772
0.011016774
0.010910139
0.010799897
0.010686094
0.010568788
0.010448054
0.010323979
0.010196663
0.010066213
0.0099327453
0.0097963796
0.0096572379
0.0095154406
0.0093711036
0.0092243348
0.0090752313
0.0089238764
0.0087703367
0.0086146606
0.0084568764
0.0082969917
0.0081349937
0.0079708499
0.0078045112
0.0076359147
0.0074649894
0.0072916624
0.0071158672
0.0069375537
0.0067566991
0.0065733215
0.0063874939
0.0061993593
0.0060091464
0.0058171841
0.0056239149
0.005429904
0.0052358433
0.0050425484
0.004850945
0.0046620446
0.0044769072
0.0042965925
0.0041221016
0.0039543126
0.0037939181
0.0036413707
0.0034968445
0.0033602197
0.0032310931
0.0031088144
0.0029925437
0.0028813238
0.002774157
0.0026700772
0.0025682091
0.0024678091
0.002368285
0.0022691996
0.0021702582
0.0020712888
0.0019722162
0.0018730359
0.001773792
0.0016745579
0.0015754233
0.001476486
0.0013778474
0.001279612
0.0011818884
0.0010847914
0.00098844478
0.00089298007
0.00079853223
0.00070521914
0.00061311313
0.00052211029
0.00043192449
0.00034120321
0.00024934298
0.00014970892
5.8873492e-05
0.01180271
0.0117611
0.011717727
0.0116723
0.011624664
0.011574764
0.011522536
0.011467884
0.011410714
0.011350936
0.011288466
0.011223219
0.011155115
0.011084075
0.011010026
0.010932902
0.010852641
0.01076919
0.010682502
0.010592542
0.010499279
0.010402696
0.010302785
0.010199548
0.010092995
0.0099831485
0.0098700394
0.0097537065
0.0096341966
0.0095115624
0.0093858615
0.0092571547
0.0091255043
0.0089909722
0.0088536181
0.008713498
0.0085706623
0.008425155
0.0082770122
0.0081262623
0.007972926
0.0078170169
0.0076585439
0.0074975136
0.0073339341
0.00716782
0.0069991985
0.0068281166
0.0066546494
0.0064789093
0.006301056
0.0061213064
0.0059399446
0.0057573302
0.0055739047
0.005390195
0.0052068112
0.0050244399
0.0048438289
0.0046657657
0.0044910475
0.0043204444
0.0041546593
0.0039942855
0.0038397679
0.003691373
0.0035491692
0.0034130241
0.0032826173
0.003157469
0.0030369804
0.0029204816
0.0028072812
0.0026967114
0.0025881644
0.0024811177
0.0023751469
0.0022699277
0.0021652298
0.0020609044
0.0019568692
0.0018530928
0.0017495811
0.0016463651
0.0015434928
0.0014410235
0.0013390241
0.0012375677
0.001136733
0.0010366022
0.00093725741
0.00083877196
0.0007411841
0.00064447829
0.00054843728
0.00045277532
0.0003561085
0.00025881824
0.00015326997
6.160105e-05
0.01121088
0.01117582
0.011139292
0.011101076
0.011061094
0.011019309
0.010975658
0.010930056
0.010882422
0.01083268
0.010780753
0.010726563
0.010670032
0.010611082
0.010549637
0.010485623
0.010418967
0.010349601
0.010277458
0.010202475
0.010124595
0.010043764
0.0099599355
0.0098730667
0.009783122
0.0096900721
0.009593894
0.0094945715
0.0093920949
0.0092864609
0.0091776723
0.0090657373
0.0089506694
0.0088324866
0.0087112104
0.0085868657
0.0084594799
0.008329082
0.0081957027
0.0080593737
0.0079201281
0.0077780006
0.0076330286
0.0074852537
0.0073347231
0.007181493
0.0070256317
0.0068672232
0.0067063725
0.0065432105
0.0063778999
0.0062106412
0.0060416781
0.0058713026
0.0056998595
0.0055277474
0.0053554193
0.005183378
0.0050121685
0.004842366
0.0046745589
0.004509328
0.0043472221
0.0041887328
0.0040342685
0.0038841325
0.0037385065
0.0035974412
0.0034608571
0.003328554
0.0032002296
0.003075505
0.002953953
0.0028351273
0.0027185904
0.0026039356
0.0024908044
0.0023788955
0.0022679677
0.0021578377
0.0020483739
0.0019394896
0.0018311337
0.0017232832
0.0016159357
0.0015091046
0.0014028137
0.0012970943
0.0011919816
0.0010875104
0.00098370803
0.00088058464
0.00077810415
0.00067617884
0.00057451732
0.00047287099
0.00036988372
0.00026662923
0.00015543301
6.1755642e-05
0.01064746
0.010617807
0.010586987
0.010554841
0.01052128
0.010486267
0.010449752
0.01041167
0.010371953
0.010330536
0.010287352
0.010242335
0.010195414
0.010146519
0.01009558
0.010042525
0.0099872839
0.0099297852
0.0098699584
0.0098077341
0.0097430438
0.0096758208
0.0096060006
0.0095335208
0.0094583219
0.0093803477
0.0092995453
0.0092158657
0.0091292642
0.0090397003
0.0089471384
0.0088515474
0.0087529015
0.0086511795
0.0085463658
0.0084384497
0.0083274258
0.0082132939
0.0080960594
0.0079757332
0.0078523322
0.00772588
0.0075964071
0.0074639527
0.0073285657
0.0071903063
0.0070492479
0.0069054781
0.0067591014
0.0066102417
0.0064590459
0.0063056862
0.0061503635
0.0059933099
0.0058347906
0.0056751053
0.005514588
0.0053536049
0.0051925508
0.0050318427
0.0048719111
0.004713189
0.0045560982
0.0044010353
0.0042483557
0.0040983601
0.0039512811
0.0038072744
0.0036664142
0.0035286931
0.0033940274
0.0032622673
0.0031332112
0.0030066226
0.0028822462
0.0027598226
0.0026391001
0.0025198462
0.0024018555
0.0022849538
0.0021689993
0.0020538811
0.0019395155
0.0018258415
0.0017128168
0.0016004134
0.0014886141
0.0013774077
0.0012667845
0.0011567311
0.0010472212
0.00093820675
0.0008295898
0.00072123113
0.00061280202
0.00050411434
0.00039386846
0.0002836889
0.00016540519
6.6714407e-05
0.0099948097
0.0099703977
0.0099450183
0.00991855
0.0098909572
0.0098622171
0.009832285
0.0098011043
0.0097686197
0.0097347783
0.0096995257
0.0096628049
0.0096245569
0.0095847216
0.0095432375
0.0095000417
0.0094550703
0.0094082583
0.0093595398
0.0093088482
0.0092561163
0.009201277
0.0091442627
0.0090850064
0.0090234415
0.0089595022
0.0088931238
0.0088242429
0.0087527982
0.0086787302
0.008601982
0.0085224995
0.0084402318
0.0083551312
0.0082671544
0.008176262
0.0080824194
0.0079855973
0.0078857718
0.0077829252
0.0076770467
0.0075681331
0.0074561894
0.0073412306
0.0072232826
0.0071023821
0.0069785776
0.0068519303
0.0067225168
0.0065904306
0.0064557835
0.0063187065
0.0061793521
0.0060378944
0.0058945297
0.0057494773
0.0056029788
0.0054552974
0.0053067164
0.0051575357
0.005008068
0.0048586325
0.004709549
0.0045611292
0.0044136692
0.0042674401
0.0041226806
0.0039795893
0.0038383196
0.0036989763
0.0035616147
0.0034262423
0.0032928246
0.0031612914
0.0030315438
0.0029034641
0.0027769227
0.0026517846
0.0025279178
0.0024051981
0.0022835112
0.0021627553
0.0020428427
0.0019236984
0.0018052585
0.0016874674
0.0015702754
0.001453635
0.0013374965
0.0012218025
0.0011064794
0.000991431
0.00087651328
0.0007615551
0.00064621646
0.00053037011
0.00041279811
0.0002955324
0.00017045047
6.7791167e-05
0.0094893605
0.0094688822
0.0094476582
0.0094256041
0.0094026388
0.0093787264
0.0093538407
0.0093279439
0.0093009905
0.009272935
0.0092437321
0.0092133351
0.0091816951
0.0091487615
0.0091144822
0.0090788038
0.0090416711
0.0090030277
0.0089628156
0.0089209757
0.0088774474
0.008832169
0.0087850777
0.0087361097
0.0086852007
0.0086322855
0.0085772986
0.008520174
0.0084608459
0.0083992487
0.0083353168
0.0082689857
0.0082001912
0.0081288707
0.0080549624
0.0079784064
0.007899144
0.0078171187
0.0077322756
0.0076445617
0.0075539246
0.0074603172
0.0073636797
0.0072639773
0.0071612804
0.0070557004
0.0069472888
0.0068360642
0.0067220595
0.0066053267
0.0064859322
0.0063639566
0.0062394952
0.0061126583
0.0059835716
0.0058523776
0.0057192361
0.0055843233
0.0054478313
0.0053099661
0.0051709457
0.0050309969
0.0048903528
0.0047492481
0.0046079158
0.0044665815
0.0043254588
0.0041847447
0.0040446152
0.0039052226
0.0037666938
0.0036291281
0.0034925959
0.0033571397
0.0032227771
0.0030895047
0.0029573024
0.0028261365
0.0026959632
0.002566732
0.0024383871
0.0023108694
0.0021841187
0.0020580764
0.0019326845
0.0018078847
0.0016836165
0.001559815
0.0014364071
0.0013133081
0.0011904141
0.001067599
0.00094469198
0.00082150891
0.00069770249
0.00057319663
0.00044672222
0.00032061745
0.00018565144
7.4972278e-05
0.0087552001
0.0087393567
0.0087228953
0.0087057611
0.008687928
0.0086693753
0.0086500752
0.0086299936
0.0086090948
0.0085873431
0.0085647025
0.0085411348
0.0085166006
0.0084910587
0.0084644665
0.0084367796
0.0084079519
0.0083779354
0.008346681
0.0083141377
0.0082802531
0.0082449729
0.0082082413
0.008170001
0.008130193
0.0080887568
0.0080456305
0.0080007506
0.0079540523
0.0079054697
0.0078549353
0.0078023807
0.0077477364
0.0076909316
0.0076318949
0.0075705537
0.0075068347
0.0074406632
0.0073719637
0.0073006592
0.007226671
0.0071499182
0.0070703174
0.0069877763
0.0069022367
0.0068137092
0.0067222202
0.0066277992
0.0065304908
0.0064303601
0.006327494
0.006222001
0.006114031
0.0060037125
0.0058911079
0.0057762799
0.0056593113
0.0055402998
0.0054193543
0.0052965941
0.0051721482
0.0050461555
0.004918763
0.0047901241
0.0046603962
0.0045297396
0.0043983152
0.0042662805
0.0041337869
0.0040009781
0.003867988
0.0037349384
0.0036019372
0.0034690776
0.0033364377
0.0032040799
0.0030720512
0.002940385
0.0028091014
0.002678209
0.0025477067
0.0024175841
0.0022878213
0.0021583895
0.0020292523
0.0019003655
0.0017716753
0.0016431168
0.0015146115
0.0013860649
0.0012573607
0.0011283606
0.00099888467
0.00086875057
0.0007376214
0.00060548312
0.00047108994
0.00033714418
0.00019410887
7.8085069e-05
0.0085078941
0.0084935776
0.0084787813
0.0084634449
0.0084474752
0.0084308382
0.0084135227
0.0083955061
0.0083767549
0.0083572354
0.0083369151
0.0083157606
0.0082937367
0.0082708063
0.0082469314
0.0082220721
0.0081961871
0.0081692339
0.0081411683
0.0081119445
0.0080815154
0.0080498322
0.0080168444
0.0079825004
0.0079467469
0.0079095295
0.0078707922
0.007830478
0.0077885289
0.0077448858
0.0076994891
0.0076522784
0.0076031932
0.007552173
0.0074991576
0.0074440877
0.0073869051
0.0073275536
0.0072659797
0.0072021331
0.0071359684
0.0070674421
0.0069965285
0.0069231879
0.0068473085
0.0067687699
0.0066875189
0.0066035459
0.0065168482
0.0064274291
0.006335304
0.0062405022
0.0061430714
0.0060430666
0.0059405413
0.0058355629
0.0057282177
0.0056186139
0.0055068823
0.0053931215
0.0052773914
0.0051597581
0.0050403033
0.0049191171
0.0047962956
0.0046719407
0.0045461598
0.0044190644
0.0042907686
0.0041613877
0.0040310361
0.0038998263
0.0037678673
0.0036352635
0.0035021131
0.0033685074
0.0032345297
0.0031002547
0.0029657477
0.0028310642
0.0026962495
0.0025613389
0.0024263566
0.0022913143
0.0021562106
0.0020210309
0.001885746
0.0017503106
0.0016146609
0.0014787122
0.0013423546
0.0012054538
0.0010678314
0.00092930998
0.00078954598
0.00064855358
0.0005049841
0.00036181261
0.00020844687
8.4497125e-05
0.0075446208
0.0075332721
0.0075214944
0.0075093083
0.0074966579
0.0074835037
0.0074698308
0.0074556239
0.0074408594
0.0074255107
0.0074095516
0.007392956
0.0073756963
0.0073577437
0.0073390685
0.0073196398
0.0072994253
0.0072783919
0.0072565051
0.0072337293
0.0072100279
0.0071853629
0.0071596954
0.0071329855
0.0071051919
0.0070762728
0.0070461853
0.0070148857
0.0069823298
0.0069484729
0.0069132699
0.0068766754
0.0068386445
0.0067991322
0.0067580945
0.0067154885
0.0066712727
0.0066254073
0.0065778553
0.0065285825
0.0064775588
0.0064247596
0.006370164
0.0063137663
0.006255554
0.0061954709
0.0061334453
0.0060694058
0.0060032803
0.0059349939
0.005864468
0.0057916222
0.0057163611
0.0056386267
0.0055584361
0.005475829
0.0053908517
0.0053035653
0.0052140507
0.0051223537
0.0050284775
0.0049324289
0.0048342279
0.0047339014
0.0046314807
0.0045270024
0.0044205093
0.0043120495
0.0042016762
0.0040894474
0.0039754245
0.0038596723
0.003742258
0.0036232499
0.0035027171
0.0033807282
0.0032573506
0.0031326493
0.003006686
0.002879518
0.002751197
0.002621768
0.0024912681
0.0023597252
0.0022271556
0.0020935632
0.0019589374
0.0018232505
0.001686456
0.0015484851
0.0014092426
0.0012686078
0.0011264137
0.00098249692
0.00083651413
0.00068851876
0.00053706745
0.00038546994
0.00022214556
9.0596005e-05
)
;

boundaryField
{
    inlet
    {
        type            zeroGradient;
    }
    top
    {
        type            zeroGradient;
    }
    outlet
    {
        type            fixedValue;
        value           uniform 0;
    }
    slipsurface
    {
        type            slip;
    }
    bottom
    {
        type            zeroGradient;
    }
    frontandback
    {
        type            empty;
    }
}


// ************************************************************************* //
