/*--------------------------------*- C++ -*----------------------------------*\
| =========                 |                                                 |
| \\      /  F ield         | OpenFOAM: The Open Source CFD Toolbox           |
|  \\    /   O peration     | Version:  2206                                  |
|   \\  /    A nd           | Website:  www.openfoam.com                      |
|    \\/     M anipulation  |                                                 |
\*---------------------------------------------------------------------------*/
FoamFile
{
    version     2.0;
    format      ascii;
    arch        "LSB;label=32;scalar=64";
    class       volScalarField;
    location    "1700";
    object      p;
}
// * * * * * * * * * * * * * * * * * * * * * * * * * * * * * * * * * * * * * //

dimensions      [0 2 -2 0 0 0 0];

internalField   nonuniform List<scalar> 
7480
(
0.062963734
0.052067967
0.036669131
0.027288715
0.021978212
0.018780899
0.016758602
0.015210359
0.013853041
0.012721872
0.011824191
0.011118353
0.010583018
0.010191562
0.0099125961
0.0097237084
0.0096044126
0.0095399219
0.0095130417
0.0095073287
0.0095251904
0.0095460665
0.0095608377
0.0095714005
0.0095758368
0.0095729376
0.0095634339
0.0095475174
0.0095237611
0.0094926929
0.0094555739
0.0094129041
0.0093651297
0.0093130475
0.0092566949
0.0091961493
0.009131693
0.0090632933
0.0089912203
0.0089159234
0.0088374961
0.0087558396
0.008671491
0.0085845317
0.0084949543
0.0084031435
0.008308912
0.0082123833
0.0081137517
0.0080127843
0.0079098097
0.0078047946
0.0076977627
0.007588869
0.0074778958
0.0073650617
0.0072502746
0.0071335462
0.00701486
0.006894176
0.0067716022
0.0066470016
0.0065204806
0.0063919312
0.0062613835
0.0061287887
0.0059941158
0.005857333
0.0057184122
0.0055773481
0.0054340925
0.0052886426
0.0051409506
0.0049910272
0.004838819
0.0046843376
0.0045275384
0.0043684542
0.0042070532
0.0040433887
0.0038774529
0.0037093242
0.0035390544
0.0033667272
0.0031925104
0.0030165263
0.0028391074
0.002660448
0.002481247
0.0023016353
0.0021235212
0.0019457411
0.0017754384
0.001602918
0.0014593884
0.001291434
0.0012340155
0.0010290984
0.0018351373
-0.0018312187
0.059275063
0.05106537
0.038733865
0.029431237
0.023099138
0.019279148
0.017003401
0.015362588
0.013968335
0.012821554
0.011912975
0.011197468
0.010653908
0.010254639
0.0099681055
0.0097723639
0.0096471912
0.009577534
0.0095475831
0.0095434757
0.009554996
0.0095690168
0.0095814245
0.0095899734
0.0095926032
0.0095881548
0.0095773053
0.0095601851
0.0095353606
0.0095033651
0.0094654341
0.0094220344
0.0093736035
0.0093209288
0.0092640368
0.0092030035
0.0091381081
0.00906931
0.008996872
0.0089212413
0.0088425061
0.0087605656
0.0086759555
0.0085887527
0.0084989489
0.0084069273
0.0083124987
0.0082157868
0.0081169838
0.0080158557
0.0079127306
0.0078075737
0.0077004083
0.0075913886
0.0074802964
0.00736735
0.0072524566
0.0071356277
0.0070168466
0.0068960725
0.0067734132
0.0066487312
0.006522133
0.0063935101
0.0062628925
0.0061302312
0.0059954951
0.0058586521
0.005719674
0.0055785552
0.0054352475
0.005289748
0.0051420086
0.0049920399
0.0048397886
0.004685266
0.0045284276
0.0043693059
0.0042078691
0.0040441704
0.003878202
0.0037100422
0.0035397428
0.0033673873
0.0031931435
0.0030171338
0.0028396905
0.0026610079
0.0024817851
0.0023021529
0.0021240197
0.0019462218
0.0017759038
0.0016033687
0.0014598305
0.0012918681
0.0012344541
0.0010296188
0.00183555
-0.0018306561
0.055509683
0.048759217
0.037972286
0.029200611
0.023360587
0.019789509
0.017500661
0.015765151
0.014286984
0.0130898
0.01214457
0.011398263
0.010830778
0.010411308
0.010107322
0.0098970325
0.0097590165
0.0096777822
0.009637923
0.0096253846
0.0096258117
0.0096319372
0.0096380449
0.0096408454
0.0096384427
0.0096297112
0.0096151443
0.0095946293
0.0095667614
0.0095321206
0.0094918874
0.0094464212
0.0093961349
0.0093417852
0.0092833724
0.0092209482
0.0091547997
0.0090848813
0.0090114065
0.0089348314
0.0088552299
0.0087724936
0.0086871559
0.0085992803
0.0085088552
0.0084162587
0.0083212937
0.0082240865
0.0081248234
0.008023266
0.0079197423
0.0078142124
0.0077066985
0.0075973523
0.0074859531
0.0073727193
0.0072575552
0.0071404717
0.0070214509
0.0069004512
0.0067775792
0.006652696
0.0065259078
0.0063971052
0.0062663177
0.0061334954
0.0059986067
0.0058616194
0.0057225044
0.0055812557
0.0054378246
0.005292208
0.0051443573
0.0049942829
0.004841931
0.0046873128
0.0045303835
0.0043711754
0.0042096564
0.0040458795
0.0038798367
0.0037116061
0.0035412393
0.0033688198
0.0031945151
0.0030184477
0.0028409496
0.0026622153
0.0024829437
0.0023032654
0.0021250902
0.0019472519
0.0017769013
0.0016043313
0.0014607782
0.0012927893
0.0012354034
0.0010305708
0.0018366301
-0.0018299239
0.05260478
0.047049712
0.037723678
0.029515578
0.023935848
0.020342205
0.017960174
0.016173754
0.01466291
0.013436026
0.01245728
0.011675906
0.011079488
0.010634435
0.01030712
0.010076056
0.0099188278
0.0098203883
0.0097653948
0.0097394816
0.0097285764
0.0097250347
0.0097225045
0.0097176469
0.0097083546
0.00969353
0.0096735816
0.0096481492
0.0096158433
0.0095773136
0.0095336335
0.0094850324
0.0094319156
0.0093750054
0.0093142563
0.0092496293
0.0091814852
0.0091097927
0.0090346464
0.0089565529
0.008875557
0.0087915366
0.008705024
0.0086160616
0.0085246328
0.0084311061
0.0083352713
0.0082372603
0.0081372507
0.0080349966
0.0079308271
0.0078246934
0.0077166165
0.0076067434
0.0074948492
0.0073811529
0.0072655533
0.0071480601
0.0070286541
0.0069072928
0.0067840806
0.0066588761
0.0065317852
0.0064026966
0.0062716392
0.0061385614
0.0060034311
0.0058662153
0.005726884
0.0055854303
0.0054418048
0.0052960038
0.0051479783
0.004997738
0.0048452285
0.0046904608
0.0045333894
0.0043740463
0.004212399
0.0040485002
0.0038823415
0.0037140008
0.0035435293
0.0033710104
0.0031966113
0.0030204542
0.0028428713
0.0026640566
0.0024847095
0.0023049597
0.002126719
0.0019488181
0.0017784156
0.0016057917
0.001462211
0.0012941804
0.001236828
0.0010319411
0.0018382953
-0.0018289419
0.049863791
0.045220617
0.037266882
0.029873024
0.024573952
0.020925282
0.01842045
0.016538899
0.014956962
0.013713247
0.012731304
0.011942497
0.011330065
0.010862735
0.010515576
0.010266608
0.010092951
0.0099796237
0.0099092098
0.0098683971
0.0098446894
0.0098296142
0.009817749
0.0098052613
0.0097891769
0.0097681882
0.0097427089
0.0097122194
0.0096752645
0.0096325615
0.0095850588
0.0095328929
0.0094764876
0.0094165694
0.0093530595
0.0092858047
0.0092152597
0.0091414037
0.0090642113
0.0089842429
0.0089015144
0.0088158901
0.0087279044
0.0086375729
0.0085448753
0.0084501708
0.0083532284
0.0082541879
0.0081532188
0.0080500677
0.0079450659
0.0078381526
0.0077293481
0.0076187942
0.0075062607
0.0073919675
0.0072758048
0.0071577812
0.0070378764
0.0069160473
0.0067923957
0.0066667761
0.0065392943
0.0064098368
0.0062784313
0.0061450241
0.0060095822
0.0058720719
0.0057324621
0.0055907446
0.005446869
0.005300831
0.005152581
0.0050021278
0.0048494162
0.0046944566
0.0045372031
0.0043776872
0.0042158756
0.0040518209
0.003885514
0.0037170325
0.0035464273
0.0033737813
0.0031992617
0.0030229902
0.0028452989
0.0026663815
0.0024869377
0.0023070966
0.0021287714
0.0019507903
0.001780319
0.0016076263
0.0014640029
0.0012959188
0.0012385899
0.0010336378
0.0018403652
-0.0018277201
0.047293806
0.043280239
0.036573363
0.03000663
0.024999471
0.021412603
0.018867951
0.01693172
0.01531366
0.014030128
0.013008541
0.012179554
0.011540905
0.011055121
0.010699018
0.010438512
0.010247735
0.010123563
0.010043946
0.0099946457
0.0099634132
0.0099396894
0.0099188766
0.0098977331
0.0098736642
0.0098458852
0.0098149758
0.0097798803
0.0097387088
0.0096922084
0.0096411669
0.0095855963
0.0095259485
0.0094629968
0.0093966432
0.0093266866
0.0092536459
0.0091774765
0.0090980969
0.0090161038
0.0089314828
0.0088440844
0.0087544569
0.0086625849
0.0085684449
0.0084723986
0.0083741931
0.0082739745
0.0081719045
0.008067718
0.0079617511
0.0078539298
0.0077442756
0.007632926
0.0075196454
0.0074046534
0.0072878293
0.0071691827
0.007048692
0.0069263131
0.0068021442
0.0066760352
0.0065480921
0.0064181995
0.0062863838
0.0061525881
0.0060167785
0.0058789209
0.0057389827
0.0055969542
0.0054527838
0.0053064665
0.0051579521
0.0050072483
0.0048542986
0.0046991133
0.0045416455
0.0043819261
0.0042199215
0.0040556834
0.0038892024
0.0037205555
0.0035497932
0.0033769981
0.0032023368
0.0030259309
0.0028481123
0.0026690743
0.0024895167
0.002309568
0.0021311428
0.0019530671
0.0017825121
0.0016097383
0.0014660561
0.001297908
0.0012405853
0.0010355678
0.001842706
-0.0018262998
0.045036648
0.041422139
0.035717233
0.029927965
0.025274183
0.021810044
0.019261659
0.017294416
0.015666191
0.014357557
0.013307071
0.012450414
0.011780773
0.011264285
0.010879424
0.010591803
0.010378414
0.01024134
0.010153644
0.010096302
0.010058058
0.010030752
0.010008155
0.0099851944
0.0099581649
0.0099257582
0.0098893532
0.0098487613
0.0098025458
0.0097520582
0.0096978119
0.0096393251
0.0095769222
0.0095113714
0.0094424868
0.0093700599
0.0092946932
0.0092162989
0.0091347755
0.0090507798
0.0089642569
0.008875044
0.0087837209
0.0086902381
0.0085945713
0.0084970959
0.0083975391
0.008296058
0.0081928033
0.0080874934
0.0079804743
0.0078716584
0.0077610682
0.0076488386
0.0075347262
0.0074189533
0.0073013909
0.0071820495
0.0070609048
0.0069379094
0.0068131587
0.0066864982
0.0065580347
0.0064276509
0.0062953718
0.0061611365
0.0060249105
0.0058866596
0.0057463492
0.0056039682
0.0054594637
0.00531283
0.0051640155
0.0050130271
0.0048598073
0.0047043657
0.0045466547
0.0043867045
0.0042244807
0.0040600345
0.0038933557
0.0037245211
0.0035535804
0.0033806159
0.0032057939
0.0030292354
0.002851272
0.0026720968
0.0024924096
0.0023123384
0.0021337985
0.0019556146
0.0017849616
0.001612095
0.0014683372
0.0013001144
0.0012427769
0.0010376892
0.0018452613
-0.0018246865
0.043084798
0.039795991
0.03484646
0.029717151
0.025423906
0.022111976
0.019595174
0.017621246
0.015989722
0.01466315
0.013592194
0.012718377
0.012026941
0.011485412
0.011077306
0.010765336
0.010527055
0.010368602
0.010260138
0.010184343
0.010132377
0.010097702
0.010072014
0.010046836
0.01001972
0.0099889839
0.009953888
0.00991375
0.0098660098
0.0098123912
0.0097544153
0.0096922832
0.0096268452
0.0095589237
0.009487945
0.0094135068
0.0093362542
0.0092559975
0.0091726096
0.0090868307
0.0089985643
0.0089076482
0.0088147092
0.0087196637
0.0086224968
0.0085236013
0.0084226819
0.0083199172
0.0082154481
0.0081089763
0.0080008641
0.0078910082
0.007779433
0.0076662714
0.0075512701
0.0074346593
0.0073163039
0.0071962151
0.0070743643
0.0069507005
0.0068253175
0.0066980562
0.0065690251
0.0064381031
0.0063053146
0.0061705963
0.0060339129
0.0058952288
0.0057545078
0.0056117378
0.0054668644
0.0053198807
0.005170734
0.0050194303
0.0048659109
0.0047101851
0.0045522042
0.0043919978
0.0042295304
0.004064853
0.0038979544
0.0037289111
0.003557772
0.0033846191
0.003209618
0.0030328894
0.0028547648
0.0026754365
0.0024956045
0.0023153962
0.0021367273
0.0019584221
0.0017876567
0.0016146856
0.0014708347
0.0013025261
0.0012451506
0.0010399838
0.0018480001
-0.001822864
0.041356245
0.038390834
0.034061694
0.02947893
0.025505981
0.022345601
0.019878876
0.017914022
0.01628658
0.014951822
0.013866763
0.012978212
0.012266954
0.011704958
0.011273814
0.010940967
0.010684528
0.010505927
0.010378147
0.010285496
0.010218843
0.010170198
0.01013214
0.010096418
0.010062605
0.010030465
0.0099955857
0.0099560134
0.009911266
0.0098608059
0.0098050585
0.009743254
0.0096762339
0.0096057668
0.0095321094
0.0094553431
0.0093763406
0.0092945938
0.0092097605
0.0091226139
0.0090329622
0.0089406348
0.0088463181
0.0087498924
0.0086513661
0.0085511588
0.0084489516
0.008344958
0.0082393116
0.0081316984
0.0080225033
0.0079116061
0.0077990374
0.0076849292
0.0075690181
0.0074515449
0.0073323671
0.0072114987
0.0070889079
0.0069645412
0.0068384907
0.0067105934
0.0065809596
0.0064494633
0.0063161291
0.0061808932
0.0060437192
0.005904569
0.0057634053
0.0056202149
0.0054749423
0.0053275795
0.0051780724
0.005026426
0.0048725809
0.0047165458
0.0045582707
0.0043977848
0.0042350516
0.0040701216
0.0039029827
0.0037337111
0.0035623548
0.0033889953
0.003213798
0.0030368829
0.0028585811
0.0026790846
0.0024990931
0.0023187338
0.0021399219
0.0019614824
0.0017905901
0.0016175032
0.0014735409
0.0013051349
0.001247696
0.0010424389
0.0018508949
-0.0018208092
0.03979561
0.037137122
0.033349498
0.029245951
0.025562344
0.022545993
0.020134882
0.018185575
0.01656532
0.015227018
0.014131179
0.013229912
0.012501763
0.011921378
0.011469034
0.011116849
0.010842879
0.010644514
0.010499101
0.010391747
0.010311391
0.010249701
0.010200812
0.010155795
0.01011356
0.01007367
0.010031384
0.0099858477
0.0099393579
0.0098897808
0.0098356324
0.0097768923
0.009713511
0.0096458298
0.0095734252
0.0094960338
0.0094153332
0.0093316494
0.0092450921
0.0091566799
0.0090659611
0.0089725979
0.0088772822
0.0087798076
0.008680199
0.0085789082
0.0084755915
0.0083705124
0.0082638023
0.0081551342
0.008044925
0.0079330374
0.0078195131
0.0077044848
0.0075876795
0.0074693521
0.0073493514
0.0072276969
0.0071043547
0.0069792705
0.0068525354
0.0067239817
0.0065937234
0.0064616299
0.0063277264
0.0061919479
0.0060542579
0.0059146163
0.0057729847
0.0056293488
0.0054836521
0.0053358859
0.0051859943
0.005033982
0.0048797885
0.0047234218
0.0045648311
0.0044040449
0.0042410258
0.0040758237
0.0039084258
0.0037389077
0.0035673168
0.0033937341
0.0032183243
0.0030412071
0.0028627131
0.0026830339
0.0025028687
0.0023223449
0.0021433765
0.0019647901
0.0017937566
0.0016205424
0.0014764498
0.0013079347
0.0012504052
0.0010450442
0.0018539196
-0.0018184951
0.03837331
0.035991162
0.032675149
0.029004553
0.025595921
0.022723443
0.020374003
0.01844568
0.016834375
0.015494428
0.01438943
0.013476554
0.012733121
0.012135456
0.011663653
0.011292727
0.01100146
0.010784479
0.010622346
0.010499634
0.010405444
0.010331673
0.01027245
0.010218935
0.010169183
0.010122323
0.010073707
0.010022974
0.0099715242
0.0099169613
0.0098581667
0.0097973118
0.0097347242
0.0096689347
0.009599281
0.0095254918
0.0094477281
0.0093656861
0.0092790249
0.0091894559
0.0090973167
0.0090027082
0.0089064987
0.008808258
0.0087079037
0.0086058644
0.0085017318
0.0083958178
0.0082882504
0.0081786925
0.0080676058
0.007954837
0.0078404463
0.0077245703
0.0076069269
0.0074877896
0.0073669983
0.0072445807
0.007120502
0.0069947085
0.0068672917
0.0067380794
0.0066071908
0.0064744912
0.0063400072
0.0062036725
0.006065451
0.0059253016
0.0057831846
0.0056390851
0.0054929456
0.005344757
0.005194462
0.0050420647
0.0048875039
0.004730787
0.0045718623
0.0044107577
0.004247435
0.0040819435
0.0039142697
0.0037444887
0.0035726473
0.0033988258
0.0032231886
0.0030458546
0.0028671542
0.0026872786
0.0025069264
0.002326225
0.0021470868
0.0019683413
0.0017971522
0.0016237995
0.001479557
0.0013109208
0.0012532718
0.0010477913
0.0018570488
-0.0018158899
0.037070209
0.034932128
0.032021819
0.028741591
0.025597967
0.022873707
0.020594929
0.01869513
0.017096116
0.015756826
0.014644358
0.013720734
0.012962943
0.012348713
0.011858384
0.011469129
0.011160799
0.010925933
0.010747135
0.010609185
0.010501573
0.010415902
0.010345905
0.010283579
0.010226225
0.01017264
0.010118703
0.010063429
0.010007456
0.0099486506
0.0098863492
0.0098221864
0.009756135
0.0096867777
0.0096149574
0.0095417843
0.0094658729
0.0093863882
0.0093031715
0.0092164533
0.0091259347
0.0090313935
0.0089343385
0.0088350394
0.0087338141
0.008631153
0.008526463
0.0084200176
0.0083118849
0.0082016917
0.0080899467
0.0079764766
0.0078613694
0.0077447702
0.0076263899
0.0075065276
0.0073850145
0.0072618896
0.0071371185
0.0070106501
0.0068825776
0.0067527249
0.0066212186
0.0064879202
0.0063528588
0.0062159672
0.0060772103
0.0059365467
0.0057939359
0.0056493626
0.0055027689
0.0053541453
0.0052034335
0.0050506373
0.0048956947
0.0047386128
0.0045793391
0.0044179011
0.0042542598
0.0040884641
0.0039204996
0.0037504413
0.0035783351
0.0034042608
0.0032283824
0.0030508183
0.0028718984
0.0026918135
0.0025112614
0.0023303701
0.0021510494
0.0019721329
0.001800774
0.0016272717
0.0014828593
0.0013140896
0.0012562905
0.001050673
0.001860257
-0.0018129568
0.035871679
0.033948135
0.031384787
0.028453502
0.025563428
0.022991407
0.020792735
0.018930253
0.017348628
0.016013471
0.014895963
0.013962909
0.013191833
0.01256182
0.012053759
0.011646647
0.011321432
0.011069087
0.010873745
0.010720748
0.01059967
0.010502004
0.010421269
0.010350028
0.010284872
0.010224392
0.01016489
0.010104767
0.0100444
0.0099820365
0.0099168263
0.0098498089
0.0097808194
0.009708813
0.0096346201
0.0095589131
0.0094802268
0.009398908
0.0093163065
0.0092313677
0.0091433086
0.0090519808
0.008957542
0.0088595822
0.0087583766
0.0086550395
0.0085495563
0.0084425393
0.008333994
0.0082234038
0.008111268
0.0079973475
0.0078817444
0.0077646098
0.0076456482
0.0075251926
0.0074030671
0.0072793268
0.0071539399
0.0070268599
0.006898184
0.0067677326
0.006635642
0.0065017707
0.0063661515
0.006228717
0.0060894341
0.0059482616
0.0058051589
0.005660111
0.0055130597
0.0053639958
0.0052128604
0.005059657
0.0049043232
0.0047468663
0.0045872327
0.00442545
0.0042614782
0.0040953663
0.003927099
0.0037567511
0.0035843677
0.0034100284
0.0032338967
0.0030560903
0.0028769389
0.0026966327
0.002515869
0.0023347761
0.0021552607
0.0019761617
0.0018046189
0.0016309563
0.0014863534
0.0013174378
0.0012594563
0.0010536821
0.001863517
-0.001809654
0.03476574
0.033030768
0.030763754
0.028142169
0.025491893
0.023073942
0.020963578
0.019147135
0.017588888
0.016262189
0.015142785
0.014202234
0.013419327
0.012774583
0.012249716
0.011825337
0.011483484
0.01121405
0.011002381
0.010834433
0.010699838
0.010590098
0.010498591
0.01041823
0.010345219
0.010277774
0.010212398
0.010147231
0.010082398
0.010016334
0.0099479892
0.009878105
0.0098065927
0.0097325407
0.0096564117
0.0095785687
0.0094978605
0.0094147888
0.0093302383
0.009243083
0.0091536868
0.0090630762
0.0089703616
0.0088748358
0.0087765594
0.0086754811
0.0085709364
0.0084638073
0.0083547082
0.008243556
0.0081310559
0.0080168541
0.0079009832
0.0077835478
0.0076642183
0.0075433573
0.0074207777
0.0072965561
0.0071706662
0.0070430701
0.0069138719
0.0067828892
0.0066502711
0.0065158737
0.0063797353
0.0062417888
0.0061020042
0.0059603415
0.0058167609
0.0056712482
0.0055237455
0.0053742445
0.0052226861
0.005069074
0.0049133457
0.0047555088
0.0045955093
0.0044333746
0.0042690645
0.0041026276
0.0039340482
0.003763401
0.0035907305
0.0034161159
0.0032397204
0.0030616613
0.0028822677
0.0027017297
0.0025207434
0.0023394382
0.0021597166
0.0019804243
0.0018086839
0.0016348504
0.0014900358
0.0013209619
0.001262764
0.0010568114
0.0018667993
-0.001805934
0.033742246
0.032173328
0.030159739
0.027811726
0.025385788
0.023121164
0.021105303
0.019342729
0.017814033
0.016500571
0.01538294
0.014437375
0.01364449
0.012986379
0.012445816
0.012004911
0.011646806
0.011360729
0.011133006
0.01095023
0.010802145
0.010680301
0.010577962
0.010488319
0.010407302
0.010332753
0.010261327
0.010191025
0.010121632
0.010051662
0.0099800109
0.009907176
0.0098330628
0.0097568136
0.0096786888
0.0095989951
0.0095168
0.009432362
0.0093462301
0.0092575396
0.0091667895
0.0090745543
0.0089800093
0.0088837844
0.0087863792
0.0086869828
0.0085848821
0.0084803121
0.0083729517
0.0082623546
0.0081496257
0.0080349765
0.0079187708
0.0078011236
0.0076816007
0.007560544
0.0074377134
0.0073131926
0.0071869563
0.0070589773
0.0069293703
0.0067979524
0.0066648893
0.0065300356
0.0063934374
0.0062550288
0.006114784
0.0059726651
0.0058286341
0.0056826786
0.0055347416
0.0053848165
0.0052328443
0.0050788298
0.0049227105
0.0047644949
0.0046041287
0.0044416399
0.0042769876
0.004110221
0.0039413236
0.0037703706
0.0035974056
0.0034225079
0.0032458404
0.0030675198
0.002887875
0.0027070959
0.0025258774
0.0023443501
0.0021644117
0.001984916
0.0018129646
0.0016389504
0.0014939025
0.0013246579
0.0012662077
0.0010600529
0.0018700713
-0.0018017433
0.032792445
0.031370111
0.029573894
0.027466901
0.025248981
0.023134645
0.02121731
0.019515096
0.018021789
0.016726427
0.015614519
0.014666815
0.013866155
0.013196338
0.012641402
0.012184898
0.011811094
0.011508897
0.011265468
0.011068051
0.010906558
0.010772609
0.010659403
0.01056036
0.010471192
0.010389417
0.010311803
0.010236221
0.010162136
0.010088119
0.010013043
0.0099371662
0.0098603403
0.0097817614
0.0097015585
0.0096199658
0.0095361705
0.0094503045
0.0093628303
0.0092730576
0.0091812704
0.0090878118
0.0089921035
0.0088947961
0.0087959076
0.0086949915
0.0085928773
0.0084893496
0.0083836476
0.008275523
0.0081649444
0.0080514236
0.0079354117
0.0078175007
0.0076976592
0.0075764177
0.0074534626
0.0073288212
0.0072024248
0.0070742353
0.0069443714
0.0068126479
0.0066792514
0.0065440368
0.006407061
0.0062682606
0.0061276159
0.0059850921
0.0058406537
0.0056942912
0.0055459494
0.0053956242
0.0052432574
0.0050888557
0.0049323568
0.0047737709
0.0046130436
0.004450204
0.0042852109
0.0041181142
0.003948897
0.0037776351
0.0036043716
0.0034291857
0.0032522403
0.0030736518
0.0028937488
0.002712721
0.0025312621
0.0023495044
0.0021693394
0.0019896312
0.0018174559
0.0016432516
0.0014979484
0.0013285209
0.0012697808
0.0010633977
0.0018732965
-0.0017970215
0.031908718
0.030616097
0.029007061
0.02711219
0.02508583
0.023116968
0.021300191
0.019663355
0.018210623
0.016938015
0.015835821
0.014889075
0.014083086
0.013403476
0.012835688
0.0123647
0.011975921
0.011658231
0.011399533
0.011187737
0.011012971
0.010866962
0.010742887
0.010634355
0.010536919
0.010447816
0.01036388
0.010282873
0.010203981
0.010125803
0.010047182
0.0099681563
0.0098885166
0.0098075065
0.0097251383
0.0096415703
0.0095560812
0.0094687168
0.0093798601
0.0092889094
0.0091960536
0.0091016105
0.0090051053
0.008906935
0.0088070549
0.0087052256
0.0086021876
0.0084972631
0.0083905456
0.0082828699
0.0081735791
0.0080619324
0.0079481064
0.0078317738
0.0077125319
0.0075912267
0.0074680282
0.0073432239
0.0072167433
0.0070884872
0.0069585328
0.0068266643
0.0066930797
0.0065576295
0.0064203844
0.0062812854
0.0061403213
0.0059974619
0.0058526759
0.0057059577
0.0055572546
0.0054065659
0.0052538351
0.0050990712
0.0049422134
0.0047832736
0.0046221983
0.0044590177
0.0042936909
0.0041262689
0.0039567347
0.0037851649
0.0036116024
0.0034361266
0.0032589004
0.0030800401
0.002899874
0.002718592
0.0025368864
0.0023548912
0.0021744913
0.0019945624
0.001822151
0.001647748
0.0015021673
0.001332545
0.0012734753
0.0010668352
0.0018764339
-0.001791701
0.031084397
0.029906819
0.028459678
0.026751512
0.024900629
0.023071163
0.021355309
0.019787456
0.018379683
0.017134096
0.016045473
0.01510285
0.014294118
0.013606798
0.013027845
0.012543651
0.012140785
0.011808335
0.011534903
0.01130907
0.01112123
0.010963256
0.010828345
0.010710272
0.010604476
0.010507955
0.01041758
0.010331018
0.010247212
0.010164762
0.010082479
0.010000205
0.0099176642
0.0098341342
0.009749521
0.0096639055
0.0095766427
0.0094877029
0.0093973932
0.0093051905
0.0092112174
0.0091157503
0.0090183569
0.0089193497
0.008818741
0.0087162983
0.0086124828
0.0085067518
0.008399314
0.0082906766
0.0081801866
0.0080683288
0.0079552317
0.00784022
0.0077230445
0.0076035357
0.0074812672
0.0073566398
0.0072300116
0.0071016134
0.0069716005
0.0068396975
0.0067060718
0.0065705349
0.0064331571
0.0062938793
0.0061526994
0.0060095942
0.0058645385
0.005717532
0.0055685261
0.0054175244
0.0052644726
0.0051093833
0.0049521973
0.0047929295
0.0046315272
0.0044680229
0.0043023763
0.0041346398
0.0039647967
0.0037929248
0.0036190671
0.0034433034
0.0032657969
0.0030866637
0.0029062325
0.002724693
0.0025427362
0.0023604984
0.0021798567
0.0019997004
0.0018270416
0.0016524322
0.0015065514
0.0013367227
0.0012772821
0.0010703533
0.001879437
-0.0017857057
0.030313624
0.02923829
0.027931817
0.026388142
0.024697355
0.023000356
0.021384444
0.019887915
0.018528662
0.017313879
0.016242438
0.015307056
0.014498215
0.013805374
0.013217057
0.012721066
0.012305141
0.011958769
0.011671234
0.011431786
0.011231141
0.011061351
0.010915678
0.010788046
0.010673828
0.010569817
0.010472901
0.01038067
0.01029185
0.010205023
0.010118966
0.010033349
0.0099478242
0.0098616885
0.0097747549
0.0096870287
0.0095979244
0.0095073466
0.0094155279
0.0093220106
0.0092268557
0.0091302961
0.0090319535
0.0089320822
0.008830698
0.008727559
0.0086230624
0.0085167951
0.0084088347
0.0082995157
0.0081883668
0.0080758911
0.0079617416
0.0078459341
0.0077291065
0.0076106758
0.0074900515
0.0073672215
0.0072417646
0.0071137751
0.0069837294
0.0068517064
0.0067180368
0.006582497
0.0064451137
0.0063057926
0.0061645243
0.0060212864
0.0058760594
0.0057288504
0.0055796162
0.0054283666
0.0052750504
0.0051196848
0.0049622128
0.0048026529
0.0046409543
0.004477152
0.0043112068
0.0041431735
0.0039730356
0.003800873
0.0036267287
0.0034506834
0.0032729009
0.0030934976
0.0029128021
0.0027310045
0.0025487945
0.0023663111
0.0021854225
0.0020050336
0.0018321172
0.0016572948
0.0015110913
0.0013410453
0.00128119
0.0010739376
0.0018822531
-0.0017789503
0.029591241
0.028606952
0.02742327
0.026024736
0.024479568
0.022907583
0.021389566
0.019965611
0.018657637
0.01747693
0.01642598
0.015500833
0.014694496
0.013998366
0.013402557
0.012896277
0.012468438
0.012109075
0.011808152
0.011555591
0.011342475
0.011161076
0.011004757
0.010867591
0.010744915
0.010633364
0.010529825
0.010431822
0.010337897
0.010246595
0.010156661
0.010067611
0.009979021
0.0098901971
0.0098008699
0.0097109718
0.0096199616
0.0095276882
0.0094343123
0.0093394281
0.0092430423
0.0091453441
0.0090460026
0.0089452102
0.0088429838
0.0087391013
0.0086339115
0.0085270455
0.0084185229
0.0083086807
0.008197116
0.008084108
0.0079693838
0.0078530673
0.0077354796
0.0076161403
0.0074954364
0.0073733415
0.0072491591
0.0071228994
0.0069941904
0.0068627553
0.0067291481
0.006593529
0.0064561161
0.0063168118
0.0061755632
0.0060323151
0.0058870348
0.0057397294
0.0055903599
0.0054389435
0.005285434
0.0051298542
0.0049721504
0.0048123459
0.0046503917
0.0044863265
0.0043201127
0.0041518077
0.0039813961
0.0038089603
0.0036345437
0.0034582281
0.0032801785
0.0031005114
0.0029195562
0.0027375032
0.0025550408
0.0023723111
0.0021911725
0.0020105476
0.0018373647
0.0016623242
0.0015157753
0.0013455017
0.0012851863
0.0010775711
0.0018848216
-0.0017713397
0.028912685
0.028009633
0.026933621
0.025663413
0.024250397
0.022795707
0.021372709
0.020021637
0.018766958
0.017623083
0.016595596
0.015683509
0.014882222
0.014185032
0.013583644
0.013068651
0.012630133
0.012258788
0.01194527
0.011680172
0.011454986
0.011262239
0.011095435
0.010948798
0.010817662
0.010698541
0.010588316
0.010484456
0.010385343
0.010289479
0.010195572
0.010103001
0.010011269
0.0099196775
0.0098278858
0.0097357555
0.0096427774
0.0095487516
0.0094537716
0.0093574712
0.0092598109
0.0091609368
0.0090605554
0.0089588027
0.0088556947
0.0087510277
0.0086450903
0.0085375639
0.0084284515
0.0083180644
0.0082060155
0.0080925226
0.0079774236
0.007860731
0.007742639
0.0076228156
0.007501587
0.0073786515
0.0072541402
0.0071282862
0.0070005326
0.0068707041
0.0067384881
0.0066035816
0.0064663282
0.0063269854
0.0061857195
0.0060425021
0.0058972603
0.0057499691
0.0056005732
0.0054490892
0.0052954735
0.005139756
0.0049818877
0.0048218975
0.0046597395
0.0044954566
0.0043290133
0.0041604704
0.003989814
0.0038171295
0.003642461
0.0034658923
0.0032875894
0.0031076697
0.0029264632
0.0027441611
0.0025614503
0.0023784766
0.0021970874
0.0020162252
0.0018427684
0.0016675061
0.0015205894
0.0013500789
0.0012892557
0.0010812339
0.0018870741
-0.0017627673
0.028273914
0.0274435
0.02646231
0.025305827
0.024012557
0.022667378
0.02133589
0.020057217
0.01885716
0.017752365
0.016750968
0.015854564
0.015060774
0.014364725
0.013759679
0.013237591
0.0127897
0.01240745
0.012082195
0.011805204
0.011568411
0.011364632
0.011187549
0.011031542
0.010891978
0.010765281
0.010648327
0.010538541
0.010434168
0.010333662
0.010235694
0.010139522
0.010044572
0.0099501391
0.0098558144
0.0097613931
0.0096663869
0.0095705535
0.0094739227
0.0093761583
0.0092771809
0.0091770941
0.0090756346
0.0089728893
0.0088688697
0.0087633854
0.0086566684
0.0085484475
0.0084387067
0.0083277162
0.0082151348
0.0081011526
0.0079856282
0.007868527
0.0077500572
0.0076299232
0.0075082863
0.0073849209
0.0072600404
0.007133454
0.007005138
0.006875529
0.0067441347
0.0066105994
0.0064747093
0.0063361582
0.0061951314
0.006051915
0.0059066697
0.0057594196
0.0056100761
0.0054586242
0.0053050028
0.0051492399
0.0049912886
0.0048311846
0.004668886
0.0045044411
0.0043378173
0.0041690795
0.0039982155
0.0038253144
0.0036504217
0.0034736232
0.0032950867
0.0031149306
0.002933486
0.0027509452
0.0025679936
0.0023847814
0.0022031437
0.0020220456
0.0018483094
0.0016728234
0.0015255169
0.0013547612
0.0012933804
0.001084903
0.0018889447
-0.0017531137
0.027671336
0.026906023
0.026008687
0.024953248
0.023768382
0.022525022
0.021281075
0.020073653
0.018928916
0.017864957
0.016891922
0.016013604
0.015229636
0.014536871
0.013930079
0.013402541
0.012946635
0.012554609
0.012218537
0.011930355
0.011682475
0.011468033
0.01128092
0.011115687
0.010967758
0.010833505
0.010709799
0.010594035
0.010484343
0.010379125
0.010277016
0.010177168
0.01007893
0.009981584
0.0098846607
0.0097878912
0.009690799
0.0095931042
0.0094947769
0.009395502
0.0092951653
0.0091938295
0.0090912548
0.0089874855
0.0088825248
0.0087761934
0.0086686737
0.0085597328
0.0084493357
0.0083377138
0.0082245699
0.0081100573
0.0079940506
0.0078765143
0.0077576475
0.0076371522
0.0075151564
0.0073915191
0.0072663032
0.0071393393
0.0070107062
0.0068805224
0.0067485262
0.0066150138
0.0064797906
0.0063424181
0.0062027043
0.0060603225
0.0059153734
0.0057681571
0.0056188232
0.0054674214
0.0053138625
0.0051581448
0.0050002029
0.0048400705
0.0046777073
0.0045131677
0.0043464225
0.0041775422
0.0040065168
0.0038334397
0.003658358
0.00348136
0.003302616
0.0031222456
0.0029405813
0.0027578168
0.0025746363
0.0023911946
0.002209314
0.002027984
0.0018539651
0.0016782557
0.001530538
0.00135953
0.0012975398
0.0010885505
0.0018903779
-0.001742244
0.027101753
0.026394934
0.02557205
0.024606626
0.023519857
0.022370843
0.021210149
0.020072283
0.018983002
0.017961164
0.017018406
0.01616034
0.015388374
0.014700963
0.014094309
0.013562974
0.01310045
0.012699825
0.012353902
0.012055289
0.011796896
0.011572211
0.011375361
0.011201085
0.011044887
0.010903124
0.010772667
0.01065089
0.010535831
0.010425842
0.010319521
0.010215926
0.010114336
0.01001401
0.0099144246
0.0098152517
0.0097160177
0.0096164092
0.0095163405
0.0094155098
0.0093137728
0.0092111522
0.0091074261
0.0090026015
0.0088966706
0.0087894637
0.0086811186
0.0085714332
0.0084603565
0.0083480846
0.0082343566
0.0081192888
0.008002774
0.0078847725
0.0077654568
0.0076445598
0.0075221986
0.0073982385
0.0072726969
0.0071454787
0.0070165827
0.0068860603
0.0067537585
0.0066197961
0.0064839952
0.0063465258
0.0062073405
0.0060659804
0.0059222779
0.0057759052
0.0056269009
0.0054755574
0.0053220206
0.0051663603
0.0050084882
0.0048484102
0.0046860675
0.0045215123
0.0043547164
0.0041857561
0.0040146245
0.0038414205
0.003666193
0.0034890335
0.0033101149
0.0031295586
0.0029476988
0.002764731
0.002581338
0.0023976804
0.0022155658
0.0020340112
0.001859709
0.001683779
0.0015356293
0.0013643636
0.0013017101
0.0010921444
0.0018912176
-0.0017300078
0.026562311
0.025908193
0.025151666
0.024266656
0.02326866
0.022206821
0.021124904
0.020054459
0.019020272
0.018041394
0.017130475
0.016294574
0.015536631
0.01485655
0.014251877
0.013718395
0.013250674
0.012842662
0.0124879
0.012179664
0.011911385
0.011676923
0.011470673
0.011287575
0.011123243
0.010974041
0.010836855
0.010709051
0.010588591
0.010473783
0.010363188
0.010255783
0.010150778
0.010047409
0.0099451025
0.0098434727
0.0097420434
0.0096404704
0.0095386163
0.009436186
0.0093330081
0.0092290674
0.0091241547
0.0090182439
0.0089113143
0.0088032041
0.0086940106
0.0085835569
0.0084717787
0.0083588387
0.0082445065
0.0081288669
0.0080118269
0.0078933402
0.0077735531
0.0076522302
0.0075294656
0.0074051346
0.0072792541
0.0071517446
0.0070225625
0.0068917853
0.006759256
0.0066250044
0.0064889212
0.0063510891
0.0062113658
0.0060698414
0.0059265605
0.005781088
0.0056332569
0.0054827401
0.0053295449
0.0051739591
0.0050161199
0.004856106
0.0046938385
0.0045293436
0.0043625755
0.0041936084
0.004022436
0.0038491631
0.0036738412
0.0034965659
0.003317513
0.0031368059
0.0029547811
0.002771636
0.0025880523
0.0024041968
0.0022218615
0.0020400934
0.0018655101
0.0016893648
0.0015407636
0.0013692365
0.0013058639
0.0010956505
0.0018913311
-0.0017162498
0.026050466
0.025443965
0.024746799
0.023933819
0.023016192
0.022034727
0.021027025
0.020021528
0.01904164
0.018106146
0.017228281
0.0164162
0.015674122
0.015003237
0.014402329
0.013868331
0.01339685
0.012982692
0.01262014
0.012303136
0.012025643
0.011781918
0.011566648
0.011374991
0.011202689
0.01104615
0.010902282
0.010768454
0.010642575
0.01052291
0.010407989
0.010296718
0.010188244
0.010081773
0.0099766882
0.0098725501
0.009768874
0.0096652873
0.0095616046
0.0094575319
0.0093528733
0.0092475778
0.0091414439
0.0090344164
0.0089264601
0.0088174192
0.0087073549
0.0085961095
0.0084836082
0.0083699818
0.0082550266
0.0081387991
0.0080212179
0.0079022298
0.0077819586
0.0076601937
0.0075370059
0.007412283
0.007286035
0.0071581854
0.0070286934
0.0068976398
0.0067648502
0.0066303554
0.0064940685
0.0063559864
0.0062160051
0.0060741812
0.0059304078
0.005784738
0.0056372527
0.0054875483
0.0053354529
0.0051806572
0.0050231539
0.0048632233
0.0047009983
0.0045365731
0.0043698836
0.0042009799
0.0040298391
0.0038565648
0.003681209
0.0035038715
0.0033247319
0.0031439161
0.0029617633
0.0027784731
0.0025947262
0.002410696
0.0022281577
0.0020461912
0.0018713324
0.0016949804
0.0015459095
0.0013741193
0.0013099697
0.001099027
0.0018906037
-0.0017007868
0.025563939
0.02500059
0.024356714
0.023608432
0.022763616
0.021856128
0.020918081
0.019974809
0.019048061
0.018155995
0.017312065
0.016525193
0.015800632
0.015140686
0.014545254
0.01401234
0.013538535
0.013119491
0.01275023
0.012425354
0.012139363
0.011886935
0.011663067
0.011463151
0.011283084
0.011119336
0.010968858
0.010829032
0.01069773
0.010573185
0.010453896
0.010338711
0.010226716
0.01011709
0.010009173
0.0099024779
0.0097965056
0.0096908576
0.0095853041
0.0094795473
0.0093733692
0.0092666844
0.0091592954
0.0090511209
0.0089421103
0.0088321117
0.008721154
0.0086090942
0.0084958485
0.0083815178
0.0082659209
0.00814909
0.0080309514
0.0079114471
0.0077906792
0.0076684587
0.0075448356
0.0074197083
0.0072930765
0.0071648679
0.0070350428
0.0069036693
0.0067705884
0.0066358337
0.0064993086
0.0063609996
0.0062208305
0.0060787864
0.0059347798
0.0057888537
0.0056409202
0.0054910089
0.0053392117
0.0051851697
0.0050286954
0.0048695049
0.0047075966
0.0045432575
0.004376618
0.0042077883
0.0040367274
0.003863517
0.0036881942
0.0035108564
0.0033316857
0.0031508104
0.0029685733
0.0027851764
0.0026012995
0.0024171233
0.0022344049
0.0020522596
0.0018771345
0.0017005879
0.0015510308
0.001378978
0.0013139919
0.0011022243
0.0018889257
-0.0016834079
0.025100695
0.024576566
0.023980694
0.023290679
0.022511886
0.021672404
0.020799525
0.019915582
0.019040513
0.018191581
0.017382145
0.01662161
0.015916019
0.015268613
0.014680281
0.014150006
0.013675302
0.013252645
0.01287778
0.01254596
0.012252232
0.011991702
0.011759698
0.011551866
0.01136427
0.011193475
0.011036485
0.010890707
0.010753997
0.010624561
0.010500876
0.010381735
0.010266176
0.010153346
0.010042549
0.009933249
0.0098249333
0.0097171781
0.0096097125
0.009502231
0.009394495
0.009286387
0.0091777096
0.0090683581
0.0089582657
0.0088472829
0.0087354093
0.0086225126
0.0085085013
0.0083934485
0.0082771916
0.0081597415
0.0080410301
0.0079209951
0.0077997181
0.0076770289
0.0075529595
0.0074274165
0.00730039
0.007171812
0.0070416402
0.0069099298
0.0067765378
0.0066414877
0.006504689
0.0063661341
0.0062257451
0.0060834899
0.0059393087
0.0057931855
0.005645042
0.0054949024
0.0053426984
0.0051884556
0.005032255
0.0048737838
0.0047128371
0.0045491782
0.0043828264
0.0042140808
0.0040430753
0.0038699417
0.0036946984
0.0035174212
0.0033382811
0.0031574032
0.0029751324
0.0027916734
0.0026077057
0.0024234177
0.0022405471
0.0020582474
0.0018828696
0.0017061439
0.0015560862
0.0013837737
0.00131789
0.0011051897
0.0018861931
-0.0016638952
0.02465891
0.02417053
0.023618042
0.022980637
0.022261778
0.021484761
0.020672689
0.019845075
0.019019983
0.018213591
0.017438916
0.016705584
0.01602021
0.015386796
0.014807086
0.014280945
0.013806745
0.013381746
0.0130024
0.012664595
0.012363925
0.012095935
0.011856299
0.01164093
0.011446082
0.011268432
0.011105053
0.010953395
0.010811311
0.010676989
0.010548889
0.010425764
0.010306603
0.010190527
0.010076803
0.009964855
0.0098541515
0.0097442449
0.009634827
0.0095255812
0.0094162498
0.0093066851
0.0091966863
0.009086128
0.0089749267
0.0088629332
0.0087501213
0.0086363654
0.0085215674
0.0084057746
0.0082888397
0.0081707549
0.0080514553
0.0079308751
0.0078090766
0.0076859062
0.0075613796
0.0074354099
0.0073079789
0.007179022
0.0070484934
0.0069164377
0.0067827233
0.0066473626
0.0065102726
0.0063714421
0.0062307963
0.0060883093
0.0059439239
0.0057976037
0.0056492961
0.0054989782
0.0053465863
0.0051921306
0.0050355613
0.0048769071
0.0047162275
0.0045532725
0.0043878166
0.0042196842
0.0040489306
0.0038758761
0.0037006922
0.0035234912
0.0033444269
0.0031636031
0.002981355
0.0027978855
0.0026138722
0.0024295121
0.0022465224
0.0020640975
0.0018884847
0.0017115994
0.0015610292
0.0013884624
0.0013216186
0.0011078632
0.0018821954
-0.0016420082
0.024236947
0.023781243
0.023268089
0.022678304
0.022013916
0.021294246
0.020538787
0.019764456
0.018987454
0.018222751
0.01748283
0.01677732
0.016113202
0.015495071
0.014925393
0.014404811
0.01393248
0.0135064
0.013123704
0.012780898
0.012474113
0.012199343
0.011952617
0.01173013
0.01152834
0.011344058
0.011174445
0.011017003
0.010869597
0.010730411
0.010597892
0.010470763
0.010347972
0.010228613
0.010111922
0.0099972864
0.0098841534
0.0097720536
0.0096606445
0.009549596
0.0094386324
0.0093275777
0.0092162253
0.0091044306
0.0089920933
0.008879063
0.0087652902
0.0086506529
0.0085350472
0.0084184965
0.0083008656
0.0081821303
0.0080622272
0.0079410874
0.0078187552
0.0076950912
0.0075700963
0.0074436892
0.0073158441
0.0071864987
0.0070556046
0.0069231957
0.0067891503
0.0066534713
0.0065160807
0.0063769614
0.0062360425
0.0060932978
0.0059486713
0.0058021322
0.0056536333
0.0055031315
0.0053505843
0.0051959662
0.0050392298
0.0048803682
0.0047193569
0.0045562448
0.0043910613
0.0042236311
0.004053707
0.0038811939
0.0037062241
0.0035290929
0.0033500889
0.0031693377
0.0029871563
0.0028037283
0.0026197203
0.0024353337
0.0022522633
0.0020697469
0.0018939212
0.0017168997
0.0015658074
0.0013929945
0.0013251269
0.0011101763
0.0018767325
-0.0016174829
0.023833337
0.023407578
0.02293019
0.022383612
0.021768796
0.021101763
0.020398916
0.019674827
0.018943892
0.018219813
0.017514394
0.016837086
0.016195058
0.015593337
0.015034976
0.014521294
0.01405215
0.013626231
0.013241316
0.012894506
0.012582462
0.012301623
0.012048387
0.011819236
0.011610852
0.011420196
0.011244531
0.011081425
0.010928772
0.010784762
0.010647836
0.010516695
0.010390254
0.010267584
0.010147892
0.010030532
0.0099149312
0.0098005989
0.0096871611
0.0095742731
0.0094616416
0.0093490641
0.0092363263
0.0091232658
0.0090097656
0.0088956725
0.008780916
0.0086653753
0.008548941
0.0084316143
0.0083132694
0.0081938678
0.0080733459
0.007951632
0.0078287537
0.0077045835
0.0075791096
0.0074522544
0.0073239856
0.0071942424
0.007062974
0.0069302041
0.0067958198
0.0066598155
0.006522117
0.006382702
0.0062415023
0.0060984883
0.0059536056
0.0058068242
0.0056580979
0.005507389
0.0053546617
0.0051998718
0.0050429877
0.0048839775
0.0047228201
0.0045594976
0.0043940195
0.0042264643
0.0040568237
0.0038850195
0.0037108137
0.0035341468
0.0033553144
0.0031746224
0.0029924969
0.0028091316
0.0026251703
0.0024408044
0.0022576967
0.0020751275
0.0018991153
0.0017219846
0.0015703632
0.0013973147
0.001328359
0.0011120521
0.0018695985
-0.0015900336
0.023446757
0.023048505
0.022603732
0.022096447
0.021526803
0.020908084
0.020254062
0.019577218
0.018890236
0.018205541
0.017534155
0.016885211
0.016265905
0.01568155
0.015135662
0.014630129
0.01416543
0.013740882
0.013354868
0.013005062
0.012688634
0.012402469
0.012143333
0.011908011
0.011693415
0.011496673
0.011315168
0.011146548
0.010988745
0.010839968
0.010698664
0.010563515
0.010433417
0.010307414
0.010184694
0.010064578
0.0099464753
0.0098298741
0.0097143726
0.0095996099
0.0094852758
0.0093711436
0.0092569892
0.0091426338
0.0090279439
0.0089127622
0.0087969993
0.0086805331
0.0085632491
0.0084451283
0.0083260514
0.0082059674
0.0080848114
0.0079625088
0.0078390719
0.0077143829
0.0075884188
0.0074611049
0.0073324027
0.0072022524
0.0070706007
0.0069374623
0.0068027314
0.006666395
0.0065283817
0.0063886648
0.006247178
0.0061038885
0.0059587428
0.0058117091
0.0056627412
0.0055118038
0.0053588612
0.0052038751
0.00504682
0.0048876501
0.0047263514
0.0045628928
0.0043972901
0.0042295133
0.0040596173
0.0038877262
0.0037138174
0.0035378693
0.0033597266
0.0031794163
0.0029974191
0.0028140988
0.0026301781
0.0024458553
0.0022627475
0.0020801664
0.0019039983
0.0017267887
0.0015746344
0.0014013621
0.0013312535
0.0011134047
0.0018605702
-0.0015593562
0.023076014
0.022703085
0.022288131
0.021816658
0.021288234
0.02071387
0.02010511
0.019472584
0.018827393
0.018180701
0.017542695
0.016922071
0.016325927
0.015759728
0.015227332
0.014731092
0.014272027
0.013850018
0.013464011
0.013112213
0.012792293
0.012501568
0.012237174
0.011996204
0.011775811
0.011573308
0.011386205
0.011212244
0.011049413
0.010895949
0.01075031
0.010611175
0.01047742
0.010348075
0.010222305
0.010099409
0.0099787737
0.0098598712
0.0097422733
0.0096256026
0.0095095331
0.0093938152
0.0092782137
0.0091625348
0.0090466289
0.0089303329
0.0088135407
0.0086961271
0.0085779723
0.008459039
0.0083392122
0.0082184296
0.0080966239
0.0079737179
0.0078497096
0.0077244893
0.0075980237
0.0074702401
0.0073410946
0.0072105276
0.007078484
0.006944969
0.006809884
0.0066732085
0.0065348738
0.0063948489
0.0062530691
0.0061094987
0.0059640846
0.0058167928
0.0056675774
0.0055164022
0.0053632311
0.0052080284
0.005050769
0.0048914132
0.0047299515
0.0045663448
0.0044006056
0.0042327037
0.0040627062
0.0038905751
0.0037164202
0.003540452
0.0033626538
0.0031830407
0.0030016421
0.0028186173
0.0026347775
0.0024504784
0.0022673671
0.0020847958
0.001908499
0.0017312425
0.0015785542
0.0014050712
0.001333745
0.0011141396
0.0018494088
-0.0015251317
0.022720029
0.022370456
0.021982833
0.021544067
0.021053308
0.020519681
0.019952841
0.019361807
0.018756227
0.018146056
0.017540614
0.016948087
0.016375362
0.015827943
0.015309918
0.014824008
0.014371686
0.013953334
0.013568409
0.01321562
0.012893104
0.012598603
0.01232962
0.012083556
0.011857816
0.011649903
0.011457475
0.011278376
0.011110663
0.01095261
0.0108027
0.010659614
0.010522217
0.010389529
0.010260699
0.010135003
0.010011812
0.0098905796
0.0097708557
0.0096522466
0.0095344106
0.0094170772
0.0092999995
0.0091829692
0.009065821
0.0089483857
0.0088305413
0.0087121583
0.0085931119
0.0084733475
0.0083527525
0.008231255
0.008108784
0.0079852599
0.0078606672
0.0077349026
0.007607924
0.0074796597
0.0073500608
0.0072190676
0.0070866227
0.0069527233
0.0068172761
0.0066802545
0.0065415917
0.0064012528
0.006259174
0.0061153174
0.0059696298
0.0058220751
0.0056726075
0.0055211895
0.0053677845
0.0052123568
0.0050548802
0.0048953185
0.0047336623
0.0045698793
0.0044039834
0.0042359446
0.0040658134
0.0038935648
0.0037193101
0.003543098
0.0033650702
0.0031854962
0.0030044977
0.0028221241
0.0026387755
0.0024546819
0.0022715795
0.0020889961
0.0019125646
0.0017352782
0.0015820531
0.0014083715
0.0013357636
0.0011141529
0.0018358667
-0.0014870338
0.022377822
0.022049831
0.021687313
0.021278478
0.020822183
0.020325985
0.01979795
0.019245695
0.018677558
0.018102352
0.017528531
0.016963714
0.016414495
0.01588632
0.015383405
0.014908747
0.014464192
0.014050555
0.013667752
0.013314954
0.01299074
0.01269326
0.012420378
0.0121698
0.01193919
0.011726253
0.011528802
0.011344795
0.011172369
0.011009852
0.010855753
0.010708766
0.010567757
0.010431737
0.010299843
0.010171336
0.010045571
0.0099219857
0.0098001104
0.0096795353
0.009559904
0.0094409271
0.0093223454
0.0092039367
0.0090855209
0.0089669214
0.0088480023
0.0087286283
0.0086086692
0.0084880551
0.0083666739
0.0082444448
0.0081212928
0.0079971355
0.0078719452
0.0077456234
0.0076181202
0.0074893639
0.0073593013
0.0072278719
0.0070950165
0.0069607242
0.0068249069
0.0066875319
0.006548534
0.0064078745
0.006265491
0.0061213426
0.0059753763
0.005827554
0.0056778297
0.0055261647
0.0053725218
0.0052168644
0.0050591658
0.0048993902
0.0047375271
0.0045735475
0.0044074656
0.0042392588
0.0040689753
0.0038965979
0.0037222173
0.0035458912
0.0033677422
0.0031879308
0.0030067279
0.0028244381
0.0026415306
0.0024580201
0.0022752675
0.0020927876
0.0019162078
0.0017388652
0.0015850748
0.0014111923
0.001337237
0.0011133316
0.0018196957
-0.0014447404
0.022048501
0.021740484
0.021401074
0.021019681
0.020594963
0.020133176
0.019641048
0.019124986
0.018592159
0.018050316
0.017507066
0.016969432
0.016443653
0.015935032
0.015447828
0.014985226
0.014549369
0.014141437
0.013761752
0.013409903
0.013084884
0.012785228
0.012509151
0.012254665
0.012019691
0.011802142
0.011599997
0.01141134
0.011234399
0.01106756
0.010909375
0.010758557
0.010613979
0.01047465
0.010339701
0.010208379
0.010080028
0.0099540727
0.0098300246
0.0097074596
0.0095860074
0.0094653612
0.0093452492
0.0092254365
0.0091057286
0.008985941
0.0088659249
0.0087455384
0.0086246459
0.0085031634
0.0083809779
0.0082580006
0.0081341518
0.0080093461
0.0078835448
0.0077566528
0.0076286128
0.0074993532
0.0073688163
0.0072369406
0.0071036651
0.0069689714
0.0068327755
0.0066950396
0.0065556993
0.0064147129
0.0062720182
0.0061275723
0.0059813219
0.0058332272
0.0056832417
0.0055313254
0.0053774405
0.0052215499
0.0050636257
0.0049036321
0.0047415575
0.0045773737
0.0044110935
0.0042426976
0.0040722346
0.0038996962
0.0037251689
0.0035487151
0.0033704449
0.0031905249
0.0030091641
0.0028266437
0.0026435505
0.0024601494
0.002277841
0.0020958402
0.0019193701
0.0017420239
0.0015876185
0.0014134885
0.0013381011
0.0011115587
0.0018006566
-0.0013979554
0.021731251
0.021441746
0.021123649
0.020767457
0.02037171
0.019941579
0.019482669
0.019000348
0.018500749
0.017990648
0.01747684
0.016965743
0.016463196
0.015974296
0.015503269
0.01505341
0.014627084
0.014225773
0.013850149
0.013500177
0.013175228
0.012874201
0.012595646
0.012337875
0.012099065
0.011877345
0.011670864
0.011477841
0.011296605
0.011125612
0.010963464
0.010808902
0.010660814
0.010518212
0.010380227
0.010246097
0.010115157
0.0099868197
0.0098605826
0.0097360078
0.0096127124
0.0094903736
0.0093687074
0.0092474665
0.0091264432
0.0090054446
0.0088843098
0.0087628899
0.0086410437
0.0085186744
0.0083956666
0.0082719242
0.0081473628
0.0080218936
0.0078954677
0.0077679921
0.0076394033
0.0075096286
0.0073786066
0.0072462743
0.0071125689
0.006977465
0.006840882
0.0067027772
0.0065630871
0.0064217667
0.0062787544
0.0061340049
0.0059874649
0.0058390925
0.0056888409
0.005536669
0.0053825381
0.0052264105
0.0050682571
0.0049080423
0.0047457529
0.0045813613
0.0044148781
0.0042462858
0.0040756308
0.0039029091
0.0037282075
0.0035515951
0.0033731816
0.0031931297
0.0030116456
0.0028290185
0.0026457113
0.0024620466
0.0022795717
0.0020977084
0.0019215382
0.0017445242
0.0015896664
0.0014152689
0.0013383383
0.0011087368
0.0017785595
-0.001346463
0.021425326
0.021153002
0.020854592
0.020521584
0.020152451
0.019751462
0.019323279
0.018872385
0.018404001
0.017924017
0.017438464
0.016953159
0.016473514
0.016004369
0.015549854
0.015113307
0.014697246
0.014303391
0.013932712
0.013585505
0.013261482
0.012959881
0.012679571
0.012419152
0.012177056
0.011951628
0.011741195
0.011544117
0.011358831
0.011183876
0.011017909
0.010859709
0.010708185
0.010562361
0.010421371
0.01028445
0.010150924
0.010020201
0.0098917646
0.0097651651
0.009640008
0.0095159562
0.0093927143
0.0092700233
0.0091476628
0.0090254313
0.0089031571
0.0087806836
0.008657864
0.0085345895
0.0084107417
0.0082862178
0.0081609278
0.0080347799
0.0079077157
0.0077796431
0.0076504932
0.0075201917
0.0073886736
0.0072558741
0.0071217288
0.0069862056
0.0068492267
0.0067107449
0.0065706971
0.0064290355
0.0062856988
0.0061406394
0.0059938037
0.0058451482
0.0056946254
0.0055421931
0.0053878119
0.0052314432
0.0050730571
0.0049126177
0.0047501104
0.0045855079
0.0044188188
0.0042500267
0.004079175
0.0039062625
0.0037313735
0.0035545791
0.0033759924
0.0031957792
0.0030141489
0.0028313761
0.0026479295
0.0024641228
0.0022813588
0.0020991815
0.0019227583
0.0017458847
0.0015908129
0.001416385
0.0013379551
0.0011047929
0.0017534247
-0.00129023
0.02113004
0.02087368
0.020593485
0.020281837
0.019937182
0.019563041
0.019163283
0.01874164
0.018302533
0.01785106
0.017392537
0.0169322
0.016475018
0.016025541
0.01558775
0.015164967
0.014759803
0.014374158
0.014009244
0.013665643
0.013343374
0.013041984
0.012760639
0.012498219
0.012253404
0.012024753
0.011810774
0.011609976
0.011420912
0.011242208
0.011072587
0.010910875
0.010756007
0.010607026
0.010463075
0.010323389
0.010187293
0.010054187
0.0099235468
0.0097949127
0.0096678798
0.0095420985
0.0094172623
0.0092931014
0.0091693838
0.0090458993
0.0089224661
0.0087989197
0.0086751075
0.0085509101
0.0084262049
0.008300883
0.0081748489
0.0080480072
0.0079202909
0.007791608
0.0076618846
0.0075310443
0.0073990189
0.0072657416
0.0071311462
0.0069951944
0.0068578104
0.0067189432
0.0065785298
0.0064365196
0.0062928512
0.0061474752
0.0060003376
0.005851393
0.0057005935
0.0055478959
0.0053932597
0.0052366456
0.0050780227
0.0049173552
0.0047546267
0.0045898102
0.0044229124
0.0042539177
0.0040828663
0.0039097596
0.0037346782
0.0035576938
0.0033789194
0.0031985208
0.0030167109
0.0028337649
0.0026501533
0.0024661761
0.002283216
0.0021008071
0.001923937
0.0017466727
0.0015909052
0.0014163537
0.0013366788
0.0010994374
0.0017256481
-0.0012294071
0.020844761
0.02060325
0.020339934
0.020047993
0.019725879
0.01937649
0.019003033
0.018608598
0.018196918
0.017772377
0.017339641
0.016903383
0.016468135
0.016038129
0.01561716
0.015208482
0.014814746
0.014437976
0.014079579
0.013740375
0.013420651
0.013120236
0.012838573
0.012574803
0.012327847
0.012096477
0.011879381
0.011675221
0.011482671
0.011300456
0.011127368
0.010962287
0.010804186
0.010652129
0.010505273
0.010362861
0.010224218
0.010088741
0.0099559006
0.0098252281
0.0096963103
0.0095687869
0.0094423411
0.0093166934
0.0091916009
0.0090668451
0.0089422345
0.0088175971
0.0086927743
0.0085676368
0.0084420575
0.0083159216
0.0081891279
0.0080615775
0.0079331954
0.007803889
0.0076735795
0.0075421885
0.0074096445
0.0072758787
0.0071408226
0.0070044327
0.0068666345
0.0067273734
0.006586586
0.0064442194
0.006300212
0.0061545125
0.0060070663
0.0058578265
0.0057067445
0.005553776
0.0053988797
0.0052420156
0.0050831516
0.0049222519
0.0047592985
0.0045942648
0.0044271551
0.0042579549
0.0040867013
0.0039133976
0.0037381209
0.0035609428
0.0033819752
0.0032013818
0.0030193755
0.0028362307
0.0026524176
0.0024682414
0.0022850547
0.0021024167
0.0019251951
0.0017475455
0.0015907979
0.0014155082
0.0013342764
0.0010920598
0.0016948462
-0.0011637857
0.020568904
0.02034122
0.020093563
0.019819829
0.019518497
0.019191946
0.018842828
0.018473694
0.018087677
0.017688534
0.017280332
0.016867223
0.016453301
0.016042474
0.015638319
0.015243982
0.014862104
0.014494788
0.014143585
0.01380951
0.013493085
0.013194385
0.012913107
0.012648637
0.012400126
0.012166553
0.011946788
0.011739644
0.011543926
0.011358456
0.01118211
0.011013826
0.010852618
0.010697582
0.010547893
0.010402806
0.010261649
0.010123823
0.0099887925
0.0098560843
0.0097252779
0.0095960042
0.0094679375
0.0093407892
0.0092143066
0.0090882633
0.0089624587
0.0088367136
0.0087108633
0.0085847694
0.0084583
0.0083313346
0.0082037664
0.0080754927
0.0079464313
0.0078164881
0.0076855801
0.0075536265
0.0074205527
0.0072862873
0.0071507602
0.0070139226
0.0068757007
0.0067360368
0.006594867
0.006452136
0.006307782
0.0061617518
0.0060139901
0.0058644486
0.005713078
0.0055598328
0.0054046709
0.0052475517
0.005088442
0.0049273056
0.0047641233
0.0045988685
0.0044315436
0.0042621347
0.0040906759
0.0039171725
0.0037416976
0.003564323
0.0033851589
0.0032043663
0.0030221571
0.002838802
0.0026547673
0.0024703606
0.0022869097
0.0021040117
0.0019263901
0.0017483946
0.0015907637
0.0014146049
0.001331382
0.0010853297
0.001656497
-0.0010926204
0.020301927
0.02008713
0.019854018
0.019597127
0.019314975
0.019009513
0.018682928
0.018337312
0.017975287
0.017600056
0.017215147
0.016824222
0.016430961
0.016038937
0.015651491
0.015271628
0.014901944
0.014544571
0.014201163
0.013872892
0.013560471
0.013264195
0.012983987
0.012719461
0.012469985
0.012234736
0.012012764
0.011803035
0.011604483
0.011416041
0.011236665
0.01106536
0.010901192
0.010743289
0.010590854
0.010443155
0.010299531
0.010159385
0.010022184
0.0098874496
0.009754757
0.00962373
0.0094940351
0.009365376
0.0092374911
0.0091101464
0.0089831334
0.0088562655
0.0087293721
0.0086023067
0.008474932
0.0083471223
0.0082187652
0.0080897541
0.0079600002
0.0078294074
0.0076978886
0.0075653606
0.0074317455
0.0072969697
0.0071609612
0.007023666
0.0068850109
0.0067449353
0.0066033745
0.006460271
0.0063155625
0.0061691941
0.0060211099
0.00587126
0.0057195942
0.0055660663
0.0054106331
0.0052532533
0.0050938927
0.0049325149
0.0047690991
0.0046036191
0.004436075
0.0042664539
0.0040947865
0.0039210801
0.003745404
0.0035678299
0.0033884661
0.003207471
0.0030250546
0.0028414835
0.0026572182
0.0024725658
0.0022888256
0.0021056275
0.0019275633
0.0017491793
0.0015906206
0.0014138529
0.0013281646
0.0010830555
0.0016084271
-0.0010169918
0.020043326
0.019840552
0.019620966
0.019379672
0.019115242
0.018829269
0.018523549
0.018199794
0.017860183
0.017507434
0.017144593
0.016774872
0.016401556
0.016027887
0.01565696
0.015291615
0.014934364
0.014587338
0.014252251
0.013930392
0.013622632
0.013329451
0.013050975
0.012787026
0.012537173
0.012300782
0.012077076
0.011865177
0.011664147
0.01147303
0.011290873
0.011116752
0.010949786
0.010789148
0.010634066
0.010483833
0.010337799
0.010195375
0.01005603
0.0099192873
0.0097847175
0.0096519396
0.0095206141
0.0093904379
0.0092611418
0.0091324848
0.0090042511
0.0088762472
0.0087482968
0.008620246
0.0084919521
0.0083632841
0.0082341245
0.0081043625
0.0079739033
0.0078426482
0.0077105068
0.0075773926
0.0074432251
0.0073079282
0.0071714276
0.0070336651
0.0068945673
0.006754071
0.0066121104
0.0064686261
0.0063235551
0.0061768409
0.0060284268
0.0058782614
0.0057262939
0.0055724769
0.0054167663
0.0052591202
0.0050995032
0.0049378787
0.0047742247
0.0046085148
0.0044407473
0.0042709097
0.00409903
0.0039251169
0.0037492363
0.0035714593
0.0033918924
0.0032106912
0.0030280635
0.0028442716
0.0026597695
0.0024748629
0.0022908195
0.0021072996
0.0019287575
0.0017499346
0.0015903752
0.0014133007
0.0013244603
0.0010845181
0.0015548741
-0.00093990426
0.019792633
0.019601084
0.019394088
0.019167255
0.018919216
0.018651266
0.018364879
0.018061441
0.017742756
0.01741112
0.01706915
0.016719648
0.016365524
0.016009705
0.015655031
0.01530416
0.014959497
0.014623137
0.014296819
0.013981913
0.013679416
0.013389961
0.013113853
0.012851096
0.012601446
0.012364449
0.012139493
0.01192585
0.011722714
0.01152924
0.011344569
0.011167854
0.010998273
0.010835045
0.010677434
0.010524757
0.010376382
0.010231732
0.010090282
0.0099515556
0.0098151245
0.0096806044
0.009547651
0.0094159558
0.0092852433
0.0091552662
0.0090258021
0.0088966513
0.0087676319
0.0086385832
0.0085093574
0.0083798183
0.0082498434
0.0081193178
0.007988141
0.0078562117
0.0077234358
0.0075897242
0.0074549933
0.0073191646
0.0071821616
0.0070439221
0.0069043721
0.0067634459
0.0066210767
0.0064772033
0.0063317616
0.0061846939
0.0060359423
0.0058854544
0.0057331782
0.0055790655
0.0054230713
0.0052651527
0.0051052736
0.004943397
0.0047794994
0.0046135546
0.0044455589
0.0042755003
0.0041034041
0.0039292801
0.003753191
0.0035752072
0.0033954333
0.003214022
0.0030311787
0.0028471611
0.0026624161
0.0024772479
0.0022928905
0.0021090352
0.0019299897
0.0017507039
0.0015900676
0.0014126909
0.0013204946
0.0010869479
0.0015011899
-0.00086440863
0.019549408
0.019368349
0.019173084
0.018959672
0.018726808
0.01847554
0.018207071
0.017922517
0.017623361
0.017311533
0.016989269
0.016659003
0.016323298
0.015984776
0.015646022
0.015309505
0.014977503
0.014652045
0.014334869
0.014027392
0.013730702
0.01344556
0.01317242
0.01291145
0.012662573
0.012425503
0.012199785
0.011984834
0.011779977
0.01158448
0.011397581
0.011218511
0.011046514
0.01088086
0.010720852
0.010565836
0.010415204
0.010268391
0.010124882
0.0099842069
0.0098459384
0.0097096911
0.0095751181
0.0094419069
0.0093097769
0.0091784753
0.0090477742
0.0089174681
0.0087873699
0.0086573127
0.0085271436
0.0083967218
0.0082659199
0.0081346189
0.0080027129
0.007870098
0.0077366765
0.0076023565
0.0074670516
0.0073306806
0.0071931651
0.0070544388
0.0069144271
0.006773062
0.0066302755
0.0064860044
0.006340184
0.0061927548
0.0060436583
0.0058928404
0.0057402485
0.0055858333
0.0054295489
0.0052713516
0.0051112043
0.0049490698
0.0047849231
0.004618738
0.004450509
0.0042802245
0.004107907
0.0039335675
0.0037572655
0.0035790704
0.0033990851
0.0032174591
0.0030343953
0.0028501468
0.0026651524
0.0024797152
0.002295033
0.00211083
0.0019312589
0.0017514898
0.0015897186
0.0014119252
0.0013164119
0.0010891398
0.0014494337
-0.00079198035
0.019313244
0.019141994
0.018957668
0.018756724
0.018537923
0.018302108
0.018050254
0.017783253
0.017502316
0.017209056
0.016905375
0.016593374
0.016275298
0.015953481
0.015630262
0.015307911
0.014988567
0.014674172
0.014366435
0.014066793
0.013776397
0.013496106
0.013226498
0.012967883
0.012720334
0.012483716
0.012257723
0.01204191
0.011835727
0.011638555
0.011449729
0.011268562
0.011094365
0.010926464
0.010764207
0.010606973
0.010454178
0.010305278
0.010159769
0.010017188
0.0098771139
0.0097391617
0.0096029837
0.0094682648
0.0093347207
0.0092020942
0.0090701527
0.0089386855
0.008807501
0.0086764268
0.008545305
0.0084139904
0.0082823509
0.0081502636
0.0080176178
0.0078843066
0.0077502289
0.00761529
0.0074794007
0.0073424774
0.0072044395
0.0070652169
0.0069247343
0.0067829213
0.0066397088
0.0064950316
0.0063488242
0.0062010257
0.0060515764
0.0059004212
0.0057475064
0.0055927817
0.0054362004
0.0052777181
0.0051172964
0.0049548978
0.0047904962
0.0046240652
0.0044555974
0.0042850816
0.0041125377
0.0039379777
0.0037614577
0.0035830464
0.0034028447
0.003220999
0.0030377092
0.0028532238
0.002667973
0.0024822586
0.0022972407
0.0021126772
0.0019325584
0.0017522868
0.0015893228
0.001411049
0.0013122376
0.0010907774
0.0013988259
-0.00072207056
0.019083757
0.018921686
0.01874757
0.018558219
0.018352463
0.018130972
0.017894534
0.017643852
0.017379907
0.017104041
0.016817862
0.016523173
0.016221933
0.015916202
0.015608085
0.015299653
0.014992894
0.014689651
0.014391579
0.014100111
0.013816436
0.013541484
0.013275931
0.013020209
0.012774522
0.012538872
0.012313089
0.012096859
0.011889756
0.011691269
0.01150083
0.011317838
0.011141675
0.010971724
0.01080738
0.010648062
0.010493213
0.010342312
0.010194872
0.01005044
0.0099086004
0.0097689732
0.0096312112
0.0094949987
0.0093600488
0.0092261013
0.0090929196
0.0089602889
0.0088280134
0.0086959157
0.0085638337
0.0084316178
0.0082991316
0.0081662485
0.0080328533
0.0078988357
0.007764092
0.0076285243
0.007492041
0.0073545557
0.0072159858
0.0070762578
0.0069352951
0.0067930255
0.0066493782
0.0065042866
0.0063576841
0.0062095082
0.0060596985
0.0059081985
0.0057549535
0.0055999124
0.0054430273
0.0052842532
0.0051235507
0.0049608819
0.0047962194
0.0046295365
0.0044608242
0.0042900715
0.0041172958
0.0039425097
0.0037657664
0.0035871335
0.0034067099
0.0032246387
0.0030411168
0.0028563879
0.0026708729
0.0024848725
0.0022995071
0.0021145699
0.0019338805
0.0017530872
0.0015888679
0.0014101744
0.0013077834
0.0010917692
0.0013485857
-0.00065381836
0.018860583
0.018707109
0.018542529
0.018363969
0.018170323
0.017962122
0.017739995
0.017504489
0.01725639
0.016996808
0.016727095
0.016448791
0.016163593
0.015873313
0.015579828
0.015285016
0.01499071
0.014698639
0.014410391
0.014127372
0.013850783
0.013581604
0.013320588
0.013068263
0.012824947
0.012590765
0.01236567
0.01214947
0.011941855
0.011742422
0.011550698
0.011366167
0.011188285
0.011016494
0.010850243
0.010688988
0.010532209
0.010379408
0.010230116
0.010083896
0.0099403415
0.0097990772
0.0096597596
0.0095220736
0.0093857316
0.0092504716
0.0091160541
0.0089822609
0.0088488925
0.0087157677
0.00858272
0.0084495962
0.0083162559
0.0081825687
0.0080484154
0.0079136828
0.007778264
0.0076420585
0.0075049719
0.0073669155
0.0072278044
0.007087562
0.0069461105
0.0068033756
0.0066592852
0.006513771
0.0063667652
0.0062182042
0.0060680264
0.005916174
0.0057625916
0.0056072269
0.0054500311
0.0052909585
0.0051299686
0.0049670231
0.0048020934
0.0046351526
0.0044661899
0.0042951943
0.004122181
0.003947163
0.0037701908
0.0035913304
0.0034106789
0.003228376
0.0030446153
0.0028596357
0.002673848
0.002487552
0.0023018265
0.0021165013
0.0019352176
0.0017538824
0.0015883432
0.0014093282
0.0013030143
0.0010919801
0.0012985888
-0.00058686775
0.018643391
0.018497972
0.018342305
0.018173797
0.017991405
0.017795541
0.017586706
0.017365316
0.017131994
0.01688765
0.016633415
0.016370597
0.016100657
0.01582518
0.015545828
0.015264295
0.014982254
0.014701316
0.014422985
0.014148625
0.01387943
0.013616406
0.01336036
0.0131119
0.012871438
0.012639204
0.012415263
0.012199536
0.01199182
0.011791815
0.011599144
0.011413373
0.011234032
0.011060628
0.010892661
0.010729634
0.01057106
0.010416471
0.01026542
0.010117486
0.0099722752
0.0098294203
0.0096885827
0.0095494501
0.0094117357
0.0092751767
0.009139532
0.009004581
0.0088701214
0.0087359684
0.0086019522
0.008467916
0.0083337158
0.008199218
0.0080642995
0.007928844
0.007792742
0.0076558904
0.0075181921
0.007379556
0.0072398951
0.00709913
0.0069571812
0.0068139727
0.0066694309
0.006523486
0.006376069
0.0062271151
0.0060765615
0.0059243494
0.0057704223
0.0056147268
0.0054572134
0.0052978354
0.0051365516
0.0049733228
0.0048081196
0.0046409144
0.0044716952
0.0043004506
0.0041271937
0.0039519378
0.0037747304
0.0035956364
0.0034147506
0.0032322093
0.0030482026
0.0028629643
0.0026768948
0.0024902928
0.0023041938
0.0021184652
0.0019365626
0.0017546637
0.0015877394
0.0014084633
0.0012976388
0.0010913454
0.0012492101
-0.00052109133
0.018431839
0.018293977
0.018146648
0.017987514
0.01781559
0.017631191
0.017434709
0.017226454
0.017006912
0.016776824
0.016537129
0.01628893
0.01603348
0.015772155
0.01550642
0.015237788
0.01496778
0.014697881
0.014429504
0.014163954
0.013902401
0.01364586
0.013395174
0.013151007
0.012913849
0.012684021
0.012461685
0.012246864
0.012039456
0.011839258
0.011645983
0.01145928
0.011278753
0.011103974
0.010934498
0.010769874
0.010609655
0.010453403
0.010300696
0.010151134
0.010004335
0.009859945
0.009717631
0.0095770856
0.0094380244
0.0093001853
0.0091633268
0.0090272268
0.008891681
0.008756502
0.0086215169
0.0084865661
0.0083515024
0.008216189
0.0080804994
0.0079443147
0.0078075226
0.0076700174
0.0075316997
0.007392476
0.0072522573
0.0071109614
0.0069685074
0.0068248173
0.0066798163
0.0065334328
0.0063855969
0.0062362424
0.0060853056
0.0059327263
0.0057784471
0.0056224138
0.0054645757
0.0053048856
0.0051433009
0.0049797824
0.004814299
0.0046468232
0.004477341
0.0043058412
0.0041323344
0.0039568342
0.0037793853
0.0036000512
0.0034189242
0.0032361375
0.0030518769
0.0028663716
0.0026800106
0.0024930915
0.0023066045
0.0021204564
0.0019379088
0.0017554238
0.0015870449
0.0014075539
0.0012913472
0.0010898145
0.0012007216
-0.00045630596
0.017649445
0.018605872
0.020011059
0.021767712
0.023976813
0.026887147
0.030289856
0.035486248
0.041436544
0.057289409
0.017649387
0.018605721
0.020010762
0.021767023
0.023975197
0.026882478
0.030279852
0.035420424
0.041391206
0.055128038
0.017649276
0.018605451
0.020010219
0.021765764
0.023972166
0.026874231
0.03026065
0.03532794
0.0412088
0.052668304
0.017649098
0.018605027
0.020009361
0.021763778
0.023967375
0.026861339
0.03022981
0.035199305
0.040844322
0.050424807
0.017648848
0.018604432
0.020008157
0.021760992
0.023960665
0.026843407
0.030185392
0.035035486
0.040366441
0.048414388
0.017648519
0.01860365
0.020006577
0.021757338
0.023951885
0.026820109
0.030126862
0.034839295
0.03981226
0.046586767
0.017648105
0.018602664
0.020004585
0.021752739
0.023940866
0.026791083
0.030054439
0.034611564
0.039201966
0.044914264
0.017647596
0.018601457
0.020002144
0.021747111
0.023927431
0.026755977
0.029967957
0.034353262
0.038562062
0.043352123
0.017646985
0.018600006
0.019999213
0.021740366
0.023911395
0.026714455
0.029867248
0.034066459
0.037903828
0.041879946
0.017646262
0.018598291
0.01999575
0.021732412
0.023892573
0.026666204
0.029752244
0.033753622
0.037231086
0.040491968
0.017645416
0.018596288
0.019991709
0.021723152
0.023870776
0.02661093
0.029622966
0.033417187
0.036547913
0.03918443
0.017644438
0.018593972
0.01998704
0.021712484
0.02384581
0.026548365
0.029479518
0.033059559
0.035858642
0.037953639
0.017643316
0.018591318
0.019981694
0.021700303
0.023817482
0.026478269
0.02932208
0.032683138
0.035167276
0.036795885
0.017642037
0.018588296
0.019975615
0.021686499
0.023785598
0.026400432
0.029150916
0.032290305
0.034477381
0.035707362
0.017640588
0.018584878
0.019968746
0.021670959
0.023749966
0.026314673
0.028966363
0.031883397
0.03379212
0.034684152
0.017638955
0.01858103
0.019961025
0.021653564
0.023710393
0.026220851
0.028768838
0.031464688
0.033114264
0.03372227
0.017637122
0.018576719
0.01995239
0.021634195
0.023666693
0.026118858
0.028558828
0.031036372
0.032446215
0.03281772
0.017635073
0.01857191
0.019942773
0.021612727
0.023618684
0.026008625
0.028336888
0.030600549
0.031790015
0.031966569
0.017632791
0.018566563
0.019932103
0.021589035
0.023566191
0.025890124
0.028103638
0.030159211
0.031147377
0.031165001
0.017630256
0.018560638
0.019920307
0.02156299
0.023509046
0.025763368
0.027859754
0.029714234
0.030519694
0.030409359
0.01762745
0.018554093
0.019907307
0.021534462
0.023447093
0.02562841
0.027605965
0.029267369
0.029908072
0.029696183
0.017624349
0.018546883
0.019893024
0.02150332
0.023380186
0.025485346
0.027343042
0.028820236
0.02931335
0.029022228
0.017620932
0.018538959
0.019877372
0.021469434
0.023308192
0.025334314
0.027071795
0.028374321
0.028736121
0.028384484
0.017617174
0.018530273
0.019860266
0.021432673
0.023230996
0.025175495
0.026793062
0.02793097
0.028176762
0.027780169
0.017613048
0.01852077
0.019841617
0.021392909
0.023148495
0.025009107
0.026507703
0.027491395
0.027635456
0.027206733
0.017608528
0.018510397
0.019821331
0.021350013
0.023060607
0.024835409
0.026216588
0.027056669
0.027112217
0.026661849
0.017603583
0.018499094
0.019799314
0.021303863
0.022967269
0.024654697
0.025920595
0.026627734
0.026606915
0.026143394
0.017598182
0.018486802
0.019775467
0.021254339
0.022868437
0.024467301
0.025620595
0.026205403
0.026119297
0.02564944
0.017592291
0.018473458
0.019749692
0.021201325
0.022764093
0.024273584
0.025317451
0.025790366
0.025649011
0.025178235
0.017585875
0.018458996
0.019721887
0.021144714
0.022654237
0.024073939
0.025012005
0.025383196
0.025195624
0.024728184
0.017578895
0.018443347
0.019691949
0.021084403
0.022538895
0.023868782
0.024705073
0.024984358
0.024758642
0.024297837
0.017571312
0.01842644
0.019659774
0.021020298
0.02241812
0.023658555
0.024397439
0.024594215
0.024337523
0.023885872
0.017563083
0.018408203
0.019625258
0.020952315
0.022291984
0.023443717
0.024089849
0.024213038
0.023931695
0.023491078
0.017554162
0.01838856
0.019588295
0.020880379
0.02216059
0.023224739
0.023783008
0.023841014
0.023540563
0.023112349
0.017544502
0.018367434
0.019548783
0.020804426
0.02202406
0.023002107
0.02347757
0.023478255
0.023163523
0.022748666
0.017534052
0.018344743
0.019506617
0.020724407
0.021882545
0.022776308
0.023174144
0.023124805
0.02279997
0.022399092
0.017522759
0.018320408
0.019461696
0.02064028
0.021736216
0.022547836
0.022873284
0.022780652
0.022449301
0.022062761
0.017510567
0.018294345
0.019413921
0.020552023
0.021585269
0.022317178
0.02257549
0.022445731
0.022110925
0.021738872
0.017497416
0.018266469
0.019363196
0.020459623
0.021429919
0.022084819
0.022281209
0.022119935
0.021784264
0.021426684
0.017483244
0.018236695
0.019309427
0.020363086
0.021270403
0.021851232
0.021990833
0.021803122
0.021468755
0.021125506
0.017467984
0.018204937
0.019252528
0.020262431
0.021106975
0.021616876
0.0217047
0.021495117
0.021163857
0.020834699
0.01745157
0.018171108
0.019192413
0.020157695
0.020939905
0.021382194
0.021423098
0.021195723
0.020869047
0.020553663
0.017433927
0.018135122
0.019129008
0.020048929
0.020769477
0.02114761
0.021146265
0.020904721
0.020583824
0.020281844
0.017414981
0.018096894
0.01906224
0.019936199
0.020595986
0.020913524
0.02087439
0.020621879
0.020307708
0.02001872
0.017394652
0.018056337
0.018992048
0.019819592
0.020419738
0.020680315
0.020607621
0.020346953
0.020040242
0.019763804
0.017372859
0.018013369
0.018918376
0.019699205
0.020241042
0.020448332
0.020346064
0.020079688
0.019780988
0.01951664
0.017349516
0.01796791
0.018841178
0.019575155
0.020060216
0.0202179
0.02008979
0.019819827
0.01952953
0.019276802
0.017324533
0.01791988
0.018760417
0.019447573
0.019877574
0.019989316
0.019838835
0.019567111
0.019285472
0.019043886
0.017297825
0.017869208
0.01867607
0.019316598
0.019693425
0.019762837
0.019593201
0.019321272
0.019048436
0.01881752
0.017269306
0.017815834
0.01858812
0.019182386
0.019508055
0.019538673
0.01935284
0.019082019
0.01881803
0.018597317
0.017237595
0.017757364
0.018492738
0.01903942
0.019314076
0.01930789
0.019108013
0.01883948
0.018584643
0.018374056
0.017198692
0.017686992
0.018379124
0.018872436
0.019091831
0.019047894
0.018835103
0.018570349
0.018325846
0.018126251
0.017148222
0.017598145
0.01823732
0.018668714
0.018826821
0.018743661
0.01851938
0.018260525
0.018028179
0.01784095
0.017082103
0.017486177
0.01806098
0.01842187
0.018514243
0.0183922
0.018158991
0.017908631
0.017690307
0.017516639
0.016994566
0.017345454
0.017843221
0.018125537
0.018150283
0.017991989
0.017753575
0.01751461
0.017312082
0.017153005
0.016877901
0.017169045
0.017577087
0.017774163
0.017732835
0.017543538
0.01730465
0.01707992
0.016894461
0.01675045
0.016722698
0.016948721
0.017255568
0.017363606
0.017261925
0.01704951
0.016815636
0.016607942
0.016440774
0.016312308
0.016517649
0.01667496
0.016872768
0.016892448
0.016740305
0.01651455
0.016290734
0.016101254
0.015951921
0.015838309
0.016249704
0.016337631
0.016424983
0.016362733
0.016173377
0.015945432
0.015737637
0.015568826
0.015438106
0.015339308
0.015905199
0.015927335
0.015911618
0.015780121
0.015567828
0.015345763
0.015154796
0.015004157
0.014889521
0.014803905
0.015472099
0.015437076
0.015335305
0.015153393
0.014935352
0.014731698
0.014564927
0.014435788
0.014338009
0.014265091
0.01494291
0.014865647
0.014701995
0.01448816
0.014270264
0.014080675
0.013930449
0.013816794
0.013732463
0.013670496
0.014319293
0.014217504
0.014023819
0.013809618
0.013618417
0.013462336
0.013339788
0.01324595
0.013175631
0.013123784
0.01361507
0.013504562
0.013296943
0.013076437
0.012889037
0.012743471
0.012634251
0.012553578
0.012494588
0.012451747
0.012857724
0.012765296
0.01260101
0.012440117
0.012309248
0.012205366
0.012122962
0.01205912
0.012011176
0.011975874
0.012077963
0.011968711
0.011778125
0.011596849
0.011462663
0.011368338
0.01129939
0.011248107
0.011210525
0.011183386
0.01137211
0.011373809
0.011321916
0.011246214
0.011170333
0.011102668
0.011046566
0.011002738
0.010969671
0.010945119
0.010561962
0.010375381
0.010169788
0.010023653
0.0099244411
0.0098517189
0.0097977
0.0097586063
0.0097306844
0.0097106664
0.018217072
0.018086605
0.017947413
0.017797395
0.017635623
0.017462324
0.017277803
0.017082279
0.01687612
0.016659915
0.016434431
0.016200588
0.015959444
0.015712178
0.015460068
0.01520445
0.014946687
0.014688135
0.014430103
0.014173826
0.013920435
0.013670934
0.013426183
0.013186892
0.012953612
0.012726741
0.01250653
0.012293094
0.012086429
0.011886425
0.011692886
0.011505544
0.011324078
0.011148128
0.010977308
0.010811219
0.010649456
0.010491615
0.010337306
0.010186147
0.010037778
0.009891856
0.0097480586
0.0096060849
0.0094656548
0.0093265084
0.0091884051
0.0090511225
0.008914455
0.0087782132
0.0086422219
0.0085063191
0.0083703545
0.0082341886
0.0080976918
0.0079607425
0.0078232257
0.0076850333
0.0075460635
0.0074062206
0.0072654132
0.0071235569
0.0069805687
0.0068363693
0.0066908821
0.006544034
0.0063957541
0.0062459747
0.006094631
0.0059416617
0.0057870084
0.0056306158
0.0054724324
0.0053124099
0.005150505
0.0049866776
0.0048208957
0.0046531311
0.0044833684
0.0043115959
0.0041378223
0.0039620608
0.0037843535
0.0036047622
0.0034233767
0.0032403265
0.003055793
0.0028700003
0.0026833246
0.002496063
0.0023091559
0.0021225535
0.0019393045
0.0017561857
0.0015862134
0.0014064796
0.0012840978
0.0010870438
0.0011511174
-0.00038980164
0.01797838
0.017855811
0.017725278
0.017584925
0.017433884
0.017272305
0.017100407
0.016918333
0.016726335
0.016524861
0.016314512
0.016096027
0.01587027
0.015638225
0.01540097
0.015159656
0.014915477
0.014669638
0.01442333
0.014177694
0.013933802
0.013692629
0.013455036
0.01322176
0.012993402
0.012770431
0.01255318
0.012341857
0.012136554
0.01193726
0.011743874
0.011556219
0.011374059
0.011197111
0.011025057
0.010857557
0.010694256
0.010534797
0.010378821
0.010225979
0.010075933
0.009928357
0.0097829442
0.0096394031
0.0094974607
0.0093568617
0.0092173681
0.0090787585
0.0089408273
0.0088033839
0.0086662515
0.0085292657
0.0083922737
0.0082551333
0.0081177118
0.0079798849
0.0078415349
0.0077025512
0.0075628295
0.0074222714
0.0072807835
0.0071382783
0.0069946713
0.0068498811
0.0067038294
0.0065564416
0.0064076452
0.0062573712
0.0061055536
0.0059521297
0.00579704
0.0056402281
0.0054816414
0.0053212305
0.0051589511
0.0049947624
0.0048286309
0.0046605279
0.0044904363
0.004318344
0.004144257
0.0039681883
0.0037901771
0.0036102828
0.0034285925
0.0032452311
0.0030603748
0.0028742416
0.0026871923
0.0024995233
0.0023121157
0.0021249709
0.0019408842
0.0017570065
0.0015851266
0.001404928
0.0012753197
0.0010820388
0.001096292
-0.00031601559
0.017703143
0.017589233
0.017468165
0.017338334
0.017198944
0.017050072
0.016891861
0.016724376
0.016547771
0.016362352
0.016168566
0.015966969
0.015758234
0.01554314
0.015322563
0.015097453
0.014868815
0.014637685
0.014405107
0.014172106
0.013939667
0.013708709
0.013480072
0.013254498
0.013032623
0.012814971
0.01260195
0.012393857
0.01219088
0.011993111
0.01180055
0.011613123
0.011430689
0.011253051
0.011079974
0.010911188
0.010746404
0.010585317
0.010427616
0.010272991
0.010121134
0.0099717464
0.0098245404
0.0096792404
0.009535585
0.0093933271
0.0092522343
0.009112089
0.0089726871
0.0088338385
0.0086953657
0.0085571027
0.0084188949
0.0082805976
0.0081420754
0.008003201
0.0078638543
0.0077239219
0.0075832968
0.007441878
0.0072995695
0.0071562811
0.0070119259
0.0068664204
0.0067196846
0.0065716417
0.0064222179
0.0062713425
0.0061189479
0.0059649702
0.0058093483
0.0056520245
0.005492945
0.0053320593
0.0051693216
0.0050046903
0.0048381304
0.0046696123
0.0044991169
0.0043266313
0.0041521589
0.0039757118
0.0037973257
0.0036170572
0.0034349896
0.0032512427
0.0030659854
0.0028794283
0.0026919133
0.0025037342
0.002315701
0.0021278723
0.0019427407
0.0017578923
0.0015836517
0.0014024596
0.0012644188
0.0010731943
0.0010343273
-0.00023289143
0.017389641
0.017284995
0.017174031
0.017055384
0.01692834
0.016792915
0.016649182
0.016497142
0.016336857
0.016168515
0.015992412
0.01580894
0.015618587
0.015421935
0.015219654
0.015012489
0.014801248
0.01458678
0.014369963
0.014151678
0.013932796
0.01371415
0.013496529
0.013280652
0.013067163
0.012856619
0.012649484
0.012446131
0.012246837
0.01205179
0.011861096
0.011674783
0.011492812
0.011315087
0.011141462
0.010971754
0.010805747
0.010643205
0.010483875
0.010327497
0.010173806
0.010022539
0.009873435
0.0097262428
0.0095807187
0.0094366296
0.0092937535
0.0091518798
0.0090108098
0.008870356
0.0087303424
0.0085906034
0.0084509834
0.0083113363
0.0081715246
0.0080314188
0.0078908965
0.0077498416
0.0076081447
0.007465702
0.007322415
0.0071781906
0.0070329395
0.0068865761
0.0067390181
0.0065901868
0.0064400066
0.006288405
0.006135313
0.0059806647
0.0058243976
0.0056664526
0.0055067743
0.0053453108
0.0051820151
0.005016844
0.0048497612
0.0046807356
0.0045097461
0.0043367784
0.0041618331
0.0039849207
0.0038060731
0.003625343
0.003442809
0.0032585843
0.003072829
0.0028857439
0.0026976475
0.0025088286
0.0023200134
0.0021313182
0.0019448877
0.001758782
0.0015816471
0.0013987965
0.0012510151
0.0010588653
0.00096512977
-0.00014243182
0.017037423
0.016942486
0.016842068
0.016735034
0.01662076
0.016499213
0.01637041
0.016234299
0.016090872
0.015940214
0.015782496
0.015617963
0.015446936
0.015269816
0.015087081
0.014899276
0.014707011
0.014510943
0.014311769
0.014110208
0.01390699
0.013702836
0.013498446
0.013294485
0.013091571
0.012890263
0.012691053
0.012494362
0.012300538
0.012109853
0.011922503
0.011738619
0.011558264
0.011381443
0.01120811
0.011038174
0.010871508
0.010707954
0.010547331
0.01038944
0.010234073
0.010081011
0.0099300353
0.0097809262
0.0096334671
0.0094874464
0.0093426593
0.0091989086
0.0090560054
0.0089137694
0.0087720295
0.0086306232
0.0084893965
0.0083482038
0.0082069071
0.0080653758
0.007923486
0.0077811199
0.007638166
0.0074945183
0.0073500759
0.007204743
0.0070584281
0.0069110432
0.0067625041
0.00661273
0.0064616434
0.00630917
0.006155239
0.0059997828
0.0058427371
0.0056840413
0.0055236382
0.0053614745
0.0051975013
0.0050316743
0.0048639549
0.0046943107
0.0045227179
0.0043491608
0.0041736363
0.0039961529
0.0038167377
0.0036354385
0.0034523283
0.0032675117
0.0030811375
0.002893394
0.0027045714
0.002514948
0.002325155
0.0021353582
0.0019473177
0.0017595704
0.0015789214
0.0013936694
0.0012346301
0.0010377006
0.00088936132
-4.9195558e-05
0.016646477
0.016561421
0.016471709
0.016376394
0.016274946
0.016167309
0.016053454
0.015933295
0.01580677
0.015673887
0.015534717
0.015389384
0.01523807
0.015081021
0.014918543
0.014751003
0.014578823
0.014402474
0.014222471
0.014039363
0.013853719
0.013666126
0.013477168
0.01328742
0.013097437
0.012907741
0.012718817
0.012531099
0.012344973
0.012160765
0.011978746
0.011799127
0.011622064
0.011447657
0.011275958
0.011106972
0.010940665
0.010776965
0.010615775
0.010456969
0.010300405
0.010145926
0.0099933629
0.0098425406
0.0096932808
0.0095454036
0.0093987304
0.0092530853
0.0091082968
0.008964198
0.0088206281
0.0086774325
0.0085344628
0.008391577
0.0082486396
0.0081055213
0.0079620985
0.0078182533
0.0076738732
0.007528851
0.0073830844
0.0072364757
0.0070889314
0.0069403617
0.0067906807
0.0066398056
0.0064876574
0.0063341599
0.0061792406
0.0060228302
0.0058648627
0.0057052758
0.0055440106
0.0053810121
0.0052162296
0.0050496169
0.0048811335
0.0047107451
0.004538425
0.0043641552
0.0041879288
0.0040097509
0.0038296435
0.0036476482
0.0034638301
0.0032782838
0.0030911436
0.0029025814
0.0027128537
0.00252222
0.0023312064
0.0021400086
0.0019499807
0.001760086
0.0015752302
0.00138651
0.0012147941
0.001009131
0.00080944522
3.9508135e-05
0.016220059
0.016144823
0.016065693
0.015981914
0.015893035
0.015798979
0.015699692
0.015595068
0.015485014
0.015369483
0.015248474
0.015122019
0.014990196
0.014853125
0.014710973
0.014563956
0.014412335
0.014256413
0.014096537
0.013933086
0.013766473
0.013597133
0.013425516
0.013252081
0.013077288
0.012901586
0.01272541
0.012549171
0.012373249
0.012197991
0.012023703
0.01185065
0.011679054
0.011509092
0.011340899
0.011174568
0.011010153
0.010847672
0.010687112
0.010528429
0.010371557
0.010216407
0.010062876
0.0099108433
0.0097601816
0.0096107541
0.0094624196
0.0093150343
0.0091684532
0.0090225319
0.0088771278
0.0087321009
0.0085873146
0.0084426362
0.0082979373
0.0081530937
0.0080079856
0.0078624979
0.0077165197
0.0075699448
0.0074226709
0.0072746001
0.0071256383
0.0069756949
0.006824683
0.0066725187
0.0065191217
0.0063644148
0.0062083239
0.0060507784
0.0058917109
0.0057310573
0.0055687572
0.0054047538
0.0052389945
0.0050714312
0.0049020212
0.0047307277
0.0045575212
0.0043823802
0.0042052939
0.0040262627
0.0038453023
0.0036624466
0.0034777508
0.0032912965
0.0031032001
0.002913612
0.0027227488
0.0025308392
0.0023382962
0.0021453131
0.0019528344
0.0017601424
0.0015703
0.001376743
0.0011909906
0.00097388559
0.00072964682
0.00011510946
0.015757298
0.015691563
0.015622617
0.015549845
0.015472896
0.015391695
0.015306172
0.015216212
0.015121709
0.015022584
0.014918789
0.014810298
0.014697112
0.014579262
0.014456813
0.014329863
0.014198545
0.014063025
0.013923504
0.013780216
0.013633425
0.01348342
0.013330514
0.013175037
0.013017332
0.012857751
0.012696645
0.012534361
0.012371237
0.012207595
0.012043737
0.011879941
0.011716458
0.01155351
0.011391285
0.011229942
0.011069607
0.010910373
0.010752304
0.010595437
0.010439781
0.010285322
0.010132024
0.0099798346
0.0098286847
0.0096784923
0.0095291648
0.0093806013
0.0092326945
0.009085333
0.0089384021
0.0087917857
0.0086453675
0.0084990314
0.0083526627
0.0082061487
0.0080593787
0.0079122447
0.0077646419
0.0076164681
0.0074676246
0.0073180158
0.0071675491
0.0070161353
0.0068636878
0.0067101234
0.0065553617
0.0063993251
0.0062419393
0.0060831327
0.0059228371
0.0057609872
0.0055975214
0.0054323812
0.0052655124
0.0050968649
0.0049263937
0.0047540592
0.0045798286
0.0044036767
0.0042255874
0.0040455556
0.0038635894
0.0036797128
0.0034939689
0.0033064229
0.0031171688
0.002926329
0.0027340735
0.0025405855
0.0023461575
0.0021509378
0.0019554748
0.0017592175
0.0015635578
0.0013636308
0.0011629055
0.00093275749
0.00065496685
0.00017050923
0.015269111
0.015212268
0.015152824
0.015090308
0.015024421
0.014955084
0.014882226
0.014805739
0.014725513
0.014641458
0.0145535
0.014461579
0.014365651
0.014265689
0.014161688
0.014053666
0.013941663
0.013825744
0.013705999
0.013582544
0.013455518
0.013325087
0.013191436
0.013054772
0.012915321
0.012773322
0.012629025
0.012482691
0.012334581
0.012184957
0.012034079
0.011882196
0.011729547
0.011576356
0.011422829
0.011269155
0.011115499
0.010962005
0.010808792
0.010655958
0.010503577
0.010351702
0.010200364
0.010049575
0.0098993297
0.0097496052
0.0096003655
0.0094515616
0.009303134
0.009155014
0.0090071257
0.0088593873
0.0087117125
0.0085640117
0.008416193
0.0082681632
0.0081198286
0.0079710955
0.007821871
0.0076720633
0.0075215819
0.0073703382
0.0072182455
0.0070652192
0.0069111767
0.0067560377
0.0065997243
0.0064421609
0.0062832742
0.0061229939
0.0059612518
0.0057979828
0.0056331247
0.0054666185
0.0052984085
0.0051284431
0.004956675
0.0047830618
0.0046075671
0.0044301613
0.0042508226
0.0040695386
0.0038863084
0.003701144
0.0035140731
0.0033251407
0.0031344135
0.0029419781
0.00274795
0.0025524505
0.0023556445
0.0021575894
0.0019584635
0.0017577165
0.001555344
0.0013475347
0.0011318131
0.00088900484
0.00058948184
0.0002031326
0.01474359
0.014695021
0.014644324
0.014591137
0.014535256
0.014476617
0.014415147
0.014350745
0.014283309
0.014212751
0.014138989
0.014061946
0.013981557
0.013897765
0.013810523
0.013719802
0.013625582
0.013527861
0.013426654
0.013321992
0.013213924
0.013102516
0.012987856
0.012870045
0.012749204
0.012625468
0.012498989
0.012369928
0.01223846
0.012104767
0.011969037
0.011831461
0.011692229
0.011551532
0.011409554
0.011266472
0.011122454
0.010977655
0.01083222
0.010686277
0.010539939
0.010393302
0.010246449
0.010099442
0.0099523305
0.0098051468
0.0096579089
0.0095106209
0.0093632743
0.0092158491
0.0090683148
0.008920632
0.0087727532
0.0086246241
0.0084761848
0.0083273709
0.0081781142
0.0080283437
0.0078779865
0.0077269682
0.0075752137
0.0074226476
0.0072691947
0.0071147802
0.0069593302
0.0068027716
0.0066450327
0.006486043
0.0063257338
0.0061640377
0.0060008897
0.0058362264
0.0056699868
0.0055021125
0.0053325475
0.0051612394
0.0049881392
0.0048132019
0.0046363875
0.0044576613
0.004276995
0.0040943679
0.0039097677
0.0037231921
0.0035346499
0.0033441616
0.0031517603
0.0029574893
0.0027614009
0.002563538
0.0023639328
0.0021625109
0.0019591178
0.0017530734
0.0015433259
0.0013267073
0.0010971865
0.00084491778
0.00053377577
0.00021417932
0.014213795
0.014172497
0.014129505
0.014084559
0.014037477
0.013988193
0.013936647
0.013882755
0.013826427
0.01376758
0.013706136
0.013642017
0.01357515
0.013505466
0.013432902
0.0133574
0.013278913
0.013197399
0.013112827
0.013025176
0.012934435
0.012840606
0.012743704
0.012643754
0.012540797
0.012434884
0.01232608
0.012214464
0.012100124
0.011983159
0.01186368
0.011741804
0.011617655
0.011491364
0.011363064
0.01123289
0.011100977
0.010967459
0.010832464
0.010696119
0.010558539
0.010419836
0.01028011
0.010139452
0.009997941
0.009855647
0.0097126274
0.0095689288
0.0094245863
0.0092796243
0.0091340565
0.0089878869
0.0088411102
0.0086937128
0.0085456729
0.0083969623
0.0082475465
0.0080973855
0.0079464352
0.0077946472
0.0076419703
0.0074883505
0.0073337318
0.0071780566
0.0070212661
0.0068633008
0.0067041008
0.0065436058
0.0063817559
0.0062184915
0.0060537536
0.0058874842
0.0057196261
0.0055501238
0.0053789234
0.0052059728
0.0050312226
0.0048546263
0.0046761403
0.0044957252
0.0043133457
0.0041289716
0.0039425779
0.0037541456
0.0035636615
0.0033711172
0.0031765073
0.0029798242
0.0027810504
0.0025801388
0.0023769873
0.0021713693
0.0019628508
0.0017505712
0.0015328419
0.0013069772
0.001065756
0.00080648355
0.00049204399
0.00021290147
0.013627297
0.013592727
0.013556767
0.013519219
0.013479981
0.013439005
0.013396233
0.013351591
0.013305005
0.013256404
0.013205717
0.013152872
0.013097799
0.013040428
0.012980694
0.012918531
0.012853877
0.012786675
0.012716871
0.012644417
0.01256927
0.012491394
0.01241076
0.012327345
0.012241136
0.012152127
0.012060323
0.011965736
0.011868387
0.011768308
0.011665538
0.011560126
0.01145213
0.011341613
0.011228648
0.01111331
0.010995684
0.010875854
0.010753912
0.010629946
0.010504049
0.010376312
0.010246821
0.010115664
0.0099829214
0.009848669
0.0097129781
0.0095759146
0.0094375383
0.0092979011
0.0091570472
0.0090150129
0.008871827
0.008727511
0.0085820787
0.0084355372
0.008287887
0.0081391222
0.0079892317
0.0078381987
0.0076860023
0.0075326168
0.0073780129
0.007222158
0.0070650162
0.0069065488
0.006746715
0.0065854718
0.0064227746
0.0062585771
0.0060928323
0.0059254919
0.0057565074
0.0055858296
0.0054134097
0.0052391994
0.005063151
0.004885218
0.0047053549
0.0045235174
0.004339663
0.0041537512
0.003965743
0.0037756003
0.0035832848
0.0033887556
0.0031919644
0.0029928483
0.0027913166
0.0025872292
0.0023803595
0.002170337
0.0019565272
0.0017379373
0.0015126535
0.0012785071
0.0010286975
0.00076516478
0.00045378955
0.00019922942
0.01308759
0.013058521
0.013028342
0.012996934
0.012964184
0.012930043
0.012894464
0.012857391
0.012818764
0.012778521
0.012736604
0.01269295
0.012647497
0.012600181
0.012550939
0.012499707
0.012446424
0.012391027
0.012333456
0.012273652
0.012211558
0.012147122
0.012080291
0.012011018
0.011939259
0.011864976
0.011788133
0.011708703
0.011626661
0.01154199
0.011454678
0.011364721
0.011272121
0.011176884
0.011079026
0.010978566
0.010875533
0.010769957
0.010661876
0.010551333
0.010438374
0.010323047
0.010205406
0.010085505
0.0099633975
0.0098391427
0.0097128007
0.0095844312
0.0094540912
0.0093218362
0.0091877207
0.0090517957
0.0089141078
0.0087746991
0.0086336073
0.0084908659
0.0083465033
0.0082005433
0.0080530046
0.0079039011
0.0077532421
0.0076010316
0.007447269
0.007291949
0.0071350617
0.0069765932
0.006816526
0.0066548389
0.0064915072
0.0063265033
0.0061597965
0.0059913532
0.0058211373
0.00564911
0.0054752308
0.0052994578
0.005121749
0.0049420608
0.0047603482
0.0045765649
0.004390663
0.0042025928
0.0040123022
0.0038197348
0.0036248278
0.0034275081
0.003227686
0.003025246
0.0028200314
0.0026118221
0.0024002961
0.0021849845
0.001965158
0.0017398141
0.0015071476
0.0012656053
0.0010095056
0.00074351941
0.00043656346
0.00019346441
0.012422139
0.012398572
0.012374096
0.012348602
0.012322045
0.012294397
0.012265611
0.01223564
0.012204433
0.012171941
0.012138112
0.012102893
0.012066231
0.012028069
0.011988352
0.011947021
0.011904019
0.011859288
0.011812766
0.011764397
0.011714122
0.011661884
0.011607623
0.011551283
0.011492805
0.011432137
0.011369223
0.011304014
0.011236459
0.011166513
0.011094134
0.011019281
0.010941918
0.010862014
0.010779541
0.010694475
0.010606797
0.010516492
0.010423552
0.010327971
0.010229748
0.010128888
0.010025402
0.0099193031
0.0098105365
0.0096990434
0.0095849312
0.0094683078
0.0093492001
0.0092276204
0.0091035981
0.0089771722
0.0088483815
0.0087172637
0.0085838577
0.0084482031
0.00831034
0.0081703084
0.0080281478
0.0078838969
0.0077375925
0.0075892693
0.0074389574
0.0072866813
0.0071324597
0.0069763064
0.0068182301
0.0066582345
0.0064963188
0.0063324776
0.0061667003
0.0059989717
0.0058292714
0.0056575748
0.0054838539
0.0053080781
0.0051302129
0.0049502179
0.0047680483
0.0045836559
0.0043969878
0.0042079859
0.0040165855
0.0038227127
0.0036262819
0.0034271912
0.0032253155
0.0030204969
0.00281253
0.0026011427
0.0023859646
0.0021664964
0.0019420247
0.0017116632
0.0014739172
0.0012278489
0.00096906608
0.00070368401
0.00040519695
0.00017521108
0.01195124
0.011931425
0.011910883
0.011889557
0.011867361
0.011844257
0.011820216
0.011795202
0.011769173
0.011742085
0.011713894
0.011684556
0.011654025
0.011622253
0.011589191
0.011554789
0.011518995
0.011481757
0.01144302
0.011402728
0.011360827
0.011317259
0.011271968
0.011224897
0.011175985
0.011125175
0.011072405
0.011017616
0.01096075
0.010901747
0.010840548
0.010777096
0.010711334
0.010643207
0.010572661
0.010499641
0.010424098
0.010345982
0.010265244
0.010181837
0.010095717
0.010006839
0.0099151582
0.0098206307
0.0097231966
0.0096227883
0.0095193721
0.0094129803
0.009303728
0.009191733
0.0090770203
0.0089595709
0.0088393848
0.0087164815
0.0085908843
0.0084626168
0.0083317053
0.0081981803
0.0080620752
0.0079234243
0.0077822626
0.0076386225
0.0074925322
0.0073440194
0.0071931124
0.0070398387
0.0068842234
0.0067262892
0.0065660551
0.0064035346
0.0062387343
0.0060716562
0.0059022958
0.0057306312
0.0055566341
0.0053802954
0.0052016084
0.005020545
0.0048370637
0.0046511185
0.0044626584
0.0042716242
0.0040779462
0.0038815425
0.0036823159
0.0034801495
0.0032749007
0.0030663925
0.0028544028
0.0026386496
0.0024187695
0.0021943028
0.0019646324
0.0017290595
0.0014864149
0.0012362419
0.00097480312
0.00070862893
0.00041098505
0.00017983042
0.011164723
0.011149899
0.011134476
0.011118388
0.011101622
0.01108416
0.011065971
0.011047018
0.01102727
0.011006692
0.010985248
0.010962901
0.010939612
0.01091534
0.010890043
0.010863679
0.010836201
0.010807564
0.010777719
0.010746616
0.010714202
0.010680424
0.010645225
0.010608551
0.010570342
0.01053054
0.010489082
0.010445906
0.010400949
0.010354143
0.010305423
0.01025472
0.010201964
0.010147084
0.010090008
0.010030664
0.0099689754
0.0099048674
0.0098382623
0.0097690812
0.0096972431
0.0096226652
0.0095452597
0.0094649373
0.0093816625
0.0092953997
0.0092059733
0.0091132199
0.0090171057
0.0089176665
0.0088149149
0.0087088463
0.0085994698
0.0084868094
0.0083708978
0.0082517833
0.0081295338
0.0080042355
0.0078759938
0.0077449325
0.0076112291
0.0074750437
0.0073363619
0.0071951376
0.007051366
0.0069050515
0.0067561758
0.0066047287
0.0064507282
0.006294187
0.0061350964
0.0059734399
0.0058092008
0.0056423611
0.0054728991
0.0053007901
0.0051260044
0.0049485064
0.0047682544
0.004585201
0.0043992917
0.0042104634
0.004018643
0.0038237452
0.0036256698
0.0034242982
0.0032194894
0.0030110739
0.0027988468
0.0025825601
0.002361911
0.0021365406
0.0019059958
0.0016698251
0.00142726
0.001178352
0.0009204119
0.00066055668
0.00037636184
0.00016056609
0.010927853
0.010913882
0.010899423
0.01088444
0.010868851
0.010852623
0.010835739
0.010818173
0.010799895
0.010780871
0.010761071
0.010740459
0.010719
0.010696658
0.010673395
0.01064917
0.010623942
0.010597667
0.010570302
0.010541798
0.01051211
0.010481184
0.010448969
0.010415411
0.010380455
0.010344043
0.010306116
0.010266614
0.010225476
0.010182637
0.010138033
0.010091597
0.010043261
0.0099929572
0.009940616
0.0098861673
0.0098295407
0.0097706653
0.0097094698
0.0096458846
0.0095798416
0.0095112744
0.0094401193
0.0093663158
0.0092898077
0.0092105503
0.0091284995
0.0090435567
0.0089555463
0.0088643053
0.0087697779
0.0086719603
0.0085708318
0.0084663568
0.0083585016
0.0082472493
0.0081326056
0.0080145884
0.0078932207
0.0077685375
0.0076406012
0.0075094843
0.0073752323
0.0072378934
0.0070975392
0.0069542568
0.0068081684
0.0066593835
0.0065078789
0.0063535957
0.0061965014
0.0060365778
0.0058738029
0.0057081487
0.0055395854
0.005368082
0.0051936059
0.0050161207
0.0048355857
0.0046519553
0.004465178
0.0042751952
0.0040819396
0.0038853335
0.0036852867
0.003481694
0.0032744318
0.0030633547
0.0028482901
0.0026290337
0.0024053402
0.0021769238
0.0019434186
0.001704467
0.0014593683
0.0012081796
0.00094793454
0.00068527255
0.00039541925
0.00017118903
0.0096968872
0.0096859578
0.0096746034
0.0096627718
0.0096504525
0.0096376324
0.0096242885
0.0096103957
0.0095959295
0.0095808648
0.0095651753
0.0095488331
0.0095318096
0.0095140747
0.0094955972
0.0094763445
0.0094562829
0.0094353772
0.0094135911
0.0093908868
0.009367225
0.0093425653
0.0093168659
0.0092900834
0.0092621734
0.0092330899
0.0092027858
0.0091712128
0.0091383214
0.0091040609
0.0090683798
0.0090312258
0.0089925458
0.008952286
0.0089103925
0.0088668113
0.0088214882
0.0087743693
0.0087254009
0.0086745313
0.0086217105
0.0085668911
0.0085100281
0.0084510802
0.0083900109
0.0083267884
0.0082613889
0.0081937922
0.0081239467
0.0080517595
0.0079771331
0.0078999751
0.0078201913
0.0077376837
0.0076523526
0.0075640922
0.0074727895
0.0073783263
0.0072805791
0.0071794228
0.0070747065
0.0069663111
0.0068542748
0.006738675
0.0066195737
0.0064970286
0.0063711335
0.0062419775
0.0061095206
0.0059736859
0.0058344229
0.0056916977
0.0055454736
0.00539571
0.0052423665
0.0050854038
0.0049247831
0.0047604641
0.0045924053
0.0044205636
0.004244894
0.0040653483
0.0038818752
0.0036944191
0.0035029196
0.0033073111
0.0031075225
0.0029034764
0.0026950901
0.0024822763
0.0022649433
0.0020430063
0.001816367
0.0015850105
0.0013487239
0.0011081085
0.00086130566
0.00061524449
0.00034961451
0.00014844131
)
;

boundaryField
{
    inlet
    {
        type            zeroGradient;
    }
    top
    {
        type            zeroGradient;
    }
    outlet
    {
        type            fixedValue;
        value           uniform 0;
    }
    slipsurface
    {
        type            slip;
    }
    bottom
    {
        type            zeroGradient;
    }
    frontandback
    {
        type            empty;
    }
}


// ************************************************************************* //
