0 	0.0046929928 	1.0006664e-06 	2.5940377e-07
0.0021021021 	0.0047108392 	1.0006963e-06 	2.5942875e-07
0.0042042042 	0.0047286856 	1.0007261e-06 	2.5945373e-07
0.0063063063 	0.0047465319 	1.000756e-06 	2.5947871e-07
0.0084084084 	0.0047643783 	1.0007859e-06 	2.5950369e-07
0.010510511 	0.0047845966 	1.0008191e-06 	2.5953146e-07
0.012612613 	0.0048062882 	1.0008544e-06 	2.5956096e-07
0.014714715 	0.0048279798 	1.0008897e-06 	2.5959047e-07
0.016816817 	0.0048496714 	1.000925e-06 	2.5961997e-07
0.018918919 	0.0048713629 	1.0009602e-06 	2.5964948e-07
0.021021021 	0.0048936575 	1.0009962e-06 	2.5967958e-07
0.023123123 	0.0049200061 	1.001037e-06 	2.5971368e-07
0.025225225 	0.0049463546 	1.0010778e-06 	2.5974779e-07
0.027327327 	0.0049727031 	1.0011185e-06 	2.5978189e-07
0.029429429 	0.0049990517 	1.0011593e-06 	2.59816e-07
0.031531532 	0.0050268547 	1.0012015e-06 	2.5985129e-07
0.033633634 	0.0050589058 	1.0012478e-06 	2.5989003e-07
0.035735736 	0.005090957 	1.0012941e-06 	2.5992878e-07
0.037837838 	0.0051230081 	1.0013404e-06 	2.5996753e-07
0.03993994 	0.0051550593 	1.0013867e-06 	2.6000628e-07
0.042042042 	0.0051935832 	1.0014381e-06 	2.6004927e-07
0.044144144 	0.0052327137 	1.0014899e-06 	2.6009267e-07
0.046246246 	0.0052718443 	1.0015418e-06 	2.6013607e-07
0.048348348 	0.0053113031 	1.0015938e-06 	2.6017964e-07
0.05045045 	0.0053593796 	1.0016512e-06 	2.6022766e-07
0.052552553 	0.0054074561 	1.0017085e-06 	2.6027567e-07
0.054654655 	0.0054555325 	1.0017659e-06 	2.6032369e-07
0.056756757 	0.0055100675 	1.0018262e-06 	2.6037425e-07
0.058858859 	0.0055696941 	1.001889e-06 	2.6042682e-07
0.060960961 	0.0056293208 	1.0019518e-06 	2.6047939e-07
0.063063063 	0.0056954979 	1.0020167e-06 	2.6053379e-07
0.065165165 	0.0057705311 	1.0020846e-06 	2.6059066e-07
0.067267267 	0.0058455642 	1.0021525e-06 	2.6064754e-07
0.069369369 	0.005932987 	1.0022233e-06 	2.6070688e-07
0.071471471 	0.0060292434 	1.0022961e-06 	2.6076797e-07
0.073573574 	0.0061254999 	1.002369e-06 	2.6082907e-07
0.075675676 	0.0062530341 	1.0024438e-06 	2.6089177e-07
0.077777778 	0.0063809235 	1.0025186e-06 	2.6095449e-07
0.07987988 	0.0065374807 	1.0025984e-06 	2.6102148e-07
0.081981982 	0.0067133116 	1.0026817e-06 	2.6109134e-07
0.084084084 	0.0069245046 	1.0027491e-06 	2.6114789e-07
0.086186186 	0.0071952647 	1.0027897e-06 	2.6118201e-07
0.088288288 	0.0075049278 	1.0028485e-06 	2.6123143e-07
0.09039039 	0.0079165382 	1.0029551e-06 	2.613209e-07
0.092492492 	0.008526998 	1.0030199e-06 	2.6137529e-07
0.094594595 	0.0096617959 	1.0029744e-06 	2.6133718e-07
0.096696697 	0.010446642 	9.1452412e-07 	2.3834649e-07
0.098798799 	0.010540718 	6.5157204e-07 	1.7004982e-07
0.1009009 	0.0096749486 	3.8873977e-07 	1.0182543e-07
0.103003 	0.0075293832 	1.2606726e-07 	3.3697414e-08
0.10510511 	0.0057862202 	0 	1e-09
0.10720721 	0.0044144178 	0 	1e-09
0.10930931 	0.0039276761 	0 	1e-09
0.11141141 	0.0040405772 	0 	1e-09
0.11351351 	0.0042155113 	0 	1e-09
0.11561562 	0.0044229537 	0 	1e-09
0.11771772 	0.0045109652 	0 	1e-09
0.11981982 	0.0045476738 	0 	1e-09
0.12192192 	0.0045326361 	0 	1e-09
0.12402402 	0.0044980281 	0 	1e-09
0.12612613 	0.0044591804 	0 	1e-09
0.12822823 	0.004418794 	0 	1e-09
0.13033033 	0.0043811734 	0 	1e-09
0.13243243 	0.0043446117 	0 	1e-09
0.13453453 	0.0043095485 	0 	1e-09
0.13663664 	0.0042751484 	0 	1e-09
0.13873874 	0.0042408821 	0 	1e-09
0.14084084 	0.00420669 	0 	1e-09
0.14294294 	0.004173105 	0 	1e-09
0.14504505 	0.0041399731 	0 	1e-09
0.14714715 	0.0041079149 	0 	1e-09
0.14924925 	0.0040770185 	0 	1e-09
0.15135135 	0.004046842 	0 	1e-09
0.15345345 	0.0040179149 	0 	1e-09
0.15555556 	0.003989361 	0 	1e-09
0.15765766 	0.003962073 	0 	1e-09
0.15975976 	0.0039348961 	0 	1e-09
0.16186186 	0.0039092985 	0 	1e-09
0.16396396 	0.003883701 	0 	1e-09
0.16606607 	0.0038595009 	0 	1e-09
0.16816817 	0.0038354935 	0 	1e-09
0.17027027 	0.0038124263 	0 	1e-09
0.17237237 	0.0037898304 	0 	1e-09
0.17447447 	0.0037677896 	0 	1e-09
0.17657658 	0.0037464949 	0 	1e-09
0.17867868 	0.0037253885 	0 	1e-09
0.18078078 	0.0037052752 	0 	1e-09
0.18288288 	0.0036851619 	0 	1e-09
0.18498498 	0.0036659706 	0 	1e-09
0.18708709 	0.0036469253 	0 	1e-09
0.18918919 	0.0036284272 	0 	1e-09
0.19129129 	0.0036104002 	0 	1e-09
0.19339339 	0.0035925321 	0 	1e-09
0.1954955 	0.0035753852 	0 	1e-09
0.1975976 	0.0035582383 	0 	1e-09
0.1996997 	0.0035417471 	0 	1e-09
0.2018018 	0.0035254284 	0 	1e-09
0.2039039 	0.0035094052 	0 	1e-09
0.20600601 	0.003493886 	0 	1e-09
0.20810811 	0.0034783669 	0 	1e-09
0.21021021 	0.0034634489 	0 	1e-09
0.21231231 	0.0034485884 	0 	1e-09
0.21441441 	0.003434018 	0 	1e-09
0.21651652 	0.0034198477 	0 	1e-09
0.21861862 	0.0034056774 	0 	1e-09
0.22072072 	0.0033921021 	0 	1e-09
0.22282282 	0.0033785998 	0 	1e-09
0.22492492 	0.0033652402 	0 	1e-09
0.22702703 	0.0033521803 	0 	1e-09
0.22912913 	0.0033391203 	0 	1e-09
0.23123123 	0.0033264174 	0 	1e-09
0.23333333 	0.0033138569 	0 	1e-09
0.23543544 	0.003301334 	0 	1e-09
0.23753754 	0.0032893486 	0 	1e-09
0.23963964 	0.0032773632 	0 	1e-09
0.24174174 	0.0032655335 	0 	1e-09
0.24384384 	0.0032539655 	0 	1e-09
0.24594595 	0.0032423976 	0 	1e-09
0.24804805 	0.0032310769 	0 	1e-09
0.25015015 	0.0032198978 	0 	1e-09
0.25225225 	0.0032087186 	0 	1e-09
0.25435435 	0.0031979414 	0 	1e-09
0.25645646 	0.0031872339 	0 	1e-09
0.25855856 	0.0031765344 	0 	1e-09
0.26066066 	0.0031662189 	0 	1e-09
0.26276276 	0.0031559035 	0 	1e-09
0.26486486 	0.0031456192 	0 	1e-09
0.26696697 	0.0031355281 	0 	1e-09
0.26906907 	0.003125437 	0 	1e-09
0.27117117 	0.0031154112 	0 	1e-09
0.27327327 	0.0031056392 	0 	1e-09
0.27537538 	0.0030958672 	0 	1e-09
0.27747748 	0.0030861833 	0 	1e-09
0.27957958 	0.003076818 	0 	1e-09
0.28168168 	0.0030674528 	0 	1e-09
0.28378378 	0.0030581363 	0 	1e-09
0.28588589 	0.0030490546 	0 	1e-09
0.28798799 	0.0030399728 	0 	1e-09
0.29009009 	0.0030309062 	0 	1e-09
0.29219219 	0.0030220434 	0 	1e-09
0.29429429 	0.0030131805 	0 	1e-09
0.2963964 	0.0030043177 	0 	1e-09
0.2984985 	0.0029956856 	0 	1e-09
0.3006006 	0.0029870777 	0 	1e-09
0.3027027 	0.0029784698 	0 	1e-09
0.3048048 	0.0029700563 	0 	1e-09
0.30690691 	0.0029617354 	0 	1e-09
0.30900901 	0.0029534145 	0 	1e-09
0.31111111 	0.0029451858 	0 	1e-09
0.31321321 	0.0029371051 	0 	1e-09
0.31531532 	0.0029290244 	0 	1e-09
0.31741742 	0.0029209477 	0 	1e-09
0.31951952 	0.0029130545 	0 	1e-09
0.32162162 	0.0029051614 	0 	1e-09
0.32372372 	0.0028972682 	0 	1e-09
0.32582583 	0.00288949 	0 	1e-09
0.32792793 	0.0028817929 	0 	1e-09
0.33003003 	0.0028740957 	0 	1e-09
0.33213213 	0.0028664162 	0 	1e-09
0.33423423 	0.0028589471 	0 	1e-09
0.33633634 	0.002851478 	0 	1e-09
0.33843844 	0.0028440089 	0 	1e-09
0.34054054 	0.0028366445 	0 	1e-09
0.34264264 	0.0028293895 	0 	1e-09
0.34474474 	0.0028221345 	0 	1e-09
0.34684685 	0.0028148795 	0 	1e-09
0.34894895 	0.002807758 	0 	1e-09
0.35105105 	0.0028006658 	0 	1e-09
0.35315315 	0.0027935736 	0 	1e-09
0.35525526 	0.002786491 	0 	1e-09
0.35735736 	0.0027795467 	0 	1e-09
0.35945946 	0.0027726024 	0 	1e-09
0.36156156 	0.0027656581 	0 	1e-09
0.36366366 	0.0027587541 	0 	1e-09
0.36576577 	0.0027519922 	0 	1e-09
0.36786787 	0.0027452302 	0 	1e-09
0.36996997 	0.0027384683 	0 	1e-09
0.37207207 	0.0027317616 	0 	1e-09
0.37417417 	0.0027251946 	0 	1e-09
0.37627628 	0.0027186276 	0 	1e-09
0.37837838 	0.0027120606 	0 	1e-09
0.38048048 	0.0027055297 	0 	1e-09
0.38258258 	0.002699108 	0 	1e-09
0.38468468 	0.0026926862 	0 	1e-09
0.38678679 	0.0026862645 	0 	1e-09
0.38888889 	0.0026798564 	0 	1e-09
0.39099099 	0.002673557 	0 	1e-09
0.39309309 	0.0026672577 	0 	1e-09
0.3951952 	0.0026609583 	0 	1e-09
0.3972973 	0.0026546589 	0 	1e-09
0.3993994 	0.002648482 	0 	1e-09
0.4015015 	0.0026423238 	0 	1e-09
0.4036036 	0.0026361655 	0 	1e-09
0.40570571 	0.0026300072 	0 	1e-09
0.40780781 	0.0026239297 	0 	1e-09
0.40990991 	0.0026179291 	0 	1e-09
0.41201201 	0.0026119285 	0 	1e-09
0.41411411 	0.0026059279 	0 	1e-09
0.41621622 	0.0025999329 	0 	1e-09
0.41831832 	0.002594079 	0 	1e-09
0.42042042 	0.002588225 	0 	1e-09
0.42252252 	0.0025823711 	0 	1e-09
0.42462462 	0.0025765172 	0 	1e-09
0.42672673 	0.0025707136 	0 	1e-09
0.42882883 	0.0025649739 	0 	1e-09
0.43093093 	0.0025592341 	0 	1e-09
0.43303303 	0.0025534943 	0 	1e-09
0.43513514 	0.0025477546 	0 	1e-09
0.43723724 	0.0025420899 	0 	1e-09
0.43933934 	0.0025364552 	0 	1e-09
0.44144144 	0.0025308206 	0 	1e-09
0.44354354 	0.0025251859 	0 	1e-09
0.44564565 	0.0025195513 	0 	1e-09
0.44774775 	0.0025140244 	0 	1e-09
0.44984985 	0.0025085164 	0 	1e-09
0.45195195 	0.0025030083 	0 	1e-09
0.45405405 	0.0024975003 	0 	1e-09
0.45615616 	0.0024919923 	0 	1e-09
0.45825826 	0.0024866021 	0 	1e-09
0.46036036 	0.0024812335 	0 	1e-09
0.46246246 	0.0024758648 	0 	1e-09
0.46456456 	0.0024704962 	0 	1e-09
0.46666667 	0.0024651276 	0 	1e-09
0.46876877 	0.0024598343 	0 	1e-09
0.47087087 	0.002454575 	0 	1e-09
0.47297297 	0.0024493158 	0 	1e-09
0.47507508 	0.0024440566 	0 	1e-09
0.47717718 	0.0024387973 	0 	1e-09
0.47927928 	0.0024335718 	0 	1e-09
0.48138138 	0.0024284033 	0 	1e-09
0.48348348 	0.0024232347 	0 	1e-09
0.48558559 	0.0024180662 	0 	1e-09
0.48768769 	0.0024128976 	0 	1e-09
0.48978979 	0.0024077291 	0 	1e-09
0.49189189 	0.0024026475 	0 	1e-09
0.49399399 	0.0023975769 	0 	1e-09
0.4960961 	0.0023925063 	0 	1e-09
0.4981982 	0.0023874357 	0 	1e-09
0.5003003 	0.0023823651 	0 	1e-09
0.5024024 	0.0023773199 	0 	1e-09
0.5045045 	0.0023723615 	0 	1e-09
0.50660661 	0.002367403 	0 	1e-09
0.50870871 	0.0023624446 	0 	1e-09
0.51081081 	0.0023574861 	0 	1e-09
0.51291291 	0.0023525277 	0 	1e-09
0.51501502 	0.0023476123 	0 	1e-09
0.51711712 	0.0023427674 	0 	1e-09
0.51921922 	0.0023379224 	0 	1e-09
0.52132132 	0.0023330775 	0 	1e-09
0.52342342 	0.0023282326 	0 	1e-09
0.52552553 	0.0023233877 	0 	1e-09
0.52762763 	0.0023185721 	0 	1e-09
0.52972973 	0.0023138149 	0 	1e-09
0.53183183 	0.0023090577 	0 	1e-09
0.53393393 	0.0023043005 	0 	1e-09
0.53603604 	0.0022995433 	0 	1e-09
0.53813814 	0.0022947861 	0 	1e-09
0.54024024 	0.002290035 	0 	1e-09
0.54234234 	0.0022853547 	0 	1e-09
0.54444444 	0.0022806745 	0 	1e-09
0.54654655 	0.0022759942 	0 	1e-09
0.54864865 	0.0022713139 	0 	1e-09
0.55075075 	0.0022666337 	0 	1e-09
0.55285285 	0.0022619534 	0 	1e-09
0.55495495 	0.0022573278 	0 	1e-09
0.55705706 	0.0022527382 	0 	1e-09
0.55915916 	0.0022481487 	0 	1e-09
0.56126126 	0.0022435591 	0 	1e-09
0.56336336 	0.0022389695 	0 	1e-09
0.56546547 	0.00223438 	0 	1e-09
0.56756757 	0.0022297904 	0 	1e-09
0.56966967 	0.0022252912 	0 	1e-09
0.57177177 	0.0022208031 	0 	1e-09
0.57387387 	0.002216315 	0 	1e-09
0.57597598 	0.0022118269 	0 	1e-09
0.57807808 	0.0022073388 	0 	1e-09
0.58018018 	0.0022028507 	0 	1e-09
0.58228228 	0.0021983626 	0 	1e-09
0.58438438 	0.0021939554 	0 	1e-09
0.58648649 	0.0021895544 	0 	1e-09
0.58858859 	0.0021851534 	0 	1e-09
0.59069069 	0.0021807523 	0 	1e-09
0.59279279 	0.0021763513 	0 	1e-09
0.59489489 	0.0021719502 	0 	1e-09
0.596997 	0.0021675492 	0 	1e-09
0.5990991 	0.0021631975 	0 	1e-09
0.6012012 	0.0021588665 	0 	1e-09
0.6033033 	0.0021545356 	0 	1e-09
0.60540541 	0.0021502047 	0 	1e-09
0.60750751 	0.0021458738 	0 	1e-09
0.60960961 	0.0021415428 	0 	1e-09
0.61171171 	0.0021372119 	0 	1e-09
0.61381381 	0.0021328949 	0 	1e-09
0.61591592 	0.0021286356 	0 	1e-09
0.61801802 	0.0021243764 	0 	1e-09
0.62012012 	0.0021201171 	0 	1e-09
0.62222222 	0.0021158579 	0 	1e-09
0.62432432 	0.0021115986 	0 	1e-09
0.62642643 	0.0021073394 	0 	1e-09
0.62852853 	0.0021030801 	0 	1e-09
0.63063063 	0.0020988531 	0 	1e-09
0.63273273 	0.002094678 	0 	1e-09
0.63483483 	0.0020905029 	0 	1e-09
0.63693694 	0.0020863278 	0 	1e-09
0.63903904 	0.0020821527 	0 	1e-09
0.64114114 	0.0020779775 	0 	1e-09
0.64324324 	0.0020738024 	0 	1e-09
0.64534535 	0.0020696273 	0 	1e-09
0.64744745 	0.0020654735 	0 	1e-09
0.64954955 	0.0020613835 	0 	1e-09
0.65165165 	0.0020572934 	0 	1e-09
0.65375375 	0.0020532034 	0 	1e-09
0.65585586 	0.0020491133 	0 	1e-09
0.65795796 	0.0020450232 	0 	1e-09
0.66006006 	0.0020409332 	0 	1e-09
0.66216216 	0.0020368431 	0 	1e-09
0.66426426 	0.0020327531 	0 	1e-09
0.66636637 	0.0020287145 	0 	1e-09
0.66846847 	0.002024691 	0 	1e-09
0.67057057 	0.0020206674 	0 	1e-09
0.67267267 	0.0020166439 	0 	1e-09
0.67477477 	0.0020126204 	0 	1e-09
0.67687688 	0.0020085968 	0 	1e-09
0.67897898 	0.0020045733 	0 	1e-09
0.68108108 	0.0020005497 	0 	1e-09
0.68318318 	0.0019965262 	0 	1e-09
0.68528529 	0.0019925573 	0 	1e-09
0.68738739 	0.0019885926 	0 	1e-09
0.68948949 	0.0019846278 	0 	1e-09
0.69159159 	0.0019806631 	0 	1e-09
0.69369369 	0.0019766983 	0 	1e-09
0.6957958 	0.0019727336 	0 	1e-09
0.6978979 	0.0019687688 	0 	1e-09
0.7 	0.0019648041 	0 	1e-09
0.7021021 	0.0019608393 	0 	1e-09
0.7042042 	0.0019569244 	0 	1e-09
0.70630631 	0.0019530316 	0 	1e-09
0.70840841 	0.0019491388 	0 	1e-09
0.71051051 	0.001945246 	0 	1e-09
0.71261261 	0.0019413532 	0 	1e-09
0.71471471 	0.0019374604 	0 	1e-09
0.71681682 	0.0019335676 	0 	1e-09
0.71891892 	0.0019296748 	0 	1e-09
0.72102102 	0.001925782 	0 	1e-09
0.72312312 	0.0019218916 	0 	1e-09
0.72522523 	0.0019180764 	0 	1e-09
0.72732733 	0.0019142612 	0 	1e-09
0.72942943 	0.0019104459 	0 	1e-09
0.73153153 	0.0019066307 	0 	1e-09
0.73363363 	0.0019028155 	0 	1e-09
0.73573574 	0.0018990003 	0 	1e-09
0.73783784 	0.0018951851 	0 	1e-09
0.73993994 	0.0018913698 	0 	1e-09
0.74204204 	0.0018875546 	0 	1e-09
0.74414414 	0.0018837394 	0 	1e-09
0.74624625 	0.0018799799 	0 	1e-09
0.74834835 	0.0018762256 	0 	1e-09
0.75045045 	0.0018724713 	0 	1e-09
0.75255255 	0.001868717 	0 	1e-09
0.75465465 	0.0018649627 	0 	1e-09
0.75675676 	0.0018612084 	0 	1e-09
0.75885886 	0.0018574541 	0 	1e-09
0.76096096 	0.0018536998 	0 	1e-09
0.76306306 	0.0018499455 	0 	1e-09
0.76516517 	0.0018461912 	0 	1e-09
0.76726727 	0.0018424528 	0 	1e-09
0.76936937 	0.0018387504 	0 	1e-09
0.77147147 	0.001835048 	0 	1e-09
0.77357357 	0.0018313456 	0 	1e-09
0.77567568 	0.0018276432 	0 	1e-09
0.77777778 	0.0018239409 	0 	1e-09
0.77987988 	0.0018202385 	0 	1e-09
0.78198198 	0.0018165361 	0 	1e-09
0.78408408 	0.0018128337 	0 	1e-09
0.78618619 	0.0018091313 	0 	1e-09
0.78828829 	0.0018054289 	0 	1e-09
0.79039039 	0.0018017372 	0 	1e-09
0.79249249 	0.0017980984 	0 	1e-09
0.79459459 	0.0017944596 	0 	1e-09
0.7966967 	0.0017908208 	0 	1e-09
0.7987988 	0.001787182 	0 	1e-09
0.8009009 	0.0017835431 	0 	1e-09
0.803003 	0.0017799043 	0 	1e-09
0.80510511 	0.0017762655 	0 	1e-09
0.80720721 	0.0017726267 	0 	1e-09
0.80930931 	0.0017689879 	0 	1e-09
0.81141141 	0.0017653491 	0 	1e-09
0.81351351 	0.0017617103 	0 	1e-09
0.81561562 	0.0017581028 	0 	1e-09
0.81771772 	0.0017545328 	0 	1e-09
0.81981982 	0.0017509628 	0 	1e-09
0.82192192 	0.0017473928 	0 	1e-09
0.82402402 	0.0017438227 	0 	1e-09
0.82612613 	0.0017402527 	0 	1e-09
0.82822823 	0.0017366827 	0 	1e-09
0.83033033 	0.0017331127 	0 	1e-09
0.83243243 	0.0017295426 	0 	1e-09
0.83453453 	0.0017259726 	0 	1e-09
0.83663664 	0.0017224026 	0 	1e-09
0.83873874 	0.0017188326 	0 	1e-09
0.84084084 	0.0017152692 	0 	1e-09
0.84294294 	0.0017117536 	0 	1e-09
0.84504505 	0.001708238 	0 	1e-09
0.84714715 	0.0017047225 	0 	1e-09
0.84924925 	0.0017012069 	0 	1e-09
0.85135135 	0.0016976913 	0 	1e-09
0.85345345 	0.0016941757 	0 	1e-09
0.85555556 	0.0016906601 	0 	1e-09
0.85765766 	0.0016871445 	0 	1e-09
0.85975976 	0.0016836289 	0 	1e-09
0.86186186 	0.0016801133 	0 	1e-09
0.86396396 	0.0016765978 	0 	1e-09
0.86606607 	0.0016730822 	0 	1e-09
0.86816817 	0.0016695721 	0 	1e-09
0.87027027 	0.001666105 	0 	1e-09
0.87237237 	0.0016626378 	0 	1e-09
0.87447447 	0.0016591707 	0 	1e-09
0.87657658 	0.0016557035 	0 	1e-09
0.87867868 	0.0016522363 	0 	1e-09
0.88078078 	0.0016487692 	0 	1e-09
0.88288288 	0.001645302 	0 	1e-09
0.88498498 	0.0016418349 	0 	1e-09
0.88708709 	0.0016383677 	0 	1e-09
0.88918919 	0.0016349005 	0 	1e-09
0.89129129 	0.0016314334 	0 	1e-09
0.89339339 	0.0016279662 	0 	1e-09
0.8954955 	0.001624499 	0 	1e-09
0.8975976 	0.0016210537 	0 	1e-09
0.8996997 	0.0016176451 	0 	1e-09
0.9018018 	0.0016142364 	0 	1e-09
0.9039039 	0.0016108278 	0 	1e-09
0.90600601 	0.0016074192 	0 	1e-09
0.90810811 	0.0016040106 	0 	1e-09
0.91021021 	0.001600602 	0 	1e-09
0.91231231 	0.0015971934 	0 	1e-09
0.91441441 	0.0015937848 	0 	1e-09
0.91651652 	0.0015903762 	0 	1e-09
0.91861862 	0.0015869676 	0 	1e-09
0.92072072 	0.001583559 	0 	1e-09
0.92282282 	0.0015801504 	0 	1e-09
0.92492492 	0.0015767418 	0 	1e-09
0.92702703 	0.0015733332 	0 	1e-09
0.92912913 	0.001569974 	0 	1e-09
0.93123123 	0.0015666251 	0 	1e-09
0.93333333 	0.0015632763 	0 	1e-09
0.93543544 	0.0015599275 	0 	1e-09
0.93753754 	0.0015565786 	0 	1e-09
0.93963964 	0.0015532298 	0 	1e-09
0.94174174 	0.001549881 	0 	1e-09
0.94384384 	0.0015465321 	0 	1e-09
0.94594595 	0.0015431833 	0 	1e-09
0.94804805 	0.0015398345 	0 	1e-09
0.95015015 	0.0015364856 	0 	1e-09
0.95225225 	0.0015331368 	0 	1e-09
0.95435435 	0.001529788 	0 	1e-09
0.95645646 	0.0015264391 	0 	1e-09
0.95855856 	0.0015230903 	0 	1e-09
0.96066066 	0.0015197606 	0 	1e-09
0.96276276 	0.0015164594 	0 	1e-09
0.96486486 	0.0015131581 	0 	1e-09
0.96696697 	0.0015098568 	0 	1e-09
0.96906907 	0.0015065556 	0 	1e-09
0.97117117 	0.0015032543 	0 	1e-09
0.97327327 	0.0014999531 	0 	1e-09
0.97537538 	0.0014966518 	0 	1e-09
0.97747748 	0.0014933506 	0 	1e-09
0.97957958 	0.0014900493 	0 	1e-09
0.98168168 	0.0014867481 	0 	1e-09
0.98378378 	0.0014834468 	0 	1e-09
0.98588589 	0.0014801456 	0 	1e-09
0.98798799 	0.0014768443 	0 	1e-09
0.99009009 	0.0014735431 	0 	1e-09
0.99219219 	0.0014702418 	0 	1e-09
0.99429429 	0.0014669413 	0 	1e-09
0.9963964 	0.0014636897 	0 	1e-09
0.9984985 	0.0014604381 	0 	1e-09
1.0006006 	0.0014571865 	0 	1e-09
1.0027027 	0.0014539349 	0 	1e-09
1.0048048 	0.0014506833 	0 	1e-09
1.0069069 	0.0014474317 	0 	1e-09
1.009009 	0.0014441801 	0 	1e-09
1.0111111 	0.0014409284 	0 	1e-09
1.0132132 	0.0014376768 	0 	1e-09
1.0153153 	0.0014344252 	0 	1e-09
1.0174174 	0.0014311736 	0 	1e-09
1.0195195 	0.001427922 	0 	1e-09
1.0216216 	0.0014246704 	0 	1e-09
1.0237237 	0.0014214188 	0 	1e-09
1.0258258 	0.0014181672 	0 	1e-09
1.0279279 	0.0014149156 	0 	1e-09
1.03003 	0.001411664 	0 	1e-09
1.0321321 	0.0014084478 	0 	1e-09
1.0342342 	0.0014052588 	0 	1e-09
1.0363363 	0.0014020697 	0 	1e-09
1.0384384 	0.0013988807 	0 	1e-09
1.0405405 	0.0013956917 	0 	1e-09
1.0426426 	0.0013925026 	0 	1e-09
1.0447447 	0.0013893136 	0 	1e-09
1.0468468 	0.0013861246 	0 	1e-09
1.0489489 	0.0013829356 	0 	1e-09
1.0510511 	0.0013797465 	0 	1e-09
1.0531532 	0.0013765575 	0 	1e-09
1.0552553 	0.0013733685 	0 	1e-09
1.0573574 	0.0013701794 	0 	1e-09
1.0594595 	0.0013669904 	0 	1e-09
1.0615616 	0.0013638014 	0 	1e-09
1.0636637 	0.0013606123 	0 	1e-09
1.0657658 	0.0013574233 	0 	1e-09
1.0678679 	0.0013542343 	0 	1e-09
1.06997 	0.0013510452 	0 	1e-09
1.0720721 	0.0013479355 	0 	1e-09
1.0741742 	0.0013448304 	0 	1e-09
1.0762763 	0.0013417252 	0 	1e-09
1.0783784 	0.00133862 	0 	1e-09
1.0804805 	0.0013355149 	0 	1e-09
1.0825826 	0.0013324097 	0 	1e-09
1.0846847 	0.0013293045 	0 	1e-09
1.0867868 	0.0013261994 	0 	1e-09
1.0888889 	0.0013230942 	0 	1e-09
1.090991 	0.001319989 	0 	1e-09
1.0930931 	0.0013168839 	0 	1e-09
1.0951952 	0.0013137787 	0 	1e-09
1.0972973 	0.0013106735 	0 	1e-09
1.0993994 	0.0013075684 	0 	1e-09
1.1015015 	0.0013044632 	0 	1e-09
1.1036036 	0.001301358 	0 	1e-09
1.1057057 	0.0012982529 	0 	1e-09
1.1078078 	0.0012951477 	0 	1e-09
1.1099099 	0.0012920425 	0 	1e-09
1.112012 	0.0012889379 	0 	1e-09
1.1141141 	0.0012858504 	0 	1e-09
1.1162162 	0.0012827628 	0 	1e-09
1.1183183 	0.0012796753 	0 	1e-09
1.1204204 	0.0012765878 	0 	1e-09
1.1225225 	0.0012735003 	0 	1e-09
1.1246246 	0.0012704128 	0 	1e-09
1.1267267 	0.0012673253 	0 	1e-09
1.1288288 	0.0012642378 	0 	1e-09
1.1309309 	0.0012611503 	0 	1e-09
1.133033 	0.0012580628 	0 	1e-09
1.1351351 	0.0012549753 	0 	1e-09
1.1372372 	0.0012518878 	0 	1e-09
1.1393393 	0.0012488003 	0 	1e-09
1.1414414 	0.0012457128 	0 	1e-09
1.1435435 	0.0012426252 	0 	1e-09
1.1456456 	0.0012395377 	0 	1e-09
1.1477477 	0.0012364502 	0 	1e-09
1.1498498 	0.0012333627 	0 	1e-09
1.151952 	0.0012302752 	0 	1e-09
1.1540541 	0.0012271877 	0 	1e-09
1.1561562 	0.0012241116 	0 	1e-09
1.1582583 	0.0012210434 	0 	1e-09
1.1603604 	0.0012179752 	0 	1e-09
1.1624625 	0.0012149071 	0 	1e-09
1.1645646 	0.0012118389 	0 	1e-09
1.1666667 	0.0012087707 	0 	1e-09
1.1687688 	0.0012057025 	0 	1e-09
1.1708709 	0.0012026343 	0 	1e-09
1.172973 	0.0011995661 	0 	1e-09
1.1750751 	0.0011964979 	0 	1e-09
1.1771772 	0.0011934297 	0 	1e-09
1.1792793 	0.0011903616 	0 	1e-09
1.1813814 	0.0011872934 	0 	1e-09
1.1834835 	0.0011842252 	0 	1e-09
1.1855856 	0.001181157 	0 	1e-09
1.1876877 	0.0011780888 	0 	1e-09
1.1897898 	0.0011750206 	0 	1e-09
1.1918919 	0.0011719524 	0 	1e-09
1.193994 	0.0011688842 	0 	1e-09
1.1960961 	0.0011658161 	0 	1e-09
1.1981982 	0.0011627554 	0 	1e-09
1.2003003 	0.0011597356 	0 	1e-09
1.2024024 	0.0011567158 	0 	1e-09
1.2045045 	0.0011536961 	0 	1e-09
1.2066066 	0.0011506763 	0 	1e-09
1.2087087 	0.0011476566 	0 	1e-09
1.2108108 	0.0011446368 	0 	1e-09
1.2129129 	0.001141617 	0 	1e-09
1.215015 	0.0011385973 	0 	1e-09
1.2171171 	0.0011355775 	0 	1e-09
1.2192192 	0.0011325577 	0 	1e-09
1.2213213 	0.001129538 	0 	1e-09
1.2234234 	0.0011265182 	0 	1e-09
1.2255255 	0.0011234984 	0 	1e-09
1.2276276 	0.0011204787 	0 	1e-09
1.2297297 	0.0011174589 	0 	1e-09
1.2318318 	0.0011144391 	0 	1e-09
1.2339339 	0.0011114194 	0 	1e-09
1.236036 	0.0011083996 	0 	1e-09
1.2381381 	0.0011053798 	0 	1e-09
1.2402402 	0.0011023601 	0 	1e-09
1.2423423 	0.0010993685 	0 	1e-09
1.2444444 	0.0010963879 	0 	1e-09
1.2465465 	0.0010934073 	0 	1e-09
1.2486486 	0.0010904267 	0 	1e-09
1.2507508 	0.001087446 	0 	1e-09
1.2528529 	0.0010844654 	0 	1e-09
1.254955 	0.0010814848 	0 	1e-09
1.2570571 	0.0010785042 	0 	1e-09
1.2591592 	0.0010755236 	0 	1e-09
1.2612613 	0.001072543 	0 	1e-09
1.2633634 	0.0010695624 	0 	1e-09
1.2654655 	0.0010665818 	0 	1e-09
1.2675676 	0.0010636012 	0 	1e-09
1.2696697 	0.0010606206 	0 	1e-09
1.2717718 	0.00105764 	0 	1e-09
1.2738739 	0.0010546594 	0 	1e-09
1.275976 	0.0010516788 	0 	1e-09
1.2780781 	0.0010486982 	0 	1e-09
1.2801802 	0.0010457176 	0 	1e-09
1.2822823 	0.001042737 	0 	1e-09
1.2843844 	0.0010397672 	0 	1e-09
1.2864865 	0.0010368248 	0 	1e-09
1.2885886 	0.0010338824 	0 	1e-09
1.2906907 	0.0010309399 	0 	1e-09
1.2927928 	0.0010279975 	0 	1e-09
1.2948949 	0.0010250551 	0 	1e-09
1.296997 	0.0010221127 	0 	1e-09
1.2990991 	0.0010191703 	0 	1e-09
1.3012012 	0.0010162279 	0 	1e-09
1.3033033 	0.0010132855 	0 	1e-09
1.3054054 	0.001010343 	0 	1e-09
1.3075075 	0.0010074006 	0 	1e-09
1.3096096 	0.0010044582 	0 	1e-09
1.3117117 	0.0010015158 	0 	1e-09
1.3138138 	0.00099857338 	0 	1e-09
1.3159159 	0.00099563096 	0 	1e-09
1.318018 	0.00099268855 	0 	1e-09
1.3201201 	0.00098974613 	0 	1e-09
1.3222222 	0.00098680372 	0 	1e-09
1.3243243 	0.0009838613 	0 	1e-09
1.3264264 	0.00098091889 	0 	1e-09
1.3285285 	0.00097801301 	0 	1e-09
1.3306306 	0.00097511372 	0 	1e-09
1.3327327 	0.00097221443 	0 	1e-09
1.3348348 	0.00096931514 	0 	1e-09
1.3369369 	0.00096641585 	0 	1e-09
1.339039 	0.00096351656 	0 	1e-09
1.3411411 	0.00096061727 	0 	1e-09
1.3432432 	0.00095771798 	0 	1e-09
1.3453453 	0.0009548187 	0 	1e-09
1.3474474 	0.00095191941 	0 	1e-09
1.3495495 	0.00094902012 	0 	1e-09
1.3516517 	0.00094612083 	0 	1e-09
1.3537538 	0.00094322154 	0 	1e-09
1.3558559 	0.00094032225 	0 	1e-09
1.357958 	0.00093742296 	0 	1e-09
1.3600601 	0.00093452367 	0 	1e-09
1.3621622 	0.00093162438 	0 	1e-09
1.3642643 	0.00092872509 	0 	1e-09
1.3663664 	0.0009258258 	0 	1e-09
1.3684685 	0.00092292651 	0 	1e-09
1.3705706 	0.0009200419 	0 	1e-09
1.3726727 	0.0009171783 	0 	1e-09
1.3747748 	0.0009143147 	0 	1e-09
1.3768769 	0.0009114511 	0 	1e-09
1.378979 	0.0009085875 	0 	1e-09
1.3810811 	0.0009057239 	0 	1e-09
1.3831832 	0.00090286029 	0 	1e-09
1.3852853 	0.00089999669 	0 	1e-09
1.3873874 	0.00089713309 	0 	1e-09
1.3894895 	0.00089426949 	0 	1e-09
1.3915916 	0.00089140589 	0 	1e-09
1.3936937 	0.00088854229 	0 	1e-09
1.3957958 	0.00088567869 	0 	1e-09
1.3978979 	0.00088281508 	0 	1e-09
1.4 	0.00087995148 	0 	1e-09
1.4021021 	0.00087708788 	0 	1e-09
1.4042042 	0.00087422428 	0 	1e-09
1.4063063 	0.00087136068 	0 	1e-09
1.4084084 	0.00086849708 	0 	1e-09
1.4105105 	0.00086563348 	0 	1e-09
1.4126126 	0.00086276988 	0 	1e-09
1.4147147 	0.00085993581 	0 	1e-09
1.4168168 	0.00085710249 	0 	1e-09
1.4189189 	0.00085426917 	0 	1e-09
1.421021 	0.00085143585 	0 	1e-09
1.4231231 	0.00084860254 	0 	1e-09
1.4252252 	0.00084576922 	0 	1e-09
1.4273273 	0.0008429359 	0 	1e-09
1.4294294 	0.00084010258 	0 	1e-09
1.4315315 	0.00083726926 	0 	1e-09
1.4336336 	0.00083443594 	0 	1e-09
1.4357357 	0.00083160262 	0 	1e-09
1.4378378 	0.00082876931 	0 	1e-09
1.4399399 	0.00082593599 	0 	1e-09
1.442042 	0.00082310267 	0 	1e-09
1.4441441 	0.00082026935 	0 	1e-09
1.4462462 	0.00081743603 	0 	1e-09
1.4483483 	0.00081460271 	0 	1e-09
1.4504505 	0.0008117694 	0 	1e-09
1.4525526 	0.00080893608 	0 	1e-09
1.4546547 	0.00080610276 	0 	1e-09
1.4567568 	0.00080328836 	0 	1e-09
1.4588589 	0.00080049013 	0 	1e-09
1.460961 	0.0007976919 	0 	1e-09
1.4630631 	0.00079489366 	0 	1e-09
1.4651652 	0.00079209543 	0 	1e-09
1.4672673 	0.0007892972 	0 	1e-09
1.4693694 	0.00078649897 	0 	1e-09
1.4714715 	0.00078370073 	0 	1e-09
1.4735736 	0.0007809025 	0 	1e-09
1.4756757 	0.00077810427 	0 	1e-09
1.4777778 	0.00077530603 	0 	1e-09
1.4798799 	0.0007725078 	0 	1e-09
1.481982 	0.00076970957 	0 	1e-09
1.4840841 	0.00076691133 	0 	1e-09
1.4861862 	0.0007641131 	0 	1e-09
1.4882883 	0.00076131487 	0 	1e-09
1.4903904 	0.00075851664 	0 	1e-09
1.4924925 	0.0007557184 	0 	1e-09
1.4945946 	0.00075292017 	0 	1e-09
1.4966967 	0.00075012194 	0 	1e-09
1.4987988 	0.00074732797 	0 	1e-09
1.5009009 	0.00074457095 	0 	1e-09
1.503003 	0.00074181394 	0 	1e-09
1.5051051 	0.00073905693 	0 	1e-09
1.5072072 	0.00073629992 	0 	1e-09
1.5093093 	0.00073354291 	0 	1e-09
1.5114114 	0.0007307859 	0 	1e-09
1.5135135 	0.00072802889 	0 	1e-09
1.5156156 	0.00072527188 	0 	1e-09
1.5177177 	0.00072251486 	0 	1e-09
1.5198198 	0.00071975785 	0 	1e-09
1.5219219 	0.00071700084 	0 	1e-09
1.524024 	0.00071424383 	0 	1e-09
1.5261261 	0.00071148682 	0 	1e-09
1.5282282 	0.00070872981 	0 	1e-09
1.5303303 	0.0007059728 	0 	1e-09
1.5324324 	0.00070321579 	0 	1e-09
1.5345345 	0.00070045877 	0 	1e-09
1.5366366 	0.00069770176 	0 	1e-09
1.5387387 	0.00069494475 	0 	1e-09
1.5408408 	0.00069218774 	0 	1e-09
1.5429429 	0.00068945774 	0 	1e-09
1.545045 	0.00068674121 	0 	1e-09
1.5471471 	0.00068402468 	0 	1e-09
1.5492492 	0.00068130814 	0 	1e-09
1.5513514 	0.00067859161 	0 	1e-09
1.5534535 	0.00067587507 	0 	1e-09
1.5555556 	0.00067315854 	0 	1e-09
1.5576577 	0.000670442 	0 	1e-09
1.5597598 	0.00066772547 	0 	1e-09
1.5618619 	0.00066500893 	0 	1e-09
1.563964 	0.0006622924 	0 	1e-09
1.5660661 	0.00065957586 	0 	1e-09
1.5681682 	0.00065685933 	0 	1e-09
1.5702703 	0.0006541428 	0 	1e-09
1.5723724 	0.00065142626 	0 	1e-09
1.5744745 	0.00064870973 	0 	1e-09
1.5765766 	0.00064599319 	0 	1e-09
1.5786787 	0.00064327666 	0 	1e-09
1.5807808 	0.00064056012 	0 	1e-09
1.5828829 	0.00063784359 	0 	1e-09
1.584985 	0.00063513592 	0 	1e-09
1.5870871 	0.00063245766 	0 	1e-09
1.5891892 	0.00062977941 	0 	1e-09
1.5912913 	0.00062710116 	0 	1e-09
1.5933934 	0.00062442291 	0 	1e-09
1.5954955 	0.00062174466 	0 	1e-09
1.5975976 	0.00061906641 	0 	1e-09
1.5996997 	0.00061638816 	0 	1e-09
1.6018018 	0.00061370991 	0 	1e-09
1.6039039 	0.00061103166 	0 	1e-09
1.606006 	0.00060835341 	0 	1e-09
1.6081081 	0.00060567516 	0 	1e-09
1.6102102 	0.0006029969 	0 	1e-09
1.6123123 	0.00060031865 	0 	1e-09
1.6144144 	0.0005976404 	0 	1e-09
1.6165165 	0.00059496215 	0 	1e-09
1.6186186 	0.0005922839 	0 	1e-09
1.6207207 	0.00058960565 	0 	1e-09
1.6228228 	0.0005869274 	0 	1e-09
1.6249249 	0.00058424915 	0 	1e-09
1.627027 	0.0005815709 	0 	1e-09
1.6291291 	0.00057892649 	0 	1e-09
1.6312312 	0.00057629077 	0 	1e-09
1.6333333 	0.00057365506 	0 	1e-09
1.6354354 	0.00057101935 	0 	1e-09
1.6375375 	0.00056838363 	0 	1e-09
1.6396396 	0.00056574792 	0 	1e-09
1.6417417 	0.00056311221 	0 	1e-09
1.6438438 	0.00056047649 	0 	1e-09
1.6459459 	0.00055784078 	0 	1e-09
1.648048 	0.00055520507 	0 	1e-09
1.6501502 	0.00055256935 	0 	1e-09
1.6522523 	0.00054993364 	0 	1e-09
1.6543544 	0.00054729793 	0 	1e-09
1.6564565 	0.00054466221 	0 	1e-09
1.6585586 	0.0005420265 	0 	1e-09
1.6606607 	0.00053939079 	0 	1e-09
1.6627628 	0.00053675507 	0 	1e-09
1.6648649 	0.00053411936 	0 	1e-09
1.666967 	0.00053148365 	0 	1e-09
1.6690691 	0.00052884793 	0 	1e-09
1.6711712 	0.0005262316 	0 	1e-09
1.6732733 	0.00052364978 	0 	1e-09
1.6753754 	0.00052106795 	0 	1e-09
1.6774775 	0.00051848613 	0 	1e-09
1.6795796 	0.00051590431 	0 	1e-09
1.6816817 	0.00051332248 	0 	1e-09
1.6837838 	0.00051074066 	0 	1e-09
1.6858859 	0.00050815884 	0 	1e-09
1.687988 	0.00050557702 	0 	1e-09
1.6900901 	0.00050299519 	0 	1e-09
1.6921922 	0.00050041337 	0 	1e-09
1.6942943 	0.00049783155 	0 	1e-09
1.6963964 	0.00049524973 	0 	1e-09
1.6984985 	0.0004926679 	0 	1e-09
1.7006006 	0.00049008608 	0 	1e-09
1.7027027 	0.00048750426 	0 	1e-09
1.7048048 	0.00048492244 	0 	1e-09
1.7069069 	0.00048234061 	0 	1e-09
1.709009 	0.00047975879 	0 	1e-09
1.7111111 	0.00047717697 	0 	1e-09
1.7132132 	0.00047459515 	0 	1e-09
1.7153153 	0.00047207884 	0 	1e-09
1.7174174 	0.00046956795 	0 	1e-09
1.7195195 	0.00046705706 	0 	1e-09
1.7216216 	0.00046454617 	0 	1e-09
1.7237237 	0.00046203528 	0 	1e-09
1.7258258 	0.00045952439 	0 	1e-09
1.7279279 	0.0004570135 	0 	1e-09
1.73003 	0.00045450261 	0 	1e-09
1.7321321 	0.00045199173 	0 	1e-09
1.7342342 	0.00044948084 	0 	1e-09
1.7363363 	0.00044696995 	0 	1e-09
1.7384384 	0.00044445906 	0 	1e-09
1.7405405 	0.00044194817 	0 	1e-09
1.7426426 	0.00043943728 	0 	1e-09
1.7447447 	0.00043692639 	0 	1e-09
1.7468468 	0.0004344155 	0 	1e-09
1.7489489 	0.00043190461 	0 	1e-09
1.7510511 	0.00042939372 	0 	1e-09
1.7531532 	0.00042688283 	0 	1e-09
1.7552553 	0.00042437194 	0 	1e-09
1.7573574 	0.00042189965 	0 	1e-09
1.7594595 	0.00041946791 	0 	1e-09
1.7615616 	0.00041703617 	0 	1e-09
1.7636637 	0.00041460443 	0 	1e-09
1.7657658 	0.00041217269 	0 	1e-09
1.7678679 	0.00040974095 	0 	1e-09
1.76997 	0.00040730921 	0 	1e-09
1.7720721 	0.00040487746 	0 	1e-09
1.7741742 	0.00040244572 	0 	1e-09
1.7762763 	0.00040001398 	0 	1e-09
1.7783784 	0.00039758224 	0 	1e-09
1.7804805 	0.0003951505 	0 	1e-09
1.7825826 	0.00039271876 	0 	1e-09
1.7846847 	0.00039028702 	0 	1e-09
1.7867868 	0.00038785528 	0 	1e-09
1.7888889 	0.00038542354 	0 	1e-09
1.790991 	0.0003829918 	0 	1e-09
1.7930931 	0.00038056005 	0 	1e-09
1.7951952 	0.00037812831 	0 	1e-09
1.7972973 	0.00037569657 	0 	1e-09
1.7993994 	0.00037327102 	0 	1e-09
1.8015015 	0.00037095904 	0 	1e-09
1.8036036 	0.00036864706 	0 	1e-09
1.8057057 	0.00036633508 	0 	1e-09
1.8078078 	0.00036402309 	0 	1e-09
1.8099099 	0.00036171111 	0 	1e-09
1.812012 	0.00035939913 	0 	1e-09
1.8141141 	0.00035708714 	0 	1e-09
1.8162162 	0.00035477516 	0 	1e-09
1.8183183 	0.00035246318 	0 	1e-09
1.8204204 	0.0003501512 	0 	1e-09
1.8225225 	0.00034783921 	0 	1e-09
1.8246246 	0.00034552723 	0 	1e-09
1.8267267 	0.00034321525 	0 	1e-09
1.8288288 	0.00034090327 	0 	1e-09
1.8309309 	0.00033859128 	0 	1e-09
1.833033 	0.0003362793 	0 	1e-09
1.8351351 	0.00033396732 	0 	1e-09
1.8372372 	0.00033165533 	0 	1e-09
1.8393393 	0.00032934335 	0 	1e-09
1.8414414 	0.00032703137 	0 	1e-09
1.8435435 	0.00032479473 	0 	1e-09
1.8456456 	0.00032260512 	0 	1e-09
1.8477477 	0.0003204155 	0 	1e-09
1.8498498 	0.00031822588 	0 	1e-09
1.851952 	0.00031603626 	0 	1e-09
1.8540541 	0.00031384665 	0 	1e-09
1.8561562 	0.00031165703 	0 	1e-09
1.8582583 	0.00030946741 	0 	1e-09
1.8603604 	0.00030727779 	0 	1e-09
1.8624625 	0.00030508818 	0 	1e-09
1.8645646 	0.00030289856 	0 	1e-09
1.8666667 	0.00030070894 	0 	1e-09
1.8687688 	0.00029851933 	0 	1e-09
1.8708709 	0.00029632971 	0 	1e-09
1.872973 	0.00029414009 	0 	1e-09
1.8750751 	0.00029195047 	0 	1e-09
1.8771772 	0.00028976086 	0 	1e-09
1.8792793 	0.00028757124 	0 	1e-09
1.8813814 	0.00028538162 	0 	1e-09
1.8834835 	0.000283192 	0 	1e-09
1.8855856 	0.0002810707 	0 	1e-09
1.8876877 	0.00027926107 	0 	1e-09
1.8897898 	0.00027745143 	0 	1e-09
1.8918919 	0.0002756418 	0 	1e-09
1.893994 	0.00027383217 	0 	1e-09
1.8960961 	0.00027202253 	0 	1e-09
1.8981982 	0.0002702129 	0 	1e-09
1.9003003 	0.00026840326 	0 	1e-09
1.9024024 	0.00026659363 	0 	1e-09
1.9045045 	0.00026478399 	0 	1e-09
1.9066066 	0.00026297436 	0 	1e-09
1.9087087 	0.00026116472 	0 	1e-09
1.9108108 	0.00025935509 	0 	1e-09
1.9129129 	0.00025754546 	0 	1e-09
1.915015 	0.00025573582 	0 	1e-09
1.9171171 	0.00025392619 	0 	1e-09
1.9192192 	0.00025211655 	0 	1e-09
1.9213213 	0.00025030692 	0 	1e-09
1.9234234 	0.00024849728 	0 	1e-09
1.9255255 	0.00024668765 	0 	1e-09
1.9276276 	0.00024487802 	0 	1e-09
1.9297297 	0.00024316226 	0 	1e-09
1.9318318 	0.00024147883 	0 	1e-09
1.9339339 	0.0002397954 	0 	1e-09
1.936036 	0.00023811198 	0 	1e-09
1.9381381 	0.00023642855 	0 	1e-09
1.9402402 	0.00023474512 	0 	1e-09
1.9423423 	0.00023306169 	0 	1e-09
1.9444444 	0.00023137827 	0 	1e-09
1.9465465 	0.00022969484 	0 	1e-09
1.9486486 	0.00022801141 	0 	1e-09
1.9507508 	0.00022632798 	0 	1e-09
1.9528529 	0.00022464456 	0 	1e-09
1.954955 	0.00022296113 	0 	1e-09
1.9570571 	0.0002212777 	0 	1e-09
1.9591592 	0.00021959427 	0 	1e-09
1.9612613 	0.00021791085 	0 	1e-09
1.9633634 	0.00021622742 	0 	1e-09
1.9654655 	0.00021454399 	0 	1e-09
1.9675676 	0.00021286057 	0 	1e-09
1.9696697 	0.00021117714 	0 	1e-09
1.9717718 	0.00021063775 	0 	1e-09
1.9738739 	0.00021267028 	0 	1e-09
1.975976 	0.00021470281 	0 	1e-09
1.9780781 	0.00021673533 	0 	1e-09
1.9801802 	0.00021876786 	0 	1e-09
1.9822823 	0.00022080039 	0 	1e-09
1.9843844 	0.00022283292 	0 	1e-09
1.9864865 	0.00022486545 	0 	1e-09
1.9885886 	0.00022689798 	0 	1e-09
1.9906907 	0.00022893051 	0 	1e-09
1.9927928 	0.00023096304 	0 	1e-09
1.9948949 	0.00023299556 	0 	1e-09
1.996997 	0.00023502809 	0 	1e-09
1.9990991 	0.00023706062 	0 	1e-09
2.0012012 	0.00023909315 	0 	1e-09
2.0033033 	0.00024112568 	0 	1e-09
2.0054054 	0.00024315821 	0 	1e-09
2.0075075 	0.00024519074 	0 	1e-09
2.0096096 	0.00024722326 	0 	1e-09
2.0117117 	0.00024925579 	0 	1e-09
2.0138138 	0.00025128832 	0 	1e-09
2.0159159 	0.00024229216 	0 	1e-09
2.018018 	0.00023167586 	0 	1e-09
2.0201201 	0.00022105956 	0 	1e-09
2.0222222 	0.00021044326 	0 	1e-09
2.0243243 	0.00019982695 	0 	1e-09
2.0264264 	0.00018921065 	0 	1e-09
2.0285285 	0.00017859435 	0 	1e-09
2.0306306 	0.00016797805 	0 	1e-09
2.0327327 	0.00015736175 	0 	1e-09
2.0348348 	0.00014674545 	0 	1e-09
2.0369369 	0.00013612915 	0 	1e-09
2.039039 	0.00012551285 	0 	1e-09
2.0411411 	0.00011489655 	0 	1e-09
2.0432432 	0.00010428025 	0 	1e-09
2.0453453 	9.3663952e-05 	0 	1e-09
2.0474474 	8.3047652e-05 	0 	1e-09
2.0495495 	7.2431351e-05 	0 	1e-09
2.0516517 	6.1815051e-05 	0 	1e-09
2.0537538 	5.1198751e-05 	0 	1e-09
2.0558559 	4.0582451e-05 	0 	1e-09
2.057958 	3.1262848e-05 	1.5402132e-10 	9.8932882e-10
2.0600601 	2.3620916e-05 	5.0731575e-10 	9.6485123e-10
2.0621622 	1.5978984e-05 	8.6061017e-10 	9.4037365e-10
2.0642643 	8.3370515e-06 	1.2139046e-09 	9.1589606e-10
2.0663664 	6.9511933e-07 	1.567199e-09 	8.9141848e-10
2.0684685 	-6.9468129e-06 	1.9204935e-09 	8.6694089e-10
2.0705706 	-1.4588745e-05 	2.2737879e-09 	8.4246331e-10
2.0726727 	-2.2230677e-05 	2.6270823e-09 	8.1798572e-10
2.0747748 	-2.9872609e-05 	2.9803767e-09 	7.9350814e-10
2.0768769 	-3.7514542e-05 	3.3336712e-09 	7.6903055e-10
2.078979 	-4.5156474e-05 	3.6869656e-09 	7.4455297e-10
2.0810811 	-5.2798406e-05 	4.04026e-09 	7.2007538e-10
2.0831832 	-6.0440338e-05 	4.3935544e-09 	6.955978e-10
2.0852853 	-6.8082271e-05 	4.7468489e-09 	6.7112021e-10
2.0873874 	-7.5724203e-05 	5.1001433e-09 	6.4664263e-10
2.0894895 	-8.3366135e-05 	5.4534377e-09 	6.2216504e-10
2.0915916 	-9.1008067e-05 	5.8067321e-09 	5.9768746e-10
2.0936937 	-9.8649999e-05 	6.1600266e-09 	5.7320987e-10
2.0957958 	-0.00010629193 	6.513321e-09 	5.4873229e-10
2.0978979 	-0.00011393386 	6.8666154e-09 	5.242547e-10
2.1 	-0.0001215758 	7.2199099e-09 	4.9977712e-10
