/*--------------------------------*- C++ -*----------------------------------*\
| =========                 |                                                 |
| \\      /  F ield         | OpenFOAM: The Open Source CFD Toolbox           |
|  \\    /   O peration     | Version:  2206                                  |
|   \\  /    A nd           | Website:  www.openfoam.com                      |
|    \\/     M anipulation  |                                                 |
\*---------------------------------------------------------------------------*/
FoamFile
{
    version     2.0;
    format      ascii;
    arch        "LSB;label=32;scalar=64";
    class       volScalarField;
    location    "1300";
    object      p;
}
// * * * * * * * * * * * * * * * * * * * * * * * * * * * * * * * * * * * * * //

dimensions      [0 2 -2 0 0 0 0];

internalField   nonuniform List<scalar> 
7480
(
0.054676667
0.042423739
0.028303395
0.016497084
0.005891494
0.00044584615
-0.00080876172
0.00020835979
0.0017622325
0.0027934599
0.0032698566
0.003473751
0.0035657472
0.0035955579
0.0035983096
0.0036036156
0.003612849
0.00360814
0.00359282
0.0035760775
0.0035567545
0.0035306759
0.0035006798
0.0034701178
0.0034377181
0.0034010779
0.0033616098
0.0033208611
0.0032779453
0.0032320572
0.0031843089
0.0031354664
0.0030849125
0.0030324574
0.002978963
0.0029250312
0.0028707038
0.0028166468
0.0027641003
0.0027140824
0.0026674342
0.0026257197
0.0025914551
0.0025670219
0.0025567287
0.0025645376
0.0025952141
0.0026477743
0.0027210376
0.0028158034
0.002930349
0.0030618095
0.0032057131
0.0033557591
0.003509754
0.0036612792
0.0037922766
0.0038899428
0.0039462275
0.0039638586
0.0039452855
0.0038970289
0.0038280822
0.0037455558
0.0036545482
0.0035590479
0.0034623963
0.0033658607
0.0032703403
0.0031763778
0.0030840866
0.0029929683
0.0029030474
0.0028142982
0.0027259298
0.0026385259
0.0025511693
0.0024617373
0.00237065
0.0022780333
0.0021846959
0.0020902365
0.0019935003
0.0018955539
0.0017954932
0.0016939625
0.0015907886
0.0014860332
0.0013803297
0.0012732733
0.0011661679
0.001058705
0.00095270908
0.00084756487
0.00075008439
0.00064685517
0.00059446703
0.00031167532
0.00083785503
-0.00087447861
0.049699578
0.039187873
0.027237594
0.016348092
0.0064920743
0.0012468539
-0.00010195532
0.00067786059
0.0019891029
0.0029173447
0.0033475643
0.0035329421
0.0036165708
0.0036395607
0.0036384071
0.0036423913
0.0036454514
0.0036352037
0.003616829
0.0035977107
0.0035762193
0.0035481747
0.0035165631
0.0034846117
0.0034509367
0.0034131384
0.0033726687
0.003331024
0.003287273
0.0032406207
0.0031921906
0.0031427229
0.0030915825
0.003038585
0.0029845923
0.0029301939
0.0028754241
0.0028209495
0.002768006
0.0027176047
0.0026705827
0.0026285044
0.0025938828
0.0025690944
0.002558535
0.0025662858
0.0025963344
0.0026484224
0.0027213761
0.0028158424
0.0029301189
0.0030613465
0.003205056
0.0033549575
0.0035088662
0.0036603571
0.0037913757
0.0038891447
0.0039455724
0.0039633629
0.0039449993
0.003896923
0.0038281216
0.0037457095
0.0036547844
0.0035593398
0.0034627227
0.0033662055
0.0032706921
0.0031767289
0.0030844316
0.002993304
0.0029033718
0.0028146101
0.0027262289
0.0026388127
0.0025514498
0.0024620172
0.0023709266
0.0022783038
0.0021849597
0.0020904939
0.0019937521
0.0018958006
0.0017957349
0.0016941992
0.0015910203
0.0014862596
0.0013805506
0.0012734887
0.0011663776
0.0010589089
0.00095290735
0.0008477574
0.00075027247
0.00064703543
0.00059471283
0.00031265571
0.00084006962
-0.00087394761
0.045640138
0.037507177
0.026874341
0.016622369
0.0078665942
0.0027753074
0.0010708721
0.0013396509
0.0023254801
0.0031016686
0.0034685212
0.0036338206
0.0037047179
0.0037126722
0.0037025691
0.0036995456
0.0036939047
0.0036762864
0.0036531253
0.0036303037
0.00360521
0.0035737904
0.0035396359
0.0035055547
0.0034698367
0.0034301988
0.0033882533
0.0033453401
0.0033003853
0.0032526359
0.0032032724
0.0031529674
0.0031010332
0.0030473091
0.0029926699
0.0029376746
0.0028823405
0.0028273456
0.0027739221
0.0027230641
0.0026756
0.0026330995
0.0025980722
0.0025728869
0.002561999
0.002569825
0.0025993171
0.0026506447
0.0027232255
0.0028173137
0.002931231
0.0030621182
0.0032055056
0.0033551206
0.0035088133
0.0036601368
0.0037910121
0.0038887459
0.0039452543
0.0039631392
0.0039449971
0.0038971183
0.0038284862
0.0037462164
0.0036553966
0.0035600224
0.0034634473
0.003366948
0.0032714358
0.0031774619
0.0030851456
0.0029939936
0.0029040343
0.0028152436
0.0027268326
0.0026393872
0.0025519953
0.0024625404
0.0023714337
0.0022787932
0.0021854318
0.0020909496
0.0019941929
0.0018962285
0.0017961505
0.0016946034
0.0015914132
0.0014866415
0.0013809215
0.0012738486
0.0011667267
0.0010592472
0.00095323526
0.00084807445
0.00075058215
0.0006473284
0.00059511312
0.0003142322
0.00084399392
-0.0008733141
0.042919357
0.036205636
0.026519529
0.0169219
0.0091528256
0.0042378847
0.0021525364
0.0020334366
0.0027173873
0.0033391331
0.0036504662
0.003791388
0.0038391542
0.0038174685
0.003786835
0.0037719474
0.0037556975
0.0037275922
0.0036978331
0.0036707037
0.0036411581
0.003605205
0.0035678496
0.0035311944
0.0034928585
0.0034507933
0.0034070516
0.0033626813
0.0033163043
0.0032672682
0.0032168993
0.0031657334
0.0031129683
0.0030585014
0.0030032464
0.0029477026
0.0028918572
0.0028364273
0.0027826453
0.0027314691
0.0026837097
0.0026409535
0.0026057051
0.0025803257
0.00256921
0.0025775167
0.0026068793
0.0026573473
0.0027296303
0.0028233723
0.0029368847
0.0030673181
0.0032101908
0.0033592576
0.0035124298
0.0036632193
0.0037935547
0.0038907788
0.0039470609
0.0039647124
0.0039465185
0.0038986629
0.0038300763
0.0037478646
0.0036570894
0.0035617375
0.0034651628
0.00336864
0.0032730876
0.0031790613
0.0030866837
0.0029954641
0.0029054356
0.0028165742
0.0027280915
0.0026405761
0.0025530832
0.0024635294
0.0023723659
0.0022796782
0.0021862732
0.00209175
0.001994956
0.0018969593
0.0017968512
0.0016952772
0.0015920615
0.001487266
0.0013815233
0.0012744283
0.0011672858
0.0010597857
0.00095375483
0.00084857438
0.00075106827
0.00064778732
0.0005957287
0.00031672712
0.00085042354
-0.00087225646
0.040450192
0.034611994
0.025894736
0.017274115
0.010220577
0.0054442141
0.0031913753
0.002802032
0.0031936328
0.0036380601
0.0038723526
0.0039626516
0.0039784068
0.0039388219
0.0038972197
0.0038726303
0.0038434878
0.0037996903
0.0037589899
0.0037250292
0.0036890326
0.0036467377
0.0036051423
0.003565371
0.003523793
0.0034785395
0.0034324704
0.0033862241
0.0033379463
0.0032871789
0.0032355222
0.0031832908
0.0031294954
0.0030741411
0.0030182156
0.002962114
0.00290576
0.0028499473
0.0027959287
0.0027445925
0.0026967124
0.002653903
0.0026186593
0.0025933133
0.0025822774
0.0025912182
0.0026205611
0.0026704271
0.0027424176
0.0028357401
0.0029487093
0.0030784765
0.0032205337
0.0033686837
0.0035209743
0.0036709161
0.0038002654
0.0038963854
0.003952059
0.0039690333
0.0039503675
0.003902282
0.0038335484
0.0037512505
0.0036604057
0.0035649818
0.0034683273
0.0033717072
0.0032760462
0.0031819023
0.0030893993
0.0029980493
0.0029078925
0.0028189026
0.002730291
0.0026426493
0.0025549914
0.0024652763
0.0023740043
0.0022812214
0.0021877292
0.0020931245
0.0019962555
0.0018981932
0.0017980244
0.0016963962
0.00159313
0.0014882879
0.0013825019
0.0012753656
0.0011681847
0.0010606476
0.00095458265
0.00084936803
0.00075183554
0.00064851417
0.00059667262
0.00032043257
0.00085993508
-0.00087022765
0.038136574
0.033019625
0.025306331
0.017585809
0.011105293
0.0065411958
0.0041904914
0.0035494783
0.0036914628
0.0039607088
0.0041069557
0.0041450934
0.0041299274
0.0040760591
0.0040211088
0.0039779704
0.003933361
0.0038797519
0.003832259
0.0037923839
0.0037488202
0.003698631
0.0036511243
0.003607139
0.0035614835
0.0035123386
0.003463573
0.0034152419
0.0033647961
0.0033120202
0.0032589127
0.0032054897
0.0031505243
0.0030942187
0.0030377071
0.0029812298
0.0029244841
0.0028683331
0.0028141546
0.0027627725
0.0027149119
0.0026722273
0.0026372032
0.002612114
0.0026014331
0.0026107781
0.0026399091
0.0026894115
0.0027608768
0.0028535081
0.0029656704
0.0030944891
0.003235397
0.0033822575
0.0035333241
0.003682041
0.003809905
0.0039044707
0.0039593181
0.0039753304
0.0039559154
0.0039075053
0.0038385493
0.0037561004
0.0036651237
0.003569569
0.0034727812
0.0033760117
0.0032801923
0.0031858822
0.003093203
0.0030016742
0.0029113469
0.0028221865
0.0027334025
0.0026455898
0.0025577463
0.0024678575
0.0023764384
0.002283512
0.0021898865
0.002095156
0.0019981698
0.0019000035
0.0017997381
0.0016980231
0.0015946764
0.0014897602
0.0013839057
0.0012767042
0.0011694633
0.0010618692
0.00095575179
0.00085048601
0.00075291032
0.00064953668
0.00059798205
0.00032547454
0.00087264045
-0.00086676744
0.036035299
0.031540902
0.024753503
0.017815107
0.011863156
0.007539377
0.0051265734
0.0042578367
0.0041758512
0.0042916873
0.0043528198
0.0043408958
0.0042936815
0.0042217499
0.0041493331
0.0040874042
0.0040289093
0.0039672187
0.0039116449
0.0038620792
0.0038101087
0.0037546838
0.0037030844
0.0036551741
0.0036049068
0.003551357
0.0034993165
0.0034482935
0.0033951594
0.0033400261
0.0032853105
0.0032306039
0.0031743484
0.003117017
0.0030599417
0.0030031349
0.002946036
0.0028896439
0.0028354801
0.0027842702
0.0027366762
0.0026944233
0.0026600099
0.0026357419
0.0026252422
0.0026339988
0.0026628858
0.0027122797
0.0027833138
0.0028752626
0.0029864888
0.0031140617
0.0032534584
0.0033987718
0.0035475151
0.0036932676
0.0038189643
0.0039120649
0.0039664631
0.0039817154
0.003961699
0.0039131943
0.0038441917
0.0037617187
0.0036706918
0.0035750563
0.0034781638
0.0033812547
0.003285276
0.0031907922
0.0030979238
0.0030061988
0.0029156814
0.0028263277
0.0027373443
0.0026493316
0.0025612793
0.0024711974
0.0023796032
0.0022864979
0.0021927019
0.0020978078
0.0020006672
0.001902362
0.0018019661
0.0017001333
0.0015966767
0.0014916593
0.0013857114
0.0012784214
0.0011710992
0.0010634283
0.00095723992
0.00085190606
0.00075426911
0.00065083356
0.00059963303
0.00033179693
0.00088818998
-0.00086174031
0.034136531
0.030158914
0.024186615
0.017958485
0.012509735
0.0084305294
0.0059893608
0.0049353257
0.0046581687
0.0046326913
0.0046088238
0.004545615
0.0044642034
0.004370829
0.0042805488
0.0042018976
0.0041299971
0.0040588511
0.0039935327
0.0039339999
0.0038747975
0.0038147176
0.0037583426
0.003704857
0.0036497908
0.0035930828
0.0035384775
0.0034847729
0.0034286671
0.0033708955
0.0033143144
0.0032580772
0.0032001156
0.0031412868
0.0030832814
0.0030257886
0.0029680509
0.0029112982
0.0028571385
0.0028061528
0.0027589221
0.0027172719
0.0026837356
0.0026606435
0.0026503737
0.0026582659
0.0026868
0.0027361702
0.0028068976
0.0028982186
0.0030084059
0.0031344349
0.0032720858
0.0034159158
0.0035613788
0.0037026791
0.0038258299
0.0039178387
0.0039722593
0.0039871461
0.0039668909
0.0039186349
0.0038498567
0.003767575
0.0036766622
0.0035810687
0.0034841584
0.0033871647
0.0032910638
0.0031964315
0.0031033911
0.0030114762
0.0029207655
0.0028312087
0.0027420107
0.0026537801
0.0025654971
0.0024752003
0.0023834116
0.0022901033
0.0021961101
0.0021010233
0.0020036978
0.0019052247
0.0018046696
0.0017026918
0.0015990992
0.0014939562
0.001387892
0.0012804925
0.0011730699
0.0010653036
0.00095902655
0.00085360863
0.00075589234
0.00065238698
0.00060159244
0.00033927493
0.00090605365
-0.00085527259
0.032415757
0.028867329
0.023612016
0.018037632
0.01305971
0.0092214182
0.0067833995
0.0055844229
0.0051369576
0.0049799192
0.0048724427
0.0047571185
0.0046406069
0.0045241364
0.0044152307
0.0043200327
0.0042342597
0.0041525635
0.0040776717
0.0040091329
0.0039427858
0.0038772386
0.003815327
0.0037562416
0.0036969306
0.0036371594
0.0035794374
0.0035223909
0.0034634577
0.0034036937
0.0033455098
0.0032876068
0.0032277193
0.0031672068
0.0031080809
0.0030497009
0.0029911009
0.0029336513
0.0028790345
0.0028278003
0.002780486
0.0027390232
0.0027059868
0.0026836053
0.0026738737
0.0026816781
0.0027098331
0.0027587942
0.0028289143
0.0029194249
0.0030285089
0.003153051
0.0032890953
0.0034315167
0.0035741956
0.0037112992
0.0038315392
0.0039224065
0.0039767538
0.003991485
0.0039712976
0.0039235302
0.0038551634
0.0037732631
0.0036826421
0.0035872267
0.0034904039
0.003393408
0.0032972515
0.0032025206
0.0031093442
0.0030172665
0.0029263828
0.0028366345
0.0027472247
0.0026587749
0.0025702525
0.0024797306
0.0023877394
0.0022942166
0.0022000119
0.0021047151
0.0020071852
0.0019085244
0.0018077895
0.0017056467
0.0016018982
0.0014966101
0.0013904112
0.0012828844
0.0011753449
0.0010674672
0.00096108611
0.00085557009
0.00075775749
0.00065417636
0.00060381732
0.00034776028
0.00092564698
-0.00084741808
0.030852365
0.027667476
0.023041121
0.018062653
0.013521
0.0099189331
0.0075107757
0.0062015374
0.0056069411
0.0053295136
0.0051419664
0.0049749842
0.0048228613
0.0046819209
0.0045537365
0.0044416377
0.0043418012
0.0042489594
0.0041640351
0.004086618
0.0040128909
0.0039413598
0.0038740011
0.0038097591
0.003746166
0.0036828341
0.0036217028
0.0035614506
0.0034999344
0.0034381435
0.0033779011
0.0033179252
0.0032563193
0.0031945637
0.0031344396
0.0030750603
0.0030154412
0.0029570895
0.0029018161
0.0028500988
0.0028023739
0.0027606646
0.0027275863
0.0027052055
0.0026955125
0.0027031357
0.0027308087
0.0027790928
0.0028483725
0.002937926
0.0030459136
0.0031691754
0.0033038011
0.0034447497
0.0035855485
0.0037199112
0.0038376535
0.0039264806
0.0039797539
0.0039944509
0.0039745593
0.0039273982
0.0038596166
0.0037783263
0.0036881944
0.0035930819
0.0034964667
0.0033995883
0.0033034672
0.003208708
0.0031154585
0.0030232746
0.0029322654
0.0028423605
0.0027527635
0.0026641126
0.0025753601
0.0024846198
0.0023924331
0.0022986979
0.0022042821
0.0021087721
0.002011031
0.0019121747
0.00181125
0.0017089315
0.001605015
0.0014995696
0.0013932234
0.0012855564
0.0011778877
0.0010698864
0.00096338878
0.00085776328
0.00075983916
0.00065617854
0.00060625911
0.0003571073
0.00094639874
-0.00083810761
0.029428916
0.026557084
0.022478863
0.018038372
0.013900853
0.010529953
0.0081729308
0.0067839167
0.0060650387
0.0056793537
0.0054161832
0.0051984716
0.0050104449
0.0048439687
0.0046958806
0.0045666207
0.0044524173
0.0043480105
0.004252917
0.0041664783
0.0040852745
0.0040075026
0.0039343221
0.0038648822
0.0037969492
0.003729816
0.003665291
0.0036020246
0.0035378614
0.0034737279
0.0034113007
0.0033494288
0.0032862679
0.0032232254
0.0031617623
0.0031011717
0.0030406314
0.0029815363
0.002925697
0.0028734597
0.0028252175
0.0027830702
0.002749689
0.0027269573
0.0027167962
0.00272377
0.0027506526
0.0027979457
0.0028660056
0.0029542146
0.0030607707
0.003182504
0.0033155222
0.0034548816
0.0035941613
0.0037269562
0.003843146
0.0039300911
0.0039824212
0.0039970962
0.0039767968
0.0039298116
0.0038628368
0.0037823862
0.003692865
0.0035981883
0.0035019571
0.0034053503
0.0033093523
0.0032146474
0.0031214233
0.0030292124
0.0029381374
0.0028481276
0.0027583869
0.00266957
0.0025806145
0.002489682
0.0023973237
0.002303394
0.0022087832
0.0021130723
0.0020151274
0.001916081
0.0018149682
0.0017124739
0.0016083869
0.0015027798
0.0013962807
0.0012884664
0.0011806609
0.0010725276
0.00096590445
0.00086016097
0.00076211212
0.00065837057
0.00060886799
0.00036718198
0.00096777431
-0.00082721277
0.028130178
0.025531256
0.021928972
0.017971201
0.014207805
0.011061718
0.0087721843
0.007330117
0.0065088431
0.0060271669
0.0056933398
0.005426347
0.0052025626
0.0050099085
0.004841436
0.0046948442
0.0045660361
0.0044497378
0.0043443221
0.0042487175
0.0041598185
0.0040755754
0.0039964655
0.0039217391
0.0038493521
0.0037784297
0.0037102523
0.0036437238
0.0035769546
0.0035103952
0.0034457729
0.0033820766
0.0033173105
0.0032527848
0.0031899207
0.0031282695
0.0030669005
0.0030070342
0.0029504457
0.0028975919
0.0028488967
0.0028063288
0.002772589
0.0027494199
0.0027386834
0.0027448253
0.0027706717
0.0028166775
0.0028831355
0.0029695649
0.0030742245
0.0031939515
0.00332491
0.0034623181
0.0035998453
0.0037309632
0.0038456664
0.0039317327
0.0039840279
0.0039989042
0.0039785392
0.0039319084
0.0038657076
0.0037855234
0.0036962919
0.0036022577
0.0035066125
0.0034103534
0.0033145683
0.0032200494
0.0031269762
0.0030348055
0.002943726
0.0028536836
0.0027638524
0.0026749158
0.0025858052
0.0024947264
0.0024022364
0.0023081467
0.0022133747
0.0021174899
0.0020193625
0.0019201452
0.0018188586
0.0017161993
0.0016119489
0.0015061842
0.0013995338
0.0012915712
0.0011836267
0.0010753574
0.00096860333
0.00086273641
0.00076455177
0.00066073027
0.00061159433
0.00037785939
0.00098926388
-0.00081457342
0.026942788
0.024584193
0.021394792
0.017867911
0.01444968
0.011520729
0.0093110849
0.0078391005
0.0069359178
0.0063705073
0.0059715793
0.0056573912
0.0053984745
0.0051793926
0.0049902098
0.0048261637
0.0046825767
0.0045541023
0.0044381898
0.0043332939
0.0042365042
0.004145599
0.0040604713
0.0039803532
0.0039033702
0.0038285272
0.0037566037
0.0036867469
0.003617281
0.0035483715
0.0034814239
0.0034156301
0.0033492571
0.0032832581
0.0032189944
0.0031562746
0.003094042
0.0030333145
0.0029759517
0.002922576
0.0028734706
0.0028304338
0.0027962416
0.0027726107
0.0027613271
0.0027666244
0.0027913555
0.0028359276
0.0029005912
0.0029849921
0.0030874474
0.0032047927
0.0033332627
0.0034682651
0.0036035755
0.0037325807
0.0038455126
0.0039307199
0.0039828237
0.0039981612
0.0039787621
0.0039333328
0.0038679917
0.0037881157
0.0036994401
0.0036061127
0.00351057
0.0034143102
0.0033188989
0.0032247318
0.0031318433
0.0030397626
0.0029487835
0.0028588065
0.0027689321
0.0026799377
0.0025907459
0.0024995742
0.0024070025
0.0023128045
0.0022179183
0.0021218975
0.0020236224
0.0019242665
0.0018228313
0.0017200287
0.0016156319
0.0015097224
0.0014029299
0.001294825
0.001186745
0.0010783405
0.00097145425
0.00086546187
0.00076713283
0.00066323505
0.00061438843
0.00038901655
0.0010103492
-0.00080001261
0.025854985
0.023709773
0.020878734
0.017734665
0.014633497
0.011913059
0.009792509
0.008310338
0.007344135
0.0067071444
0.0062491758
0.0058904222
0.0055974053
0.0053519863
0.0051419352
0.0049603792
0.0048019087
0.004661036
0.0045344728
0.0044201807
0.0043153372
0.0042175899
0.0041263339
0.0040407183
0.0039590075
0.0038801058
0.0038043878
0.0037311433
0.0036588742
0.0035875325
0.0035181887
0.0034502453
0.0033822203
0.0033147663
0.0032490903
0.0031851058
0.00312192
0.0030603875
0.0030022491
0.0029483216
0.0028987786
0.0028552296
0.0028205949
0.0027965454
0.0027846959
0.0027890959
0.0028126366
0.0028557329
0.0029185909
0.0030009051
0.0031010298
0.0032158052
0.003341546
0.0034738397
0.0036065714
0.0037330736
0.0038438473
0.0039278487
0.0039794151
0.0039950797
0.0039767406
0.0039326437
0.0038684482
0.0037897017
0.0037021635
0.0036095575
0.0035140932
0.0034180489
0.003323092
0.003228847
0.0031357896
0.0030439155
0.0029531668
0.0028632732
0.0027734137
0.0026844722
0.0025952828
0.0025040607
0.0024114749
0.0023172351
0.0022222811
0.00212617
0.0020277941
0.0019283406
0.0018267908
0.0017238767
0.0016193594
0.0015133266
0.0014064097
0.0012981758
0.0011899704
0.0010814375
0.00097442258
0.00086830685
0.00076982782
0.00066586067
0.00061720006
0.00040052548
0.0010304598
-0.00078335719
0.024856373
0.022901855
0.02038227
0.017577045
0.01476586
0.012244569
0.010219608
0.0087437989
0.0077317341
0.0070350404
0.0065244457
0.0061242061
0.0057984977
0.005527166
0.0052962876
0.0050972578
0.0049238767
0.0047704546
0.0046331149
0.0045093385
0.004396302
0.0042915475
0.0041940529
0.0041028443
0.0040162853
0.0039331995
0.0038536249
0.0037769184
0.0037017408
0.0036278706
0.0035560977
0.003485975
0.0034162242
0.0033472587
0.0032801283
0.0032148334
0.003150663
0.0030883321
0.0030294228
0.0029748001
0.002924741
0.0028807096
0.0028456184
0.0028211643
0.0028087026
0.0028121406
0.0028344818
0.0028761164
0.0029371586
0.003017329
0.003115029
0.0032271592
0.0033501085
0.0034795886
0.0036095714
0.0037333572
0.0038417073
0.0039241964
0.0039748799
0.0039905852
0.0039732861
0.0039302861
0.0038672563
0.0037897575
0.0037033314
0.0036115864
0.0035168365
0.0034215115
0.0033269885
0.0032326009
0.0031395636
0.0030479466
0.002957023
0.0028669206
0.0027772059
0.0026884167
0.0025992348
0.0025080281
0.0024155376
0.0023213162
0.0022263317
0.0021301969
0.0020317734
0.0019322621
0.0018306388
0.001727653
0.0016230472
0.001516921
0.0014099061
0.0013015642
0.0011932509
0.0010846026
0.00097746841
0.00087123633
0.00077260549
0.00066857991
0.00061997826
0.000412248
0.0010489271
-0.00076445583
0.023937752
0.022154503
0.019906125
0.017400049
0.014852975
0.012520833
0.01059564
0.0091398532
0.0080972939
0.0073523278
0.0067957497
0.0063574889
0.0060008535
0.0057043547
0.0054529008
0.0052365388
0.0050482991
0.0048822486
0.0047340413
0.0046007114
0.004479369
0.0043674632
0.0042636264
0.0041667367
0.0040752182
0.0039878297
0.0039043283
0.0038240886
0.0037459051
0.0036694208
0.0035951801
0.0035228313
0.0034512745
0.0033807378
0.0033121207
0.0032454947
0.0031802977
0.0031171248
0.0030574151
0.0030020611
0.0029514533
0.0029069828
0.0028713149
0.0028463448
0.0028333289
0.0028358106
0.0028569219
0.0028970514
0.0029562259
0.003034197
0.0031294341
0.0032388997
0.0033590278
0.0034856216
0.0036127423
0.0037337285
0.0038395765
0.0039204267
0.0039700754
0.0039856701
0.0039691515
0.0039270131
0.0038649947
0.0037886055
0.0037032196
0.0036123975
0.0035184663
0.0034238004
0.0033297547
0.0032357307
0.0031431542
0.0030517532
0.0029605971
0.0028704741
0.0027808674
0.0026918326
0.0026024772
0.0025114259
0.00241908
0.0023248849
0.0022299499
0.0021338874
0.0020354571
0.0019359277
0.0018342843
0.0017312665
0.0016266078
0.0015204262
0.0014133463
0.0013049237
0.001196527
0.0010877829
0.00098054507
0.00087420912
0.00077542931
0.00067136112
0.0006226716
0.00042403236
0.001064949
-0.00074319684
0.023090957
0.021462114
0.01945044
0.017208047
0.014900597
0.012747109
0.010923909
0.0094992318
0.0084397473
0.0076573429
0.007061532
0.0065890298
0.0062035514
0.0058829266
0.0056113606
0.0053779245
0.0051749627
0.0049962806
0.0048371574
0.00469423
0.0045644969
0.0044453197
0.0043350457
0.0042323934
0.0041358135
0.0040440115
0.0039565116
0.0038726713
0.0037913911
0.0037122093
0.0036354542
0.0035608306
0.0034873948
0.003415232
0.0033450954
0.0032771071
0.0032108314
0.0031467703
0.0030862314
0.0030301272
0.0029789398
0.0029339927
0.0028977557
0.0028721562
0.0028585324
0.0028601206
0.0028799384
0.0029184874
0.0029757574
0.0030514966
0.003144213
0.0032509743
0.0033682678
0.0034919203
0.0036161197
0.0037342827
0.0038375984
0.0039167409
0.0039652894
0.0039806905
0.003964838
0.0039234627
0.0038623594
0.0037868594
0.0037023797
0.003612381
0.0035191945
0.0034251152
0.0033315796
0.0032379981
0.0031458098
0.0030546493
0.0029637037
0.0028739123
0.0027843317
0.0026950343
0.0026057021
0.0025146461
0.0024220471
0.002327849
0.0022331053
0.0021371125
0.0020387087
0.001939243
0.0018376401
0.0017346232
0.0016299624
0.0015237675
0.0014166563
0.0013081844
0.0011997342
0.0010909189
0.00098359886
0.0008771769
0.00077825637
0.000674167
0.00062522892
0.00043571191
0.0010775903
-0.00071952687
0.02230873
0.020819489
0.019014924
0.017004778
0.014914014
0.012928361
0.011207732
0.0098229746
0.008758372
0.0079486414
0.007320337
0.006817613
0.006405651
0.0060622102
0.0057712055
0.0055210817
0.0053036246
0.005112386
0.0049423491
0.0047898103
0.0046516317
0.0045250882
0.0044082935
0.0042998055
0.0041980734
0.0041017566
0.0040101868
0.0039226808
0.0038382185
0.0037562572
0.0036769379
0.0035999928
0.0035246099
0.0034507649
0.0033790724
0.003309687
0.0032422832
0.0031772911
0.0031158949
0.0030590144
0.0030072075
0.0029617395
0.0029249093
0.0028986436
0.0028843642
0.002885034
0.0029035121
0.0029404253
0.0029957589
0.0030692278
0.0031593839
0.0032634019
0.0033778092
0.0034984634
0.0036196848
0.0037349793
0.0038357462
0.0039131362
0.0039605796
0.0039757691
0.0039605325
0.0039198771
0.0038596308
0.0037849757
0.0037013759
0.0036120159
0.0035194629
0.0034258787
0.0033327682
0.003239538
0.0031476788
0.0030567895
0.0029661085
0.0028765492
0.0027870686
0.0026979247
0.0026088396
0.0025176598
0.0024248718
0.0023308334
0.0022360068
0.0021397427
0.0020414568
0.001942138
0.0018405773
0.0017376262
0.0016330427
0.0015268706
0.0014197645
0.0013112805
0.0012028068
0.0010939483
0.00098657101
0.00088008575
0.00078103789
0.00067695434
0.00062760055
0.00044710643
0.001085857
-0.00069346781
0.021584616
0.02022186
0.018598979
0.016793386
0.014898038
0.013069258
0.0114504
0.010112368
0.0090527665
0.0082250071
0.0075708238
0.0070420614
0.0066062065
0.0062415002
0.0059319334
0.005665643
0.0054340124
0.0052303734
0.0050494812
0.0048873524
0.0047407047
0.0046067278
0.004483344
0.0043689574
0.0042619942
0.0041610714
0.0040653622
0.0039741282
0.0038864038
0.0038015842
0.0037196496
0.0036403368
0.0035629416
0.0034873572
0.0034140703
0.003343253
0.0032746741
0.0032087073
0.0031464229
0.0030887368
0.0030362704
0.00299024
0.0029527871
0.0029258273
0.0029108394
0.0029105472
0.0029276534
0.0029628936
0.0030162528
0.0030874087
0.0031749594
0.0032761788
0.0033876397
0.0035052422
0.0036234376
0.0037358348
0.003834052
0.0039095813
0.0039559354
0.0039709118
0.0039562109
0.0039162618
0.0038568445
0.0037831295
0.003700401
0.0036116332
0.003519563
0.0034265051
0.0033337563
0.0032407181
0.0031490797
0.0030583904
0.0029679049
0.0028785241
0.0027891799
0.0027002091
0.0026112435
0.0025201127
0.0024275462
0.0023337367
0.0022387085
0.0021423249
0.0020441272
0.0019446489
0.0018430229
0.0017402546
0.0016357432
0.0015296316
0.0014225958
0.0013141449
0.0012056787
0.0010968121
0.00098940197
0.0008828817
0.00078372224
0.00067967603
0.00062974089
0.00045802747
0.0010888846
-0.00066512668
0.020912867
0.019664888
0.018201806
0.016576479
0.014857001
0.013174169
0.011655142
0.010368893
0.0093228259
0.0084854579
0.0078117826
0.0072612529
0.0068042795
0.006420068
0.0060930063
0.0058112082
0.0055658247
0.005350024
0.005158396
0.0049867389
0.0048316327
0.0046901847
0.0045601615
0.004439826
0.0043275653
0.0042219564
0.0041220421
0.0040270209
0.0039359607
0.0038482078
0.003763606
0.0036818796
0.0036024099
0.003525029
0.0034501081
0.0033778239
0.0033080234
0.0032410374
0.0031778317
0.0031193097
0.0030661445
0.0030195094
0.0029814028
0.0029537149
0.0029379651
0.0029366685
0.0029523742
0.002985902
0.0030372429
0.0031060424
0.0031909423
0.003289311
0.0033977734
0.0035122761
0.0036273975
0.0037368584
0.003832504
0.0039060996
0.003951355
0.0039661015
0.0039518895
0.0039126339
0.0038540398
0.0037812618
0.0036993529
0.0036113727
0.0035196442
0.0034271755
0.0033347295
0.0032418402
0.0031503545
0.0030597535
0.0029693556
0.0028800728
0.0027908072
0.002701952
0.0026130682
0.0025220451
0.0024296718
0.0023359806
0.0022410275
0.0021448767
0.0020466922
0.0019470516
0.0018455159
0.0017427008
0.0016379612
0.0015319974
0.0014250763
0.0013166757
0.0012082758
0.0010994486
0.00099203261
0.00088551636
0.0007862591
0.00068228558
0.00063161449
0.00046828754
0.0010861462
-0.0006346926
0.02028836
0.019144651
0.017822486
0.016356191
0.014794763
0.013247151
0.011825101
0.010594177
0.0095687112
0.0087292455
0.0080421466
0.0074741344
0.0069989516
0.0065971717
0.0062538569
0.0059573466
0.005698732
0.0054710924
0.0052689131
0.0050878343
0.0049243165
0.0047753913
0.0046386999
0.0045123796
0.0043947689
0.0042844058
0.0041802262
0.0040813629
0.0039868995
0.003896143
0.0038088219
0.0037246364
0.0036430331
0.0035637997
0.0034872042
0.0034134171
0.0033423495
0.0032742993
0.0032101376
0.0031507484
0.0030968445
0.0030495614
0.0030107676
0.0029823156
0.0029657517
0.0029634085
0.0029776826
0.0030094563
0.0030587345
0.0031251355
0.0032073401
0.0033028078
0.0034082206
0.0035195742
0.0036315719
0.003738062
0.0038310635
0.0039027289
0.0039468581
0.0039613396
0.0039475643
0.0039089875
0.0038512257
0.0037793819
0.003698281
0.0036110943
0.0035197845
0.0034278469
0.0033356971
0.0032430326
0.0031516717
0.0030610998
0.0029707511
0.0028814852
0.0027921895
0.0027033583
0.0026144927
0.0025235324
0.0024313011
0.0023377166
0.0022429046
0.0021468986
0.0020487732
0.0019492831
0.0018479676
0.0017449969
0.0016401762
0.0015342897
0.0014272095
0.0013188184
0.0012105576
0.001101763
0.00099439746
0.00088793475
0.00078859614
0.00068473818
0.00063320447
0.00047771397
0.0010775466
-0.00060243579
0.01970653
0.018657619
0.017460039
0.016134247
0.014714732
0.013291951
0.011963312
0.010789954
0.0097908165
0.0089558487
0.0082610015
0.0076797336
0.0071893365
0.0067720668
0.0064138955
0.0061036001
0.0058323784
0.0055933071
0.0053808289
0.0051904843
0.005018641
0.004862266
0.0047189016
0.0045865772
0.0044635791
0.0043484071
0.0042399092
0.004137154
0.0040392266
0.0039454012
0.0038553097
0.0037686206
0.0036848281
0.0036036872
0.0035253757
0.0034500493
0.0033776698
0.0033085101
0.0032433567
0.0031830675
0.0031283846
0.0030804095
0.0030408926
0.0030116394
0.0029942098
0.0029907758
0.0030035847
0.0030335633
0.0030807349
0.0031446953
0.0032241604
0.0033166773
0.0034189893
0.0035271447
0.0036359705
0.0037394565
0.0038297451
0.0038994818
0.0039424507
0.0039566292
0.0039432375
0.0039053246
0.003848392
0.0037774797
0.0036972064
0.0036107221
0.003520039
0.0034285302
0.0033366695
0.0032442542
0.0031530186
0.0030625234
0.0029722403
0.0028829317
0.0027935522
0.0027046876
0.0026157467
0.0025247555
0.0024325906
0.0023390697
0.0022443684
0.0021484654
0.0020504313
0.0019510883
0.001849885
0.0017469835
0.001642389
0.0015364981
0.0014293017
0.0013209676
0.0012126177
0.0011037075
0.00099648228
0.00089004391
0.00079066104
0.00068697513
0.00063449533
0.00048617009
0.0010633826
-0.00056873379
0.019163307
0.018200629
0.017113471
0.015912028
0.014619891
0.013312002
0.01207268
0.010958024
0.0099897353
0.0091649615
0.0084675908
0.0078771708
0.0073745909
0.0069440167
0.0065725182
0.0062494879
0.0059663836
0.0057163724
0.0054939171
0.0052945151
0.0051144741
0.0049507121
0.0048006966
0.0046623683
0.0045339616
0.0044139402
0.0043010801
0.0041943893
0.0040929443
0.0039959906
0.0039030794
0.0038138435
0.0037278094
0.0036447079
0.0035646385
0.003487736
0.0034140008
0.0033436865
0.003277504
0.0032162808
0.0031607784
0.0031120665
0.0030717885
0.0030416956
0.0030233488
0.0030187784
0.0030300871
0.0030582297
0.0031032512
0.0031647286
0.0032414103
0.0033309274
0.0034300884
0.003534997
0.0036406037
0.0037410559
0.0038285864
0.0038963541
0.0039381305
0.0039519741
0.0039389183
0.0039016517
0.0038455409
0.0037755567
0.0036961156
0.0036103431
0.0035203178
0.0034292172
0.0033376649
0.0032455305
0.0031544119
0.0030639728
0.0029737583
0.0028844315
0.0027950125
0.0027060809
0.0026170019
0.0025259376
0.0024337664
0.0023402199
0.0022455508
0.0021496947
0.0020517248
0.0019524988
0.0018513933
0.0017486217
0.0016441628
0.0015383434
0.0014313082
0.0013230796
0.0012146037
0.0011057183
0.00099843427
0.00089177835
0.00079242689
0.00068891492
0.00063544607
0.00049356549
0.0010441628
-0.00053409775
0.018655058
0.017770849
0.016781801
0.015690629
0.014512831
0.013310425
0.012155966
0.011100226
0.010166227
0.0093564789
0.0086613188
0.0080656678
0.0075539253
0.007112303
0.0067291148
0.0063945116
0.006100346
0.0058399695
0.005607929
0.0053997334
0.0052116667
0.0050406177
0.0048840019
0.0047396912
0.0046058728
0.0044809771
0.0043637214
0.004253059
0.0041480504
0.0040479154
0.0039521382
0.0038603142
0.0037719894
0.0036868762
0.0036050072
0.0035264916
0.0034513577
0.003379844
0.0033125942
0.0032504017
0.0031940386
0.0031445447
0.0031034658
0.0030724932
0.0030531778
0.0030474239
0.0030571962
0.0030834623
0.0031262897
0.0031852421
0.0032590968
0.0033455661
0.0034415265
0.0035431422
0.0036454775
0.0037428672
0.003827629
0.0038933545
0.0039339012
0.0039473788
0.0039346128
0.0038979717
0.0038426756
0.0037736142
0.0036950108
0.0036099634
0.0035205933
0.0034299135
0.0033386844
0.0032468393
0.0031558427
0.003065481
0.0029753232
0.0028859645
0.0027965079
0.0027075068
0.0026183341
0.0025272065
0.0024349733
0.0023413516
0.0022466571
0.0021507631
0.0020527814
0.0019536125
0.0018525751
0.0017499183
0.0016455634
0.001539857
0.0014329507
0.0013248016
0.0012164213
0.0011077202
0.0010002774
0.00089355529
0.00079409662
0.00069052652
0.00063604273
0.0004998789
0.0010203869
-0.00049913279
0.01817854
0.017365754
0.016464085
0.015470906
0.014395792
0.013290038
0.012215772
0.011218404
0.010321187
0.0095304775
0.0088417477
0.0082445551
0.0077266134
0.0072762351
0.0068830776
0.0065381604
0.0062338456
0.005963759
0.0057225948
0.0055059265
0.0053100521
0.0051318549
0.0049687211
0.0048184732
0.0046792594
0.0045494811
0.0044278087
0.0043131472
0.0042045375
0.0041011755
0.0040024898
0.0039080387
0.0038173778
0.0037302046
0.0036464945
0.0035663291
0.0034897545
0.0034169969
0.0033486406
0.0032854426
0.0032281772
0.0031778555
0.0031359341
0.0031040404
0.0030837053
0.0030767199
0.003084918
0.0031092671
0.0031498569
0.003206242
0.0032772271
0.0033606015
0.0034533134
0.0035515875
0.0036506209
0.0037447728
0.0038269184
0.0038905267
0.0039297932
0.0039428644
0.0039303374
0.0038942948
0.0038398029
0.0037716569
0.003693896
0.0036095805
0.0035208672
0.0034306247
0.0033397274
0.0032481723
0.0031573078
0.0030670306
0.0029769303
0.0028875413
0.0027980717
0.0027089807
0.0026196968
0.0025285165
0.0024362267
0.0023425629
0.0022478144
0.0021518269
0.0020537866
0.0019546006
0.0018535577
0.0017509536
0.0016466647
0.0015410613
0.001434262
0.0013262022
0.0012179316
0.0011093149
0.0010018894
0.00089534457
0.00079566948
0.00069214686
0.00063650832
0.00050518299
0.00099252605
-0.00046435964
0.017730857
0.016983093
0.016159424
0.015253524
0.014270697
0.013253373
0.012254533
0.011314383
0.010455613
0.0096871963
0.0090085936
0.0084132765
0.0078920004
0.0074351591
0.0070338094
0.0066799179
0.0063664485
0.0060873832
0.0058376252
0.0056128625
0.0054094462
0.0052242801
0.0050547434
0.0048986294
0.0047540577
0.0046194066
0.00449331
0.0043746323
0.0042623928
0.0041557658
0.0040541339
0.00395702
0.0038639815
0.0037747029
0.0036891114
0.0036072596
0.0035292036
0.0034551582
0.0033856556
0.0033214148
0.0032632053
0.0032120095
0.0031692025
0.003136345
0.0031149389
0.0031066732
0.0031132581
0.0031356499
0.0031739588
0.0032277346
0.0032958078
0.0033760416
0.0034654576
0.0035603466
0.0036560265
0.0037469093
0.0038264508
0.0038878522
0.003925796
0.0039384275
0.0039260946
0.0038906248
0.0038369262
0.0037696879
0.003692773
0.0036091953
0.0035211427
0.0034313521
0.0033407933
0.0032495309
0.0031588085
0.0030686174
0.002978577
0.0028891621
0.0027996823
0.0027105
0.0026211025
0.0025298869
0.0024375303
0.002343796
0.0022490007
0.0021529628
0.0020548569
0.001955599
0.0018545047
0.0017518904
0.0016475929
0.0015420339
0.0014353003
0.0013273171
0.001219145
0.0011105979
0.0010032372
0.00089676804
0.00079697587
0.00069373627
0.00063682882
0.00050973929
0.00096147648
-0.00042998544
0.017309419
0.016620859
0.015866975
0.015038992
0.01413919
0.013202688
0.012274511
0.011389952
0.010570582
0.0098270152
0.009161718
0.008571391
0.0080495094
0.0075884667
0.0071807322
0.0068192683
0.006497711
0.0062104694
0.0059527129
0.0057202915
0.0055096479
0.0053177337
0.0051419438
0.0049800625
0.0048301931
0.0046906981
0.004560185
0.0044374853
0.0043215976
0.0042116764
0.0041070664
0.0040072579
0.0039118043
0.0038203784
0.0037328667
0.0036492927
0.0035697156
0.0034943396
0.0034236504
0.0033583287
0.003299133
0.0032470165
0.0032032793
0.003169414
0.0031468859
0.0031372904
0.0031422218
0.0031626159
0.003198601
0.0032497259
0.0033148458
0.0033918944
0.0034779687
0.0035694288
0.0036617161
0.0037492645
0.0038262153
0.0038853517
0.0039219351
0.0039340875
0.0039218985
0.0038869714
0.0038340518
0.0037677121
0.0036916449
0.0036088101
0.0035214217
0.003432096
0.003341883
0.0032509167
0.0031603453
0.003070243
0.0029802637
0.0028908267
0.0028013325
0.0027120621
0.0026225516
0.0025313024
0.0024388761
0.0023450923
0.0022502294
0.0021541178
0.0020559637
0.0019566478
0.0018555148
0.0017528525
0.001648497
0.0015429278
0.0014361849
0.0013282216
0.0012201062
0.0011116136
0.0010043133
0.00089789358
0.00079801922
0.00069498477
0.0006368152
0.00051347681
0.00092832663
-0.00039585826
0.016911907
0.016277266
0.015585955
0.014827692
0.014002672
0.013139987
0.012277793
0.011446838
0.010667224
0.0099504335
0.0093011173
0.0087185728
0.0081986469
0.0077356017
0.0073232941
0.0069557032
0.006627185
0.0063326331
0.0060675352
0.0058279471
0.0056104394
0.00541204
0.0052301826
0.0050626622
0.0049075795
0.0047632903
0.0046283849
0.0045016703
0.0043821268
0.0042688915
0.0041612781
0.004058748
0.0039608464
0.0038672353
0.0037777666
0.0036924357
0.0036112994
0.0035345508
0.0034626348
0.0033961935
0.0033359691
0.0032828851
0.003238172
0.0032032537
0.0031795526
0.0031685773
0.0031718139
0.00319017
0.0032237889
0.0032722217
0.0033343476
0.0034081677
0.0034908562
0.003578844
0.0036677088
0.003751868
0.0038261838
0.0038830412
0.0039182308
0.0039298651
0.0039177637
0.0038833442
0.0038311861
0.0037657345
0.0036905147
0.0036084269
0.0035217058
0.0034328569
0.0033429974
0.0032523306
0.0031619187
0.0030719083
0.0029819913
0.0028925356
0.0028030242
0.002713668
0.0026240449
0.0025327569
0.0024402616
0.0023464319
0.0022514976
0.0021553106
0.0020571246
0.0019577377
0.001856545
0.0017538488
0.0016494648
0.0015438585
0.0014370543
0.0013290587
0.0012209268
0.0011124336
0.0010051498
0.0008987598
0.00079879434
0.00069593727
0.00063649679
0.00051621651
0.00089388281
-0.0003619578
0.016536247
0.015950722
0.015315636
0.014619906
0.013862334
0.013067044
0.012266294
0.011486701
0.010746696
0.010058049
0.0094269108
0.008854608
0.0083390055
0.0078760667
0.0074609774
0.0070887283
0.0067544228
0.0064534822
0.0061817566
0.0059355472
0.0057115871
0.005507008
0.0053193055
0.005146305
0.0049861192
0.004837107
0.0046978515
0.0045671434
0.0044439484
0.0043273892
0.004216755
0.0041114816
0.0040111044
0.0039152744
0.0038238146
0.0037366935
0.0036539613
0.0035757997
0.0035026167
0.0034350167
0.0033737211
0.0033196227
0.0032738871
0.0032378697
0.0032129445
0.0032005392
0.0032020386
0.0032183165
0.0032495273
0.0032952274
0.0033543195
0.0034248695
0.0035041287
0.0035886077
0.0036739919
0.0037549239
0.0038263255
0.0038808975
0.0039146532
0.0039257548
0.0039136944
0.0038797479
0.0038283332
0.003763759
0.0036893851
0.0036080474
0.0035219961
0.0034336356
0.0033441373
0.0032537732
0.0031635292
0.003073614
0.0029837605
0.0028942895
0.0028047588
0.0027153188
0.0026255833
0.0025342522
0.0024416888
0.002347809
0.0022528036
0.0021565407
0.0020583243
0.0019588637
0.0018576284
0.0017548845
0.0016504424
0.0015448136
0.0014379866
0.0013299349
0.0012217323
0.0011131925
0.0010058545
0.00089943569
0.00079932939
0.00069661955
0.0006358837
0.00051813105
0.00085879185
-0.00032858433
0.016180577
0.015639809
0.015055348
0.014415835
0.013719184
0.012985418
0.012241758
0.011511116
0.010810168
0.010150539
0.009539327
0.0089793905
0.0084702658
0.0080094275
0.0075933042
0.0072178697
0.0068789826
0.0065726208
0.006295032
0.0060427972
0.0058128431
0.0056024321
0.0054091441
0.005230854
0.0050657022
0.0049120613
0.0047685169
0.0046338521
0.0045070229
0.0043871413
0.0042734772
0.0041654456
0.0040625706
0.0039644928
0.003871011
0.0037820685
0.0036977058
0.0036180922
0.0035436026
0.0034748046
0.0034123952
0.0033572355
0.00331043
0.0032732665
0.0032470662
0.0032331805
0.0032328997
0.0032470592
0.0032758208
0.0033187481
0.0033747677
0.0034420073
0.0035177964
0.0035987268
0.003680604
0.0037582683
0.0038266873
0.0038790109
0.0039112276
0.0039217756
0.0039097115
0.0038761971
0.0038255029
0.003761793
0.0036882605
0.0036076746
0.0035222948
0.0034344329
0.0033453035
0.0032552452
0.003165177
0.0030753608
0.0029855718
0.002896089
0.0028065372
0.0027170151
0.0026271679
0.0025357897
0.0024431585
0.0023492254
0.0022541484
0.0021578083
0.0020595574
0.0019600233
0.0018587489
0.0017559524
0.0016514758
0.001545801
0.0014389215
0.0013308379
0.0012225904
0.0011139857
0.0010065435
0.00090004657
0.00079972629
0.00069709151
0.00063500253
0.00051942717
0.00082366455
-0.00029616397
0.015843228
0.015343258
0.014804477
0.014215618
0.013574073
0.012896482
0.012205771
0.011521569
0.0108588
0.01022864
0.0096386895
0.0090929143
0.0085921959
0.0081353172
0.0077198422
0.0073426801
0.0070004343
0.0066896538
0.0064070097
0.0061493913
0.0059139463
0.0056980925
0.0054995156
0.0053161594
0.0051462063
0.004988055
0.0048403032
0.0047017352
0.0045713031
0.0044481123
0.0043314191
0.0042206213
0.0041152326
0.0040148837
0.0039193527
0.0038285601
0.0037425342
0.0036614315
0.0035855966
0.0035155614
0.0034519958
0.003395728
0.0033478049
0.0033094476
0.0032819214
0.0032665049
0.0032644003
0.0032764013
0.0033026733
0.0033427887
0.0033956981
0.0034595886
0.0035318683
0.003609214
0.0036875513
0.0037619019
0.0038273275
0.0038774027
0.0039079698
0.0039179289
0.0039058218
0.0038726961
0.0038226989
0.0037598404
0.0036871439
0.0036073104
0.0035226034
0.0034352498
0.0033464968
0.0032567475
0.0031668627
0.0030771494
0.0029874261
0.0028979348
0.0028083602
0.0027187578
0.0026287995
0.0025373704
0.0024446714
0.0023506823
0.0022555329
0.0021591145
0.0020608254
0.0019612186
0.0018599011
0.001757052
0.0016525449
0.0015468179
0.0014398933
0.0013317803
0.001223467
0.001114796
0.0010072701
0.00090068287
0.00080009663
0.0006974688
0.00063392975
0.000520353
0.00078914183
-0.00026521895
0.015522701
0.01505994
0.014562455
0.014019339
0.01342772
0.012801433
0.012159762
0.011519452
0.010893733
0.010293128
0.0097254024
0.0091952665
0.0087046493
0.0082534378
0.0078402094
0.007462744
0.0071183644
0.0068041915
0.0065173355
0.0062550158
0.0060146245
0.0057937568
0.0055902245
0.0054020578
0.005227497
0.0050649783
0.004913122
0.0047707221
0.0046367335
0.0045102597
0.0043905483
0.0042769848
0.0041690733
0.0040664357
0.0039688327
0.0038761643
0.0037884453
0.0037058184
0.0036286007
0.0035572895
0.0034925257
0.0034351034
0.0033860147
0.0033464153
0.0033175127
0.0033005151
0.0032965427
0.0033063454
0.0033300882
0.0033673535
0.0034171162
0.0034776209
0.003546354
0.0036200804
0.0036948444
0.0037658467
0.0038282748
0.0038760069
0.003904915
0.0039142434
0.0039020471
0.003869258
0.0038199295
0.0037579073
0.0036860392
0.0036069577
0.0035229242
0.0034360873
0.0033477181
0.0032582808
0.0031685868
0.0030789805
0.002989324
0.0028998276
0.0028102288
0.0027205476
0.0026304793
0.0025389955
0.0024462286
0.0023521808
0.0022569582
0.0021604602
0.0020621299
0.0019624504
0.0018610867
0.0017581846
0.0016536431
0.0015478644
0.0014408953
0.0013327508
0.0012243684
0.0011156442
0.0010080196
0.00090132094
0.00080048593
0.00069784533
0.0006327331
0.00052118168
0.0007558053
-0.00023616297
0.015217647
0.014788841
0.014328764
0.013827046
0.013280728
0.012701322
0.012105022
0.011506061
0.010916074
0.010344808
0.0097999364
0.0092866171
0.0088075614
0.0083635612
0.0079540772
0.0075776829
0.0072323813
0.006915854
0.0066256562
0.0063593522
0.0061145966
0.0058891813
0.0056810625
0.0054883737
0.0053094276
0.0051427102
0.0049868741
0.0048407325
0.0047032499
0.0045735327
0.0044508257
0.0043345058
0.0042240701
0.0041191327
0.00401944
0.0039248736
0.0038354344
0.0037512508
0.0036726144
0.0035999891
0.0035339856
0.003475363
0.0034250606
0.0033841707
0.0033538414
0.003335213
0.0033293286
0.0033368933
0.0033580683
0.0033924465
0.0034390273
0.0034961112
0.0035612626
0.0036313372
0.0037024963
0.0037701182
0.0038295477
0.0038748183
0.0039020815
0.0039107269
0.0038984017
0.0038658936
0.003817204
0.0037560014
0.0036849516
0.0036066201
0.00352326
0.0034369471
0.0033489687
0.0032598463
0.00317035
0.0030808548
0.0029912663
0.002901768
0.0028121438
0.0027223854
0.002632208
0.0025406659
0.0024478309
0.0023537219
0.0022584251
0.0021618463
0.0020634717
0.0019637195
0.001862307
0.0017593509
0.001654772
0.0015489411
0.0014419248
0.0013337459
0.0012252929
0.001116516
0.001008787
0.00090198257
0.00080088183
0.00069819776
0.00063149485
0.00052226626
0.00072412123
-0.00020946065
0.014926853
0.014529053
0.014102927
0.013638752
0.013133604
0.012597061
0.012042705
0.011482593
0.010926889
0.010384496
0.0098628144
0.0093672098
0.0089009446
0.0084655287
0.008061173
0.0076871589
0.00734212
0.0070242759
0.0067316237
0.0064620798
0.0062135748
0.0059841128
0.0057718104
0.0055749197
0.0053918396
0.0052211178
0.0050614499
0.0049116765
0.0047707789
0.0046378728
0.0045122046
0.0043931479
0.0042801948
0.0041729535
0.0040711589
0.0039746765
0.0038834935
0.0037977235
0.0037176342
0.003643658
0.0035763741
0.003516506
0.0034649424
0.0034227137
0.0033909077
0.0033705991
0.0033627588
0.0033680462
0.0033866159
0.003418071
0.0034614364
0.0035150664
0.0035766033
0.003642995
0.0037105224
0.0037747227
0.0038311542
0.0038739357
0.0038994784
0.0039073597
0.0038948871
0.0038626055
0.0038145279
0.0037541276
0.0036838848
0.0036063003
0.0035236129
0.0034378305
0.0033502494
0.0032614449
0.0031721527
0.0030827728
0.0029932537
0.0029037565
0.0028141062
0.0027242718
0.0026339866
0.0025423826
0.002449479
0.0023553066
0.0022599345
0.002163274
0.0020648517
0.0019650267
0.0018635627
0.0017605515
0.001655933
0.0015500488
0.0014429826
0.0013347665
0.0012262413
0.0011174063
0.0010095685
0.00090265632
0.00080127872
0.00069853244
0.00063017464
0.00052367512
0.00069407619
-0.00018522689
0.014649224
0.01427976
0.013884505
0.013454448
0.012986772
0.012489446
0.011973845
0.011450153
0.010927193
0.01041301
0.0099145994
0.0094373514
0.0089848823
0.0085592489
0.0081612815
0.0077908783
0.0074472461
0.0071291107
0.0068348987
0.0065628796
0.0063112675
0.0060782905
0.0058622389
0.0056614972
0.0054745631
0.0053000574
0.0051367285
0.0049834536
0.004839238
0.0047032126
0.0045746308
0.0044528675
0.0043374129
0.0042278714
0.0041239688
0.0040255572
0.0039326105
0.0038452276
0.0037636538
0.0036882913
0.0036196874
0.0035585298
0.0035056579
0.0034620422
0.0034287103
0.0034066729
0.0033968329
0.0033998044
0.0034157323
0.00344423
0.0034843479
0.0035344931
0.0035923848
0.0036550659
0.003718932
0.0037796999
0.0038329233
0.0038734453
0.003897165
0.003904155
0.003891534
0.0038594134
0.0038119175
0.0037522975
0.0036828456
0.0036060028
0.0035239862
0.0034387391
0.0033515616
0.0032630776
0.0031739955
0.0030847354
0.0029952869
0.0029057938
0.0028161166
0.0027262077
0.0026358159
0.0025441466
0.002451174
0.0023569357
0.0022614872
0.0021647439
0.0020662709
0.001966373
0.0018648548
0.0017617873
0.0016571268
0.0015511879
0.0014440697
0.0013358135
0.0012272142
0.0011183161
0.0010103653
0.00090333809
0.00080166973
0.0006988586
0.00062879724
0.0005250439
0.00066518125
-0.00016322649
0.014383774
0.014040228
0.013673096
0.013274103
0.012840586
0.012379168
0.011899365
0.011409752
0.010917949
0.010431155
0.0099558818
0.0094974016
0.0090595222
0.0086446947
0.0082542444
0.007888594
0.0075474596
0.0072300346
0.0069351551
0.0066614376
0.0064073821
0.0061714484
0.005952111
0.0057478979
0.0055574174
0.0053793742
0.0052125787
0.0050559534
0.0049085352
0.004769476
0.0046380421
0.004513614
0.0043956836
0.0042838537
0.004177844
0.0040774955
0.0039827695
0.0038937508
0.0038106635
0.0037338812
0.0036639193
0.0036014294
0.003547203
0.0035021528
0.0034672465
0.0034434327
0.0034315498
0.0034321673
0.0034454182
0.0034709257
0.0035077658
0.0035543974
0.003608616
0.0036675606
0.0037277399
0.0037850585
0.0038349705
0.0038733184
0.0038951467
0.0039010776
0.0038883542
0.0038563246
0.0038093827
0.0037505204
0.0036818418
0.0036057334
0.003524384
0.0034396755
0.0033529069
0.0032647459
0.0031758794
0.0030867434
0.0029973668
0.0029078805
0.0028181759
0.0027281937
0.0026376967
0.0025459589
0.0024529165
0.0023586102
0.0022630842
0.002166257
0.0020677301
0.001967759
0.0018661841
0.0017630591
0.001658354
0.0015523592
0.0014451867
0.0013368873
0.0012282118
0.0011192459
0.0010111774
0.00090402773
0.00080205593
0.00069916944
0.00062742235
0.00052608119
0.00063706071
-0.00014322949
0.014129613
0.013809794
0.013468328
0.013097672
0.012695339
0.012266829
0.011820086
0.011362314
0.010900063
0.01043972
0.0099872693
0.009547763
0.0091250689
0.0087218995
0.00833996
0.0079801063
0.0076424975
0.0073267499
0.0070320831
0.0067574478
0.0065016277
0.0062633175
0.0060411829
0.005833905
0.0056402123
0.0054589029
0.0052888586
0.0051290552
0.0049785686
0.0048365779
0.0047023677
0.0045753289
0.0044549588
0.0043408616
0.0042327531
0.0041304658
0.0040339499
0.0039432767
0.0038586501
0.0037804168
0.0037090608
0.0036451971
0.0035895715
0.0035430401
0.003506512
0.003480875
0.003466907
0.0034651333
0.0034756736
0.0034981596
0.0035316936
0.0035747852
0.0036253054
0.003680489
0.0037369639
0.0037907869
0.0038375797
0.0038734845
0.0038934007
0.003898068
0.0038853459
0.0038533378
0.0038069212
0.003748794
0.0036808745
0.0036054948
0.0035248091
0.0034406422
0.0033542874
0.0032664518
0.0031778059
0.0030887981
0.0029994948
0.0029100178
0.0028202856
0.0027302311
0.0026396299
0.0025478206
0.0024547074
0.002360331
0.0022647261
0.0021678141
0.0020692301
0.0019691854
0.0018675514
0.0017643673
0.0016596153
0.0015535632
0.0014463341
0.0013379883
0.0012292344
0.0011201959
0.0010120048
0.00090472475
0.0008024383
0.00069945637
0.00062603255
0.0005266506
0.00060986023
-0.00012501638
0.013885934
0.01358786
0.013269857
0.012925098
0.012551276
0.012152948
0.011736738
0.011308682
0.010874382
0.010439468
0.010009377
0.0095888716
0.0091817761
0.0087909524
0.008418381
0.008065264
0.0077321365
0.007418989
0.0071253933
0.0068506168
0.0065937188
0.0063536286
0.0061292071
0.0059192949
0.0057227489
0.005538469
0.0053654166
0.0052026287
0.0050492269
0.0049044241
0.0047675284
0.0046379461
0.0045151837
0.0043988496
0.0042886586
0.0041844373
0.0040861264
0.0039937843
0.0039075965
0.0038278838
0.0037550995
0.0036898228
0.0036327545
0.0035846965
0.0035465004
0.0035189952
0.0035029007
0.0034986999
0.0035064971
0.0035259324
0.0035561341
0.0035956616
0.0036424607
0.0036938625
0.0037466134
0.0037969241
0.0038406437
0.0038739785
0.0038919652
0.0038951507
0.0038825317
0.0038505046
0.003804566
0.0037471286
0.003679947
0.003605289
0.0035252631
0.0034416398
0.0033557039
0.0032681963
0.0031797758
0.0030909006
0.0030016721
0.0029122068
0.0028224468
0.002732321
0.0026416169
0.0025497329
0.0024565476
0.002362099
0.0022664139
0.0021694159
0.0020707716
0.0019706527
0.0018689572
0.0017657127
0.0016609112
0.0015548004
0.0014475123
0.0013391169
0.0012302823
0.001121166
0.0010128471
0.00090542904
0.00080281325
0.00069973544
0.00062461356
0.00052670093
0.00058351537
-0.00010838584
0.013652007
0.013373882
0.013077367
0.012756313
0.012408595
0.012037977
0.011649969
0.011249618
0.010841695
0.010431131
0.010022819
0.0096211874
0.0092299393
0.0088519925
0.0084895116
0.0081439637
0.0078161933
0.0075065155
0.0072148189
0.0069406652
0.0066833774
0.0064421147
0.0062159335
0.0060038384
0.0058048206
0.0056178888
0.0054420913
0.0052765333
0.005120389
0.0049729109
0.0048334361
0.0047013912
0.0045762956
0.0044577653
0.0043455169
0.0042393737
0.0041392686
0.0040452484
0.0039574815
0.0038762642
0.0038020203
0.0037352936
0.0036767411
0.0036271128
0.003587204
0.0035577868
0.003539526
0.0035328633
0.003537887
0.0035542444
0.0035810897
0.0036170316
0.0036600897
0.0037076914
0.003756702
0.0038034868
0.0038440873
0.0038748708
0.0038908505
0.0038924543
0.0038797926
0.003847825
0.0038023552
0.0037455489
0.0036790747
0.0036051258
0.0035257526
0.0034426725
0.0033571591
0.0032699818
0.0031817911
0.0030930527
0.0030039006
0.0029144492
0.0028246614
0.002734465
0.0026436592
0.0025516976
0.0024584387
0.0023639156
0.0022681486
0.0021710634
0.0020723557
0.0019721619
0.0018704023
0.0017670958
0.0016622424
0.0015560711
0.0014487217
0.0013402733
0.0012313555
0.0011221563
0.0010137042
0.00090613926
0.00080318349
0.00069998285
0.00062318247
0.00052632153
0.00055781193
-9.3398213e-05
0.01342717
0.013167367
0.012890564
0.012591246
0.01226746
0.011922304
0.011560354
0.011185813
0.010802735
0.010415408
0.010028202
0.0096451875
0.0092698884
0.0089052045
0.0085534052
0.0082161493
0.0078945275
0.0075891286
0.0073001204
0.0070273332
0.0067703377
0.0065285145
0.0063011134
0.0060873039
0.0058862157
0.0056969716
0.0055187131
0.0053506197
0.0051919246
0.0050419256
0.004899994
0.0047655812
0.004638224
0.0045175489
0.0044032775
0.0042952322
0.0041933403
0.0040976384
0.0040082789
0.0039255358
0.0038498039
0.0037815927
0.0037215169
0.0036702766
0.0036286123
0.0035972412
0.0035767759
0.0035676182
0.0035698398
0.0035830941
0.0036065616
0.003638899
0.0036781993
0.0037219856
0.0037672422
0.0038104838
0.0038479278
0.0038760757
0.0038902009
0.0038903092
0.0038768695
0.0038451839
0.0038002522
0.0037440393
0.0036782486
0.0036049985
0.0035262714
0.0034437344
0.0033586474
0.0032718034
0.0031838475
0.0030952511
0.0030061779
0.0029167435
0.0028269288
0.0027366632
0.0026457572
0.0025537155
0.0024603816
0.0023657819
0.0022699314
0.0021727576
0.0020739833
0.0019737136
0.0018718875
0.0017685172
0.0016636093
0.0015573759
0.0014499626
0.0013414576
0.0012324541
0.0011231667
0.0010145755
0.00090685525
0.00080354375
0.00070022175
0.00062177447
0.0005254591
0.00053276286
-8.0058642e-05
0.013210822
0.012967867
0.012709174
0.012429817
0.012128002
0.011806265
0.011468398
0.011117893
0.010758175
0.01039296
0.010026119
0.0096613555
0.0093019779
0.0089508092
0.0086101572
0.0082818072
0.0079670372
0.0076666602
0.0073810842
0.0071103796
0.0068543458
0.0066125734
0.0063844996
0.0061694576
0.0059667175
0.00577552
0.0055951044
0.0054247303
0.0052636949
0.005111347
0.004967097
0.0048304258
0.0047008912
0.0045781341
0.004461884
0.0043519649
0.0042483007
0.0041509195
0.0040599593
0.0039756732
0.0038984286
0.0038287015
0.003767066
0.003714174
0.0036707136
0.0036373489
0.0036146428
0.0036029587
0.0036023515
0.0036124802
0.0036325508
0.0036612679
0.0036967965
0.0037367547
0.003778247
0.0038179252
0.0038522073
0.0038774358
0.0038901552
0.0038888978
0.0038738954
0.0038426591
0.0037982859
0.0037426192
0.0036774806
0.0036049123
0.0035268205
0.0034448237
0.0033601653
0.0032736572
0.0031859408
0.0030974917
0.0030085008
0.002919087
0.0028292471
0.0027389144
0.0026479103
0.0025557867
0.0024623766
0.0023676986
0.0022717632
0.0021744996
0.0020756554
0.0019753087
0.0018734138
0.0017699777
0.0016650126
0.0015587152
0.0014512354
0.0013426702
0.001233578
0.0011241969
0.0010154608
0.00090757557
0.0008038958
0.00070042793
0.00062022226
0.00052406475
0.0005086798
-6.7844323e-05
0.013002415
0.01277497
0.012532943
0.012271945
0.011990327
0.011690152
0.011374553
0.011046421
0.010708642
0.010364414
0.010017147
0.0096701829
0.0093265876
0.0089890651
0.0086599079
0.0083409708
0.0080336655
0.007738982
0.0074575298
0.0071895893
0.0069351668
0.0066940485
0.0064658509
0.0062500671
0.0060461068
0.0058533309
0.0056710799
0.0054986977
0.0053355507
0.005181043
0.005034629
0.0048958233
0.004764209
0.0046394444
0.00452127
0.0044095144
0.0043041002
0.0042050487
0.0041124855
0.004026644
0.003947866
0.0038765952
0.0038133668
0.0037587863
0.0037134919
0.0036780964
0.0036531155
0.003638876
0.0036354158
0.0036423988
0.0036590563
0.0036841401
0.0037158863
0.0037520075
0.0037897265
0.0038258308
0.0038569166
0.0038792212
0.0038905949
0.0038880037
0.0038713699
0.0038404393
0.0037965082
0.0037413186
0.0036767911
0.0036048803
0.0035274091
0.0034459465
0.003361717
0.003275546
0.0031880728
0.003099776
0.0030108705
0.0029214806
0.0028316175
0.0027412197
0.0026501196
0.0025579126
0.0024644249
0.0023696669
0.002273645
0.0021762903
0.0020773732
0.0019769482
0.0018749818
0.0017714779
0.0016664529
0.0015600894
0.0014525405
0.0013439112
0.0012347273
0.0011252468
0.0010163594
0.00090829957
0.00080423677
0.00070059811
0.00061843242
0.00052197082
0.00048645107
-5.5395777e-05
0.012801451
0.012588302
0.012361634
0.012117544
0.011854513
0.011574208
0.011279207
0.010971897
0.010654696
0.010330347
0.010001834
0.0096721471
0.009344101
0.0090202486
0.0087028246
0.0083937055
0.0080943889
0.0078059978
0.007529305
0.0072647704
0.0070125841
0.0067727109
0.0065449358
0.0063289056
0.0061241673
0.005930202
0.0057464535
0.0055723532
0.0054073402
0.0052508786
0.0051024709
0.0049616695
0.0048280864
0.004701401
0.0045813675
0.004467822
0.0043606881
0.0042599824
0.0041658196
0.0040784155
0.0039980877
0.0039252492
0.0038603979
0.0038040955
0.0037569316
0.0037194708
0.0036921835
0.0036753618
0.0036690267
0.0036728467
0.0036860779
0.0037075185
0.0037354748
0.003767753
0.003801692
0.0038342173
0.0038620708
0.003881608
0.0038912979
0.0038874274
0.0038694863
0.0038385216
0.0037948791
0.0037401214
0.0036761772
0.0036049043
0.0035280416
0.0034471086
0.0033633085
0.0032774761
0.0031902494
0.003102109
0.0030132917
0.0029239286
0.0028340438
0.0027435824
0.002652388
0.0025600958
0.0024665287
0.0023716887
0.0022755784
0.002178131
0.0020791377
0.0019786329
0.0018765925
0.0017730186
0.0016679308
0.001561499
0.0014538782
0.0013451809
0.001235902
0.0011263162
0.0010172709
0.000909026
0.00080456674
0.00070071161
0.0006165095
0.00051934586
0.00046635149
-4.1587744e-05
0.012607476
0.012407522
0.012195032
0.011966538
0.011720637
0.011458662
0.011182726
0.010894791
0.010596876
0.010291319
0.0099807203
0.0096677347
0.0093549236
0.0090446684
0.0087391137
0.0084401184
0.0081492244
0.0078676474
0.0075962878
0.0073357546
0.0070863968
0.00684834
0.0066215246
0.0064057428
0.0062006744
0.0060059189
0.0058210241
0.0056455107
0.0054788938
0.0053207005
0.0051704851
0.0050278416
0.0048924145
0.0047639074
0.0046420915
0.0045268128
0.0044179986
0.0043156627
0.0042199107
0.0041309428
0.0040490541
0.0039746288
0.0039081289
0.0038500745
0.0038010095
0.0037614521
0.0037318298
0.0037124019
0.0037031732
0.0037038159
0.0037136108
0.0037314018
0.0037555644
0.0037839969
0.0038141535
0.0038430935
0.0038677063
0.0038845775
0.0038920062
0.0038870576
0.0038681015
0.0038368526
0.003793387
0.0037390376
0.0036756517
0.003604995
0.003528727
0.0034483173
0.0033649457
0.0032794522
0.0031924743
0.0031044939
0.0030157669
0.0029264329
0.0028365276
0.0027460038
0.0026547164
0.0025623373
0.0024686888
0.0023737646
0.0022775641
0.0021800223
0.0020809497
0.0019803632
0.0018782464
0.0017746
0.0016694466
0.0015629442
0.0014552487
0.0013464793
0.0012371019
0.0011274049
0.0010181948
0.00090975384
0.00080488409
0.00070076251
0.00061453318
0.00051640829
0.00044820917
-2.6705608e-05
0.012420055
0.012232289
0.012032898
0.011818807
0.011588712
0.011343664
0.011085386
0.010815486
0.010535636
0.010247823
0.0099542969
0.0096574032
0.0093594522
0.0090626431
0.0087690062
0.0084803518
0.0081982307
0.0079239159
0.0076584019
0.007402417
0.0071564448
0.0069207522
0.0066954204
0.0064803771
0.0062754285
0.0060802893
0.00589461
0.0057180015
0.0055500566
0.0053903683
0.0052385458
0.0050942279
0.0049570946
0.0048268772
0.0047033666
0.0045864214
0.0044759748
0.0043720402
0.0042747162
0.0041841892
0.0041007336
0.0040247064
0.0039565362
0.0038967035
0.0038457089
0.0038040265
0.0037720437
0.0037499883
0.0037378496
0.0037353036
0.0037416551
0.0037557932
0.0037761612
0.003800749
0.0038271219
0.0038524811
0.0038738376
0.0038880235
0.003893057
0.0038869491
0.0038671319
0.003835466
0.0037920879
0.0037381085
0.0036752422
0.0036051697
0.0035294765
0.0034495795
0.0033666324
0.0032814763
0.0031947481
0.0031069304
0.0030182958
0.0029289927
0.0028390681
0.0027484832
0.0026571042
0.0025646365
0.0024709048
0.0023758944
0.0022796019
0.0021819643
0.0020828092
0.0019821394
0.0018799437
0.0017762227
0.0016710008
0.0015644254
0.0014566522
0.0013478065
0.0012383271
0.0011285126
0.0010191305
0.00091048204
0.00080518691
0.00070075169
0.0006125103
0.00051317415
0.00043227357
-1.1642616e-05
0.012238877
0.012062384
0.01187511
0.011674328
0.011458824
0.011229413
0.010987492
0.010734369
0.010471425
0.010200336
0.0099230402
0.0096415965
0.0093580742
0.0090744852
0.0087927302
0.0085145463
0.0082414642
0.0079747831
0.0077155609
0.0074646174
0.0072225467
0.0069897368
0.0067663941
0.00655257
0.0063481891
0.0061530765
0.005966983
0.0057896091
0.0056206259
0.0054596941
0.0053064802
0.0051606706
0.0050219839
0.0048901814
0.0047650766
0.0046465435
0.0045345235
0.0044290318
0.0043301618
0.0042380883
0.004153067
0.0040754297
0.0040055734
0.0039439416
0.003890994
0.0038471632
0.0038127984
0.0037880984
0.0037730375
0.0037672954
0.0037702005
0.0037806864
0.0037972633
0.0038180106
0.0038406045
0.0038623823
0.0038804856
0.0038919062
0.0038947996
0.003887132
0.0038664896
0.0038343561
0.0037909936
0.0037373385
0.0036749516
0.0036054319
0.003530293
0.0034508971
0.0033683694
0.0032835487
0.0031970706
0.0031094178
0.0030208774
0.0029316073
0.0028416649
0.0027510202
0.0026595511
0.0025669936
0.0024731769
0.0023780787
0.0022816923
0.0021839574
0.002084717
0.0019839621
0.0018816853
0.0017778872
0.001672594
0.0015659431
0.0014580892
0.0013491629
0.0012395775
0.0011296391
0.0010200775
0.0009112095
0.00080547386
0.00070067781
0.00061043434
0.00050968475
0.00041835744
3.0127212e-06
0.012063436
0.011897402
0.011721377
0.011532935
0.01133094
0.011116008
0.010889269
0.010651775
0.010404659
0.010149329
0.0098874437
0.0096208023
0.009351245
0.009080598
0.0088106226
0.0085429649
0.0082791128
0.0080203651
0.0077678163
0.007522352
0.0072846532
0.0070552093
0.0068343354
0.0066221943
0.0064188198
0.0062241407
0.0060380045
0.0058601993
0.0056904747
0.0055285597
0.0053741799
0.0052270713
0.0050869934
0.0049537405
0.0048271511
0.0047071169
0.0045935899
0.0044865893
0.0043862055
0.0042926035
0.0042060225
0.0041267712
0.0040552171
0.0039917691
0.0039368484
0.0038908487
0.0038540838
0.0038267248
0.0038087322
0.0037997895
0.0037992483
0.0038060858
0.003818878
0.0038357924
0.0038546143
0.0038728103
0.0038876613
0.0038963848
0.0038970552
0.0038875179
0.0038661215
0.0038335029
0.0037900913
0.0037367125
0.0036747694
0.0036057744
0.0035311708
0.0034522656
0.003370153
0.0032856665
0.0031994396
0.0031119546
0.003023511
0.0029342763
0.0028443179
0.0027536152
0.0026620578
0.0025694098
0.0024755065
0.0023803186
0.002283837
0.0021860032
0.0020866747
0.0019858328
0.0018834723
0.0017795947
0.0016742271
0.001567498
0.0014595603
0.0013505489
0.0012408532
0.0011307844
0.0010210353
0.00091193513
0.00080574361
0.00070053881
0.00060830141
0.00050598907
0.00040552532
1.7172692e-05
0.011893592
0.011737211
0.011571578
0.011394538
0.011205024
0.011003484
0.010790817
0.010567868
0.010335554
0.010095049
0.0098477684
0.0095952716
0.0093391863
0.009081157
0.0088228011
0.0085656619
0.0083111653
0.0080605884
0.0078150384
0.0075754428
0.0073425479
0.0071169245
0.0068989801
0.0066889751
0.0064870419
0.0062932058
0.0061074058
0.0059295147
0.005759359
0.0055967363
0.0054414319
0.0052932332
0.0051519428
0.0050173897
0.0048894399
0.0047680051
0.0046530504
0.0045446009
0.0044427462
0.0043476438
0.0042595183
0.0041786573
0.0041054015
0.0040401272
0.0039832201
0.0039350375
0.0038958599
0.0038658329
0.0038449043
0.0038327616
0.003828779
0.0038319771
0.0038409959
0.0038540896
0.0038691501
0.0038837717
0.0038953728
0.0039013441
0.003899669
0.0038884684
0.0038662141
0.0038330163
0.0037894626
0.0037362899
0.0036747403
0.0036062314
0.0035321358
0.003453704
0.0033719974
0.0032878402
0.0032018629
0.0031145466
0.0030262009
0.0029370029
0.0028470298
0.0027562702
0.0026646259
0.0025718864
0.0024778946
0.0023826153
0.0022860366
0.0021881023
0.002088683
0.0019877519
0.0018853054
0.0017813456
0.0016759006
0.0015690904
0.0014610655
0.0013519644
0.001242154
0.0011319477
0.001022003
0.00091265753
0.00080599444
0.00070033303
0.00060610787
0.0005021284
0.00039374364
3.0668761e-05
0.0117291
0.011581721
0.011425759
0.011259304
0.011081354
0.01089222
0.010692613
0.0104832
0.01026472
0.010038143
0.0098046701
0.0095656476
0.0093225063
0.0090767175
0.0088297546
0.0085830506
0.0083379566
0.0080957099
0.0078574104
0.007624007
0.0073962903
0.0071748941
0.0069603013
0.006752856
0.0065527783
0.0063601809
0.0061750881
0.0059974533
0.0058271775
0.0056641259
0.0055081435
0.0053590701
0.0052167525
0.0050810567
0.0049518779
0.0048291501
0.0047128534
0.004603021
0.004499744
0.0044031742
0.0043135239
0.0042310619
0.0041561042
0.0040889974
0.004030094
0.0039797176
0.0039381179
0.0039054171
0.0038815511
0.0038662118
0.0038587961
0.0038583665
0.0038636264
0.0038729144
0.0038842275
0.0038952821
0.0039036317
0.0039068098
0.0039027576
0.0038900285
0.0038666854
0.0038328421
0.003789087
0.0037360635
0.0036748634
0.0036068055
0.0035331917
0.0034552166
0.0033739066
0.0032900737
0.003204344
0.0031171966
0.0030289496
0.0029397895
0.0028498027
0.0027589873
0.002667257
0.0025744251
0.0024803429
0.0023849703
0.0022882927
0.0021902563
0.0020907432
0.0019897208
0.0018871857
0.001783141
0.0016776154
0.0015707211
0.0014626055
0.0013534099
0.0012434799
0.0011331291
0.00102298
0.00091337575
0.00080622511
0.00070005977
0.00060385091
0.00049812575
0.00038228606
4.3491976e-05
0.011569198
0.0114302
0.01128326
0.011126662
0.010959461
0.010781855
0.010594401
0.010397615
0.010192085
0.0099786072
0.0097581934
0.0095320017
0.0093012826
0.0090673447
0.008831521
0.0085951307
0.008359441
0.0081256361
0.0078947924
0.0076678614
0.0074456604
0.0072288679
0.0070180266
0.0068135499
0.0066157337
0.0064247691
0.0062407582
0.0060637299
0.0058936563
0.005730468
0.0055740694
0.0054243525
0.0052812095
0.0051445445
0.0050142838
0.0048903854
0.0047728465
0.0046617105
0.0045570718
0.004459079
0.0043679341
0.0042838896
0.0042072391
0.0041383019
0.0040774002
0.0040248265
0.0039808021
0.0039454278
0.0039186292
0.0039001027
0.0038892676
0.0038852278
0.0038867486
0.0038922512
0.0038998347
0.0039073354
0.0039124325
0.0039127947
0.0039064702
0.003891925
0.0038674224
0.0038329411
0.0037889541
0.0037360307
0.003675138
0.0036074968
0.0035343388
0.0034568031
0.0033758796
0.0032923654
0.0032068807
0.0031199021
0.0030317545
0.0029426333
0.0028526337
0.0027617636
0.0026699486
0.0025770237
0.0024828494
0.0023873818
0.0022906035
0.0021924634
0.002092854
0.001991738
0.0018891119
0.0017849798
0.0016793703
0.001572389
0.0014641791
0.0013548841
0.0012448296
0.0011343271
0.0010239648
0.00091408767
0.00080643327
0.00069971786
0.00060152869
0.00049399666
0.00037146738
5.5012371e-05
0.011665965
0.012570159
0.013644377
0.015103555
0.017090183
0.019726059
0.023216079
0.028277875
0.035564167
0.050490306
0.011665781
0.012569962
0.013644119
0.015102932
0.017088597
0.019721909
0.023203822
0.028224836
0.035347156
0.047800346
0.011665478
0.012569611
0.013643626
0.015101743
0.017085556
0.019713747
0.023180968
0.028120204
0.034969532
0.044853328
0.01166502
0.012569062
0.01364284
0.015099862
0.017080768
0.019700841
0.023144775
0.027967936
0.034423276
0.042346378
0.011664406
0.012568295
0.013641732
0.015097225
0.017074071
0.019682873
0.023092614
0.027773895
0.03374666
0.0402173
0.011663636
0.012567291
0.013640274
0.015093765
0.01706531
0.019659394
0.023024369
0.027540983
0.032995167
0.038296616
0.011662709
0.012566029
0.013638432
0.015089411
0.017054313
0.019629967
0.022940458
0.02727131
0.032215476
0.036522386
0.011661621
0.012564487
0.013636171
0.015084083
0.017040896
0.019594246
0.022840632
0.026969179
0.031421465
0.034874055
0.011660371
0.012562642
0.013633452
0.0150777
0.017024871
0.019551886
0.022724824
0.026638401
0.030618624
0.033341227
0.011658955
0.012560466
0.013630235
0.015070175
0.017006049
0.019502563
0.022593157
0.026282242
0.029813106
0.031915242
0.01165737
0.012557933
0.013626474
0.015061417
0.016984235
0.019445989
0.02244587
0.025903915
0.029010621
0.030587773
0.011655611
0.012555013
0.013622124
0.015051331
0.016959233
0.019381907
0.02228332
0.02550657
0.028215966
0.029351099
0.011653674
0.012551674
0.013617134
0.015039818
0.01693085
0.019310104
0.022105986
0.025093237
0.027433148
0.028198202
0.011651552
0.012547885
0.01361145
0.015026774
0.016898892
0.019230403
0.021914454
0.024666805
0.026665492
0.027122674
0.011649239
0.012543609
0.013605016
0.015012093
0.01686317
0.019142674
0.021709406
0.024230011
0.025915703
0.026118628
0.011646729
0.012538808
0.013597772
0.014995665
0.0168235
0.019046833
0.021491611
0.023785434
0.025185925
0.025180652
0.011644013
0.012533442
0.013589653
0.014977377
0.016779706
0.018942844
0.021261914
0.023335483
0.024477805
0.024303763
0.011641083
0.012527469
0.013580594
0.014957113
0.016731623
0.018830719
0.02102122
0.022882391
0.023792548
0.02348337
0.011637928
0.012520844
0.013570523
0.014934757
0.016679095
0.018710518
0.020770485
0.02242821
0.023130971
0.022715236
0.01163454
0.012513519
0.013559366
0.014910191
0.016621983
0.018582354
0.020510702
0.021974812
0.022493556
0.021995452
0.011630905
0.012505443
0.013547045
0.014883296
0.01656016
0.018446386
0.020242889
0.021523885
0.021880498
0.021320402
0.011627012
0.012496563
0.013533478
0.014853953
0.016493519
0.018302818
0.01996808
0.021076939
0.021291749
0.020686747
0.011622848
0.012486822
0.013518582
0.014822046
0.016421971
0.018151904
0.019687307
0.020635307
0.020727059
0.020091394
0.011618397
0.01247616
0.013502267
0.01478746
0.016345448
0.017993936
0.019401595
0.020200155
0.020186011
0.019531485
0.011613645
0.012464516
0.013484444
0.014750084
0.016263904
0.017829248
0.019111953
0.019772484
0.019668057
0.019004371
0.011608574
0.012451821
0.013465019
0.014709808
0.016177317
0.017658211
0.018819358
0.019353143
0.019172544
0.018507605
0.011603166
0.012438007
0.013443896
0.014666532
0.016085688
0.017481227
0.018524756
0.018942836
0.018698737
0.018038924
0.011597403
0.012423
0.013420978
0.014620158
0.015989042
0.017298726
0.018229049
0.018542132
0.018245849
0.017596234
0.011591262
0.012406724
0.013396165
0.014570598
0.015887432
0.017111163
0.017933091
0.018151478
0.017813049
0.017177602
0.011584723
0.012389097
0.013369357
0.014517771
0.015780934
0.016919012
0.017637683
0.017771206
0.017399484
0.016781246
0.011577763
0.012370037
0.013340456
0.014461606
0.01566965
0.016722761
0.017343571
0.017401548
0.017004292
0.016405521
0.011570356
0.012349453
0.01330936
0.014402042
0.015553705
0.016522909
0.017051443
0.017042642
0.016626609
0.016048912
0.011562476
0.012327256
0.013275971
0.01433903
0.01543325
0.01631996
0.016761926
0.01669455
0.016265583
0.015710024
0.011554097
0.012303349
0.013240195
0.014272531
0.015308458
0.016114418
0.016475587
0.016357257
0.015920374
0.015387575
0.011545189
0.012277634
0.013201938
0.014202522
0.015179521
0.015906785
0.016192931
0.016030692
0.015590168
0.015080385
0.011535722
0.012250007
0.013161112
0.014128991
0.015046654
0.015697555
0.015914406
0.015714728
0.015274172
0.014787372
0.011525665
0.012220364
0.013117636
0.014051941
0.014910088
0.01548721
0.015640402
0.015409194
0.014971627
0.01450754
0.011514986
0.012188593
0.013071435
0.01397139
0.014770069
0.015276217
0.015371251
0.015113883
0.014681801
0.014239975
0.01150365
0.012154585
0.013022442
0.013887369
0.014626858
0.015065028
0.015107237
0.014828556
0.014403996
0.01398384
0.011491622
0.012118225
0.012970604
0.013799923
0.014480727
0.014854074
0.01484859
0.014552951
0.014137546
0.013738365
0.011478866
0.012079397
0.012915878
0.013709113
0.014331956
0.014643761
0.014595496
0.014286787
0.013881821
0.013502843
0.011465344
0.012037987
0.012858237
0.013615008
0.014180832
0.014434474
0.014348097
0.014029768
0.013636223
0.013276626
0.011451019
0.011993881
0.012797671
0.013517694
0.014027646
0.014226573
0.014106495
0.01378159
0.013400184
0.013059118
0.011435849
0.011946971
0.012734189
0.013417263
0.013872693
0.014020391
0.013870759
0.01354194
0.01317317
0.01284977
0.011419791
0.011897158
0.012667824
0.013313815
0.013716266
0.013816233
0.013640921
0.013310509
0.012954683
0.012648075
0.0114028
0.011844361
0.012598634
0.013207455
0.013558664
0.013614379
0.013416978
0.013086975
0.012744259
0.012453607
0.011384823
0.011788532
0.012526704
0.013098279
0.01340018
0.013415102
0.013198908
0.012870993
0.01254138
0.012265822
0.011365794
0.01172967
0.01245216
0.01298639
0.013241061
0.013218655
0.012986764
0.012662398
0.012345804
0.012084519
0.011345636
0.011667864
0.01237511
0.012872001
0.013081466
0.013025018
0.012780252
0.012460686
0.012156989
0.011909265
0.0113242
0.011603611
0.012295299
0.012755711
0.012922081
0.012834619
0.012579416
0.012265575
0.011974451
0.011739439
0.011300033
0.011536593
0.012207429
0.012632221
0.012756371
0.012639873
0.012376217
0.01206927
0.01179104
0.011568683
0.011268321
0.011466947
0.012099607
0.012486663
0.012566929
0.012421016
0.012150213
0.011851887
0.011587815
0.011378837
0.011223288
0.011398429
0.011966319
0.012309388
0.012343869
0.012168146
0.011892115
0.01160508
0.011357434
0.011163482
0.011162883
0.011324487
0.011807222
0.01209545
0.012082559
0.011878648
0.011600272
0.011327224
0.011097859
0.010920071
0.01108484
0.011230296
0.011619604
0.011839688
0.011779096
0.011551472
0.011274938
0.011018468
0.010808614
0.010647565
0.010983818
0.011107849
0.011401695
0.01154267
0.011436414
0.011192625
0.010923817
0.010687173
0.010498558
0.010355137
0.010854271
0.010949572
0.011144087
0.011199923
0.011052028
0.010800353
0.010544212
0.010328253
0.010159961
0.010033335
0.01068856
0.010747217
0.01084314
0.010816453
0.010635041
0.010385669
0.010148952
0.0099566738
0.0098097038
0.0096999134
0.010477851
0.010494234
0.010498053
0.010398137
0.010192636
0.0099530543
0.009738564
0.009568963
0.0094411415
0.0093465372
0.010213422
0.010186339
0.010110385
0.009952528
0.009734619
0.0095119852
0.009322859
0.0091765953
0.0090675276
0.0089873459
0.0098885042
0.0098232573
0.0096854642
0.0094893052
0.0092714595
0.0090708387
0.00890752
0.008782974
0.0086905878
0.0086230364
0.0095018597
0.0094092221
0.0092322373
0.0090187896
0.0088113572
0.0086341015
0.0084941634
0.0083884869
0.0083104842
0.0082537737
0.0090609448
0.0089549442
0.0087630269
0.00855282
0.0083666755
0.008216688
0.0081007983
0.0080133263
0.0079484827
0.0079012339
0.0085847741
0.0084793509
0.0082929184
0.008097546
0.0079319896
0.0078025432
0.0077040206
0.0076302142
0.0075758187
0.0075364242
0.008104353
0.0080116257
0.0078522886
0.0076924276
0.0075616776
0.0074601295
0.0073811893
0.0073201099
0.0072735096
0.007238601
0.0076589886
0.0075820998
0.0074502888
0.0073219797
0.0072231991
0.0071532886
0.0071043164
0.0070683649
0.0070399435
0.007015649
0.0072875531
0.007247991
0.0071762209
0.0071094255
0.0070614559
0.007031422
0.0070126984
0.006998368
0.00698579
0.0069739278
0.0069949466
0.0069199513
0.0068314161
0.0067578053
0.0066940905
0.0066367267
0.0065846567
0.0065370537
0.0064931066
0.0064526171
0.011408265
0.011277358
0.011139106
0.010992013
0.010835176
0.010668689
0.010492969
0.010308407
0.010115454
0.0099147533
0.009707146
0.0094936158
0.0092752447
0.0090531838
0.0088286258
0.0086027714
0.008376795
0.0081518147
0.0079288682
0.0077088942
0.0074927199
0.0072810538
0.0070744843
0.006873483
0.0066784115
0.0064895321
0.0063070196
0.0061309751
0.00596144
0.0057984104
0.0056418505
0.0054917063
0.0053479173
0.0052104283
0.0050791992
0.0049542146
0.0048354914
0.0047230855
0.0046170971
0.0045176732
0.0044250078
0.0043393385
0.0042609381
0.0041901004
0.0041271188
0.0040722562
0.004025707
0.0039875515
0.0039577061
0.0039358726
0.0039214932
0.0039137143
0.0039113641
0.0039129476
0.003916668
0.0039204814
0.0039221972
0.0039196221
0.0039108561
0.003894365
0.0038686413
0.0038334547
0.003789157
0.0037362632
0.0036756313
0.0036083784
0.0035356604
0.0034585584
0.0033780223
0.0032948306
0.0032095955
0.0031227903
0.0030347453
0.0029456643
0.0028556516
0.002764725
0.0026728223
0.0025797994
0.0024855271
0.0023899582
0.0022930732
0.002194823
0.0020951103
0.0019938943
0.0018911707
0.0017869443
0.001681244
0.0015741683
0.0014658563
0.0013564524
0.0012462626
0.001135594
0.0010249999
0.00091482354
0.00080662733
0.00069929147
0.00059904965
0.00048958203
0.00036109841
6.5239485e-05
0.011228659
0.011106507
0.010977692
0.010840829
0.01069507
0.010540426
0.010377192
0.010205641
0.010026098
0.0098390628
0.009645212
0.0094453591
0.0092404165
0.0090313736
0.0088192738
0.0086051867
0.008390178
0.0081752825
0.007961481
0.0077496812
0.0075407037
0.0073352723
0.0071340092
0.0069374346
0.0067459704
0.0065599462
0.0063796089
0.0062051332
0.0060366332
0.0058741745
0.0057177871
0.0055674768
0.0054232369
0.0052850588
0.0051529421
0.0050269033
0.0049069838
0.0047932562
0.0046858297
0.0045848521
0.004490511
0.0044030301
0.0043226619
0.0042496743
0.0041843312
0.0041268653
0.0040774435
0.0040361258
0.0040028194
0.0039772333
0.0039588356
0.0039468204
0.0039400858
0.00393723
0.003936571
0.0039361977
0.0039340615
0.003928112
0.0039165214
0.0038977895
0.003870585
0.0038345004
0.0037897581
0.0037368135
0.0036764119
0.0036095507
0.003537296
0.0034606617
0.0033805509
0.003297717
0.0032127616
0.0031261528
0.0030382251
0.0029491913
0.0028591653
0.0027681761
0.0026761752
0.0025830404
0.0024886546
0.0023929683
0.0022959596
0.0021975821
0.0020977484
0.0019964156
0.0018935776
0.0017892403
0.0016834323
0.0015762448
0.0014678114
0.0013582766
0.0012479253
0.0011370574
0.0010261864
0.00091564919
0.00080681337
0.00069871171
0.00059614621
0.00048440348
0.00034946802
7.5267747e-05
0.011024674
0.010911895
0.010793143
0.010667234
0.010533354
0.010391422
0.010241615
0.010084097
0.0099190781
0.0097469153
0.0095681264
0.0093833546
0.0091933398
0.0089989013
0.0088009209
0.0086003204
0.0083980366
0.0081949982
0.0079921049
0.0077902096
0.0075901034
0.0073925046
0.0071980515
0.007007299
0.0068207184
0.0066387004
0.0064615608
0.0062895477
0.0061228506
0.0059616098
0.005805927
0.0056558755
0.0055115104
0.0053728779
0.0052400254
0.0051130089
0.0049919008
0.0048767965
0.0047678185
0.0046651197
0.0045688837
0.0044793218
0.0043966667
0.0043211604
0.0042530368
0.0041924976
0.0041396815
0.0040946279
0.0040572363
0.0040272253
0.0040040941
0.0039870917
0.0039751971
0.0039671154
0.0039612958
0.0039559779
0.0039492739
0.0039392896
0.0039242972
0.0039028516
0.0038737528
0.0038364714
0.0037910871
0.00373797
0.003677743
0.0036112665
0.003539499
0.0034633739
0.0033837367
0.0033013078
0.0032166723
0.0031302906
0.0030424997
0.0029535211
0.0028634796
0.0027724168
0.0026803003
0.0025870312
0.0024925071
0.0023966774
0.002299518
0.0022009854
0.0021010028
0.0019995259
0.0018965466
0.0017920714
0.0016861284
0.0015788008
0.0014702151
0.001360514
0.0012499594
0.0011388388
0.0010276197
0.00091662445
0.0008069972
0.00069790483
0.00059261471
0.00047807974
0.00033701003
8.4901841e-05
0.01079331
0.010690503
0.010582474
0.010468218
0.010346952
0.010218506
0.010082951
0.0099403568
0.009790828
0.0096345947
0.0094720264
0.0093036055
0.0091299044
0.0089515729
0.0087693262
0.0085839276
0.0083961695
0.0082068544
0.008016777
0.0078267092
0.0076373858
0.0074494935
0.0072636622
0.0070804594
0.0069003875
0.0067238836
0.0065513216
0.0063830165
0.0062192296
0.0060601761
0.0059060319
0.0057569425
0.0056130305
0.0054744046
0.0053411671
0.0052134213
0.0050912784
0.0049748628
0.004864317
0.0047598039
0.0046615074
0.0045696301
0.0044843873
0.004405997
0.0043346645
0.0042705617
0.0042138007
0.004164402
0.0041222598
0.0040871062
0.0040584769
0.0040356843
0.004017799
0.0040036466
0.0039918233
0.0039807369
0.0039686776
0.0039539218
0.0039348672
0.0039101446
0.003878654
0.0038397933
0.0037934946
0.0037400139
0.0036798446
0.003613699
0.0035424094
0.0034668131
0.0033876853
0.003305702
0.0032214244
0.0031353009
0.0030476678
0.0029587542
0.0028686962
0.0027775497
0.0026852999
0.0025918728
0.0024971827
0.0024011805
0.0023038398
0.0022051207
0.0021049567
0.002003304
0.0019001519
0.0017955069
0.001689396
0.001581894
0.0014731182
0.0013632072
0.0012523969
0.0011409572
0.0010293011
0.0009177252
0.00080712323
0.00069675801
0.00058833597
0.00047041893
0.00032366081
9.3554546e-05
0.010533301
0.010441092
0.010344453
0.010242437
0.010134321
0.0100199
0.0098991672
0.0097721099
0.0096387445
0.0094991934
0.0093536983
0.0092025983
0.0090463126
0.0088853315
0.0087202077
0.0085515448
0.0083799829
0.0082061839
0.0080308184
0.0078545533
0.0076780399
0.0075019039
0.0073267373
0.0071530916
0.0069814738
0.0068123436
0.0066461132
0.0064831482
0.0063237702
0.0061682606
0.0060168655
0.005869801
0.0057272591
0.0055894141
0.0054564285
0.0053284589
0.0052056618
0.005088198
0.0049762365
0.0048699567
0.004769549
0.0046752123
0.00458715
0.0045055604
0.0044306245
0.0043624886
0.0043012419
0.0042468905
0.004199328
0.0041583051
0.0041234011
0.0040939997
0.0040692738
0.0040481819
0.0040294815
0.0040117634
0.0039935108
0.003973185
0.0039493309
0.0039206774
0.0038862057
0.0038452759
0.0037976841
0.0037435532
0.0036832399
0.0036173013
0.0035464257
0.0034713363
0.0033927237
0.0033112063
0.0032273111
0.0031414678
0.0030540075
0.0029651643
0.0028750853
0.0027838411
0.0026914364
0.0025978223
0.0025029324
0.0024067212
0.0023091615
0.002210217
0.0021098315
0.0020079627
0.0019045977
0.0017997418
0.0016934206
0.0015856993
0.001476684
0.0013665057
0.0012553719
0.0011435268
0.0010313207
0.00091900804
0.00080720972
0.00069523093
0.00058327633
0.00046152409
0.00030991206
0.0001006244
0.01025357
0.010171556
0.010085826
0.0099956826
0.009900414
0.009799736
0.0096935743
0.0095818628
0.0094645537
0.0093416807
0.0092133765
0.0090798571
0.008941407
0.0087983725
0.0086511561
0.0085002078
0.0083460161
0.0081890968
0.0080299842
0.0078692219
0.007707354
0.0075449177
0.007382436
0.0072204122
0.0070593251
0.0068996254
0.0067417341
0.0065860411
0.0064329051
0.0062826553
0.0061355929
0.005991994
0.0058521127
0.0057161852
0.0055844333
0.0054570685
0.0053342959
0.0052163173
0.005103334
0.0049955483
0.0048931636
0.0047963829
0.0047054042
0.0046204137
0.0045415755
0.0044690173
0.004402813
0.0043429614
0.0042893625
0.0042417932
0.0041998836
0.0041630976
0.0041307193
0.0041018503
0.0040754203
0.0040502142
0.00402492
0.0039981952
0.00396875
0.0039354317
0.0038972972
0.0038536933
0.0038043068
0.0037491233
0.0036883557
0.0036224021
0.0035517943
0.0034771247
0.0033989829
0.0033179154
0.003234402
0.0031488446
0.003061562
0.0029727888
0.0028826809
0.0027913235
0.0026987411
0.0026049097
0.002509783
0.0024133229
0.0023155024
0.0022162892
0.0021156368
0.0020135061
0.0019098817
0.0018047672
0.0016981849
0.0015901903
0.0014808756
0.0013703594
0.0012588177
0.0011464606
0.0010335654
0.00092032471
0.00080707105
0.00069309493
0.00057724684
0.00045154323
0.00029586024
0.00010542444
0.0099443015
0.0098728954
0.0097984725
0.009720371
0.0096379857
0.0095510489
0.0094594436
0.0093630533
0.0092617794
0.0091555925
0.0090445444
0.0089287551
0.0088084007
0.0086837089
0.0085549544
0.0084224537
0.0082865575
0.0081476442
0.0080061138
0.0078623815
0.007716873
0.0075700187
0.0074222494
0.007273992
0.0071256659
0.0069776801
0.0068304302
0.0066842974
0.0065396465
0.0063968255
0.0062561655
0.0061179809
0.0059825706
0.0058502189
0.0057211972
0.0055957656
0.0054741748
0.0053566676
0.00524348
0.0051348415
0.005030975
0.0049320946
0.004838402
0.0047500809
0.0046672887
0.0045901455
0.0045187205
0.0044530158
0.004392948
0.0043383297
0.0042888505
0.0042440623
0.0042033682
0.0041660201
0.0041311262
0.004097672
0.0040645561
0.0040306405
0.0039948138
0.0039560577
0.0039135119
0.0038665312
0.0038147264
0.0037579582
0.0036962967
0.0036299818
0.0035593846
0.003484954
0.0034071633
0.0033264712
0.0032432958
0.003157999
0.0030708781
0.0029821609
0.0028920077
0.0028005162
0.0027077292
0.002613646
0.002518241
0.0024214857
0.0023233559
0.0022238234
0.0021228502
0.0020204017
0.0019164604
0.0018110267
0.0017041186
0.0015957804
0.0014860878
0.0013751414
0.001263082
0.0011500755
0.0010363159
0.00092191182
0.00080690495
0.00069051979
0.0005705291
0.00044093293
0.00028202679
0.00010788857
0.0096228707
0.0095611279
0.009497002
0.0094300072
0.0093595697
0.0092853854
0.009207304
0.0091251876
0.0090389094
0.0089483962
0.008853641
0.0087546939
0.008651651
0.0085446497
0.0084338652
0.0083195057
0.0082018077
0.0080810307
0.0079574537
0.0078313716
0.0077030922
0.0075729335
0.0074412213
0.0073082875
0.0071744675
0.0070400991
0.0069055205
0.0067710691
0.0066370797
0.0065038839
0.006371808
0.0062411728
0.0061122925
0.0059854742
0.0058610171
0.0057392124
0.0056203432
0.0055046838
0.0053924995
0.0052840454
0.0051795653
0.0050792889
0.0049834289
0.0048921756
0.0048056906
0.0047240986
0.0046474768
0.0045758431
0.0045091427
0.0044472342
0.0043898759
0.0043367146
0.0042872771
0.0042409682
0.004197076
0.0041547863
0.0041132082
0.0040714103
0.0040284662
0.0039835053
0.0039357626
0.0038846245
0.0038296608
0.0037706347
0.0037074872
0.0036403106
0.0035693195
0.0034948146
0.0034171419
0.0033366578
0.0032537036
0.0031685875
0.003081573
0.0029928717
0.0029026408
0.0028109853
0.002717963
0.002623593
0.0025278687
0.0024307731
0.0023322867
0.0022323858
0.0021310397
0.0020282181
0.0019239022
0.0018180879
0.0017107866
0.0016020298
0.0014918737
0.0013803949
0.0012676939
0.0011538821
0.001039061
0.00092323365
0.00080616766
0.00068699673
0.00056278669
0.00042949623
0.00026843903
0.00010759658
0.0092806971
0.0092282982
0.0091740892
0.0091176431
0.009058473
0.008996291
0.0089309232
0.0088622084
0.0087900016
0.0087142049
0.0086347762
0.0085517199
0.0084650785
0.0083749274
0.0082813716
0.0081845412
0.0080845866
0.0079816755
0.0078759895
0.0077677223
0.0076570785
0.0075442723
0.0074295271
0.0073130753
0.0071951583
0.0070760262
0.0069559376
0.0068351594
0.0067139662
0.0065926393
0.0064714661
0.0063507382
0.0062307507
0.0061118002
0.0059941834
0.0058781952
0.0057641274
0.0056522663
0.0055428914
0.0054362725
0.005332668
0.0052323212
0.0051354574
0.0050422787
0.0049529594
0.0048676386
0.0047864134
0.0047093297
0.0046363727
0.0045674572
0.0045024179
0.0044410012
0.0043828591
0.0043275476
0.0042745297
0.0042231847
0.0041728255
0.0041227225
0.0040721355
0.0040203488
0.0039667085
0.0039106566
0.0038517583
0.0037897166
0.0037243722
0.0036556917
0.0035837496
0.0035087049
0.0034307735
0.0033502009
0.0032672393
0.00318213
0.0030950895
0.0030063012
0.0029159093
0.0028240181
0.002730694
0.0026359705
0.0025398566
0.0024423466
0.0023434272
0.0022430794
0.0021412784
0.0020379975
0.0019332167
0.0018269263
0.0017191288
0.0016098409
0.0014990958
0.0013869399
0.001273428
0.0011586081
0.0010424821
0.00092493511
0.00080550012
0.00068323732
0.00055490842
0.00041827566
0.00025621269
0.0001055276
0.0089318618
0.0088878993
0.0088425996
0.0087956231
0.0087465377
0.0086950586
0.008640999
0.0085841904
0.0085244828
0.0084617677
0.0083959847
0.0083271135
0.0082551663
0.0081801827
0.0081022247
0.0080213727
0.0079377211
0.0078513746
0.0077624456
0.007671053
0.0075773213
0.0074813807
0.0073833677
0.0072834259
0.0071817072
0.0070783732
0.0069735964
0.006867561
0.0067604637
0.0066525138
0.006543933
0.006434955
0.0063258241
0.0062167941
0.0061081266
0.0060000885
0.0058929503
0.005786983
0.0056824559
0.0055796336
0.0054787724
0.0053801174
0.0052838985
0.0051903264
0.0050995874
0.0050118385
0.0049272015
0.0048457568
0.0047675359
0.0046925151
0.0046206085
0.004551662
0.0044854492
0.0044216692
0.0043599486
0.0042998466
0.0042408654
0.0041824657
0.0041240866
0.0040651693
0.0040051824
0.0039436471
0.0038801579
0.0038143987
0.0037461495
0.0036752854
0.0036017684
0.0035256359
0.0034469833
0.0033659459
0.0032826812
0.0031973535
0.003110121
0.0030211258
0.0029304872
0.0028382979
0.0027446231
0.0026495024
0.0025529541
0.0024549811
0.0023555757
0.0022547229
0.0021524015
0.0020485874
0.0019432584
0.0018363983
0.0017279983
0.001618058
0.0015065848
0.0013935895
0.0012790766
0.001163025
0.0010453377
0.00092578478
0.00080372969
0.00067821874
0.00054607916
0.00040661166
0.00024457232
0.00010134468
0.008576604
0.0085400343
0.0085025503
0.0084638723
0.0084236193
0.0083815177
0.0083373728
0.0082910105
0.0082422781
0.008191062
0.0081372912
0.0080809315
0.0080219776
0.0079604484
0.0078963812
0.0078298273
0.007760847
0.0076895058
0.0076158718
0.007540014
0.0074620017
0.0073819048
0.0072997946
0.0072157452
0.0071298354
0.0070421509
0.006952786
0.006861846
0.0067694485
0.0066757245
0.00658082
0.0064848952
0.0063881251
0.0062906986
0.0061928172
0.0060946933
0.0059965487
0.0058986117
0.0058011146
0.0057042912
0.0056083731
0.005513587
0.0054201507
0.0053282695
0.0052381319
0.0051499053
0.0050637314
0.0049797213
0.0048979503
0.0048184529
0.0047412174
0.0046661817
0.00459323
0.0045221904
0.0044528353
0.0043848836
0.0043180071
0.0042518382
0.0041859829
0.0041200345
0.0040535906
0.0039862694
0.0039177259
0.0038476648
0.0037758496
0.0037021072
0.0036263275
0.0035484589
0.0034685006
0.0033864924
0.003302503
0.0032166189
0.0031289336
0.003039539
0.002948518
0.0028559392
0.0027618548
0.0026662992
0.0025692906
0.0024708332
0.0023709207
0.0022695383
0.0021666649
0.0020622749
0.0019563417
0.0018488402
0.0017397476
0.0016290433
0.0015167061
0.0014027077
0.0012870002
0.0011694935
0.001050003
0.00092820769
0.00080338605
0.00067465858
0.00053918113
0.00039749545
0.00023617477
9.808585e-05
0.0082149936
0.0081846175
0.0081536889
0.0081219898
0.0080891867
0.0080550182
0.0080192822
0.0079817983
0.0079424116
0.007901004
0.0078574964
0.0078118434
0.0077640271
0.0077140525
0.0076619415
0.007607728
0.0075514522
0.0074931571
0.007432885
0.0073706755
0.0073065645
0.0072405839
0.0071727628
0.0071031287
0.0070317091
0.0069585344
0.00688364
0.0068070683
0.0067288719
0.0066491145
0.0065678734
0.0064852397
0.0064013196
0.006316234
0.0062301181
0.0061431205
0.006055401
0.0059671289
0.0058784808
0.0057896383
0.0057007866
0.0056121111
0.005523795
0.0054360161
0.0053489443
0.0052627383
0.0051775425
0.0050934827
0.0050106616
0.0049291544
0.0048490043
0.0047702196
0.0046927705
0.004616587
0.0045415583
0.004467533
0.0043943223
0.0043217037
0.0042494282
0.0041772281
0.0041048271
0.0040319506
0.0039583363
0.0038837436
0.0038079625
0.0037308185
0.0036521762
0.0035719396
0.0034900502
0.0034064822
0.0033212368
0.0032343356
0.0031458133
0.0030557112
0.0029640709
0.0028709294
0.0027763159
0.002680249
0.0025827365
0.0024837754
0.002383353
0.002281449
0.0021780361
0.0020730822
0.0019665517
0.001858407
0.0017486083
0.0016371119
0.0015238656
0.0014088016
0.0012918226
0.0011727763
0.0010514125
0.00092736021
0.00079990098
0.00066831163
0.0005302083
0.00038702888
0.00022699801
9.3043788e-05
0.0078688309
0.0078434141
0.0078176646
0.0077914333
0.0077644261
0.0077364044
0.0077071804
0.0076765855
0.0076444734
0.0076107309
0.0075752796
0.0075380726
0.007499089
0.0074583289
0.0074158081
0.0073715524
0.0073255928
0.0072779609
0.0072286855
0.0071777904
0.0071252926
0.007071202
0.0070155221
0.0069582504
0.0068993808
0.0068389054
0.0067768171
0.006713112
0.0066477917
0.0065808657
0.0065123532
0.0064422846
0.0063707031
0.0062976668
0.0062232504
0.0061475466
0.0060706609
0.005992703
0.0059137875
0.0058340411
0.0057536035
0.0056726233
0.0055912503
0.0055096297
0.0054279005
0.0053461969
0.0052646479
0.005183374
0.0051024816
0.0050220569
0.0049421622
0.0048628346
0.0047840842
0.0047058936
0.0046282174
0.0045509829
0.0044740918
0.0043974224
0.004320833
0.0042441665
0.0041672552
0.0040899266
0.0040120092
0.0039333391
0.0038537647
0.003773152
0.0036913877
0.0036083809
0.0035240631
0.0034383862
0.0033513201
0.0032628488
0.0031729672
0.0030816773
0.0029889843
0.0028948936
0.0027994077
0.0027025235
0.0026042311
0.0025045126
0.0024033425
0.0023006881
0.0021965107
0.0020907663
0.0019834064
0.0018743783
0.0017636243
0.0016510763
0.0015366524
0.0014202506
0.0013017336
0.001180912
0.0010575043
0.00093113573
0.00080115372
0.00066703657
0.0005268432
0.00038266075
0.00022365661
9.18241e-05
0.0075095408
0.0074885851
0.0074674959
0.0074461161
0.0074241613
0.0074013927
0.0073776131
0.0073526478
0.0073263501
0.0072986083
0.0072693463
0.0072385203
0.0072061148
0.0071721372
0.0071366123
0.0070995759
0.0070610697
0.0070211351
0.0069798101
0.0069371255
0.0068931039
0.0068477589
0.0068010946
0.006753107
0.0067037851
0.006653113
0.0066010728
0.0065476472
0.0064928219
0.0064365864
0.0063789348
0.0063198653
0.0062593804
0.0061974884
0.0061341973
0.0060695176
0.0060034598
0.0059360037
0.0058671209
0.0057968167
0.0057251307
0.0056521657
0.0055780838
0.0055031037
0.0054274572
0.0053513372
0.0052749145
0.0051983292
0.0051216854
0.0050450544
0.0049684784
0.0048919723
0.0048155249
0.0047391008
0.0046626447
0.0045860856
0.0045093412
0.0044323213
0.0043549302
0.0042770694
0.0041986394
0.0041195422
0.0040396823
0.0039589698
0.003877323
0.0037946715
0.0037109575
0.0036261355
0.0035401706
0.0034530353
0.0033647074
0.003275168
0.0031843991
0.0030923815
0.0029990945
0.0029045158
0.0028086211
0.0027113824
0.0026127667
0.0025127354
0.0024112441
0.0023082433
0.0022036787
0.0020974919
0.0019896199
0.0018799951
0.0017685423
0.0016551756
0.0015397944
0.001422276
0.0013024633
0.0011801573
0.0010550805
0.00092689129
0.00079503463
0.00065917296
0.00051773281
0.00037318454
0.00021580965
8.7095689e-05
0.0072136363
0.00719367
0.0071739261
0.0071544036
0.0071348307
0.0071149885
0.0070946836
0.0070737198
0.0070519127
0.0070291022
0.0070051519
0.0069799498
0.0069534151
0.0069254945
0.0068961516
0.0068653619
0.0068331124
0.0067994023
0.0067642413
0.0067276473
0.0066896425
0.0066502504
0.0066094974
0.0065674241
0.0065240872
0.006479547
0.0064338573
0.0063870786
0.0063392433
0.0062903632
0.006240419
0.0061893458
0.0061372175
0.0060842507
0.0060310145
0.0059784869
0.0059261559
0.0058716851
0.0058135946
0.0057515603
0.0056860749
0.0056182102
0.0055491071
0.0054799125
0.0054104838
0.0053403382
0.0052697392
0.0051989235
0.0051279519
0.0050567912
0.0049853897
0.0049136894
0.0048416144
0.0047690673
0.0046959377
0.0046221131
0.0045474868
0.0044719609
0.0043954483
0.0043178754
0.0042391837
0.0041593316
0.0040782938
0.0039960627
0.0039126515
0.0038280936
0.003742437
0.0036557355
0.0035680334
0.0034793531
0.0033896994
0.0032990661
0.0032074349
0.0031147735
0.0030210357
0.0029261636
0.0028300937
0.0027327569
0.0026340781
0.0025339796
0.0024323827
0.0023292092
0.002224382
0.002117825
0.0020094617
0.0018992128
0.0017869933
0.001672711
0.0015562601
0.0014375135
0.0013163146
0.0011924706
0.00106573
0.00093580911
0.00080225426
0.00066488103
0.00052229797
0.00037710937
0.0002193011
8.9436591e-05
0.0069942206
0.0069739194
0.006950876
0.0069247202
0.0068956471
0.0068644397
0.0068319644
0.0067988995
0.0067657005
0.0067325966
0.0066997017
0.006667037
0.0066344817
0.0066017804
0.0065686708
0.0065349013
0.0065000834
0.0064636972
0.0064252701
0.0063846144
0.0063413236
0.0062946218
0.006244844
0.0061934597
0.0061413842
0.006088771
0.0060358419
0.005983264
0.005931227
0.0058797174
0.0058290748
0.005779434
0.0057310533
0.0056842406
0.0056388023
0.0055942075
0.0055500631
0.0055060389
0.0054617558
0.0054169485
0.005371632
0.0053258181
0.005279438
0.0052323585
0.0051843368
0.0051352262
0.0050849972
0.0050336276
0.0049810669
0.0049272512
0.0048721034
0.0048155275
0.0047574025
0.0046975875
0.0046359298
0.0045722821
0.0045065053
0.0044384768
0.0043681304
0.0042953855
0.0042200569
0.0041420501
0.0040614877
0.0039786547
0.0038939148
0.0038075917
0.0037199865
0.0036313724
0.0035419359
0.003451785
0.0033609985
0.0032696123
0.0031776082
0.0030849365
0.0029915318
0.0028973089
0.0028021569
0.0027059424
0.0026085201
0.0025097446
0.002409478
0.0023075946
0.002203982
0.0020985391
0.0019911726
0.0018817924
0.001770307
0.0016566192
0.001540621
0.0014221888
0.0013011774
0.0011774172
0.0010506968
0.00092079541
0.00078735731
0.0006503241
0.00050854954
0.00036482607
0.00021019517
8.4540235e-05
0.0069628206
0.0069519978
0.0069390255
0.0069230754
0.0069037471
0.0068808115
0.0068541427
0.0068237465
0.0067897893
0.0067524991
0.0067120932
0.0066688075
0.0066228587
0.0065745205
0.0065240915
0.0064716622
0.0064174948
0.0063622588
0.0063063778
0.0062498158
0.0061924951
0.0061341186
0.006074279
0.0060132391
0.0059522127
0.0058923794
0.0058338411
0.005776326
0.0057199813
0.005665059
0.0056116449
0.0055597095
0.0055090996
0.0054596358
0.0054111515
0.0053635028
0.0053166689
0.0052711256
0.0052271857
0.0051840918
0.0051410715
0.005097965
0.0050547221
0.0050113178
0.0049680324
0.0049252362
0.0048828255
0.0048406115
0.0047986752
0.0047570429
0.004715577
0.0046740309
0.0046320611
0.0045891693
0.0045449124
0.004498929
0.0044506504
0.0044001931
0.0043478025
0.0042906555
0.0042252584
0.0041517003
0.0040720406
0.0039887395
0.0039031304
0.0038156183
0.0037275496
0.0036398006
0.0035518995
0.003463252
0.0033738077
0.0032836912
0.0031928888
0.0031013273
0.0030089486
0.0029156923
0.0028214553
0.0027260889
0.0026294202
0.0025312725
0.0024314818
0.002329905
0.0022264224
0.0021209346
0.0020133567
0.0019036112
0.0017916215
0.0016773067
0.0015605777
0.0014413327
0.0013194522
0.0011947968
0.0010671885
0.00093643876
0.0008022081
0.00066441647
0.0005217529
0.00037672067
0.00021920909
8.9185856e-05
0.0064148491
0.0063805803
0.0063469941
0.0063136215
0.0062799065
0.0062455551
0.0062104267
0.006174449
0.0061375867
0.0060998193
0.0060611796
0.0060217369
0.0059815281
0.0059405822
0.0058989528
0.005856713
0.0058139198
0.0057706411
0.005726997
0.0056831302
0.0056392123
0.0055953391
0.0055515384
0.0055079015
0.0054645172
0.0054214727
0.0053788742
0.0053367923
0.0052952598
0.0052542975
0.0052139165
0.0051741122
0.0051348618
0.0050961224
0.0050578349
0.0050199299
0.0049823267
0.0049449329
0.0049076378
0.0048703273
0.0048329063
0.0047952967
0.0047574431
0.004719317
0.0046809041
0.0046421664
0.0046030371
0.0045634481
0.0045233355
0.0044826069
0.004441101
0.0043985921
0.0043548122
0.0043094482
0.0042621477
0.0042125238
0.0041601685
0.0041046965
0.0040457353
0.0039830008
0.003916536
0.0038465989
0.0037735323
0.003697882
0.0036204385
0.0035422309
0.003464337
0.0033875302
0.0033118373
0.0032368599
0.0031618997
0.0030859151
0.0030083274
0.0029291535
0.0028484993
0.0027663197
0.0026824835
0.0025968483
0.0025092784
0.0024196402
0.0023278061
0.0022336641
0.0021371235
0.0020381141
0.0019365804
0.0018324758
0.0017257574
0.0016163829
0.0015043084
0.0013894876
0.0012718721
0.0011514126
0.0010280611
0.00090177716
0.00077252889
0.00064033428
0.00050516061
0.00036757511
0.00022573338
9.6813188e-05
)
;

boundaryField
{
    inlet
    {
        type            zeroGradient;
    }
    top
    {
        type            zeroGradient;
    }
    outlet
    {
        type            fixedValue;
        value           uniform 0;
    }
    slipsurface
    {
        type            slip;
    }
    bottom
    {
        type            zeroGradient;
    }
    frontandback
    {
        type            empty;
    }
}


// ************************************************************************* //
