/*--------------------------------*- C++ -*----------------------------------*\
| =========                 |                                                 |
| \\      /  F ield         | OpenFOAM: The Open Source CFD Toolbox           |
|  \\    /   O peration     | Version:  2206                                  |
|   \\  /    A nd           | Website:  www.openfoam.com                      |
|    \\/     M anipulation  |                                                 |
\*---------------------------------------------------------------------------*/
FoamFile
{
    version     2.0;
    format      ascii;
    arch        "LSB;label=32;scalar=64";
    class       volScalarField;
    location    "100";
    object      omega;
}
// * * * * * * * * * * * * * * * * * * * * * * * * * * * * * * * * * * * * * //

dimensions      [0 0 -1 0 0 0 0];

internalField   nonuniform List<scalar> 
7480
(
7569.0997
7590.8072
7571.1046
7538.1503
7512.562
7498.0749
7491.1183
7487.7282
7485.8491
7484.6253
7483.6799
7482.869
7482.1624
7481.551
7481.0209
7480.559
7480.1556
7479.8012
7479.486
7479.2035
7478.9498
7478.7208
7478.5126
7478.3228
7478.1494
7477.9904
7477.8438
7477.7087
7477.5839
7477.4684
7477.3614
7477.2622
7477.1702
7477.0849
7477.0058
7476.9326
7476.8649
7476.8024
7476.7449
7476.6924
7476.6447
7476.6018
7476.5636
7476.5302
7476.5016
7476.4784
7476.4602
7476.4479
7476.4414
7476.4405
7476.445
7476.4546
7476.469
7476.487
7476.5079
7476.531
7476.5549
7476.5775
7476.5969
7476.6116
7476.6214
7476.6265
7476.6272
7476.6242
7476.6184
7476.6104
7476.6009
7476.5903
7476.5792
7476.5676
7476.5559
7476.5442
7476.5325
7476.5209
7476.5094
7476.4981
7476.487
7476.4756
7476.4639
7476.4521
7476.4403
7476.4283
7476.4163
7476.4042
7476.392
7476.3797
7476.3673
7476.3547
7476.3421
7476.3294
7476.3166
7476.3038
7476.2909
7476.2779
7476.265
7476.2513
7476.2392
7476.222
7476.2119
7476.1855
1003.2489
1574.4091
1842.5023
1920.7803
1937.0224
1923.8562
1863.155
1797.8093
1744.1871
1703.9977
1673.3555
1647.6978
1624.4771
1603.064
1583.2698
1564.8862
1547.8388
1532.2167
1517.8591
1504.551
1492.1991
1480.78
1470.186
1460.3041
1451.0886
1442.5127
1434.5051
1426.9972
1419.9579
1413.3634
1407.1716
1401.3471
1395.8735
1390.7344
1385.9056
1381.3687
1377.1147
1373.1319
1369.4067
1365.9312
1362.7036
1359.7213
1356.9814
1354.4873
1352.2308
1350.2252
1348.4698
1346.963
1345.7204
1344.7353
1344.0288
1343.6337
1343.4449
1343.4297
1343.5506
1343.7694
1344.0432
1344.3117
1344.5174
1344.6124
1344.5698
1344.3875
1344.1122
1343.7337
1343.252
1342.6901
1342.0694
1341.4107
1340.7298
1340.0384
1339.3453
1338.6571
1337.9776
1337.3098
1336.6563
1336.0166
1335.3934
1334.7784
1334.1664
1333.5588
1332.9554
1332.3563
1331.7611
1331.1671
1330.5741
1329.9806
1329.3867
1328.7922
1328.1969
1327.6013
1327.0049
1326.4084
1325.8119
1325.2137
1324.6183
1324.0079
1323.4182
1322.8068
1322.0682
1321.3871
190.66713
396.6297
585.95338
709.1948
769.2403
785.36862
782.07231
789.18951
803.66343
812.83087
819.31755
823.53799
825.03914
824.14313
821.41576
817.3963
811.93361
805.27916
797.69101
789.38768
780.58153
771.47692
762.21753
752.90731
743.65104
734.54323
725.59986
716.82121
708.2234
699.82995
691.65526
683.70927
676.00552
668.55646
661.36935
654.45212
647.81449
641.45658
635.37563
629.57227
624.05256
618.82418
613.89466
609.27499
604.97207
600.98984
597.32942
593.96723
590.89527
588.10396
585.63044
583.479
581.54413
579.79163
578.19651
576.70554
575.25691
573.80918
572.35412
570.88886
569.40963
567.9027
566.45222
565.00706
563.55042
562.08492
560.61648
559.15405
557.70606
556.27935
554.87942
553.5104
552.17533
550.8763
549.61514
548.39089
547.20407
546.07527
544.99077
543.93718
542.90733
541.89785
540.90689
539.93081
538.9676
538.01483
537.07106
536.13521
535.20607
534.28315
533.36546
532.4527
531.54459
530.6389
529.73934
528.82823
527.93807
527.03405
526.04521
524.83975
72.002634
121.36372
193.99323
267.71967
324.6185
359.72796
377.79679
386.77083
392.4424
397.55997
404.51109
415.22061
426.20414
437.92965
452.27828
470.55003
485.14027
496.53147
505.30108
511.85932
516.53046
519.6062
521.34571
522.01851
521.9404
521.35755
519.99894
517.81284
514.88734
511.34663
507.30988
502.88089
498.1505
493.19913
488.10137
482.93159
477.73734
472.50164
467.22414
461.92197
456.62136
451.34997
446.13313
440.9953
435.96511
431.03665
426.18696
421.38379
416.61699
411.89428
407.23791
402.74696
398.32264
393.97656
389.74424
385.58072
381.45074
377.39846
373.5112
369.85629
366.45357
363.32129
360.49283
357.89292
355.47224
353.19534
351.03505
348.97255
346.99504
345.09381
343.26277
341.49799
339.79735
338.15857
336.58011
335.05931
333.59509
332.2106
330.90046
329.64941
328.44674
327.28662
326.16617
325.08152
324.02974
323.00751
322.01203
321.04093
320.09173
319.16275
318.25187
317.35748
316.47812
315.61152
314.75881
313.90971
313.07413
312.28034
311.38462
310.33763
55.641527
64.531943
83.910055
111.34814
140.41946
165.52608
184.58013
198.12877
207.73978
214.78676
220.41965
225.66296
230.95996
236.83238
244.10007
253.54893
263.34701
273.15141
282.74783
292.00576
300.83188
309.3066
317.72351
326.71615
337.34953
349.83728
359.69419
366.92368
372.20383
375.98476
378.57266
380.18863
381.01104
381.20755
380.96908
380.50704
379.79928
378.45362
376.46639
373.92246
370.91706
367.53275
363.83743
359.89254
355.77163
351.47454
346.93744
342.13832
337.10383
331.87911
326.51297
321.0658
315.61085
310.15796
304.74336
299.32126
293.91726
288.65417
283.65184
278.98875
274.72882
270.88624
267.4205
264.27486
261.39579
258.73677
256.25819
253.92894
251.72536
249.62975
247.62887
245.71494
243.88072
242.12038
240.42988
238.80535
237.24548
235.75272
234.32977
232.97307
231.6768
230.43631
229.24881
228.11093
227.01974
225.97185
224.964
223.9932
223.0563
222.15126
221.27503
220.42507
219.59912
218.7948
218.01155
217.24391
216.48927
215.80065
215.0316
214.16146
53.509401
54.436956
58.087827
65.264951
75.157689
86.041031
96.433304
105.64067
113.54095
120.26086
125.96686
130.87347
135.1854
139.11464
142.94395
147.01237
151.42108
156.27228
161.71189
167.82044
174.15914
180.72655
187.52836
194.61673
202.10382
210.07295
218.05486
225.69193
232.81007
239.34834
245.32033
250.80561
255.97518
261.15918
266.96781
274.12122
281.53374
286.10277
288.74838
290.0775
290.4441
290.0653
289.09383
287.67597
285.99168
284.19008
281.82498
278.802
275.2223
271.19402
266.8173
262.19032
257.41346
252.51814
247.55667
242.60158
237.70747
232.95769
228.43316
224.18432
220.2324
216.58475
213.22425
210.12257
207.24989
204.5759
202.07151
199.71257
197.4789
195.35404
193.32503
191.38387
189.5232
187.73708
186.02121
184.37165
182.78727
181.26323
179.80033
178.40018
177.06189
175.78341
174.56302
173.39823
172.28656
171.22501
170.21051
169.24
168.31021
167.41868
166.56224
165.73806
164.9435
164.17611
163.4345
162.71535
162.01242
161.37565
160.69668
159.92661
53.223945
52.808359
52.958716
54.084823
56.272868
59.363358
62.973065
66.789094
70.617731
74.356248
77.934469
81.306307
84.449975
87.363387
90.077429
92.660779
95.183633
97.716559
100.34362
103.15546
106.19512
109.53067
113.24508
117.38928
121.86745
126.72889
131.94398
137.42877
143.08651
148.83328
154.59656
160.31925
165.97017
171.55933
177.14232
182.82514
188.52862
193.80333
198.43721
202.38536
205.68438
208.42172
210.74932
212.94651
215.47769
218.47634
219.85181
219.66915
218.48797
216.62159
214.29047
211.69439
209.00091
205.97246
202.55422
199.05001
195.61294
192.28968
189.04012
185.87304
182.81539
179.88144
177.07226
174.38998
171.83497
169.40007
167.07572
164.85507
162.72882
160.688
158.72553
156.83646
155.017
153.26438
151.57619
149.94948
148.38377
146.87517
145.42203
144.02576
142.68743
141.40703
140.18408
139.01708
137.90416
136.843
135.83104
134.86557
133.94348
133.06209
132.21853
131.41009
130.63416
129.88829
129.17084
128.47929
127.80775
127.1945
126.57216
125.85601
53.161812
52.54215
52.020407
51.712288
51.711599
52.046465
52.632562
53.454725
54.479111
55.668371
56.982824
58.384534
59.838233
61.311004
62.777503
64.225142
65.651822
67.062618
68.471913
69.903772
71.384216
72.944546
74.624819
76.470688
78.518686
80.820418
83.432759
86.359597
89.555567
93.018851
96.739094
100.69665
104.86851
109.2351
113.78744
118.52613
123.43122
128.41012
133.35873
138.18077
142.7955
147.14095
151.17394
154.8786
158.27711
161.33553
163.8785
165.76596
166.99821
167.66848
167.92949
167.98142
167.97544
167.24233
165.73007
163.88167
162.05464
160.27409
158.31857
156.2899
154.25038
152.19973
150.13375
148.07438
146.03846
144.02979
142.05479
140.12568
138.24092
136.40102
134.60771
132.86217
131.16503
129.51919
127.92536
126.38198
124.89026
123.44878
122.05544
120.71083
119.41636
118.17315
116.98173
115.84166
114.75172
113.71056
112.71649
111.76745
110.86078
109.99412
109.16507
108.37131
107.61056
106.88059
106.17985
105.50621
104.85543
104.25409
103.66666
102.98109
53.125457
52.475142
51.838643
51.240277
50.710402
50.271854
49.92885
49.683694
49.538525
49.482566
49.493589
49.59815
49.796138
50.077571
50.428891
50.836997
51.291661
51.78471
52.310871
52.868796
53.46029
54.090036
54.766781
55.503875
56.317515
57.228562
58.263605
59.448534
60.804838
62.358367
64.139204
66.150028
68.388086
70.859715
73.576336
76.546817
79.777536
83.261162
86.975036
90.888411
94.965421
99.165608
103.44499
107.75746
112.06299
116.2621
120.21048
123.79648
126.93135
129.55877
131.6521
133.21371
134.27443
134.88095
135.04073
134.79208
134.37354
133.84425
132.99436
132.01143
130.99072
129.84476
128.54508
127.16298
125.72411
124.22794
122.69682
121.14954
119.59295
118.03649
116.48955
114.95966
113.45201
111.97872
110.5422
109.14053
107.77827
106.45523
105.16929
103.92137
102.71302
101.54565
100.42043
99.337785
98.297036
97.298164
96.340636
95.423298
94.54392
93.70105
92.892946
92.117947
91.374312
90.660251
89.974632
89.315698
88.681041
88.088016
87.523009
86.857171
53.095439
52.438595
51.782513
51.131053
50.491048
49.869843
49.272956
48.705034
48.170861
47.674208
47.216632
46.802214
46.434541
46.115317
45.829979
45.572665
45.356026
45.1855
45.061272
44.981813
44.94502
44.948457
44.991228
45.074816
45.202665
45.380181
45.615288
45.9179
46.299347
46.772992
47.35508
48.061634
48.909188
49.9172
51.109395
52.492334
54.082885
55.899703
57.954365
60.255681
62.812847
65.632621
68.719208
72.074075
75.697136
79.567811
83.603209
87.701125
91.757294
95.664477
99.317368
102.61758
105.48079
107.85145
109.69101
110.92197
111.55198
111.75853
111.74133
111.56102
111.32275
110.95925
110.41809
109.77049
109.0139
108.09234
107.06937
105.96964
104.79868
103.57807
102.32428
101.05282
99.774085
98.519638
97.285158
96.067953
94.871359
93.697312
92.546046
91.419012
90.317997
89.244737
88.201099
87.188449
86.20614
85.255921
84.339759
83.457409
82.607196
81.788355
81.000038
80.241459
79.511614
78.809194
78.133803
77.484179
76.859466
76.270467
75.717701
75.06312
53.069081
52.408857
51.747605
51.085594
50.423949
49.764215
49.108158
48.457813
47.815586
47.184083
46.565776
45.963218
45.378991
44.815503
44.273466
43.753008
43.255523
42.782801
42.336456
41.917652
41.521999
41.139206
40.774082
40.436119
40.131338
39.863238
39.63444
39.447222
39.304069
39.20907
39.168326
39.189286
39.280676
39.452787
39.718003
40.088908
40.580492
41.211108
42.000789
42.960719
44.110999
45.473649
47.072738
48.934437
51.087267
53.561785
56.37673
59.520376
62.963067
66.651852
70.509266
74.433532
78.301921
81.984209
85.357378
88.280208
90.622501
92.354303
93.517737
94.221671
94.585762
94.754657
94.783549
94.708584
94.544589
94.222007
93.782211
93.22484
92.519981
91.715697
90.832094
89.898232
88.923977
87.943234
86.950605
85.946987
84.938118
83.928022
82.919861
81.917453
80.924089
79.942872
78.977197
78.029835
77.102388
76.197246
75.316825
74.462417
73.634309
72.83277
72.057851
71.309527
70.587342
69.890871
69.220244
68.574634
67.954526
67.366287
66.818777
66.169735
53.031081
52.366976
51.702007
51.035937
50.368751
49.700495
49.031432
48.362155
47.693583
47.026858
46.363226
45.703993
45.050538
44.40429
43.766567
43.138545
42.521417
41.916415
41.324794
40.747794
40.186097
39.639316
39.107613
38.592114
38.094442
37.616366
37.158986
36.716508
36.283767
35.869348
35.483663
35.133902
34.825187
34.561526
34.346622
34.185661
34.085694
34.055717
34.106549
34.249677
34.49896
34.871541
35.387043
36.065277
36.934297
38.028622
39.387822
41.050747
43.053384
45.42342
48.173213
51.29135
54.733947
58.420065
62.235056
66.025456
69.60354
72.79603
75.472707
77.596377
79.178715
80.298146
81.052928
81.521162
81.793236
81.934744
81.957379
81.883216
81.67604
81.357788
80.923174
80.39528
79.793933
79.126949
78.401989
77.63272
76.829594
75.998812
75.146905
74.28071
73.405594
72.526594
71.648927
70.776761
69.913464
69.062641
68.227429
67.410244
66.612794
65.836329
65.081771
64.349841
63.640887
62.955127
62.293075
61.654302
61.040178
60.454554
59.911547
59.268375
52.972708
52.29351
51.615803
50.93923
50.263375
49.587732
48.911937
48.235919
47.559895
46.884271
46.209538
45.536228
44.864918
44.196237
43.530851
42.869457
42.21279
41.56162
40.916758
40.279048
39.649316
39.028264
38.416541
37.814844
37.223961
36.644768
36.078152
35.524315
34.982913
34.45454
33.94085
33.444059
32.966319
32.503775
32.049564
31.613529
31.208085
30.841295
30.518766
30.24454
30.023575
29.863549
29.774455
29.768332
29.860577
30.071502
30.4265
30.955585
31.697382
32.69715
34.004898
35.671063
37.739217
40.234684
43.15218
46.441144
49.991512
53.639134
57.186942
60.457828
63.314577
65.688121
67.582872
69.023948
70.071734
70.813883
71.307252
71.623868
71.814196
71.885777
71.858592
71.721587
71.493524
71.184243
70.774426
70.28946
69.742689
69.138955
68.486791
67.796094
67.074568
66.32913
65.567205
64.794726
64.017012
63.239515
62.46652
61.701737
60.948315
60.208606
59.484588
58.777878
58.089674
57.420958
56.772787
56.145265
55.540536
54.96089
54.423653
53.78775
52.921842
52.221785
51.524147
50.828953
50.135993
49.444841
48.755079
48.066484
47.379064
46.693
46.008549
45.325991
44.64562
43.967742
43.292674
42.620746
41.952307
41.287723
40.627377
39.971678
39.321052
38.675933
38.036759
37.403981
36.778074
36.159543
35.548924
34.946718
34.353338
33.769212
33.194901
32.631139
32.078793
31.538207
31.008951
30.491743
29.988589
29.502111
29.033204
28.572169
28.123399
27.702243
27.318539
26.978478
26.686709
26.450381
26.280623
26.192408
26.20576
26.347269
26.651124
27.159822
27.926805
29.01335
30.482675
32.388249
34.754976
37.557139
40.703632
44.047166
47.406349
50.602732
53.500719
56.008247
58.085336
59.751373
61.03576
61.985673
62.674696
63.147392
63.467166
63.656816
63.736367
63.736012
63.645244
63.471148
63.226022
62.893968
62.484405
62.012829
61.486806
60.912545
60.300607
59.658626
58.993659
58.313671
57.624225
56.930629
56.237758
55.549258
54.86844
54.198017
53.540161
52.896772
52.269582
51.659368
51.069006
50.499903
49.971499
49.345652
52.891885
52.177131
51.464013
50.752876
50.043847
49.336814
48.631594
47.928074
47.226287
46.526391
45.828616
45.133222
44.44048
43.75067
43.064073
42.380969
41.701644
41.02638
40.355463
39.689177
39.027807
38.371635
37.720941
37.076
36.437088
35.804477
35.178442
34.559256
33.947184
33.342482
32.745418
32.156293
31.575445
31.0032
30.439791
29.8855
29.340793
28.806357
28.282886
27.7699
27.267494
26.77752
26.302691
25.84369
25.389129
24.948836
24.539222
24.169893
23.847813
23.58159
23.385634
23.28036
23.293949
23.464676
23.842573
24.488835
25.474199
26.866068
28.708533
31.000571
33.681379
36.632154
39.699189
42.718757
45.544486
48.076318
50.254156
52.054672
53.502074
54.625347
55.464264
56.074477
56.496512
56.773323
56.94667
57.02977
57.040243
56.972251
56.825989
56.61287
56.322371
55.95593
55.532073
55.05639
54.536239
53.983468
53.403736
52.804309
52.192332
51.5728
50.95076
50.330247
49.714601
49.106887
48.509642
47.924488
47.355064
46.802371
46.287579
45.676024
52.876978
52.154197
51.432164
50.711314
49.991922
49.274078
48.557782
47.843054
47.129987
46.418761
45.70961
45.002801
44.298619
43.597356
42.899309
42.204778
41.514062
40.827458
40.145263
39.467767
38.795258
38.128019
37.466325
36.810442
36.160632
35.517143
34.880216
34.25008
33.626951
33.011033
32.402514
31.801573
31.208383
30.623105
30.045881
29.476844
28.916135
28.363926
27.820419
27.285719
26.75991
26.243261
25.736305
25.239566
24.752188
24.274618
23.809204
23.359072
22.916675
22.481205
22.074019
21.708093
21.393308
21.142861
20.978498
20.931495
21.04518
21.376402
21.992222
22.961201
24.339014
26.147159
28.357316
30.88707
33.610432
36.38385
39.068518
41.547421
43.746888
45.627572
47.177304
48.419771
49.381228
50.093872
50.613662
50.978264
51.215504
51.358796
51.431594
51.435732
51.368337
51.228539
51.029101
50.753929
50.410919
50.019539
49.579356
49.101129
48.594818
48.065925
47.521833
46.967974
46.409099
45.849788
45.293516
44.74301
44.202758
43.673742
43.17902
42.587512
52.870394
52.143539
51.416868
50.690819
49.96571
49.241715
48.518927
47.79744
47.077384
46.35895
45.64237
44.927909
44.215848
43.506482
42.800111
42.09704
41.397574
40.702021
40.010684
39.323865
38.641863
37.96497
37.293474
36.627656
35.967792
35.314147
34.666977
34.026531
33.393043
32.766739
32.147828
31.536508
30.932961
30.337354
29.749835
29.170535
28.599569
28.037035
27.48302
26.937589
26.400785
25.872646
25.35324
24.842658
24.340855
23.847828
23.363844
22.889479
22.424359
21.96812
21.523042
21.092656
20.669999
20.256949
19.877889
19.548121
19.282073
19.103437
19.047171
19.160547
19.502743
20.138919
21.128722
22.510864
24.285289
26.403863
28.773819
31.271936
33.769199
36.14927
38.318824
40.223341
41.836497
43.15339
44.202516
45.008323
45.603226
46.032341
46.334646
46.525623
46.632377
46.682655
46.668861
46.588149
46.443224
46.247931
45.974546
45.646217
45.274351
44.8613
44.418352
43.951527
43.467246
42.972008
42.470209
41.966112
41.465145
40.968679
40.50214
39.938071
52.868204
52.139295
51.410242
50.681476
49.953332
49.226021
48.499685
47.774457
47.050486
46.327964
45.607116
44.888196
44.171476
43.45724
42.745781
42.037397
41.332388
40.631055
39.933699
39.240618
38.552107
37.86846
37.189963
36.516898
35.849542
35.188164
34.533026
33.884383
33.242481
32.607556
31.979835
31.359533
30.746854
30.141991
29.545121
28.956408
28.375999
27.804027
27.240606
26.685832
26.139782
25.602512
25.074065
24.554471
24.043733
23.541836
23.048785
22.564633
22.089369
21.622934
21.165542
20.717785
20.279354
19.850257
19.433526
19.033703
18.637104
18.267076
17.946005
17.691444
17.529122
17.496584
17.643105
18.026308
18.706806
19.733613
21.128151
22.872137
24.903094
27.12337
29.415323
31.663893
33.770782
35.661413
37.298867
38.667607
39.773226
40.645042
41.304328
41.786307
42.126981
42.363298
42.500699
42.575573
42.595588
42.557675
42.457501
42.303585
42.095678
41.82343
41.50795
41.151611
40.763111
40.351048
39.920186
39.477003
39.027744
38.57472
38.146168
37.618834
52.868377
52.138428
51.40813
50.677912
49.948118
49.218987
48.490694
47.763397
47.037263
46.312482
45.589275
44.867886
44.148576
43.431619
42.717297
42.005898
41.297713
40.593033
39.892151
39.195355
38.502933
37.815168
37.132342
36.454727
35.782593
35.116203
34.455814
33.801675
33.154029
32.51311
31.879142
31.252344
30.632924
30.021078
29.416994
28.820849
28.232808
27.653021
27.081629
26.518756
25.964514
25.418995
24.882278
24.354429
23.835494
23.325505
22.824484
22.332452
21.849417
21.375381
20.910362
20.45444
20.007643
19.569991
19.141861
18.724121
18.315844
17.919202
17.53897
17.16657
16.819854
16.523964
16.298073
16.17054
16.181196
16.38016
16.822812
17.564405
18.641204
20.058575
21.781555
23.735782
25.820278
27.923063
29.942867
31.797824
33.432607
34.825999
35.970254
36.881475
37.58771
38.110012
38.482974
38.744707
38.9152
38.997382
39.040879
39.030221
38.965259
38.84667
38.684558
38.461397
38.191451
37.884722
37.544107
37.179597
36.797254
36.40116
36.022172
35.543368
52.86987
52.139399
51.408439
50.677416
49.94668
49.216494
48.48706
47.75856
47.031174
46.305099
45.580554
44.857776
44.13702
43.418551
42.702645
41.989579
41.279638
40.573103
39.87026
39.171387
38.476766
37.78667
37.101372
36.421136
35.746223
35.076887
34.413377
33.755934
33.10479
32.460172
31.822298
31.191379
30.567614
29.951198
29.342313
28.741134
28.147824
27.562538
26.985419
26.416599
25.856201
25.304332
24.76109
24.22656
23.700815
23.183915
22.675914
22.176854
21.686774
21.205708
20.733687
20.270749
19.816931
19.37227
18.936839
18.510802
18.094183
17.687257
17.290838
16.904512
16.530268
16.17319
15.824855
15.50868
15.24673
15.05957
14.978509
15.046089
15.312039
15.830623
16.649621
17.790761
19.242474
20.952701
22.836572
24.791118
26.712186
28.513697
30.129567
31.523679
32.688028
33.623618
34.354359
34.90527
35.305026
35.577714
35.766572
35.874357
35.922555
35.930033
35.889262
35.799056
35.666137
35.487462
35.256842
34.991737
34.694008
34.371273
34.055474
33.64012
52.87213
52.141413
51.4101
50.678613
49.947309
49.216468
48.486317
47.75706
47.028891
46.302016
45.576654
44.853044
44.131434
43.412086
42.695269
41.981257
41.270327
40.562755
39.85882
39.158797
38.462958
37.771572
37.084904
36.403212
35.726751
35.055766
34.390499
33.731183
33.078043
32.431298
31.791158
31.157824
30.531491
29.912342
29.300553
28.696292
28.099715
27.510971
26.930199
26.357527
25.793075
25.236951
24.689254
24.150072
23.619484
23.097559
22.584358
22.079934
21.584337
21.097612
20.6198
20.150944
19.691088
19.240274
18.798554
18.365991
17.942643
17.528588
17.12398
16.72888
16.343574
15.968946
15.604629
15.253514
14.921129
14.599613
14.317672
14.094114
13.952661
13.92805
14.065024
14.414304
15.027186
15.940151
17.158663
18.651423
20.349154
22.158833
23.978092
25.713881
27.296852
28.678677
29.842213
30.78802
31.532131
32.098484
32.510386
32.799178
32.9943
33.116272
33.170247
33.188461
33.164671
33.097166
32.988397
32.844421
32.64847
32.417751
32.180965
31.847032
52.874854
52.144041
51.412547
50.680786
49.949119
49.217843
48.487205
47.757428
47.028722
46.301302
45.575394
44.851235
44.129074
43.40917
42.691788
41.977199
41.265676
40.557493
39.852923
39.152238
38.455706
37.763591
37.076154
36.393649
35.716325
35.044424
34.378181
33.717824
33.063573
32.415641
31.774232
31.13954
30.511754
29.89105
29.277599
28.671559
28.073082
27.482309
26.899372
26.324394
25.757488
25.198757
24.648296
24.106189
23.572512
23.047331
22.530705
22.022686
21.52332
21.032649
20.550712
20.077549
19.613195
19.157689
18.711073
18.27339
17.844686
17.425009
17.014412
16.612939
16.220649
15.837691
15.464131
15.100396
14.747581
14.405537
14.0782
13.766507
13.477018
13.23287
13.053043
12.965728
13.009816
13.232185
13.68431
14.41162
15.433553
16.736131
18.26597
19.938403
21.655829
23.321817
24.859662
26.217015
27.368369
28.312435
29.056573
29.62687
30.045087
30.340922
30.537946
30.66639
30.729231
30.751361
30.740492
30.690916
30.603734
30.483045
30.341473
30.10843
52.877868
52.147045
51.415466
50.68354
49.951632
49.220048
48.489055
47.758892
47.029785
46.30196
45.575647
44.851088
44.128532
43.408237
42.690467
41.97549
41.263578
40.555002
39.850031
39.148936
38.451982
37.759431
37.07154
36.388561
35.710739
35.038313
34.371515
33.71057
33.055695
32.407097
31.764978
31.129527
30.500928
29.879355
29.26497
28.65793
28.05838
27.466456
26.882285
26.305984
25.737662
25.177415
24.625334
24.081498
23.545976
23.018832
22.500117
21.98988
21.488159
20.99499
20.510404
20.034429
19.567092
19.108419
18.658437
18.217173
17.784656
17.360918
16.945984
16.539879
16.14262
15.754232
15.374736
15.004194
14.642794
14.290667
13.948453
13.616821
13.297278
12.994449
12.706254
12.451805
12.248891
12.119899
12.09809
12.226522
12.554984
13.132566
13.991712
15.131064
16.51174
18.058584
19.677011
21.270588
22.757492
24.082329
25.211537
26.140546
26.87667
27.442018
27.85951
28.154733
28.351878
28.480882
28.55218
28.576653
28.576682
28.541553
28.4918
28.375764
52.881071
52.150284
51.418678
50.686655
49.954578
49.222765
48.491498
47.761029
47.031601
46.30345
45.576812
44.851933
44.129065
43.408467
42.690401
41.975134
41.262937
40.554079
39.848829
39.147455
38.450219
37.757382
37.0692
36.385922
35.707792
35.035047
34.367917
33.706623
33.051381
32.402397
31.759868
31.123983
30.494921
29.872854
29.257942
28.650337
28.050181
27.457608
26.87274
26.295691
25.726565
25.165456
24.61245
24.067621
23.531035
23.002751
22.482817
21.971274
21.468157
20.973493
20.487308
20.009619
19.540444
19.079796
18.627689
18.184135
17.749148
17.322738
16.904916
16.495688
16.095055
15.703013
15.319554
14.94467
14.578373
14.220683
13.871695
13.531575
13.200664
12.879886
12.569729
12.2734
11.994686
11.736865
11.52044
11.364209
11.296347
11.355732
11.589982
12.049491
12.774956
13.77639
15.026641
16.45999
17.985456
19.507631
20.940635
22.224362
23.323563
24.229515
24.950211
25.503077
25.914268
26.202805
26.399187
26.525952
26.602554
26.634648
26.656759
26.631911
52.884398
52.153675
51.422076
50.689996
49.957798
49.225809
48.494319
47.763598
47.033899
46.305469
45.578553
44.853402
44.130268
43.409413
42.6911
41.975596
41.263168
40.554087
39.84862
39.147033
38.449588
37.756545
37.068156
36.384671
35.706333
35.033375
34.366028
33.704512
33.04904
32.399817
31.757038
31.120891
30.491553
29.869194
29.253973
28.646039
28.045534
27.452587
26.867319
26.289842
25.720257
25.158656
24.605121
24.059725
23.522531
22.993594
22.472958
21.960663
21.456737
20.961204
20.474084
19.995388
19.525125
19.063302
18.60992
18.16498
17.728483
17.300426
16.880805
16.469611
16.066832
15.672447
15.286434
14.908764
14.539406
14.178333
13.825527
13.480992
13.144768
12.817013
12.49792
12.188097
11.888589
11.600757
11.328819
11.073788
10.851516
10.678951
10.580092
10.589865
10.753125
11.120443
11.737133
12.623706
13.762119
15.095243
16.535787
17.987941
19.364728
20.602804
21.666379
22.542939
23.242042
23.77619
24.174027
24.454413
24.647939
24.774385
24.868475
24.911799
52.887809
52.157165
51.425593
50.693482
49.961196
49.229064
48.497389
47.766452
47.036517
46.307841
45.580677
44.85528
44.131908
43.410824
42.69229
41.976576
41.263948
40.554674
39.849023
39.147259
38.449642
37.756433
37.067882
36.384238
35.705743
35.03263
34.365127
33.703455
33.047824
32.39844
31.755496
31.119179
30.489665
29.867123
29.25171
28.643575
28.042858
27.449686
26.86418
26.28645
25.716596
25.154707
24.600864
24.055139
23.517592
22.988277
22.467236
21.954505
21.450112
20.954077
20.466415
19.987135
19.51624
19.053731
18.599602
18.153848
17.716459
17.287424
16.866726
16.454347
16.050264
15.654446
15.266858
14.88746
14.516205
14.153046
13.797936
13.450829
13.111687
12.780495
12.457262
12.142074
11.83514
11.536827
11.248034
10.96967
10.704875
10.456886
10.233571
10.051922
9.9326469
9.9070899
10.017273
10.313377
10.843335
11.635637
12.679985
13.92565
15.28891
16.674233
17.994594
19.184317
20.20796
21.049943
21.720096
22.232174
22.614885
22.886516
23.090513
23.220207
52.891276
52.160717
51.429184
50.697061
49.964708
49.23246
48.500627
47.7695
47.039354
46.310454
45.583063
44.85744
44.133848
43.412549
42.693812
41.977902
41.265089
40.555639
39.849821
39.147897
38.450129
37.756775
37.068085
36.384307
35.705682
35.032443
34.364817
33.703024
33.047273
32.397769
31.754706
31.118268
30.488632
29.865965
29.250424
28.642157
28.041302
27.447987
26.862331
26.284444
25.714423
25.152359
24.59833
24.052407
23.514649
22.98511
22.463829
21.950843
21.446175
20.949847
20.461869
19.982247
19.510984
19.048075
18.593513
18.147284
17.709374
17.279766
16.858437
16.44536
16.040506
15.643835
15.255305
14.874866
14.502464
14.138042
13.781538
13.43289
13.092035
12.758913
12.433472
12.115674
11.805512
11.503025
11.208366
10.921788
10.643946
10.37586
10.119565
9.8793903
9.6586345
9.4730624
9.3411151
9.2910327
9.362395
9.6042875
10.066365
10.782568
11.748769
12.919304
14.213563
15.536358
16.801133
17.940732
18.919453
19.722823
20.362303
20.850953
21.232771
21.496456
52.894779
52.164308
51.432821
50.700696
49.968293
49.235948
48.503978
47.772682
47.042344
46.31324
45.585637
44.859801
44.136
43.414498
42.695566
41.97947
41.26648
40.556863
39.850886
39.148813
38.450903
37.757414
37.068598
36.384699
35.705958
35.032608
34.364876
33.70298
33.04713
32.397529
31.75437
31.117838
30.488109
29.865348
29.249713
28.641351
28.0404
27.446987
26.86123
26.283237
25.713108
25.15093
24.596782
24.050734
23.512845
22.983167
22.46174
21.948597
21.443765
20.94726
20.459093
19.979271
19.50779
19.044646
18.589829
18.143322
17.705108
17.275165
16.853467
16.439982
16.034674
15.637502
15.248416
14.867361
14.494278
14.129102
13.771765
13.422196
13.08032
12.746066
12.419357
12.100123
11.788298
11.48383
11.186691
10.896886
10.614509
10.339777
10.073158
9.8156723
9.5686666
9.3357061
9.1203014
8.9348249
8.7960492
8.729811
8.7734968
8.9749854
9.3849083
10.040898
10.943611
12.050944
13.284637
14.549534
15.759129
16.846709
17.779858
18.543322
19.168312
19.637457
52.898305
52.167921
51.436483
50.704365
49.971922
49.239494
48.507403
47.775956
47.045443
46.316148
45.588346
44.86231
44.138308
43.416611
42.69749
41.981213
41.268051
40.558271
39.852141
39.149922
38.451876
37.758258
37.069319
36.385306
35.706456
35.033004
34.365174
33.703184
33.047245
32.397558
31.754317
31.117705
30.487898
29.865062
29.249352
28.640916
28.039891
27.446403
26.860572
26.282504
25.712297
25.15004
24.595812
24.04968
23.511704
22.981935
22.460414
21.947173
21.442237
20.945623
20.457341
19.977395
19.505784
19.042499
18.58753
18.140859
17.702465
17.272325
16.85041
16.436685
16.031111
15.633643
15.244229
14.86281
14.489324
14.123701
13.765869
13.415752
13.07327
12.738343
12.410887
12.09082
11.778059
11.472522
11.174135
10.88283
10.598563
10.321318
10.051147
9.7882308
9.5329093
9.285985
9.0486512
8.8238176
8.6153854
8.432466
8.2910392
8.2147798
8.2394341
8.4115633
8.7825921
9.3922361
10.245112
11.300636
12.481582
13.692233
14.849735
15.885717
16.793541
17.526418
52.901842
52.171543
51.440156
50.708048
49.975574
49.243075
48.510877
47.779292
47.048619
46.319146
45.591157
44.864927
44.140733
43.418847
42.699542
41.983089
41.269758
40.559817
39.853535
39.151173
38.452991
37.759247
37.070189
36.386063
35.707107
35.033555
34.365631
33.703553
33.04753
32.397764
31.754447
31.117763
30.487886
29.864983
29.249208
28.640709
28.039622
27.446075
26.860184
26.282057
25.711791
25.149475
24.595187
24.048995
23.510958
22.981126
22.45954
21.946233
21.441229
20.944544
20.456189
19.976166
19.504473
19.041103
18.586042
18.139271
17.700771
17.270513
16.848469
16.434601
16.028869
15.631226
15.241617
14.859983
14.486257
14.120368
13.762242
13.411798
13.068955
12.733627
12.405728
12.085167
11.771856
11.465705
11.166622
10.874521
10.589317
10.310934
10.039313
9.7744235
9.5162847
9.2650222
9.0209077
8.7845906
8.5571934
8.3410609
8.1407132
7.9621018
7.820915
7.7392846
7.7515974
7.903541
8.2470721
8.8231279
9.6386659
10.652305
11.789708
12.950862
14.084248
15.08332
52.905381
52.175164
51.443826
50.711732
49.979234
49.246673
48.51438
47.782669
47.051846
46.322208
45.59404
44.867628
44.143248
43.421178
42.701693
41.985066
41.271568
40.561468
39.855035
39.15253
38.454214
37.760343
37.071166
36.386928
35.707868
35.034218
34.366201
33.704036
33.047931
32.398088
31.754698
31.117944
30.488003
29.865037
29.249203
28.640647
28.039506
27.445906
26.859963
26.281786
25.711472
25.149108
24.594772
24.048533
23.510449
22.980571
22.458938
21.945584
21.440532
20.943799
20.455395
19.975322
19.503578
19.040153
18.585035
18.138204
17.699638
17.26931
16.847188
16.433235
16.027409
15.629661
15.239936
14.858172
14.484302
14.118254
13.759951
13.409312
13.066252
12.730683
12.402518
12.081662
11.768024
11.461508
11.162019
10.869461
10.583739
10.304759
10.032431
9.7666713
9.5074101
9.2546019
9.0082432
8.7684193
8.5353589
8.3095929
8.0922368
7.8851398
7.692361
7.5196134
7.3810994
7.2978928
7.303439
7.4431511
7.7694964
8.3234075
9.1149088
10.096769
11.229079
12.357634
52.908917
52.178776
51.447487
50.715407
49.982889
49.250275
48.517894
47.786069
47.055108
46.325313
45.596978
44.870389
44.14583
43.423582
42.703921
41.987122
41.273459
40.563202
39.856618
39.15397
38.45552
37.761521
37.072225
36.387875
35.70871
35.03496
34.366851
33.704599
33.048413
32.398493
31.755031
31.11821
30.488205
29.865179
29.249288
28.640679
28.039486
27.445837
26.859848
26.281626
25.711269
25.148863
24.594487
24.048208
23.510086
22.98017
22.458501
21.945111
21.440024
20.943256
20.454817
19.97471
19.502931
19.039472
18.584317
18.137449
17.698843
17.268473
16.846304
16.4323
16.026418
15.628607
15.238811
14.856969
14.483012
14.116868
13.758458
13.407699
13.064508
12.728794
12.400467
12.079433
11.765597
11.458862
11.159129
10.8663
10.580275
10.300953
10.028236
9.7620256
9.5022267
9.2487503
9.0015182
8.7604733
8.5255965
8.2969439
8.0747192
7.8593593
7.6518342
7.4538331
7.2690434
7.1030129
6.9688714
6.8870497
6.8907061
7.0250949
7.3450164
7.8883225
8.6994349
9.6639283
52.912442
52.182374
51.45113
50.719066
49.986531
49.253868
48.521409
47.789478
47.058389
46.328447
45.599952
44.873195
44.148464
43.426042
42.706208
41.989241
41.275415
40.565
39.858266
39.155476
38.45689
37.762764
37.073347
36.388884
35.709612
35.035763
34.367561
33.705221
33.048953
32.398956
31.755422
31.118534
30.488465
29.865379
29.249433
28.64077
28.039528
27.445832
26.859799
26.281535
25.711137
25.148693
24.59428
24.047967
23.509811
22.979864
22.458164
21.944745
21.43963
20.942835
20.454371
19.974239
19.502436
19.038953
18.583775
18.136883
17.698253
17.267857
16.845661
16.431626
16.02571
15.627861
15.238023
14.856134
14.482124
14.115921
13.757445
13.406614
13.063342
12.72754
12.399114
12.077971
11.764015
11.457146
11.157265
10.864271
10.578063
10.298538
10.025592
9.7591242
9.4990309
9.2452114
8.9975672
8.756005
8.520441
8.2908099
8.0670825
7.8492931
7.6376071
7.4324066
7.2345611
7.0456504
6.8691023
6.7103911
6.5820253
6.5041145
6.5110093
6.647048
6.9949356
7.5368255
52.915952
52.185951
51.45475
50.722701
49.990152
49.257445
48.524914
47.792885
47.061676
46.331597
45.602951
44.876033
44.151135
43.428544
42.708542
41.991409
41.277421
40.566851
39.859967
39.157034
38.458312
37.764057
37.074519
36.389941
35.710562
35.036612
34.368315
33.705887
33.049535
32.39946
31.755854
31.118897
30.488764
29.865619
29.249617
28.640902
28.03961
27.445868
26.859791
26.281486
25.711049
25.148569
24.594122
24.047776
23.50959
22.979613
22.457887
21.944442
21.439303
20.942487
20.454002
19.973851
19.502031
19.038531
18.583338
18.136431
17.697786
17.267374
16.845162
16.43111
16.025173
15.627302
15.237439
14.855522
14.48148
14.115241
13.756725
13.40585
13.062529
12.726672
12.398185
12.076976
11.762945
11.455993
11.156022
10.862927
10.576607
10.296957
10.023873
9.7572509
9.4969844
9.2429689
8.9951001
8.7532747
8.517392
8.287356
8.0630793
7.8444909
7.6315517
7.4242804
7.2228153
7.0275008
6.839137
6.6592363
6.4910852
6.3401635
6.219069
6.1476654
6.1752893
6.3164997
52.919442
52.189503
51.458341
50.726306
49.993745
49.260998
48.528401
47.796281
47.06496
46.334752
45.605961
44.87889
44.153831
43.431077
42.71091
41.993615
41.279468
40.568743
39.861709
39.158633
38.459775
37.765391
37.07573
36.391037
35.711549
35.037496
34.369103
33.706584
33.050148
32.399995
31.756314
31.119288
30.489091
29.865885
29.249826
28.641058
28.039717
27.445928
26.859808
26.281462
25.710987
25.148471
24.593991
24.047614
23.509398
22.979395
22.457643
21.944176
21.439016
20.942181
20.453679
19.973513
19.501679
19.038167
18.582963
18.136046
17.697392
17.266972
16.84475
16.430688
16.024741
15.626857
15.23698
14.855046
14.480985
14.114725
13.756185
13.405283
13.061931
12.72604
12.397517
12.076266
11.762189
11.455187
11.155159
10.862002
10.575612
10.295886
10.022717
9.7559997
9.4956276
9.2414942
8.9934928
8.7515171
8.5154616
8.285222
8.0606961
7.8417863
7.6284028
7.4204705
7.2179434
7.0208294
6.8292486
6.6435206
6.4644084
6.2933917
6.1338134
5.9912153
5.8834624
5.8195388
52.922907
52.193025
51.4619
50.729878
49.997305
49.264521
48.531862
47.799658
47.068232
46.337901
45.608975
44.881756
44.156543
43.43363
42.713304
41.995849
41.281544
40.570666
39.863484
39.160266
38.461271
37.766757
37.076972
36.392162
35.712564
35.038407
34.369916
33.707306
33.050785
32.40055
31.756794
31.119698
30.489435
29.866168
29.250051
28.641229
28.039838
27.446002
26.859838
26.281451
25.710939
25.148387
24.593874
24.047466
23.509222
22.979193
22.457417
21.943928
21.438748
20.941896
20.453379
19.9732
19.501355
19.037834
18.582622
18.135699
17.69704
17.266614
16.844388
16.430322
16.024369
15.626479
15.236595
14.854651
14.480581
14.114308
13.755754
13.404835
13.061466
12.725554
12.397008
12.075731
11.761626
11.454593
11.15453
10.861335
10.574902
10.295128
10.021907
9.7551307
9.4946934
9.2404874
8.9924049
8.7503385
8.5141809
8.2838251
8.0591651
7.8400961
7.6265157
7.4183253
7.2154337
7.0177634
6.825264
6.6379367
6.4558916
6.2794352
6.1093447
5.9471103
5.7976456
5.6634155
52.926343
52.196514
51.465421
50.733411
50.000826
49.268008
48.535292
47.803009
47.071485
46.341038
45.611982
44.884622
44.159262
43.436195
42.715713
41.998102
41.283643
40.572613
39.865284
39.161923
38.462792
37.768147
37.078238
36.393311
35.713601
35.039339
34.370749
33.708046
33.051437
32.40112
31.757288
31.12012
30.489789
29.866459
29.250284
28.641408
28.039965
27.446082
26.859874
26.281446
25.710895
25.148308
24.593761
24.047322
23.509051
22.978995
22.457196
21.943686
21.438488
20.941619
20.453088
19.972898
19.501043
19.037515
18.582297
18.13537
17.696708
17.266281
16.844053
16.429985
16.024031
15.626139
15.236251
14.854304
14.480228
14.113948
13.755387
13.404459
13.061079
12.725156
12.396596
12.075305
11.761182
11.45413
11.154046
10.860827
10.574368
10.294565
10.021311
9.7544987
9.494021
9.2397699
8.9916372
8.7495148
8.5132946
8.2828686
8.0581293
7.83897
7.6252846
7.4169687
7.2139198
7.0160393
6.8232357
6.6354302
6.4525707
6.2746547
6.101795
5.9343055
5.7733691
5.6197222
52.929748
52.199965
51.468901
50.736901
50.004305
49.271454
48.538684
47.806327
47.07471
46.344154
45.614975
44.887481
44.161978
43.438763
42.718129
42.000366
41.285755
40.574576
39.867101
39.163599
38.464331
37.769556
37.079522
36.394476
35.714653
35.040285
34.371595
33.708797
33.052099
32.4017
31.757789
31.120548
30.490149
29.866755
29.25052
28.641588
28.040094
27.446162
26.859909
26.281439
25.710849
25.148226
24.593646
24.047177
23.508877
22.978796
22.456974
21.943443
21.438227
20.941342
20.452798
19.972596
19.500733
19.037198
18.581977
18.135047
17.696383
17.265955
16.843728
16.429661
16.023708
15.625817
15.235929
14.853981
14.479903
14.113621
13.755056
13.404124
13.060739
12.724809
12.396242
12.074942
11.76081
11.453747
11.15365
10.860417
10.573943
10.294122
10.020848
9.7540133
9.4935108
9.239232
8.9910684
8.7489114
8.5126524
8.2821831
8.0573953
7.8381813
7.6244341
7.4160474
7.2129158
7.0149354
6.8220046
6.6340253
6.4509063
6.2725689
6.0989614
5.9300879
5.7661527
5.6073609
52.933115
52.203375
51.472337
50.740345
50.007737
49.274855
48.542034
47.809607
47.077903
46.347243
45.617947
44.890325
44.164685
43.441327
42.720546
42.002634
41.287875
40.576548
39.868929
39.165286
38.465883
37.770977
37.080818
36.395653
35.715717
35.041241
34.372449
33.709556
33.052768
32.402284
31.758293
31.120978
30.490509
29.86705
29.250755
28.641766
28.040219
27.446238
26.859938
26.281426
25.710797
25.148137
24.593523
24.047023
23.508695
22.978588
22.456743
21.943191
21.437957
20.941058
20.4525
19.972289
19.500417
19.036877
18.581651
18.13472
17.696056
17.265629
16.843403
16.429339
16.023388
15.625499
15.235613
14.853666
14.479589
14.113307
13.754741
13.403808
13.06042
12.724488
12.395918
12.074613
11.760476
11.453407
11.153304
10.860064
10.57358
10.29375
10.020464
9.7536169
9.4930998
9.2388044
8.9906222
8.7484441
8.5121616
8.2816657
8.0568481
7.8376006
7.6238157
7.4153863
7.2122063
7.0141702
6.8211737
6.633114
6.4498907
6.2714065
6.0975707
5.9283127
5.7635895
5.603457
52.936444
52.206741
51.475726
50.743739
50.011119
49.278207
48.545338
47.812844
47.081057
46.350299
45.620891
44.893147
44.167375
43.443879
42.722956
42.004899
41.289994
40.578523
39.870762
39.16698
38.467442
37.772405
37.082122
36.396836
35.716786
35.042203
34.373308
33.710318
33.053438
32.402868
31.758797
31.121406
30.490867
29.867341
29.250984
28.641937
28.040336
27.446305
26.859959
26.281403
25.710734
25.148036
24.593389
24.046857
23.5085
22.978368
22.456499
21.942927
21.437676
20.940761
20.452191
19.971969
19.50009
19.036545
18.581316
18.134383
17.69572
17.265294
16.843071
16.429011
16.023063
15.625177
15.235293
14.853348
14.479272
14.112992
13.754427
13.403494
13.060107
12.724175
12.395604
12.074298
11.76016
11.453089
11.152983
10.859739
10.573252
10.293417
10.020126
9.7532716
9.4927466
9.2384421
8.9902494
8.7480593
8.5117629
8.2812513
8.0564158
7.8371481
7.6233403
7.4148852
7.2116758
7.0136065
6.820572
6.6324683
6.4491926
6.2706429
6.0967219
5.9273331
5.7623842
5.6018866
52.939728
52.210058
51.479062
50.747079
50.014447
49.281505
48.54859
47.816033
47.084167
46.353316
45.623802
44.895941
44.170043
43.446414
42.725353
42.007155
41.292108
40.580495
39.872594
39.168674
38.469002
37.773836
37.083427
36.398021
35.717857
35.043165
34.374167
33.711078
33.054107
32.403449
31.759297
31.121829
30.491217
29.867624
29.251204
28.642098
28.040442
27.44636
26.859966
26.281367
25.710656
25.147922
24.593239
24.046676
23.50829
22.978131
22.45624
21.942647
21.437378
20.940447
20.451865
19.971634
19.499748
19.036197
18.580966
18.134032
17.69537
17.264947
16.842727
16.42867
16.022726
15.624843
15.234962
14.85302
14.478947
14.112669
13.754106
13.403176
13.05979
12.723859
12.395289
12.073985
11.759848
11.452777
11.152671
10.859427
10.572939
10.293102
10.019809
9.7529527
9.4924244
9.2381158
8.9899179
8.7477217
8.5114181
8.2808979
8.0560525
7.8367733
7.6229522
7.4144818
7.2112551
7.013166
6.8201089
6.6319794
6.4486738
6.2700894
6.0961248
5.9266809
5.7616556
5.6010492
52.942966
52.213325
51.482345
50.750363
50.017718
49.284747
48.551786
47.81917
47.087228
46.356289
45.626673
44.8987
44.172681
43.448924
42.72773
42.009395
41.29421
40.582458
39.874418
39.170363
38.470558
37.775263
37.08473
36.399204
35.718925
35.044123
34.375021
33.711834
33.054769
32.404024
31.759788
31.122242
30.491558
29.867897
29.251412
28.642246
28.040535
27.446401
26.859959
26.281314
25.710562
25.147789
24.593072
24.046476
23.508062
22.977876
22.455961
21.942348
21.437061
20.940115
20.451521
19.971279
19.499386
19.035831
18.580597
18.133663
17.695002
17.264582
16.842366
16.428313
16.022374
15.624495
15.234619
14.852681
14.478612
14.112338
13.753778
13.40285
13.059467
12.723539
12.394971
12.073669
11.759533
11.452465
11.152361
10.859118
10.572631
10.292795
10.019502
9.7526457
9.492117
9.2378074
8.989608
8.7474096
8.511103
8.280579
8.0557289
7.8364439
7.6226159
7.4141372
7.2109009
7.0128005
6.8197304
6.6315858
6.4482629
6.2696586
6.0956698
5.9261976
5.7611449
5.6004951
52.946152
52.216536
51.485568
50.753586
50.020927
49.287927
48.554923
47.822249
47.090236
46.359211
45.629499
44.901419
44.175284
43.451403
42.730081
42.011613
41.296293
40.584405
39.876231
39.172042
38.472106
37.776682
37.086025
36.400381
35.719987
35.045075
34.375868
33.712582
33.055423
32.404589
31.760269
31.122644
30.491886
29.868155
29.251605
28.642379
28.040611
27.446424
26.859933
26.281243
25.710449
25.147637
24.592884
24.046256
23.507812
22.9776
22.455661
21.942027
21.436722
20.939761
20.451154
19.970903
19.499003
19.035443
18.580208
18.133273
17.694614
17.264197
16.841986
16.427937
16.022003
15.624129
15.234258
14.852326
14.478262
14.111992
13.753437
13.402513
13.059134
12.723209
12.394645
12.073346
11.759214
11.452148
11.152046
10.858806
10.572322
10.292488
10.019197
9.7523425
9.4918153
9.2375069
8.9893082
8.7471101
8.5108033
8.2802787
8.0554271
7.8361401
7.6223093
7.413827
7.2105861
7.01248
6.8194031
6.6312504
6.4479178
6.2693024
6.0953001
5.925813
5.7607374
5.6000647
52.949284
52.219689
51.488731
50.756746
50.024072
49.291044
48.557997
47.825268
47.093186
46.36208
45.632275
44.904092
44.177846
43.453847
42.7324
42.013804
41.298352
40.586332
39.878025
39.173705
38.473639
37.778089
37.087309
36.401545
35.721037
35.046016
34.376704
33.713318
33.056064
32.40514
31.760736
31.123031
30.492198
29.868397
29.251781
28.642493
28.040667
27.446427
26.859887
26.28115
25.710314
25.147463
24.592674
24.046013
23.507539
22.9773
22.455337
21.941682
21.436359
20.939383
20.450764
19.970504
19.498597
19.035032
18.579795
18.132861
17.694203
17.26379
16.841583
16.427539
16.02161
15.623743
15.233879
14.851952
14.477894
14.11163
13.75308
13.402162
13.058787
12.722867
12.394307
12.073012
11.758884
11.451822
11.151725
10.858488
10.572007
10.292177
10.018889
9.7520378
9.4915135
9.2372077
8.9890115
8.7468155
8.5105104
8.2799871
8.0551366
7.83585
7.6220192
7.4135363
7.210294
7.012186
6.8191063
6.63095
6.4476128
6.2689917
6.0949826
5.9254871
5.7604017
5.599716
52.952358
52.222779
51.491828
50.75984
50.027149
49.294092
48.561004
47.828221
47.096073
46.364889
45.634996
44.906715
44.180362
43.456248
42.734681
42.015961
41.300382
40.588233
39.879796
39.175346
38.475153
37.779479
37.088577
36.402695
35.722073
35.046941
34.377525
33.714039
33.05669
32.405676
31.761186
31.123401
30.492491
29.868619
29.251937
28.642587
28.040703
27.446408
26.859817
26.281035
25.710155
25.147264
24.592438
24.045744
23.50724
22.976974
22.454987
21.941311
21.43597
20.938979
20.450348
19.970078
19.498164
19.034596
18.579356
18.132423
17.693767
17.263358
16.841155
16.427117
16.021195
15.623335
15.233477
14.851558
14.477507
14.111249
13.752705
13.401792
13.058424
12.722509
12.393954
12.072665
11.758541
11.451484
11.151392
10.85816
10.571684
10.291858
10.018575
9.7517274
9.4912071
9.2369052
8.9887126
8.7465201
8.5102182
8.2796979
8.0548499
7.8355656
7.6217367
7.4132552
7.2100141
7.0119065
6.8188268
6.6306699
6.4473314
6.2687083
6.0946967
5.9251974
5.7601085
5.5994163
52.955369
52.225804
51.494857
50.762862
50.030154
49.297068
48.56394
47.831105
47.098893
46.367635
45.637657
44.909282
44.182826
43.458602
42.736919
42.018079
41.302376
40.590101
39.881538
39.176962
38.476644
37.780846
37.089824
36.403825
35.723089
35.047848
34.378327
33.714741
33.057296
32.406192
31.761616
31.12375
30.492764
29.86882
29.252071
28.642658
28.040715
27.446365
26.859723
26.280893
25.70997
25.147039
24.592176
24.045449
23.506914
22.976621
22.45461
21.940913
21.435553
20.938548
20.449904
19.969625
19.497704
19.034132
18.578891
18.131958
17.693305
17.262899
16.840702
16.42667
16.020755
15.622901
15.233051
14.851139
14.477094
14.110843
13.752306
13.4014
13.058038
12.72213
12.393582
12.072298
11.758181
11.45113
11.151043
10.857817
10.571346
10.291526
10.018248
9.7514064
9.4908913
9.2365944
8.9884067
8.7462188
8.5099214
8.2794052
8.0545612
7.8352806
7.6214551
7.4129767
7.2097383
7.0116331
6.8185553
6.6303999
6.4470626
6.26844
6.0944286
5.9249287
5.7598399
5.5991452
52.958314
52.22876
51.497814
50.765811
50.033084
49.299969
48.566802
47.833915
47.101643
46.370313
45.640254
44.911787
44.185233
43.460904
42.739109
42.020152
41.30433
40.591933
39.883246
39.178547
38.478106
37.782187
37.091046
36.40493
35.724082
35.048733
34.379107
33.715421
33.057881
32.406685
31.762024
31.124076
30.493013
29.868997
29.252179
28.642703
28.0407
27.446295
26.859602
26.280724
25.709757
25.146785
24.591886
24.045124
23.506559
22.976239
22.454203
21.940485
21.435107
20.938087
20.449431
19.969142
19.497215
19.033639
18.578396
18.131464
17.692814
17.262412
16.840221
16.426195
16.020287
15.622441
15.232598
14.850693
14.476656
14.110413
13.751883
13.400984
13.057629
12.721727
12.393186
12.071909
11.757799
11.450754
11.150674
10.857455
10.570991
10.291177
10.017906
9.7510701
9.4905612
9.2362704
8.9880885
8.7459064
8.5096145
8.2791037
8.0542649
7.8349892
7.6211683
7.4126944
7.20946
7.0113587
6.8182845
6.6301323
6.4467978
6.2681777
6.0941686
5.9246704
5.7595841
5.59889
52.961187
52.23164
51.500693
50.76868
50.035934
49.30279
48.569583
47.836647
47.104315
46.372917
45.642779
44.914226
44.187577
43.463146
42.741244
42.022175
41.306237
40.593721
39.884914
39.180094
38.479533
37.783495
37.092236
36.406007
35.725047
35.04959
34.379861
33.716074
33.058439
32.407152
31.762404
31.124375
30.493235
29.869146
29.25226
28.642719
28.040657
27.446196
26.859451
26.280525
25.709513
25.146501
24.591564
24.044768
23.506172
22.975824
22.453765
21.940025
21.43463
20.937594
20.448926
19.968628
19.496695
19.033115
18.577871
18.13094
17.692292
17.261896
16.83971
16.425691
16.01979
15.621952
15.232117
14.85022
14.476191
14.109955
13.751433
13.400542
13.057194
12.7213
12.392766
12.071496
11.757393
11.450356
11.150283
10.857071
10.570615
10.290808
10.017544
9.7507152
9.4902133
9.2359294
8.9877543
8.7455788
8.5092935
8.278789
8.0539563
7.8346866
7.6208715
7.4124031
7.209174
7.0110778
6.8180084
6.6298607
6.4465305
6.2679144
6.0939092
5.9244145
5.7593325
5.5986407
52.963977
52.234434
51.503483
50.771458
50.038692
49.305519
48.572273
47.83929
47.1069
46.375435
45.645222
44.916586
44.189846
43.465318
42.743312
42.024135
41.308085
40.595455
39.886531
39.181594
38.480915
37.78476
37.093387
36.407045
35.725975
35.050412
34.380579
33.716694
33.058964
32.407587
31.762752
31.124641
30.493424
29.869262
29.252307
28.642702
28.04058
27.446063
26.859266
26.280292
25.709235
25.146182
24.591207
24.044378
23.505751
22.975376
22.453292
21.939532
21.434118
20.937067
20.448388
19.968081
19.496142
19.032558
18.577313
18.130383
17.691739
17.261347
16.839168
16.425156
16.019263
15.621434
15.231608
14.849719
14.475699
14.109472
13.750958
13.400075
13.056735
12.720849
12.392322
12.071061
11.756965
11.449936
11.149871
10.856666
10.570218
10.290419
10.017162
9.7503414
9.4898471
9.2355706
8.987403
8.7452347
8.5089565
8.2784591
8.0536333
7.8343704
7.6205619
7.4120999
7.2088771
7.0107868
6.8177232
6.6295812
6.4462563
6.2676454
6.0936454
5.9241554
5.7590799
5.598391
52.966655
52.237115
51.50616
50.774123
50.041337
49.308135
48.574853
47.841823
47.109379
46.377851
45.647567
44.918851
44.192025
43.467404
42.7453
42.026019
41.309861
40.597121
39.888085
39.183034
38.482242
37.785974
37.094488
36.408036
35.726859
35.051191
34.381257
33.717274
33.05945
32.407983
31.763064
31.124871
30.493577
29.869343
29.25232
28.642651
28.040469
27.445896
26.859047
26.280024
25.708924
25.14583
24.590818
24.043954
23.505297
22.974895
22.452787
21.939006
21.433575
20.93651
20.447819
19.967504
19.495559
19.031972
18.576727
18.129798
17.691158
17.260771
16.838599
16.424595
16.01871
15.62089
15.231073
14.849194
14.475182
14.108964
13.750459
13.399585
13.056254
12.720376
12.391858
12.070605
11.756518
11.449497
11.14944
10.856243
10.569803
10.290012
10.016764
9.7499507
9.4894643
9.2351958
8.987036
8.7448754
8.5086049
8.278115
8.0532966
7.8340409
7.6202395
7.4117845
7.2085685
7.0104849
6.8174278
6.629292
6.4459734
6.2673685
6.0933744
5.9238904
5.758822
5.5981356
248.72815
138.01937
97.985953
79.208172
68.980392
62.875147
59.009041
56.477172
54.979187
80.514785
248.72815
138.01897
97.986049
79.208394
68.980683
62.875418
59.009657
56.475973
54.955334
60.812123
248.72815
138.01877
97.986045
79.208481
68.980853
62.875557
59.010003
56.474317
54.941391
55.314838
248.72815
138.01863
97.986025
79.208526
68.980971
62.875681
59.010319
56.473911
54.928958
54.16681
248.72815
138.0185
97.986005
79.208562
68.981072
62.875819
59.010622
56.473585
54.923363
53.927856
248.72815
138.01838
97.985985
79.208601
68.981175
62.875983
59.010888
56.47314
54.912996
53.870154
248.72815
138.01825
97.985966
79.208646
68.981288
62.876177
59.011175
56.472769
54.894727
53.840552
248.72815
138.01812
97.985949
79.208698
68.981417
62.876402
59.011523
56.472489
54.869559
53.811279
248.72815
138.01799
97.985932
79.208757
68.981562
62.876662
59.011937
56.472364
54.84157
53.781109
248.72815
138.01785
97.985917
79.208824
68.981727
62.87696
59.012419
56.472429
54.816274
53.753973
248.72815
138.01771
97.985904
79.2089
68.981911
62.877301
59.012978
56.472702
54.796832
53.730057
248.72815
138.01758
97.985893
79.208986
68.982117
62.877686
59.013618
56.473191
54.783491
53.695886
248.72815
138.01744
97.985886
79.209083
68.982348
62.878119
59.014344
56.473897
54.775116
53.654657
248.72815
138.0173
97.985882
79.209192
68.982604
62.878603
59.015158
56.474816
54.77037
53.625039
248.72815
138.01716
97.985883
79.209314
68.982888
62.879141
59.016065
56.475938
54.768124
53.608726
248.72815
138.01703
97.985888
79.209449
68.983203
62.879736
59.017067
56.477253
54.76755
53.600917
248.72815
138.0169
97.9859
79.209601
68.98355
62.880391
59.018165
56.478746
54.768088
53.597847
248.72815
138.01677
97.985918
79.209769
68.983932
62.881108
59.019359
56.480405
54.769372
53.597384
248.72815
138.01665
97.985945
79.209956
68.984351
62.881891
59.020651
56.482215
54.771165
53.598394
248.72815
138.01654
97.985981
79.210163
68.98481
62.882741
59.022039
56.484163
54.773315
53.600268
248.72815
138.01643
97.986027
79.210393
68.985312
62.883661
59.023524
56.486237
54.77572
53.602668
248.72815
138.01634
97.986085
79.210646
68.985859
62.884652
59.025102
56.488426
54.778315
53.605404
248.72815
138.01626
97.986156
79.210925
68.986452
62.885716
59.026773
56.490719
54.781054
53.60836
248.72815
138.01619
97.986242
79.211232
68.987096
62.886854
59.028534
56.493106
54.783906
53.611467
248.72815
138.01614
97.986344
79.211569
68.987791
62.888067
59.030382
56.49558
54.786847
53.614679
248.72815
138.01611
97.986465
79.211938
68.988541
62.889355
59.032314
56.498131
54.789859
53.617966
248.72815
138.01609
97.986606
79.212341
68.989346
62.890718
59.034327
56.500752
54.792929
53.621307
248.72815
138.0161
97.98677
79.212781
68.990209
62.892157
59.036416
56.503436
54.796046
53.624686
248.72815
138.01614
97.986957
79.213259
68.991131
62.893669
59.038578
56.506176
54.799201
53.628091
248.72815
138.0162
97.987171
79.213778
68.992114
62.895254
59.040808
56.508965
54.802386
53.631512
248.72815
138.0163
97.987414
79.21434
68.993159
62.896911
59.043102
56.511798
54.805593
53.634943
248.72815
138.01643
97.987687
79.214947
68.994266
62.898637
59.045455
56.514668
54.808816
53.638376
248.72815
138.01659
97.987993
79.2156
68.995435
62.90043
59.047863
56.51757
54.81205
53.641806
248.72815
138.01679
97.988335
79.216302
68.996667
62.902287
59.050319
56.520497
54.815289
53.645226
248.72815
138.01704
97.988714
79.217053
68.997961
62.904205
59.05282
56.523445
54.818527
53.648634
248.72815
138.01733
97.989133
79.217855
68.999316
62.906181
59.05536
56.526408
54.821761
53.652023
248.72815
138.01767
97.989593
79.218709
69.000732
62.908211
59.057934
56.52938
54.824986
53.655391
248.72815
138.01806
97.990097
79.219616
69.002206
62.91029
59.060536
56.532357
54.828195
53.658732
248.72815
138.0185
97.990645
79.220576
69.003737
62.912415
59.06316
56.535333
54.831386
53.662043
248.72815
138.01901
97.991241
79.221588
69.005321
62.914581
59.065803
56.538303
54.834554
53.66532
248.72815
138.01958
97.991884
79.222654
69.006958
62.916782
59.068456
56.541262
54.837694
53.668558
248.72815
138.02021
97.992576
79.223772
69.008642
62.919013
59.071116
56.544205
54.840802
53.671755
248.72815
138.02091
97.993316
79.22494
69.01037
62.92127
59.073776
56.547126
54.843874
53.674906
248.72815
138.02169
97.994106
79.226158
69.012139
62.923546
59.07643
56.550021
54.846904
53.678007
248.72815
138.02254
97.994943
79.227423
69.013943
62.925835
59.079073
56.552883
54.849889
53.681054
248.72815
138.02347
97.995826
79.228732
69.015778
62.928132
59.081699
56.555709
54.852824
53.684042
248.72815
138.02448
97.996752
79.230082
69.017638
62.930429
59.0843
56.558492
54.855704
53.686969
248.72815
138.02556
97.997716
79.231468
69.019515
62.932718
59.08687
56.561226
54.858522
53.689827
248.72815
138.0267
97.998703
79.232872
69.021392
62.934983
59.089393
56.563897
54.861267
53.692605
248.72815
138.02786
97.99966
79.234238
69.02322
62.937181
59.091832
56.56647
54.863906
53.695274
248.72815
138.02889
98.00061
79.235692
69.025178
62.939519
59.094409
56.569178
54.866677
53.69807
248.72815
138.02957
98.001712
79.237533
69.027637
62.942406
59.097552
56.572454
54.870015
53.701432
248.72815
138.02992
98.003035
79.239531
69.030285
62.945511
59.100926
56.575966
54.873588
53.705027
248.72815
138.03019
98.004828
79.242034
69.033455
62.949137
59.104807
56.579966
54.877633
53.70908
248.72815
138.03049
98.006939
79.245126
69.037301
62.953463
59.109384
56.584653
54.882354
53.7138
248.72815
138.03091
98.009496
79.249043
69.042075
62.958727
59.114884
56.590241
54.887958
53.71939
248.72815
138.03161
98.012416
79.253438
69.047328
62.964429
59.120783
56.596202
54.893917
53.725324
248.72815
138.03266
98.015656
79.258127
69.052792
62.970251
59.126726
56.602152
54.899829
53.731185
248.72815
138.03402
98.019053
79.262824
69.05813
62.975838
59.132365
56.607757
54.905372
53.736666
248.72815
138.03541
98.02223
79.267078
69.062854
62.980695
59.137198
56.612509
54.910034
53.741247
248.72815
138.03677
98.024957
79.27054
69.066565
62.984405
59.14081
56.616001
54.913416
53.744537
248.72815
138.03775
98.026824
79.272789
69.068862
62.986602
59.142864
56.617918
54.915217
53.746247
248.72815
138.0383
98.027733
79.27372
69.069632
62.987156
59.143214
56.618098
54.915265
53.746197
248.72815
138.03838
98.027705
79.273485
69.069166
62.98648
59.142363
56.617108
54.91417
53.745022
248.72815
138.03806
98.026821
79.272053
69.067282
62.984251
59.139882
56.614448
54.911384
53.74215
248.72815
138.03769
98.025896
79.27072
69.065665
62.982438
59.137942
56.612434
54.909334
53.740095
248.72815
138.0366
98.023621
79.267582
69.061958
62.978376
59.133669
56.608046
54.904897
53.735653
248.72815
138.0378
98.024888
79.268559
69.062578
62.978662
59.133663
56.607789
54.904422
53.734987
52.969459
52.23992
51.50896
50.776909
50.044102
49.31087
48.57755
47.844474
47.111975
46.380384
45.650028
44.921233
44.19432
43.469606
42.747403
42.028019
41.311753
40.598901
39.889751
39.184585
38.483677
37.787293
37.095693
36.409127
35.727839
35.052062
34.382023
33.717938
33.060015
32.408454
31.763444
31.125166
30.49379
29.869478
29.252382
28.642644
28.040397
27.445764
26.858858
26.279783
25.708633
25.145494
24.590441
24.04354
23.504849
22.974416
22.452282
21.938477
21.433025
20.935943
20.447239
19.966913
19.49496
19.031369
18.576122
18.129194
17.690556
17.260173
16.838006
16.424009
16.018133
15.62032
15.230512
14.848641
14.474639
14.108429
13.749933
13.399067
13.055744
12.719875
12.391366
12.070121
11.756042
11.449029
11.14898
10.855792
10.56936
10.289577
10.016337
9.7495325
9.4890543
9.2347939
8.9866422
8.7444897
8.5082271
8.277745
8.0529344
7.8336864
7.6198926
7.411445
7.2082363
7.0101599
6.8171099
6.628981
6.4456692
6.267071
6.0930836
5.9236066
5.7585466
5.5978642
52.972827
52.243287
51.512318
50.780251
50.047418
49.314153
48.580789
47.847661
47.1151
46.383438
45.653002
44.924118
44.197109
43.47229
42.749977
42.030475
41.314087
40.601109
39.89183
39.186532
38.485491
37.788974
37.097241
36.410544
35.729126
35.053223
34.38306
33.718855
33.060816
32.409143
31.764026
31.125645
30.494172
29.869767
29.252583
28.642762
28.040437
27.44573
26.858755
26.279616
25.708407
25.145213
24.590108
24.043161
23.504427
22.973955
22.451786
21.937951
21.432473
20.935368
20.446644
19.966303
19.494338
19.030739
18.575486
18.128555
17.689917
17.259536
16.837373
16.423381
16.017511
15.619705
15.229904
14.848042
14.474047
14.107845
13.749357
13.398498
13.055184
12.719322
12.39082
12.069583
11.755512
11.448507
11.148467
10.855287
10.568863
10.289088
10.015857
9.7490601
9.4885903
9.2343383
8.9861949
8.7440508
8.5077965
8.2773228
8.0525204
7.8332806
7.6194949
7.4110553
7.2078546
7.0097861
6.8167438
6.6286227
6.4453184
6.2667278
6.0927482
5.9232791
5.758226
5.5975492
52.976426
52.246882
51.515901
50.783814
50.050953
49.31765
48.584239
47.851053
47.118426
46.386687
45.656165
44.927187
44.200073
43.475143
42.752709
42.033081
41.316562
40.603447
39.894027
39.188587
38.487401
37.790738
37.098859
36.412018
35.730457
35.054413
34.384113
33.719775
33.061608
32.40981
31.764574
31.126078
30.494495
29.869987
29.252704
28.642791
28.040378
27.445589
26.858538
26.279328
25.708052
25.144797
24.589636
24.042637
23.503857
22.973343
22.451137
21.937269
21.431763
20.934634
20.445891
19.965535
19.493559
19.029952
18.574695
18.127764
17.689128
17.258752
16.836595
16.422612
16.016751
15.618955
15.229165
14.847313
14.47333
14.107139
13.748661
13.397814
13.05451
12.718659
12.390168
12.068941
11.754881
11.447886
11.147856
10.854686
10.568273
10.288509
10.015288
9.7485014
9.4880419
9.2338001
8.985667
8.743533
8.5072889
8.2768251
8.0520327
7.8328026
7.6190266
7.4105966
7.2074054
7.0093462
6.8163132
6.6282012
6.444906
6.2663244
6.0923539
5.9228944
5.7578517
5.5971813
52.980472
52.250913
51.51991
50.787791
50.054889
49.321535
48.588065
47.85481
47.122102
46.390274
45.659652
44.930565
44.203333
43.478275
42.755707
42.035937
41.319268
40.605999
39.896421
39.190819
38.489468
37.79264
37.100596
36.413589
35.731865
35.055661
34.385203
33.720711
33.062394
32.410452
31.765077
31.126448
30.494738
29.870108
29.252711
28.642688
28.040173
27.445289
26.858148
26.278854
25.707501
25.144174
24.588948
24.04189
23.503055
22.972494
22.450245
21.93634
21.430802
20.933647
20.444883
19.96451
19.492523
19.02891
18.57365
18.12672
17.688088
17.25772
16.835574
16.421602
16.015755
15.617974
15.228199
14.846363
14.472395
14.10622
13.747759
13.396927
13.053639
12.717803
12.389328
12.068116
11.754071
11.447092
11.147077
10.853922
10.567523
10.287774
10.014568
9.7477964
9.4873516
9.2331244
8.9850056
8.7428859
8.5066559
8.2762061
8.0514273
7.8322109
7.6184482
7.4100314
7.2068531
7.0088066
6.8157862
6.6276865
6.4444036
6.2658341
6.0918759
5.922429
5.7573986
5.5967378
52.985179
52.255598
51.524563
50.792404
50.059451
49.326036
48.592494
47.859157
47.126357
46.394425
45.66369
44.934478
44.207113
43.481912
42.759192
42.039262
41.322427
40.608985
39.899228
39.193443
38.491907
37.794892
37.102659
36.415464
35.733553
35.057163
34.386523
33.721853
33.063362
32.411252
31.765713
31.126927
30.495067
29.870293
29.252759
28.642607
28.039969
27.444969
26.85772
26.278325
25.706878
25.143464
24.588159
24.041027
23.502127
22.971506
22.449204
21.935253
21.429675
20.932487
20.443695
19.963301
19.491298
19.027674
18.572409
18.125477
17.68685
17.256488
16.834352
16.420393
16.01456
15.616795
15.227037
14.845218
14.471268
14.105111
13.746667
13.395854
13.052583
12.716766
12.388308
12.067114
11.753087
11.446125
11.146128
10.852991
10.56661
10.286878
10.01369
9.746936
9.4865086
9.2322989
8.9841974
8.7420949
8.5058819
8.275449
8.050687
7.8314871
7.6177408
7.4093402
7.2061779
7.0081472
6.8151423
6.6270581
6.4437904
6.2652362
6.0912933
5.9218623
5.7568476
5.5961999
52.990748
52.261138
51.530064
50.797857
50.064846
49.331365
48.597744
47.864318
47.131419
46.399376
45.66852
44.939176
44.211668
43.486315
42.763433
42.043332
41.326318
40.612689
39.902741
39.196757
38.495019
37.797798
37.105358
36.417955
35.735836
35.059239
34.388394
33.723522
33.064833
32.412529
31.766802
31.127834
30.495798
29.870855
29.253159
28.642853
28.040068
27.444929
26.857549
26.278031
25.706469
25.142948
24.587543
24.04032
23.501337
22.97064
22.44827
21.934258
21.428627
20.931392
20.442561
19.962135
19.490106
19.026463
18.571184
18.124245
17.685614
17.255253
16.833122
16.419171
16.013348
15.615595
15.22585
14.844046
14.470111
14.103969
13.745541
13.394743
13.051489
12.715687
12.387245
12.066067
11.752056
11.44511
11.145129
10.852008
10.565644
10.285929
10.012756
9.7460189
9.485608
9.2314147
8.9833297
8.7412436
8.505047
8.2746303
8.0498845
7.8307006
7.6169703
7.4085854
7.2054388
7.0074237
6.8144343
6.6263655
6.4431132
6.2645744
6.0906472
5.9212323
5.7562336
5.5955989
52.996655
52.267009
51.535891
50.80363
50.070556
49.337001
48.603296
47.869776
47.136771
46.404613
45.673629
44.944148
44.216492
43.490981
42.767931
42.047653
41.330454
40.616632
39.906483
39.200294
38.498344
37.800908
37.10825
36.420626
35.738285
35.061467
34.390403
33.725313
33.06641
32.413896
31.767963
31.128796
30.496566
29.871436
29.253561
28.643082
28.040134
27.444839
26.857311
26.277655
25.705963
25.14232
24.586803
24.039476
23.500397
22.969614
22.447166
21.933085
21.427393
20.930105
20.44123
19.960767
19.488709
19.025043
18.569748
18.122799
17.684164
17.253805
16.831679
16.417737
16.011925
15.614187
15.224458
14.842671
14.468755
14.102632
13.744223
13.393445
13.05021
12.714428
12.386006
12.064849
11.750857
11.443932
11.143971
10.85087
10.564526
10.284831
10.011679
9.7449623
9.4845717
9.2303986
8.9823338
8.7402678
8.504091
8.2736942
8.048968
7.8298036
7.6160925
7.4077267
7.204599
7.0066026
6.8136317
6.6255813
6.4423473
6.2638269
6.0899182
5.9205222
5.7555423
5.5949231
53.002474
52.272779
51.541603
50.809276
50.076127
49.342488
48.608691
47.875069
47.141952
46.409672
45.678557
44.948935
44.221128
43.495457
42.772239
42.051783
41.334397
40.620382
39.910033
39.203637
38.501475
37.803822
37.110943
36.423096
35.740531
35.063487
34.392198
33.726884
33.06776
32.415027
31.768881
31.129504
30.49707
29.871743
29.253677
28.643016
28.039892
27.444431
26.856745
26.276939
25.705107
25.141334
24.585694
24.038255
23.499074
22.968197
22.445665
21.931509
21.425752
20.928408
20.439484
19.958982
19.486893
19.023204
18.567894
18.120937
17.6823
17.251944
16.829825
16.415896
16.010101
15.612381
15.222674
14.84091
14.467018
14.10092
13.742537
13.391785
13.048577
12.712822
12.384427
12.063296
11.749332
11.442433
11.142499
10.849426
10.563109
10.283441
10.010317
9.7436268
9.4832633
9.2291171
8.9810791
8.7390397
8.5028894
8.2725188
8.0478186
7.82868
7.6149945
7.406654
7.2035513
7.0055796
6.8126333
6.6246072
6.4413974
6.262901
6.0890167
5.9196451
5.7546893
5.5940913
53.007905
52.278153
51.546914
50.814516
50.081287
49.34756
48.613667
47.87994
47.14671
46.414307
45.683062
44.953299
44.225344
43.499515
42.776131
42.055501
41.337933
40.623729
39.913183
39.206585
38.504215
37.806349
37.113253
36.425186
35.742398
35.06513
34.393616
33.728078
33.06873
32.415777
31.769413
31.129822
30.497179
29.871649
29.253385
28.642533
28.039227
27.44359
26.855738
26.275774
25.703793
25.139881
24.584112
24.036553
23.497261
22.966285
22.443663
21.929426
21.423599
20.926194
20.43722
19.956676
19.484555
19.020842
18.565516
18.11855
17.679911
17.24956
16.827453
16.413539
16.007764
15.610068
15.220387
14.838652
14.46479
14.098724
13.740374
13.389656
13.046481
12.71076
12.3824
12.061304
11.747375
11.440511
11.140613
10.847575
10.561293
10.28166
10.008571
9.7419157
9.4815871
9.2274757
8.9794723
8.7374672
8.5013511
8.2710143
8.0463477
7.8272423
7.6135897
7.4052818
7.2022113
7.0042717
6.8113569
6.6233622
6.4401836
6.2617184
6.0878652
5.9185246
5.7535993
5.5930294
53.012427
52.282611
51.551301
50.818825
50.085512
49.351695
48.617704
47.883872
47.15053
46.418008
45.686636
44.956739
44.228642
43.502665
42.779124
42.058331
41.340594
40.626213
39.915485
39.208699
38.506136
37.808072
37.114775
36.426502
35.743507
35.066029
34.394304
33.728555
33.068996
32.415833
31.769261
31.129466
30.496622
29.870895
29.25244
28.641403
28.037917
27.442109
26.854092
26.273972
25.701844
25.137793
24.581894
24.034216
23.494814
22.963737
22.441025
21.926709
21.420811
20.923347
20.434323
19.953738
19.481585
19.01785
18.56251
18.115539
17.676902
17.24656
16.824467
16.410574
16.004824
15.607157
15.217508
14.835809
14.461985
14.095959
13.73765
13.386974
13.043842
12.708165
12.379848
12.058796
11.744911
11.438093
11.138238
10.845245
10.559007
10.279419
10.006374
9.7397634
9.4794788
9.2254112
8.9774512
8.7354893
8.499416
8.2691217
8.0444971
7.8254335
7.6118221
7.403555
7.200525
7.0026253
6.8097502
6.6217947
6.4386551
6.2602286
6.0864139
5.9171115
5.7522238
5.5916891
53.015655
52.28577
51.554387
50.821833
50.088437
49.354531
48.620446
47.886514
47.153066
46.420432
45.688942
44.958922
44.230696
43.504584
42.780902
42.059962
41.342073
40.627535
39.916644
39.20969
38.506955
37.808715
37.115237
36.426782
35.7436
35.065935
34.39402
33.728081
33.068332
32.414979
31.768218
31.128236
30.495207
29.8693
29.250668
28.639458
28.035805
27.439836
26.851665
26.271397
25.699129
25.134946
24.578925
24.031132
23.491625
22.960452
22.437654
21.923261
21.417296
20.919775
20.430703
19.95008
19.477899
19.014144
18.558793
18.111819
17.673187
17.242858
16.820784
16.406915
16.001196
15.603564
15.213955
14.832298
14.458519
14.092541
13.734281
13.383656
13.040577
12.704953
12.37669
12.055693
11.741862
11.435098
11.135299
10.842361
10.556178
10.276645
10.003655
9.7370984
9.4768681
9.2228545
8.9749482
8.7330396
8.4970192
8.2667774
8.0422048
7.8231926
7.6096322
7.4014156
7.1984354
7.0005851
6.8077589
6.6198518
6.4367602
6.2583813
6.0846139
5.9153582
5.750516
5.5900249
53.017303
52.287354
51.555902
50.823276
50.089804
49.355817
48.621647
47.887626
47.154085
46.421354
45.689762
44.959636
44.231299
43.505071
42.781269
42.060206
41.342188
40.627517
39.91649
39.209395
38.506517
37.80813
37.114502
36.425894
35.742557
35.064735
34.392662
33.726563
33.066654
32.413141
31.766221
31.12608
30.492895
29.866833
29.248049
28.636691
28.032895
27.436786
26.84848
26.268084
25.695693
25.131395
24.575265
24.02737
23.48777
22.956512
22.433637
21.919175
21.413151
20.915579
20.426465
19.94581
19.473604
19.009833
18.554475
18.107501
17.668877
17.238563
16.816511
16.40267
15.996984
15.59939
15.209824
14.828213
14.454484
14.088559
13.730355
13.379787
13.036766
12.701202
12.373
12.052064
11.738296
11.431595
11.131858
10.838983
10.552863
10.273393
10.000465
9.7339719
9.473804
9.2198526
8.972008
8.7301609
8.4942013
8.2640199
8.0395073
7.8205545
7.6070529
7.3988945
7.1959721
6.9981789
6.8054092
6.6175581
6.434522
6.2561981
6.082485
5.9132827
5.7484929
5.5880523
53.017188
52.287172
51.555652
50.822955
50.08941
49.355348
48.621101
47.886999
47.153375
46.420559
45.688879
44.958661
44.230229
43.503904
42.780003
42.058836
41.340713
40.625934
39.914795
39.207587
38.504593
37.806088
37.11234
36.42361
35.74015
35.062203
34.390005
33.723779
33.063744
32.410105
31.763058
31.122792
30.489483
29.863299
29.244396
28.63292
28.029009
27.432789
26.844377
26.263878
25.69139
25.126999
24.570782
24.022807
23.483133
22.951808
22.428872
21.914358
21.408289
20.910679
20.421535
19.940857
19.468636
19.004859
18.549501
18.102535
17.663926
17.233632
16.811608
16.397801
15.992154
15.594604
15.205086
14.823529
14.449856
14.08399
13.725847
13.375343
13.032389
12.696892
12.368759
12.047893
11.734195
11.427565
11.1279
10.835096
10.549049
10.26965
9.9967943
9.7303723
9.4702757
9.2163951
8.9686211
8.726844
8.4909542
8.2608419
8.0363978
7.817513
7.6040788
7.3959872
7.1931308
6.9954031
6.8026982
6.6149114
6.4319387
6.2536776
6.0800266
5.9108853
5.7461551
5.5857726
53.015961
52.285892
51.554318
50.821566
50.087965
49.353846
48.619539
47.885377
47.151691
46.418811
45.687064
44.956779
44.228277
43.501881
42.777905
42.056663
41.338462
40.623604
39.912384
39.205094
38.502015
37.803423
37.109588
36.42077
35.73722
35.059183
34.386893
33.720577
33.060449
32.406718
31.75958
31.119223
30.485824
29.859549
29.240558
28.628995
28.025
27.428697
26.840204
26.259628
25.687065
25.122604
24.56632
24.018282
23.478549
22.94717
22.424186
21.909629
21.403522
20.905879
20.416709
19.936011
19.463776
18.99999
18.54463
18.097667
17.659067
17.228789
16.806785
16.393004
15.987387
15.589874
15.200395
14.818881
14.445256
14.07944
13.721352
13.370904
13.028007
12.692571
12.3645
12.043697
11.730063
11.423498
11.123899
10.831162
10.545181
10.26585
9.9930615
9.726707
9.4666779
9.2128648
8.9651582
8.7234482
8.4876252
8.2575796
8.0332018
7.8143828
7.6010141
7.3929876
7.1901958
6.9925322
6.799891
6.6121672
6.429257
6.2510578
6.0774678
5.9083866
5.7437153
5.5833901
53.013039
52.282921
51.5513
50.818501
50.084854
49.350689
48.616337
47.882129
47.148397
46.415469
45.683674
44.953339
44.224787
43.498339
42.77431
42.053014
41.334758
40.619844
39.908568
39.201219
38.498081
37.79943
37.105534
36.416653
35.733041
35.054941
34.382589
33.716209
33.056018
32.402225
31.755025
31.114606
30.481147
29.854814
29.235765
28.624147
28.020098
27.423745
26.835204
26.254582
25.681977
25.117476
24.561156
24.013085
23.473322
22.941917
22.41891
21.904333
21.39821
20.900555
20.411377
19.930675
19.45844
18.994657
18.539305
18.092355
17.653771
17.223512
16.801532
16.387779
15.982194
15.584715
15.195275
14.813803
14.440222
14.074455
13.716416
13.366022
13.023181
12.687802
12.35979
12.039048
11.725477
11.418976
11.119442
10.826772
10.540858
10.261596
9.9888765
9.7225922
9.4626339
9.2088922
8.9612575
8.71962
8.4838698
8.2538972
8.0295927
7.8108472
7.597552
7.3895988
7.1868804
6.9892899
6.7967215
6.6090703
6.4262322
6.2481044
6.0745852
5.9055739
5.7409714
5.5807141
53.011006
52.280909
51.549306
50.816522
50.082885
49.348725
48.614372
47.880157
47.14641
46.413461
45.681639
44.95127
44.222678
43.496184
42.772104
42.050751
41.332433
40.617453
39.906108
39.198687
38.495476
37.796751
37.10278
36.413825
35.730138
35.051963
34.379537
33.713084
33.052821
32.398956
31.751685
31.111197
30.477669
29.851269
29.232153
28.62047
28.016356
27.419938
26.831334
26.250651
25.677985
25.113425
24.557048
24.008923
23.469108
22.937653
22.4146
21.89998
21.393816
20.896126
20.406915
19.926183
19.453922
18.990117
18.534746
18.087781
17.649185
17.218919
16.796934
16.383179
15.977596
15.580122
15.190691
14.809231
14.435666
14.069917
13.711901
13.361531
13.018718
12.683369
12.35539
12.034683
11.721149
11.414686
11.115193
10.822564
10.536694
10.257476
9.9848026
9.7185655
9.4586558
9.2049639
8.9573801
8.7157945
8.4800974
8.2501788
8.0259292
7.8072395
7.5940009
7.3861053
7.183445
6.9859132
6.7934042
6.6058127
6.4230347
6.2449673
6.0715085
5.9025575
5.7380151
5.5778171
53.006595
52.276523
51.544939
50.812168
50.078537
49.344375
48.610014
47.875784
47.142016
46.40904
45.677184
44.946776
44.21814
43.491596
42.767464
42.046054
41.327677
40.612634
39.901223
39.193736
38.490455
37.791658
37.097614
36.408584
35.724821
35.04657
34.374067
33.707537
33.047197
32.393255
31.745908
31.105344
30.471741
29.845266
29.226077
28.614321
28.010136
27.413648
26.824975
26.244224
25.671491
25.106865
24.550423
24.002233
23.462355
22.930839
22.407726
21.893048
21.386829
20.889085
20.399824
19.919046
19.446743
18.9829
18.527497
18.080505
17.641889
17.211608
16.789616
16.37586
15.970282
15.57282
15.183406
14.801968
14.428431
14.062716
13.704738
13.354412
13.011648
12.676354
12.348434
12.027792
11.714327
11.407939
11.108525
10.815979
10.530195
10.251067
9.9784873
9.7123458
9.4525338
9.1989414
8.9514585
8.709975
8.4743805
8.244565
8.0204186
7.801832
7.5886962
7.3809027
7.1783438
6.9809127
6.7885031
6.60101
6.4183291
6.2403574
6.0669929
5.8981349
5.7336841
5.5735769
53.005763
52.275531
51.543793
50.810874
50.077103
49.34281
48.608325
47.87398
47.140106
46.407032
45.675087
44.944597
44.215885
43.489274
42.765078
42.043611
41.32518
40.610087
39.898628
39.191095
38.48777
37.788929
37.094841
36.405768
35.72196
35.043664
34.371113
33.704533
33.044143
32.390147
31.742745
31.102124
30.468461
29.841925
29.222673
28.610852
28.0066
27.410045
26.821304
26.240483
25.667681
25.102985
24.546474
23.998215
23.458268
22.926684
22.403502
21.888757
21.382471
20.884661
20.395333
19.914489
19.442121
18.978214
18.522746
18.075689
17.637009
17.206665
16.78461
16.370794
15.965158
15.56764
15.178174
14.796688
14.423108
14.057352
13.69934
13.348983
13.006192
12.670876
12.342939
12.022283
11.70881
11.402417
11.103002
10.81046
10.524684
10.245568
9.9730035
9.7068817
9.4470931
9.1935278
8.9460758
8.7046265
8.4690698
8.2392953
8.0151931
7.7966537
7.5835678
7.375827
7.1733232
6.9759494
6.7835992
6.5961673
6.4135492
6.2356415
6.062342
5.8935494
5.729164
5.5691216
)
;

boundaryField
{
    inlet
    {
        type            fixedValue;
        value           uniform 750;
    }
    top
    {
        type            zeroGradient;
    }
    outlet
    {
        type            zeroGradient;
    }
    slipsurface
    {
        type            slip;
    }
    bottom
    {
        type            omegaWallFunction;
        blending        binomial;
        n               2;
        value           nonuniform List<scalar> 
100
(
7569.0997
7590.8072
7571.1046
7538.1503
7512.562
7498.0749
7491.1183
7487.7282
7485.8491
7484.6253
7483.6799
7482.869
7482.1624
7481.551
7481.0209
7480.559
7480.1556
7479.8012
7479.486
7479.2035
7478.9498
7478.7208
7478.5126
7478.3228
7478.1494
7477.9904
7477.8438
7477.7087
7477.5839
7477.4684
7477.3614
7477.2622
7477.1702
7477.0849
7477.0058
7476.9326
7476.8649
7476.8024
7476.7449
7476.6924
7476.6447
7476.6018
7476.5636
7476.5302
7476.5016
7476.4784
7476.4602
7476.4479
7476.4414
7476.4405
7476.445
7476.4546
7476.469
7476.487
7476.5079
7476.531
7476.5549
7476.5775
7476.5969
7476.6116
7476.6214
7476.6265
7476.6272
7476.6242
7476.6184
7476.6104
7476.6009
7476.5903
7476.5792
7476.5676
7476.5559
7476.5442
7476.5325
7476.5209
7476.5094
7476.4981
7476.487
7476.4756
7476.4639
7476.4521
7476.4403
7476.4283
7476.4163
7476.4042
7476.392
7476.3797
7476.3673
7476.3547
7476.3421
7476.3294
7476.3166
7476.3038
7476.2909
7476.2779
7476.265
7476.2513
7476.2392
7476.222
7476.2119
7476.1855
)
;
    }
    frontandback
    {
        type            empty;
    }
}


// ************************************************************************* //
