# Region            : all region0
# Cells             : 3000
# Volume            : 1.395979868100e-03
# Time              	max(p)	max(k)	max(omega)	max(nut)	max(epsilon)	max(nuTilda)
1                   	4.581705759223e-01	1.300434976594e-02	8.678749773076e-03	1.787493572586e-02
2                   	4.240589249426e-01	1.119849116758e-02	2.603126312179e-05	1.415659149725e+00
3                   	4.607755542441e-01	3.190352146572e-02	2.030939898929e-03	1.131266704778e+00
4                   	4.474150588200e-01	3.209084907699e-02	1.650726802210e-03	5.439809251656e+00
5                   	3.954779649595e-01	3.262913663222e-02	5.383309445432e-04	5.487790829428e+00
6                   	3.815568761413e-01	3.225591893009e-02	3.543106770597e-05	5.626445432759e+00
7                   	3.761076834894e-01	3.163206115911e-02	2.357586271667e-03	5.530187623097e+00
8                   	3.925221566025e-01	3.176299868729e-02	3.883665211700e-05	5.370527874464e+00
9                   	3.882152656543e-01	3.154468246492e-02	3.011684244732e-03	5.403908445957e+00
10                  	4.039556526035e-01	3.158040898938e-02	4.127738092378e-05	5.348290365671e+00
11                  	4.042872218653e-01	3.149830393588e-02	3.092983823067e-03	5.357378898334e+00
12                  	4.204765523975e-01	3.152181059494e-02	4.211790281920e-05	5.336499726516e+00
13                  	4.279217026649e-01	3.148662034836e-02	4.289413265617e-03	5.342474652075e+00
14                  	4.515679134768e-01	3.149562530254e-02	4.087951047059e-05	5.333530820022e+00
15                  	4.641993402049e-01	3.149586088334e-02	2.299884971115e-03	5.335819012620e+00
16                  	4.890049213100e-01	3.149856279859e-02	3.805350732465e-05	5.335878878975e+00
17                  	5.091685126965e-01	3.148521509182e-02	2.046061307824e-03	5.336565512136e+00
18                  	5.412809146308e-01	3.148277511970e-02	5.731001607844e-05	5.333173768581e+00
19                  	5.659715358596e-01	3.148276633265e-02	6.470390909243e-04	5.332553832691e+00
20                  	5.996333396783e-01	3.147448199529e-02	8.571856796694e-05	5.332551600166e+00
21                  	6.288013877470e-01	3.146923096610e-02	1.507147725261e-03	5.330446936791e+00
22                  	6.663029157915e-01	3.146318964073e-02	1.191743871093e-04	5.329113038825e+00
23                  	6.970316220701e-01	3.146673332259e-02	1.831808761566e-04	5.327578522746e+00
24                  	7.333553996374e-01	3.146063553345e-02	1.566887748206e-04	5.328478611476e+00
25                  	7.657080237757e-01	3.145593995172e-02	1.774139579486e-04	5.326929815586e+00
26                  	8.033081762790e-01	3.145293419370e-02	1.980429161191e-04	5.325737272879e+00
27                  	8.350937329052e-01	3.145238372053e-02	2.192925450767e-04	5.324973943515e+00
28                  	8.721947406939e-01	3.145013986183e-02	2.406699969243e-04	5.324834151669e+00
29                  	9.028797454423e-01	3.144903605786e-02	2.618484207800e-04	5.324264339738e+00
30                  	9.397225950682e-01	3.144793826505e-02	2.823887597966e-04	5.323984044043e+00
31                  	9.683719973129e-01	3.144751617747e-02	3.027612286074e-04	5.323705279677e+00
32                  	1.004945935173e+00	3.144689912807e-02	3.214336228758e-04	5.323598099567e+00
33                  	1.031583924680e+00	3.144679255231e-02	3.401977479818e-04	5.323441414367e+00
34                  	1.068281252251e+00	3.144639879440e-02	3.576799309261e-04	5.323414352112e+00
35                  	1.091931762306e+00	3.144637295132e-02	3.737099828688e-04	5.323314367512e+00
36                  	1.129582666280e+00	3.144613034182e-02	3.892368963327e-04	5.323307805357e+00
37                  	1.151072530349e+00	3.144616774587e-02	4.060411611993e-04	5.323246201308e+00
38                  	1.188869408605e+00	3.144600886495e-02	4.207032787344e-04	5.323255699028e+00
39                  	1.207027198885e+00	3.144606912488e-02	4.353948399120e-04	5.323215355671e+00
40                  	1.246543747698e+00	3.144596388857e-02	4.505710285453e-04	5.323230656981e+00
41                  	1.261847794619e+00	3.144602263185e-02	4.670855450598e-04	5.323203935196e+00
42                  	1.300498313206e+00	3.144594922329e-02	4.824606716877e-04	5.323218851385e+00
43                  	1.311767233658e+00	3.144598161664e-02	4.985899114475e-04	5.323200211368e+00
44                  	1.351627488258e+00	3.144592364591e-02	5.158769806593e-04	5.323208436735e+00
45                  	1.358766778158e+00	3.144594820017e-02	5.338230538144e-04	5.323193716723e+00
46                  	1.395641908271e+00	3.144590288466e-02	5.523243096437e-04	5.323199951575e+00
47                  	1.397910970688e+00	3.144592715444e-02	5.713250029010e-04	5.323188445001e+00
48                  	1.428533880774e+00	3.144589326821e-02	5.916509520058e-04	5.323194607614e+00
49                  	1.421404597222e+00	3.144590846439e-02	6.146157488145e-04	5.323186003181e+00
50                  	1.440143623080e+00	3.144588561503e-02	6.376722845107e-04	5.323189861813e+00
51                  	1.430280772445e+00	3.144589456364e-02	6.624411316349e-04	5.323184059874e+00
52                  	1.439644718155e+00	3.144587831930e-02	6.894889540801e-04	5.323186332118e+00
53                  	1.420207248347e+00	3.144588396101e-02	7.179568458952e-04	5.323182207336e+00
54                  	1.408392390516e+00	3.144587159013e-02	7.446544698236e-04	5.323183639885e+00
55                  	1.369553267324e+00	3.144587520342e-02	7.782105255906e-04	5.323180498657e+00
56                  	1.328831528833e+00	3.144586568416e-02	8.116084310990e-04	5.323181416147e+00
57                  	1.281758785727e+00	3.144586773161e-02	8.536275959441e-04	5.323178999007e+00
58                  	1.219891364397e+00	3.144586065575e-02	8.943762038620e-04	5.323179518898e+00
59                  	1.177798466590e+00	3.144586140216e-02	9.370310786107e-04	5.323177722188e+00
60                  	1.117592063313e+00	3.144585609194e-02	9.825286144017e-04	5.323177911716e+00
61                  	1.091148008060e+00	3.144585639960e-02	1.035220098376e-03	5.323176563340e+00
62                  	1.067608337920e+00	3.144585242294e-02	1.105491292069e-03	5.323176641460e+00
63                  	1.056792799593e+00	3.144585248218e-02	1.187410210620e-03	5.323175631703e+00
64                  	1.051490200910e+00	3.144584943252e-02	1.254458923511e-03	5.323175646745e+00
65                  	1.047952380804e+00	3.144584931994e-02	1.302228844462e-03	5.323174872374e+00
66                  	1.044909088273e+00	3.144584698225e-02	1.334922323086e-03	5.323174843787e+00
67                  	1.042017883323e+00	3.144584674200e-02	1.356764647129e-03	5.323174250197e+00
68                  	1.039170916091e+00	3.144584494335e-02	1.369655146295e-03	5.323174189194e+00
69                  	1.036309935759e+00	3.144584465443e-02	1.375623621655e-03	5.323173732477e+00
70                  	1.033407615371e+00	3.144584326550e-02	1.376262796620e-03	5.323173659116e+00
71                  	1.030456894984e+00	3.144584296903e-02	1.372501311600e-03	5.323173306436e+00
72                  	1.027469901310e+00	3.144584190315e-02	1.365335971253e-03	5.323173231158e+00
73                  	1.024465702028e+00	3.144584161808e-02	1.354388166389e-03	5.323172960507e+00
74                  	1.021469233827e+00	3.144584078323e-02	1.341142743445e-03	5.323172888121e+00
75                  	1.018504461878e+00	3.144584052813e-02	1.324955423624e-03	5.323172676136e+00
76                  	1.015595671940e+00	3.144583989234e-02	1.306482389962e-03	5.323172611360e+00
77                  	1.012764727328e+00	3.144583966392e-02	1.286255062586e-03	5.323172449920e+00
78                  	1.010032294792e+00	3.144583916688e-02	1.264658555567e-03	5.323172391921e+00
79                  	1.007416172934e+00	3.144583896712e-02	1.242085479073e-03	5.323172265712e+00
80                  	1.004932460184e+00	3.144583857914e-02	1.218877850908e-03	5.323172214988e+00
81                  	1.002594398638e+00	3.144583841036e-02	1.195319555737e-03	5.323172116472e+00
82                  	1.000413267470e+00	3.144583810587e-02	1.171651682896e-03	5.323172073614e+00
83                  	9.983976755940e-01	3.144583796439e-02	1.148073343288e-03	5.323171996297e+00
84                  	9.965542390033e-01	3.144583773047e-02	1.124689062549e-03	5.323171960373e+00
85                  	9.948871412238e-01	3.144583760726e-02	1.101614719820e-03	5.323171900976e+00
86                  	9.933987502563e-01	3.144583741919e-02	1.078957980753e-03	5.323171869692e+00
87                  	9.920892649751e-01	3.144583731777e-02	1.056795472650e-03	5.323171821935e+00
88                  	9.909572166833e-01	3.144583717243e-02	1.035185681429e-03	5.323171796183e+00
89                  	9.899992923921e-01	3.144583708956e-02	1.014185500776e-03	5.323171759279e+00
90                  	9.892105365171e-01	3.144583697577e-02	9.938499510883e-04	5.323171738235e+00
91                  	9.885845832576e-01	3.144583690391e-02	9.742727025254e-04	5.323171709343e+00
92                  	9.881135923558e-01	3.144583681272e-02	9.554910228041e-04	5.323171691095e+00
93                  	9.877886150615e-01	3.144583675383e-02	9.375788747640e-04	5.323171667940e+00
94                  	9.875995864805e-01	3.144583668118e-02	9.206178580462e-04	5.323171652986e+00
95                  	9.875347600244e-01	3.144583663286e-02	9.046138823217e-04	5.323171634541e+00
96                  	9.875830552844e-01	3.144583657723e-02	8.897877494763e-04	5.323171622271e+00
97                  	9.877315453997e-01	3.144583653827e-02	8.819236577100e-04	5.323171608146e+00
98                  	9.879673189540e-01	3.144583649099e-02	8.820984717354e-04	5.323171598252e+00
99                  	9.882772449009e-01	3.144583645824e-02	8.825330340627e-04	5.323171586247e+00
100                 	9.886483135236e-01	3.144583642098e-02	8.831046028270e-04	5.323171577932e+00
101                 	9.890677810001e-01	3.144583639559e-02	8.837784168390e-04	5.323171568469e+00
102                 	9.895235265697e-01	3.144583636646e-02	8.845251922582e-04	5.323171562023e+00
103                 	9.900042079540e-01	3.144583634486e-02	8.853157882067e-04	5.323171554625e+00
104                 	9.904993812151e-01	3.144583632132e-02	8.861215888968e-04	5.323171549142e+00
105                 	9.909995802647e-01	3.144583630304e-02	8.869168239859e-04	5.323171543163e+00
106                 	9.914964201130e-01	3.144583628407e-02	8.876842780038e-04	5.323171538521e+00
107                 	9.919826313766e-01	3.144583626901e-02	8.884633514956e-04	5.323171533706e+00
108                 	9.924521026895e-01	3.144583625378e-02	8.892066898903e-04	5.323171529880e+00
109                 	9.928998175088e-01	3.144583624161e-02	8.898970583233e-04	5.323171526015e+00
110                 	9.933217644343e-01	3.144583622941e-02	8.905274421364e-04	5.323171522924e+00
111                 	9.937152070673e-01	3.144583621968e-02	8.910936324976e-04	5.323171519826e+00
112                 	9.940778101759e-01	3.144583621023e-02	8.915935604259e-04	5.323171517356e+00
113                 	9.944085814779e-01	3.144583620069e-02	8.920265167385e-04	5.323171514957e+00
114                 	9.947071684622e-01	3.144583619218e-02	8.923954915522e-04	5.323171512534e+00
115                 	9.949731580203e-01	3.144583618483e-02	8.927049406553e-04	5.323171510373e+00
116                 	9.952072053290e-01	3.144583618036e-02	8.929601413486e-04	5.323171508506e+00
117                 	9.954103524307e-01	3.144583617495e-02	8.931665021075e-04	5.323171507371e+00
118                 	9.955840166128e-01	3.144583616775e-02	8.933346726405e-04	5.323171505996e+00
119                 	9.957299098256e-01	3.144583616234e-02	8.934918452257e-04	5.323171504169e+00
120                 	9.958498881613e-01	3.144583615855e-02	8.936109608870e-04	5.323171502794e+00
121                 	9.959460053459e-01	3.144583615535e-02	8.936974440567e-04	5.323171501834e+00
122                 	9.960203859168e-01	3.144583615202e-02	8.937565001543e-04	5.323171501020e+00
123                 	9.960752520815e-01	3.144583614909e-02	8.937930067820e-04	5.323171500175e+00
124                 	9.961128427144e-01	3.144583614579e-02	8.938114240147e-04	5.323171499432e+00
125                 	9.961350599556e-01	3.144583614331e-02	8.938157260287e-04	5.323171498594e+00
126                 	9.961443110979e-01	3.144583614072e-02	8.938093962513e-04	5.323171497964e+00
127                 	9.961425241769e-01	3.144583613808e-02	8.937954313591e-04	5.323171497306e+00
128                 	9.961314837645e-01	3.144583613645e-02	8.937763363622e-04	5.323171496634e+00
129                 	9.961128904310e-01	3.144583613499e-02	8.937541570347e-04	5.323171496222e+00
130                 	9.960883889563e-01	3.144583613423e-02	8.937305651447e-04	5.323171495850e+00
131                 	9.960594493679e-01	3.144583613277e-02	8.937068443178e-04	5.323171495658e+00
132                 	9.960273637897e-01	3.144583613155e-02	8.936839912727e-04	5.323171495288e+00
133                 	9.959932698487e-01	3.144583613018e-02	8.936626714467e-04	5.323171494977e+00
134                 	9.959581648568e-01	3.144583612893e-02	8.936434052414e-04	5.323171494629e+00
135                 	9.959229078534e-01	3.144583612821e-02	8.936263067568e-04	5.323171494311e+00
136                 	9.958882061334e-01	3.144583612699e-02	8.936115151821e-04	5.323171494129e+00
137                 	9.958546445114e-01	3.144583612689e-02	8.935990227099e-04	5.323171493819e+00
138                 	9.958226935618e-01	3.144583612570e-02	8.935887040183e-04	5.323171493793e+00
139                 	9.957927151132e-01	3.144583612480e-02	8.935803859065e-04	5.323171493491e+00
140                 	9.957649459781e-01	3.144583612424e-02	8.935738643988e-04	5.323171493264e+00
141                 	9.957395043654e-01	3.144583612342e-02	8.935689136204e-04	5.323171493121e+00
142                 	9.957166272422e-01	3.144583612328e-02	8.935652846160e-04	5.323171492912e+00
143                 	9.956962463762e-01	3.144583612348e-02	8.935627415748e-04	5.323171492877e+00
144                 	9.956783262607e-01	3.144583612334e-02	8.935610789331e-04	5.323171492927e+00
145                 	9.956627980300e-01	3.144583612307e-02	8.935601127488e-04	5.323171492891e+00
146                 	9.956495506856e-01	3.144583612263e-02	8.935596736306e-04	5.323171492825e+00
147                 	9.956384437700e-01	3.144583612233e-02	8.935596142700e-04	5.323171492713e+00
148                 	9.956293139309e-01	3.144583612209e-02	8.935598148366e-04	5.323171492635e+00
149                 	9.956219846957e-01	3.144583612188e-02	8.935601784378e-04	5.323171492575e+00
150                 	9.956162769414e-01	3.144583612169e-02	8.935606298044e-04	5.323171492521e+00
151                 	9.956120013951e-01	3.144583612131e-02	8.935611135701e-04	5.323171492473e+00
152                 	9.956089722138e-01	3.144583612104e-02	8.935615896238e-04	5.323171492376e+00
153                 	9.956070268371e-01	3.144583612135e-02	8.935620299765e-04	5.323171492309e+00
154                 	9.956059858864e-01	3.144583612105e-02	8.935624188342e-04	5.323171492386e+00
155                 	9.956060107546e-01	3.144583612110e-02	8.935627477929e-04	5.323171492311e+00
156                 	9.956059826748e-01	3.144583612088e-02	8.935630148897e-04	5.323171492324e+00
157                 	9.956065554685e-01	3.144583612113e-02	8.935632256248e-04	5.323171492268e+00
158                 	9.956078802125e-01	3.144583612084e-02	8.935633853690e-04	5.323171492331e+00
159                 	9.956093468593e-01	3.144583612064e-02	8.935634995376e-04	5.323171492259e+00
160                 	9.956109173817e-01	3.144583612045e-02	8.935635750086e-04	5.323171492207e+00
161                 	9.956125759688e-01	3.144583612030e-02	8.935636217004e-04	5.323171492159e+00
162                 	9.956142710180e-01	3.144583612026e-02	8.935636459984e-04	5.323171492121e+00
163                 	9.956159485693e-01	3.144583612008e-02	8.935636542634e-04	5.323171492109e+00
164                 	9.956175673672e-01	3.144583612006e-02	8.935636518315e-04	5.323171492066e+00
165                 	9.956190991841e-01	3.144583612051e-02	8.935636426669e-04	5.323171492059e+00
166                 	9.956205184200e-01	3.144583611997e-02	8.935636296333e-04	5.323171492175e+00
167                 	9.956218171143e-01	3.144583611983e-02	8.935636153086e-04	5.323171492038e+00
168                 	9.956229810818e-01	3.144583611981e-02	8.935636009570e-04	5.323171492002e+00
169                 	9.956240136262e-01	3.144583612012e-02	8.935635872718e-04	5.323171491997e+00
170                 	9.956249097010e-01	3.144583611958e-02	8.935635746294e-04	5.323171492074e+00
171                 	9.956256651964e-01	3.144583611951e-02	8.935635630454e-04	5.323171491937e+00
172                 	9.956263317422e-01	3.144583611979e-02	8.935635524067e-04	5.323171491919e+00
173                 	9.956268617339e-01	3.144583611945e-02	8.935635433603e-04	5.323171491991e+00
174                 	9.956272947475e-01	3.144583611963e-02	8.935635351329e-04	5.323171491906e+00
175                 	9.956276084283e-01	3.144583611958e-02	8.935635277815e-04	5.323171491950e+00
176                 	9.956276173946e-01	3.144583611936e-02	8.935635226131e-04	5.323171491939e+00
177                 	9.956283204914e-01	3.144583611994e-02	8.935635189141e-04	5.323171491883e+00
178                 	9.956283197757e-01	3.144583611981e-02	8.935635142856e-04	5.323171492028e+00
179                 	9.956283090309e-01	3.144583611976e-02	8.935635104828e-04	5.323171491996e+00
180                 	9.956283060000e-01	3.144583611963e-02	8.935635078733e-04	5.323171491984e+00
181                 	9.956282980937e-01	3.144583611969e-02	8.935635055091e-04	5.323171491951e+00
182                 	9.956282985012e-01	3.144583611995e-02	8.935635034960e-04	5.323171491966e+00
183                 	9.956283090312e-01	3.144583611980e-02	8.935635018624e-04	5.323171492033e+00
184                 	9.956283110397e-01	3.144583611983e-02	8.935634987872e-04	5.323171491993e+00
185                 	9.956283374601e-01	3.144583611963e-02	8.935634942926e-04	5.323171492001e+00
186                 	9.956283374509e-01	3.144583611954e-02	8.935634897061e-04	5.323171491950e+00
187                 	9.956283328432e-01	3.144583611961e-02	8.935634845528e-04	5.323171491927e+00
188                 	9.956279738980e-01	3.144583611966e-02	8.935634795170e-04	5.323171491945e+00
189                 	9.956279739696e-01	3.144583611987e-02	8.935634765391e-04	5.323171491959e+00
190                 	9.956279738311e-01	3.144583611965e-02	8.935634747891e-04	5.323171492011e+00
191                 	9.956279795110e-01	3.144583611933e-02	8.935634735838e-04	5.323171491956e+00
192                 	9.956279846110e-01	3.144583611988e-02	8.935634726903e-04	5.323171491874e+00
193                 	9.956279905659e-01	3.144583611969e-02	8.935634723639e-04	5.323171492014e+00
194                 	9.956279907081e-01	3.144583611981e-02	8.935634720601e-04	5.323171491967e+00
195                 	9.956276673114e-01	3.144583611973e-02	8.935634726189e-04	5.323171491996e+00
196                 	9.956276672163e-01	3.144583611957e-02	8.935634749542e-04	5.323171491976e+00
197                 	9.956276666863e-01	3.144583611944e-02	8.935634778149e-04	5.323171491934e+00
198                 	9.956276668408e-01	3.144583611943e-02	8.935634807171e-04	5.323171491903e+00
199                 	9.956280726390e-01	3.144583611990e-02	8.935634824523e-04	5.323171491900e+00
200                 	9.956280726751e-01	3.144583611972e-02	8.935634814133e-04	5.323171492020e+00
201                 	9.956276155627e-01	3.144583611972e-02	8.935634801061e-04	5.323171491974e+00
202                 	9.956276156048e-01	3.144583611969e-02	8.935634808525e-04	5.323171491972e+00
203                 	9.956276137611e-01	3.144583611958e-02	8.935634825124e-04	5.323171491965e+00
204                 	9.956276138262e-01	3.144583611946e-02	8.935634844798e-04	5.323171491938e+00
205                 	9.956280755694e-01	3.144583611968e-02	8.935634851223e-04	5.323171491907e+00
206                 	9.956280750655e-01	3.144583611953e-02	8.935634830746e-04	5.323171491964e+00
207                 	9.956276132237e-01	3.144583611963e-02	8.935634810003e-04	5.323171491926e+00
208                 	9.956276140162e-01	3.144583611970e-02	8.935634814450e-04	5.323171491952e+00
209                 	9.956276150016e-01	3.144583611965e-02	8.935634830842e-04	5.323171491969e+00
210                 	9.956279637192e-01	3.144583611960e-02	8.935634840936e-04	5.323171491956e+00
211                 	9.956279637943e-01	3.144583611929e-02	8.935634828645e-04	5.323171491944e+00
212                 	9.956279648397e-01	3.144583611916e-02	8.935634810656e-04	5.323171491863e+00
213                 	9.956275412083e-01	3.144583611928e-02	8.935634804053e-04	5.323171491831e+00
214                 	9.956275411333e-01	3.144583611970e-02	8.935634817976e-04	5.323171491861e+00
215                 	9.956279018629e-01	3.144583611964e-02	8.935634832428e-04	5.323171491969e+00
216                 	9.956279017177e-01	3.144583611964e-02	8.935634832831e-04	5.323171491952e+00
217                 	9.956279012868e-01	3.144583611967e-02	8.935634825462e-04	5.323171491954e+00
218                 	9.956279025970e-01	3.144583611987e-02	8.935634814053e-04	5.323171491961e+00
219                 	9.956275514165e-01	3.144583611942e-02	8.935634813303e-04	5.323171492012e+00
220                 	9.956275525872e-01	3.144583611934e-02	8.935634834712e-04	5.323171491898e+00
221                 	9.956278965529e-01	3.144583611944e-02	8.935634857609e-04	5.323171491876e+00
222                 	9.956278968413e-01	3.144583611949e-02	8.935634863553e-04	5.323171491902e+00
223                 	9.956279008161e-01	3.144583611940e-02	8.935634860955e-04	5.323171491916e+00
224                 	9.956279007732e-01	3.144583611947e-02	8.935634853404e-04	5.323171491893e+00
225                 	9.956275572196e-01	3.144583611962e-02	8.935634853149e-04	5.323171491910e+00
226                 	9.956275581538e-01	3.144583611975e-02	8.935634869539e-04	5.323171491949e+00
227                 	9.956278897423e-01	3.144583611947e-02	8.935634886041e-04	5.323171491980e+00
228                 	9.956278887518e-01	3.144583611944e-02	8.935634885963e-04	5.323171491911e+00
229                 	9.956278869326e-01	3.144583611914e-02	8.935634874930e-04	5.323171491903e+00
230                 	9.956278846375e-01	3.144583611912e-02	8.935634862357e-04	5.323171491827e+00
231                 	9.956275876239e-01	3.144583611962e-02	8.935634856122e-04	5.323171491820e+00
232                 	9.956275851641e-01	3.144583611989e-02	8.935634865111e-04	5.323171491948e+00
233                 	9.956275854496e-01	3.144583612000e-02	8.935634884784e-04	5.323171492016e+00
234                 	9.956280408497e-01	3.144583611974e-02	8.935634896944e-04	5.323171492046e+00
235                 	9.956280424785e-01	3.144583611964e-02	8.935634882052e-04	5.323171491978e+00
236                 	9.956276473429e-01	3.144583611949e-02	8.935634863093e-04	5.323171491953e+00
237                 	9.956276473844e-01	3.144583611963e-02	8.935634864566e-04	5.323171491916e+00
238                 	9.956276480172e-01	3.144583611971e-02	8.935634874460e-04	5.323171491950e+00
239                 	9.956276486652e-01	3.144583611975e-02	8.935634886712e-04	5.323171491971e+00
240                 	9.956280266270e-01	3.144583611977e-02	8.935634888515e-04	5.323171491980e+00
241                 	9.956280332630e-01	3.144583611983e-02	8.935634868525e-04	5.323171491986e+00
242                 	9.956276770688e-01	3.144583611960e-02	8.935634845854e-04	5.323171492003e+00
243                 	9.956276878767e-01	3.144583611960e-02	8.935634839153e-04	5.323171491943e+00
244                 	9.956276890547e-01	3.144583611932e-02	8.935634839665e-04	5.323171491943e+00
245                 	9.956276890605e-01	3.144583611903e-02	8.935634845038e-04	5.323171491872e+00
246                 	9.956279504740e-01	3.144583611935e-02	8.935634846075e-04	5.323171491798e+00
247                 	9.956279505242e-01	3.144583611957e-02	8.935634830908e-04	5.323171491881e+00
248                 	9.956279510805e-01	3.144583611969e-02	8.935634807261e-04	5.323171491935e+00
249                 	9.956275663263e-01	3.144583611963e-02	8.935634791703e-04	5.323171491966e+00
250                 	9.956275684795e-01	3.144583611982e-02	8.935634799583e-04	5.323171491951e+00
251                 	9.956275853403e-01	3.144583612005e-02	8.935634818338e-04	5.323171491999e+00
252                 	9.956280462099e-01	3.144583611995e-02	8.935634830422e-04	5.323171492057e+00
253                 	9.956280459148e-01	3.144583611915e-02	8.935634816734e-04	5.323171492031e+00
254                 	9.956276442164e-01	3.144583611955e-02	8.935634800914e-04	5.323171491829e+00
255                 	9.956276446186e-01	3.144583611969e-02	8.935634804772e-04	5.323171491930e+00
256                 	9.956276444334e-01	3.144583611938e-02	8.935634819058e-04	5.323171491965e+00
257                 	9.956276438362e-01	3.144583611912e-02	8.935634836327e-04	5.323171491887e+00
258                 	9.956276441158e-01	3.144583611924e-02	8.935634854075e-04	5.323171491821e+00
259                 	9.956281510166e-01	3.144583611940e-02	8.935634858308e-04	5.323171491852e+00
260                 	9.956281519010e-01	3.144583611937e-02	8.935634831617e-04	5.323171491891e+00
261                 	9.956275868545e-01	3.144583611966e-02	8.935634805313e-04	5.323171491883e+00
262                 	9.956275869007e-01	3.144583611959e-02	8.935634809163e-04	5.323171491958e+00
263                 	9.956278614889e-01	3.144583611953e-02	8.935634821231e-04	5.323171491940e+00
264                 	9.956278616521e-01	3.144583611944e-02	8.935634821065e-04	5.323171491926e+00
265                 	9.956278618810e-01	3.144583611961e-02	8.935634814238e-04	5.323171491903e+00
266                 	9.956278642351e-01	3.144583611961e-02	8.935634807922e-04	5.323171491945e+00
267                 	9.956278640357e-01	3.144583611950e-02	8.935634802085e-04	5.323171491945e+00
268                 	9.956278135397e-01	3.144583611965e-02	8.935634795318e-04	5.323171491917e+00
269                 	9.956278086563e-01	3.144583611956e-02	8.935634793651e-04	5.323171491957e+00
270                 	9.956275404726e-01	3.144583611961e-02	8.935634802406e-04	5.323171491933e+00
271                 	9.956275397977e-01	3.144583611963e-02	8.935634826439e-04	5.323171491946e+00
272                 	9.956279103309e-01	3.144583611942e-02	8.935634850423e-04	5.323171491950e+00
273                 	9.956279113935e-01	3.144583611991e-02	8.935634856541e-04	5.323171491897e+00
274                 	9.956279138168e-01	3.144583611978e-02	8.935634851845e-04	5.323171492021e+00
275                 	9.956276357375e-01	3.144583611954e-02	8.935634852548e-04	5.323171491990e+00
276                 	9.956276362222e-01	3.144583611961e-02	8.935634865729e-04	5.323171491929e+00
277                 	9.956276290709e-01	3.144583611945e-02	8.935634885774e-04	5.323171491947e+00
278                 	9.956276330719e-01	3.144583611977e-02	8.935634907958e-04	5.323171491904e+00
279                 	9.956276350643e-01	3.144583611956e-02	8.935634927718e-04	5.323171491986e+00
280                 	9.956281903202e-01	3.144583611991e-02	8.935634932389e-04	5.323171491933e+00
281                 	9.956281912382e-01	3.144583611979e-02	8.935634904069e-04	5.323171492023e+00
282                 	9.956275693906e-01	3.144583611920e-02	8.935634874036e-04	5.323171491992e+00
283                 	9.956275681253e-01	3.144583611933e-02	8.935634869327e-04	5.323171491841e+00
284                 	9.956278590361e-01	3.144583611947e-02	8.935634870292e-04	5.323171491873e+00
285                 	9.956278589787e-01	3.144583611962e-02	8.935634858948e-04	5.323171491911e+00
286                 	9.956278660668e-01	3.144583611943e-02	8.935634844799e-04	5.323171491948e+00
287                 	9.956278649258e-01	3.144583611918e-02	8.935634831305e-04	5.323171491900e+00
288                 	9.956278654660e-01	3.144583611965e-02	8.935634816086e-04	5.323171491837e+00
289                 	9.956278655126e-01	3.144583611949e-02	8.935634797791e-04	5.323171491957e+00
290                 	9.956275072744e-01	3.144583611963e-02	8.935634791044e-04	5.323171491914e+00
291                 	9.956275069709e-01	3.144583611957e-02	8.935634808976e-04	5.323171491949e+00
292                 	9.956279333459e-01	3.144583611971e-02	8.935634828821e-04	5.323171491936e+00
293                 	9.956279330556e-01	3.144583612009e-02	8.935634829090e-04	5.323171491971e+00
294                 	9.956279328680e-01	3.144583611981e-02	8.935634820560e-04	5.323171492067e+00
295                 	9.956279334047e-01	3.144583611963e-02	8.935634810041e-04	5.323171491997e+00
296                 	9.956275079623e-01	3.144583611956e-02	8.935634816137e-04	5.323171491950e+00
297                 	9.956274927034e-01	3.144583611979e-02	8.935634844305e-04	5.323171491934e+00
298                 	9.956279120903e-01	3.144583611964e-02	8.935634868735e-04	5.323171491990e+00
299                 	9.956279119011e-01	3.144583611932e-02	8.935634872624e-04	5.323171491953e+00
300                 	9.956279116180e-01	3.144583611949e-02	8.935634866798e-04	5.323171491872e+00
301                 	9.956279112891e-01	3.144583611949e-02	8.935634856918e-04	5.323171491916e+00
302                 	9.956275318482e-01	3.144583611989e-02	8.935634855768e-04	5.323171491916e+00
303                 	9.956275315891e-01	3.144583611954e-02	8.935634876777e-04	5.323171492016e+00
304                 	9.956279061336e-01	3.144583611973e-02	8.935634894074e-04	5.323171491929e+00
305                 	9.956279064944e-01	3.144583611980e-02	8.935634889427e-04	5.323171491975e+00
306                 	9.956279145952e-01	3.144583611976e-02	8.935634877084e-04	5.323171491995e+00
307                 	9.956279128644e-01	3.144583611948e-02	8.935634860380e-04	5.323171491984e+00
308                 	9.956279121712e-01	3.144583611936e-02	8.935634842059e-04	5.323171491913e+00
309                 	9.956274371491e-01	3.144583611975e-02	8.935634837662e-04	5.323171491882e+00
310                 	9.956274352647e-01	3.144583611993e-02	8.935634859075e-04	5.323171491981e+00
311                 	9.956279673161e-01	3.144583611984e-02	8.935634879024e-04	5.323171492026e+00
312                 	9.956279673853e-01	3.144583612051e-02	8.935634872263e-04	5.323171492005e+00
313                 	9.956279723747e-01	3.144583611972e-02	8.935634853328e-04	5.323171492174e+00
314                 	9.956275544467e-01	3.144583611904e-02	8.935634842836e-04	5.323171491973e+00
315                 	9.956275547178e-01	3.144583611972e-02	8.935634855996e-04	5.323171491801e+00
316                 	9.956278946269e-01	3.144583611955e-02	8.935634869262e-04	5.323171491973e+00
317                 	9.956278946641e-01	3.144583611954e-02	8.935634864799e-04	5.323171491930e+00
318                 	9.956278948737e-01	3.144583611944e-02	8.935634852127e-04	5.323171491927e+00
319                 	9.956278942542e-01	3.144583611962e-02	8.935634836577e-04	5.323171491902e+00
320                 	9.956275645668e-01	3.144583612022e-02	8.935634832332e-04	5.323171491948e+00
321                 	9.956275638994e-01	3.144583611953e-02	8.935634850036e-04	5.323171492100e+00
322                 	9.956278899042e-01	3.144583611968e-02	8.935634865760e-04	5.323171491925e+00
323                 	9.956278900029e-01	3.144583611980e-02	8.935634862863e-04	5.323171491962e+00
324                 	9.956278937513e-01	3.144583611945e-02	8.935634851113e-04	5.323171491994e+00
325                 	9.956278928029e-01	3.144583611954e-02	8.935634835971e-04	5.323171491905e+00
326                 	9.956275651182e-01	3.144583611960e-02	8.935634828863e-04	5.323171491927e+00
327                 	9.956275651319e-01	3.144583611939e-02	8.935634841760e-04	5.323171491944e+00
328                 	9.956275668653e-01	3.144583611973e-02	8.935634863056e-04	5.323171491889e+00
329                 	9.956280675312e-01	3.144583611945e-02	8.935634874470e-04	5.323171491975e+00
330                 	9.956280675535e-01	3.144583611951e-02	8.935634856042e-04	5.323171491906e+00
331                 	9.956276368509e-01	3.144583611991e-02	8.935634835165e-04	5.323171491919e+00
332                 	9.956276366841e-01	3.144583611960e-02	8.935634835650e-04	5.323171492022e+00
333                 	9.956276331038e-01	3.144583611944e-02	8.935634846638e-04	5.323171491944e+00
334                 	9.956276338725e-01	3.144583611941e-02	8.935634858297e-04	5.323171491903e+00
335                 	9.956276354163e-01	3.144583611956e-02	8.935634871529e-04	5.323171491895e+00
336                 	9.956281760323e-01	3.144583611959e-02	8.935634871384e-04	5.323171491933e+00
337                 	9.956281772292e-01	3.144583611982e-02	8.935634841075e-04	5.323171491941e+00
338                 	9.956275671317e-01	3.144583611953e-02	8.935634811530e-04	5.323171491999e+00
339                 	9.956275675315e-01	3.144583611962e-02	8.935634811569e-04	5.323171491925e+00
340                 	9.956275659645e-01	3.144583611952e-02	8.935634825596e-04	5.323171491948e+00
341                 	9.956280270789e-01	3.144583611967e-02	8.935634831084e-04	5.323171491922e+00
342                 	9.956280383700e-01	3.144583611970e-02	8.935634814814e-04	5.323171491960e+00
343                 	9.956280366466e-01	3.144583611957e-02	8.935634790294e-04	5.323171491968e+00
344                 	9.956274670759e-01	3.144583611957e-02	8.935634772899e-04	5.323171491935e+00
345                 	9.956274662274e-01	3.144583611942e-02	8.935634787811e-04	5.323171491936e+00
346                 	9.956279405815e-01	3.144583611974e-02	8.935634807582e-04	5.323171491898e+00
347                 	9.956279403685e-01	3.144583611977e-02	8.935634807588e-04	5.323171491978e+00
348                 	9.956279399247e-01	3.144583611964e-02	8.935634794865e-04	5.323171491986e+00
349                 	9.956275946698e-01	3.144583611964e-02	8.935634790015e-04	5.323171491953e+00
350                 	9.956275947734e-01	3.144583611958e-02	8.935634807126e-04	5.323171491952e+00
351                 	9.956275913616e-01	3.144583611974e-02	8.935634833208e-04	5.323171491939e+00
352                 	9.956280232039e-01	3.144583611988e-02	8.935634848383e-04	5.323171491977e+00
353                 	9.956280225122e-01	3.144583611941e-02	8.935634841748e-04	5.323171492015e+00
354                 	9.956276594610e-01	3.144583611949e-02	8.935634832719e-04	5.323171491894e+00
355                 	9.956276593354e-01	3.144583611948e-02	8.935634839364e-04	5.323171491914e+00
356                 	9.956276590215e-01	3.144583611976e-02	8.935634856204e-04	5.323171491912e+00
357                 	9.956276586234e-01	3.144583611984e-02	8.935634875856e-04	5.323171491984e+00
358                 	9.956276588226e-01	3.144583611983e-02	8.935634892993e-04	5.323171492003e+00
359                 	9.956281197840e-01	3.144583612005e-02	8.935634894468e-04	5.323171492002e+00
360                 	9.956281198185e-01	3.144583611951e-02	8.935634871340e-04	5.323171492056e+00
361                 	9.956275991890e-01	3.144583611958e-02	8.935634845566e-04	5.323171491920e+00
362                 	9.956275993731e-01	3.144583611958e-02	8.935634838233e-04	5.323171491937e+00
363                 	9.956278594941e-01	3.144583611981e-02	8.935634841104e-04	5.323171491939e+00
364                 	9.956278596318e-01	3.144583611942e-02	8.935634837791e-04	5.323171491997e+00
365                 	9.956278618134e-01	3.144583611948e-02	8.935634828006e-04	5.323171491898e+00
366                 	9.956278603391e-01	3.144583611925e-02	8.935634817543e-04	5.323171491913e+00
367                 	9.956278599621e-01	3.144583611937e-02	8.935634806761e-04	5.323171491855e+00
368                 	9.956278358745e-01	3.144583611943e-02	8.935634795272e-04	5.323171491885e+00
369                 	9.956278312768e-01	3.144583611966e-02	8.935634783810e-04	5.323171491899e+00
370                 	9.956275039737e-01	3.144583611930e-02	8.935634788202e-04	5.323171491958e+00
371                 	9.956275038557e-01	3.144583611981e-02	8.935634817558e-04	5.323171491867e+00
372                 	9.956279351819e-01	3.144583611978e-02	8.935634845360e-04	5.323171491995e+00
373                 	9.956279358609e-01	3.144583611905e-02	8.935634850782e-04	5.323171491989e+00
374                 	9.956279403511e-01	3.144583611892e-02	8.935634843101e-04	5.323171491802e+00
375                 	9.956279398896e-01	3.144583611898e-02	8.935634832983e-04	5.323171491769e+00
376                 	9.956274896191e-01	3.144583611872e-02	8.935634837872e-04	5.323171491786e+00
377                 	9.956274902282e-01	3.144583611894e-02	8.935634866066e-04	5.323171491720e+00
378                 	9.956279208480e-01	3.144583611949e-02	8.935634888475e-04	5.323171491776e+00
379                 	9.956279213256e-01	3.144583612021e-02	8.935634891129e-04	5.323171491916e+00
380                 	9.956279259499e-01	3.144583612011e-02	8.935634885488e-04	5.323171492099e+00
381                 	9.956279251293e-01	3.144583611955e-02	8.935634876081e-04	5.323171492073e+00
382                 	9.956275047133e-01	3.144583611954e-02	8.935634871816e-04	5.323171491931e+00
383                 	9.956275059709e-01	3.144583611996e-02	8.935634886294e-04	5.323171491929e+00
384                 	9.956279269909e-01	3.144583611957e-02	8.935634903749e-04	5.323171492033e+00
385                 	9.956279263079e-01	3.144583611949e-02	8.935634903477e-04	5.323171491935e+00
386                 	9.956279074172e-01	3.144583611948e-02	8.935634887813e-04	5.323171491914e+00
387                 	9.956278934228e-01	3.144583611956e-02	8.935634866599e-04	5.323171491913e+00
388                 	9.956275355617e-01	3.144583611933e-02	8.935634856297e-04	5.323171491932e+00
389                 	9.956275353650e-01	3.144583611955e-02	8.935634870412e-04	5.323171491873e+00
390                 	9.956279121107e-01	3.144583611974e-02	8.935634883167e-04	5.323171491929e+00
391                 	9.956279121675e-01	3.144583611958e-02	8.935634876191e-04	5.323171491979e+00
392                 	9.956279124956e-01	3.144583611970e-02	8.935634862460e-04	5.323171491937e+00
393                 	9.956279103310e-01	3.144583611987e-02	8.935634848268e-04	5.323171491968e+00
394                 	9.956275260379e-01	3.144583611954e-02	8.935634841437e-04	5.323171492011e+00
395                 	9.956275260073e-01	3.144583611978e-02	8.935634856214e-04	5.323171491928e+00
396                 	9.956275272818e-01	3.144583611967e-02	8.935634882194e-04	5.323171491989e+00
397                 	9.956281062386e-01	3.144583611977e-02	8.935634897008e-04	5.323171491960e+00
398                 	9.956281074517e-01	3.144583611959e-02	8.935634879442e-04	5.323171491986e+00
399                 	9.956276264825e-01	3.144583611956e-02	8.935634856453e-04	5.323171491939e+00
400                 	9.956276264476e-01	3.144583611945e-02	8.935634854589e-04	5.323171491933e+00
401                 	9.956276243146e-01	3.144583611962e-02	8.935634861335e-04	5.323171491904e+00
402                 	9.956276265655e-01	3.144583611996e-02	8.935634871452e-04	5.323171491948e+00
403                 	9.956276306664e-01	3.144583612006e-02	8.935634881267e-04	5.323171492035e+00
404                 	9.956281990008e-01	3.144583611976e-02	8.935634876664e-04	5.323171492061e+00
405                 	9.956281992352e-01	3.144583611898e-02	8.935634839764e-04	5.323171491982e+00
406                 	9.956275537910e-01	3.144583611914e-02	8.935634806198e-04	5.323171491786e+00
407                 	9.956275532095e-01	3.144583611906e-02	8.935634804197e-04	5.323171491825e+00
408                 	9.956278788298e-01	3.144583611920e-02	8.935634807918e-04	5.323171491807e+00
409                 	9.956278786398e-01	3.144583611941e-02	8.935634799239e-04	5.323171491842e+00
410                 	9.956278777979e-01	3.144583611959e-02	8.935634784659e-04	5.323171491894e+00
411                 	9.956278772577e-01	3.144583611961e-02	8.935634772088e-04	5.323171491939e+00
412                 	9.956275989488e-01	3.144583611985e-02	8.935634769411e-04	5.323171491945e+00
413                 	9.956275987252e-01	3.144583611953e-02	8.935634783422e-04	5.323171492006e+00
414                 	9.956275974919e-01	3.144583611962e-02	8.935634806075e-04	5.323171491926e+00
415                 	9.956275986350e-01	3.144583611980e-02	8.935634833403e-04	5.323171491947e+00
416                 	9.956281636607e-01	3.144583611947e-02	8.935634843861e-04	5.323171491994e+00
417                 	9.956281548577e-01	3.144583611935e-02	8.935634820593e-04	5.323171491910e+00
418                 	9.956275847879e-01	3.144583611939e-02	8.935634797044e-04	5.323171491880e+00
419                 	9.956275846279e-01	3.144583611959e-02	8.935634804271e-04	5.323171491891e+00
420                 	9.956275847012e-01	3.144583611959e-02	8.935634825940e-04	5.323171491941e+00
421                 	9.956280198923e-01	3.144583611961e-02	8.935634837177e-04	5.323171491941e+00
422                 	9.956280199561e-01	3.144583611971e-02	8.935634827021e-04	5.323171491946e+00
423                 	9.956276690944e-01	3.144583611962e-02	8.935634817796e-04	5.323171491972e+00
424                 	9.956276689031e-01	3.144583611952e-02	8.935634823842e-04	5.323171491949e+00
425                 	9.956276681303e-01	3.144583611971e-02	8.935634835702e-04	5.323171491923e+00
426                 	9.956276664548e-01	3.144583611954e-02	8.935634850976e-04	5.323171491970e+00
427                 	9.956280022665e-01	3.144583611954e-02	8.935634857004e-04	5.323171491927e+00
428                 	9.956280022651e-01	3.144583611888e-02	8.935634841199e-04	5.323171491927e+00
429                 	9.956276707838e-01	3.144583611928e-02	8.935634826850e-04	5.323171491760e+00
430                 	9.956276706528e-01	3.144583611912e-02	8.935634829902e-04	5.323171491862e+00
431                 	9.956276676315e-01	3.144583611953e-02	8.935634840942e-04	5.323171491821e+00
432                 	9.956276687474e-01	3.144583611972e-02	8.935634853598e-04	5.323171491924e+00
433                 	9.956276695348e-01	3.144583611950e-02	8.935634867550e-04	5.323171491973e+00
434                 	9.956280883470e-01	3.144583611981e-02	8.935634871967e-04	5.323171491917e+00
435                 	9.956280882383e-01	3.144583611924e-02	8.935634851790e-04	5.323171491997e+00
436                 	9.956276197309e-01	3.144583611925e-02	8.935634830358e-04	5.323171491852e+00
437                 	9.956276192401e-01	3.144583611964e-02	8.935634829980e-04	5.323171491854e+00
438                 	9.956276212621e-01	3.144583611994e-02	8.935634843804e-04	5.323171491954e+00
439                 	9.956276230432e-01	3.144583611977e-02	8.935634864858e-04	5.323171492030e+00
440                 	9.956281020104e-01	3.144583611962e-02	8.935634873561e-04	5.323171491986e+00
441                 	9.956281043331e-01	3.144583611946e-02	8.935634853381e-04	5.323171491948e+00
442                 	9.956276098153e-01	3.144583611921e-02	8.935634830206e-04	5.323171491907e+00
443                 	9.956276098330e-01	3.144583611929e-02	8.935634830366e-04	5.323171491845e+00
444                 	9.956276088231e-01	3.144583611931e-02	8.935634841335e-04	5.323171491864e+00
445                 	9.956276093160e-01	3.144583611921e-02	8.935634854053e-04	5.323171491868e+00
446                 	9.956281246929e-01	3.144583611945e-02	8.935634856345e-04	5.323171491844e+00
447                 	9.956281245429e-01	3.144583611951e-02	8.935634830982e-04	5.323171491905e+00
448                 	9.956276024445e-01	3.144583611966e-02	8.935634804677e-04	5.323171491920e+00
449                 	9.956276028540e-01	3.144583611959e-02	8.935634805973e-04	5.323171491959e+00
450                 	9.956276003862e-01	3.144583611957e-02	8.935634820984e-04	5.323171491941e+00
451                 	9.956279923522e-01	3.144583612003e-02	8.935634830231e-04	5.323171491936e+00
452                 	9.956279941701e-01	3.144583611998e-02	8.935634820929e-04	5.323171492053e+00
453                 	9.956279933692e-01	3.144583611914e-02	8.935634799015e-04	5.323171492040e+00
454                 	9.956275139531e-01	3.144583611905e-02	8.935634785716e-04	5.323171491826e+00
455                 	9.956275144598e-01	3.144583611956e-02	8.935634803708e-04	5.323171491803e+00
456                 	9.956279210711e-01	3.144583611953e-02	8.935634826291e-04	5.323171491934e+00
457                 	9.956279212915e-01	3.144583611912e-02	8.935634829136e-04	5.323171491925e+00
458                 	9.956279217540e-01	3.144583611941e-02	8.935634820242e-04	5.323171491821e+00
459                 	9.956279226136e-01	3.144583611928e-02	8.935634808110e-04	5.323171491895e+00
460                 	9.956275100073e-01	3.144583611925e-02	8.935634811266e-04	5.323171491862e+00
461                 	9.956275097561e-01	3.144583611954e-02	8.935634839115e-04	5.323171491854e+00
462                 	9.956279218609e-01	3.144583611993e-02	8.935634865268e-04	5.323171491928e+00
463                 	9.956279220021e-01	3.144583612009e-02	8.935634869859e-04	5.323171492027e+00
464                 	9.956279261175e-01	3.144583611962e-02	8.935634863673e-04	5.323171492067e+00
465                 	9.956279248162e-01	3.144583611956e-02	8.935634854990e-04	5.323171491948e+00
466                 	9.956279227566e-01	3.144583611977e-02	8.935634845184e-04	5.323171491932e+00
467                 	9.956274051634e-01	3.144583611993e-02	8.935634847437e-04	5.323171491986e+00
468                 	9.956276792788e-01	3.144583611978e-02	8.935634872137e-04	5.323171492026e+00
469                 	9.956276791124e-01	3.144583611960e-02	8.935634895741e-04	5.323171491988e+00
470                 	9.956276795141e-01	3.144583611979e-02	8.935634914194e-04	5.323171491943e+00
471                 	9.956276815454e-01	3.144583611995e-02	8.935634930806e-04	5.323171491990e+00
472                 	9.956280134939e-01	3.144583611923e-02	8.935634931279e-04	5.323171492031e+00
473                 	9.956280159842e-01	3.144583611917e-02	8.935634906495e-04	5.323171491849e+00
474                 	9.956276659939e-01	3.144583611937e-02	8.935634885255e-04	5.323171491835e+00
475                 	9.956276658292e-01	3.144583611878e-02	8.935634882602e-04	5.323171491886e+00
476                 	9.956276626377e-01	3.144583611940e-02	8.935634888209e-04	5.323171491733e+00
477                 	9.956276633250e-01	3.144583611987e-02	8.935634893505e-04	5.323171491892e+00
478                 	9.956276641192e-01	3.144583611957e-02	8.935634899186e-04	5.323171492012e+00
479                 	9.956276652059e-01	3.144583611941e-02	8.935634905690e-04	5.323171491935e+00
480                 	9.956276673771e-01	3.144583611977e-02	8.935634914448e-04	5.323171491895e+00
481                 	9.956282538904e-01	3.144583611956e-02	8.935634905757e-04	5.323171491987e+00
482                 	9.956279145743e-01	3.144583611929e-02	8.935634870526e-04	5.323171491932e+00
483                 	9.956279145481e-01	3.144583611932e-02	8.935634837205e-04	5.323171491863e+00
484                 	9.956279140011e-01	3.144583611935e-02	8.935634803640e-04	5.323171491873e+00
485                 	9.956279108362e-01	3.144583611940e-02	8.935634772719e-04	5.323171491880e+00
486                 	9.956274660874e-01	3.144583611987e-02	8.935634756743e-04	5.323171491892e+00
487                 	9.956274780613e-01	3.144583611967e-02	8.935634770944e-04	5.323171492012e+00
488                 	9.956279436431e-01	3.144583611991e-02	8.935634786169e-04	5.323171491960e+00
489                 	9.956279436777e-01	3.144583611979e-02	8.935634786128e-04	5.323171492021e+00
490                 	9.956279449291e-01	3.144583611947e-02	8.935634776679e-04	5.323171491990e+00
491                 	9.956279449588e-01	3.144583611935e-02	8.935634761134e-04	5.323171491910e+00
492                 	9.956274640914e-01	3.144583611968e-02	8.935634757118e-04	5.323171491879e+00
493                 	9.956274647522e-01	3.144583611981e-02	8.935634783788e-04	5.323171491963e+00
494                 	9.956279491657e-01	3.144583611946e-02	8.935634812878e-04	5.323171491996e+00
495                 	9.956279489219e-01	3.144583611938e-02	8.935634819276e-04	5.323171491908e+00
496                 	9.956279522871e-01	3.144583611934e-02	8.935634814353e-04	5.323171491886e+00
497                 	9.956279486945e-01	3.144583611913e-02	8.935634808560e-04	5.323171491876e+00
498                 	9.956274515094e-01	3.144583611968e-02	8.935634812331e-04	5.323171491823e+00
499                 	9.956274512653e-01	3.144583612004e-02	8.935634842351e-04	5.323171491963e+00
500                 	9.956279589392e-01	3.144583612014e-02	8.935634872996e-04	5.323171492055e+00
501                 	9.956279597777e-01	3.144583612011e-02	8.935634877186e-04	5.323171492080e+00
502                 	9.956279627439e-01	3.144583612015e-02	8.935634866275e-04	5.323171492073e+00
503                 	9.956279617152e-01	3.144583611972e-02	8.935634846778e-04	5.323171492082e+00
504                 	9.956274286865e-01	3.144583611966e-02	8.935634840763e-04	5.323171491973e+00
505                 	9.956274289302e-01	3.144583611950e-02	8.935634866021e-04	5.323171491958e+00
506                 	9.956279666605e-01	3.144583611921e-02	8.935634890227e-04	5.323171491917e+00
507                 	9.956279674399e-01	3.144583611953e-02	8.935634886681e-04	5.323171491843e+00
508                 	9.956277077659e-01	3.144583611953e-02	8.935634877321e-04	5.323171491926e+00
509                 	9.956277078340e-01	3.144583611966e-02	8.935634878935e-04	5.323171491925e+00
510                 	9.956277080856e-01	3.144583611965e-02	8.935634884778e-04	5.323171491959e+00
511                 	9.956277080612e-01	3.144583611972e-02	8.935634892439e-04	5.323171491957e+00
512                 	9.956277026787e-01	3.144583611993e-02	8.935634897867e-04	5.323171491974e+00
513                 	9.956277242713e-01	3.144583612011e-02	8.935634900919e-04	5.323171492027e+00
514                 	9.956277256347e-01	3.144583611964e-02	8.935634901905e-04	5.323171492072e+00
515                 	9.956277267953e-01	3.144583611936e-02	8.935634904765e-04	5.323171491954e+00
516                 	9.956277350267e-01	3.144583611932e-02	8.935634904712e-04	5.323171491883e+00
517                 	9.956281197827e-01	3.144583611990e-02	8.935634890565e-04	5.323171491871e+00
518                 	9.956281193099e-01	3.144583611957e-02	8.935634856067e-04	5.323171492019e+00
519                 	9.956275916003e-01	3.144583611948e-02	8.935634819720e-04	5.323171491936e+00
520                 	9.956275926472e-01	3.144583611961e-02	8.935634810346e-04	5.323171491913e+00
521                 	9.956275921108e-01	3.144583611962e-02	8.935634819295e-04	5.323171491945e+00
522                 	9.956275939399e-01	3.144583611967e-02	8.935634833463e-04	5.323171491948e+00
523                 	9.956281618941e-01	3.144583611947e-02	8.935634833040e-04	5.323171491961e+00
524                 	9.956281632761e-01	3.144583611941e-02	8.935634800898e-04	5.323171491909e+00
525                 	9.956275770624e-01	3.144583611933e-02	8.935634771276e-04	5.323171491894e+00
526                 	9.956275771194e-01	3.144583611949e-02	8.935634771710e-04	5.323171491875e+00
527                 	9.956278674505e-01	3.144583611945e-02	8.935634779738e-04	5.323171491915e+00
528                 	9.956278676433e-01	3.144583611947e-02	8.935634777276e-04	5.323171491904e+00
529                 	9.956278679399e-01	3.144583611954e-02	8.935634770895e-04	5.323171491911e+00
530                 	9.956278682459e-01	3.144583611951e-02	8.935634764476e-04	5.323171491927e+00
531                 	9.956278681875e-01	3.144583611916e-02	8.935634759778e-04	5.323171491921e+00
532                 	9.956278730168e-01	3.144583611977e-02	8.935634760950e-04	5.323171491831e+00
533                 	9.956274949645e-01	3.144583611965e-02	8.935634776443e-04	5.323171491987e+00
534                 	9.956274947113e-01	3.144583611971e-02	8.935634809624e-04	5.323171491955e+00
535                 	9.956279388188e-01	3.144583611981e-02	8.935634838994e-04	5.323171491970e+00
536                 	9.956279384668e-01	3.144583611992e-02	8.935634845250e-04	5.323171491997e+00
537                 	9.956279428512e-01	3.144583611987e-02	8.935634838200e-04	5.323171492025e+00
538                 	9.956279386786e-01	3.144583611931e-02	8.935634829924e-04	5.323171492010e+00
539                 	9.956279370186e-01	3.144583611990e-02	8.935634820351e-04	5.323171491869e+00
540                 	9.956273715928e-01	3.144583612002e-02	8.935634823396e-04	5.323171492018e+00
541                 	9.956276572319e-01	3.144583612005e-02	8.935634850388e-04	5.323171492049e+00
542                 	9.956276570647e-01	3.144583611979e-02	8.935634874819e-04	5.323171492058e+00
543                 	9.956276565878e-01	3.144583611984e-02	8.935634896774e-04	5.323171491992e+00
544                 	9.956276583345e-01	3.144583611999e-02	8.935634919317e-04	5.323171492004e+00
545                 	9.956280825773e-01	3.144583611943e-02	8.935634927929e-04	5.323171492042e+00
546                 	9.956280826807e-01	3.144583611937e-02	8.935634907488e-04	5.323171491900e+00
547                 	9.956276201395e-01	3.144583611964e-02	8.935634882811e-04	5.323171491884e+00
548                 	9.956276265896e-01	3.144583612009e-02	8.935634880874e-04	5.323171491952e+00
549                 	9.956276269007e-01	3.144583611983e-02	8.935634891608e-04	5.323171492066e+00
550                 	9.956279277167e-01	3.144583611923e-02	8.935634896882e-04	5.323171492001e+00
551                 	9.956279400392e-01	3.144583611891e-02	8.935634886429e-04	5.323171491850e+00
552                 	9.956279412768e-01	3.144583611918e-02	8.935634872066e-04	5.323171491767e+00
553                 	9.956279412274e-01	3.144583611917e-02	8.935634850583e-04	5.323171491837e+00
554                 	9.956274988754e-01	3.144583611886e-02	8.935634838030e-04	5.323171491833e+00
555                 	9.956274946739e-01	3.144583611879e-02	8.935634850810e-04	5.323171491755e+00
556                 	9.956274949518e-01	3.144583611951e-02	8.935634876216e-04	5.323171491737e+00
557                 	9.956281573716e-01	3.144583611965e-02	8.935634884434e-04	5.323171491921e+00
558                 	9.956281586548e-01	3.144583611945e-02	8.935634855334e-04	5.323171491956e+00
559                 	9.956275885649e-01	3.144583611954e-02	8.935634824379e-04	5.323171491906e+00
560                 	9.956275892183e-01	3.144583611961e-02	8.935634823435e-04	5.323171491927e+00
561                 	9.956275906026e-01	3.144583611939e-02	8.935634834541e-04	5.323171491947e+00
562                 	9.956280016405e-01	3.144583611923e-02	8.935634838080e-04	5.323171491890e+00
563                 	9.956280016628e-01	3.144583611915e-02	8.935634823935e-04	5.323171491848e+00
564                 	9.956279994192e-01	3.144583611922e-02	8.935634801047e-04	5.323171491830e+00
565                 	9.956275084597e-01	3.144583611951e-02	8.935634788903e-04	5.323171491848e+00
566                 	9.956275073894e-01	3.144583611962e-02	8.935634804129e-04	5.323171491921e+00
567                 	9.956279196389e-01	3.144583611946e-02	8.935634823970e-04	5.323171491948e+00
568                 	9.956279189533e-01	3.144583611945e-02	8.935634824439e-04	5.323171491907e+00
569                 	9.956279189987e-01	3.144583611949e-02	8.935634812189e-04	5.323171491905e+00
570                 	9.956279179383e-01	3.144583611944e-02	8.935634796944e-04	5.323171491915e+00
571                 	9.956275175616e-01	3.144583611931e-02	8.935634795334e-04	5.323171491903e+00
572                 	9.956275169013e-01	3.144583611995e-02	8.935634816965e-04	5.323171491870e+00
573                 	9.956279215329e-01	3.144583612006e-02	8.935634841643e-04	5.323171492031e+00
574                 	9.956279214781e-01	3.144583611995e-02	8.935634847776e-04	5.323171492061e+00
575                 	9.956279217887e-01	3.144583611959e-02	8.935634842125e-04	5.323171492032e+00
576                 	9.956279223795e-01	3.144583611939e-02	8.935634829116e-04	5.323171491940e+00
577                 	9.956275068998e-01	3.144583611953e-02	8.935634830217e-04	5.323171491890e+00
578                 	9.956275069569e-01	3.144583611954e-02	8.935634857628e-04	5.323171491926e+00
579                 	9.956279269669e-01	3.144583611965e-02	8.935634882921e-04	5.323171491927e+00
580                 	9.956279270132e-01	3.144583611957e-02	8.935634882726e-04	5.323171491957e+00
581                 	9.956279298716e-01	3.144583611963e-02	8.935634871432e-04	5.323171491936e+00
582                 	9.956279252770e-01	3.144583611949e-02	8.935634858474e-04	5.323171491951e+00
583                 	9.956279230449e-01	3.144583611938e-02	8.935634840082e-04	5.323171491915e+00
584                 	9.956273908831e-01	3.144583611957e-02	8.935634835527e-04	5.323171491887e+00
585                 	9.956273903032e-01	3.144583612003e-02	8.935634862673e-04	5.323171491936e+00
586                 	9.956279909414e-01	3.144583612003e-02	8.935634887766e-04	5.323171492052e+00
587                 	9.956279874319e-01	3.144583612006e-02	8.935634885670e-04	5.323171492052e+00
588                 	9.956279877777e-01	3.144583612005e-02	8.935634867310e-04	5.323171492059e+00
589                 	9.956275458946e-01	3.144583611993e-02	8.935634857873e-04	5.323171492058e+00
590                 	9.956275460931e-01	3.144583611965e-02	8.935634870342e-04	5.323171492027e+00
591                 	9.956278943384e-01	3.144583611936e-02	8.935634882547e-04	5.323171491955e+00
592                 	9.956278943948e-01	3.144583611954e-02	8.935634877607e-04	5.323171491881e+00
593                 	9.956278945746e-01	3.144583611969e-02	8.935634863917e-04	5.323171491927e+00
594                 	9.956278938997e-01	3.144583611964e-02	8.935634849462e-04	5.323171491966e+00
595                 	9.956275626570e-01	3.144583611935e-02	8.935634846039e-04	5.323171491953e+00
596                 	9.956275629311e-01	3.144583611973e-02	8.935634859788e-04	5.323171491880e+00
597                 	9.956275618641e-01	3.144583611971e-02	8.935634880971e-04	5.323171491975e+00
598                 	9.956275636779e-01	3.144583612013e-02	8.935634905301e-04	5.323171491971e+00
599                 	9.956282339031e-01	3.144583612029e-02	8.935634907343e-04	5.323171492077e+00
600                 	9.956282360852e-01	3.144583611910e-02	8.935634869391e-04	5.323171492119e+00
601                 	9.956275409910e-01	3.144583611920e-02	8.935634832896e-04	5.323171491816e+00
602                 	9.956275403160e-01	3.144583611916e-02	8.935634830532e-04	5.323171491840e+00
603                 	9.956278810065e-01	3.144583611963e-02	8.935634836825e-04	5.323171491831e+00
604                 	9.956278809986e-01	3.144583611993e-02	8.935634830352e-04	5.323171491950e+00
605                 	9.956278839867e-01	3.144583611969e-02	8.935634818395e-04	5.323171492028e+00
606                 	9.956278836246e-01	3.144583611969e-02	8.935634806167e-04	5.323171491967e+00
607                 	9.956278830168e-01	3.144583611942e-02	8.935634794038e-04	5.323171491965e+00
608                 	9.956275253015e-01	3.144583611940e-02	8.935634789675e-04	5.323171491896e+00
609                 	9.956275269193e-01	3.144583611989e-02	8.935634805414e-04	5.323171491892e+00
610                 	9.956279129427e-01	3.144583611968e-02	8.935634821672e-04	5.323171492017e+00
611                 	9.956279129776e-01	3.144583611930e-02	8.935634821489e-04	5.323171491964e+00
612                 	9.956279136238e-01	3.144583611942e-02	8.935634813579e-04	5.323171491868e+00
613                 	9.956279132959e-01	3.144583611919e-02	8.935634800786e-04	5.323171491897e+00
614                 	9.956275200783e-01	3.144583611920e-02	8.935634798416e-04	5.323171491838e+00
615                 	9.956275184092e-01	3.144583611942e-02	8.935634820823e-04	5.323171491842e+00
616                 	9.956279223090e-01	3.144583611954e-02	8.935634845413e-04	5.323171491896e+00
617                 	9.956279215177e-01	3.144583611977e-02	8.935634850352e-04	5.323171491926e+00
618                 	9.956279215749e-01	3.144583611976e-02	8.935634844951e-04	5.323171491985e+00
619                 	9.956279206434e-01	3.144583611946e-02	8.935634834884e-04	5.323171491984e+00
620                 	9.956275285976e-01	3.144583611931e-02	8.935634836300e-04	5.323171491906e+00
621                 	9.956275148427e-01	3.144583611968e-02	8.935634858721e-04	5.323171491869e+00
622                 	9.956275166844e-01	3.144583611991e-02	8.935634886742e-04	5.323171491963e+00
623                 	9.956281099212e-01	3.144583611979e-02	8.935634899759e-04	5.323171492022e+00
624                 	9.956281131064e-01	3.144583611938e-02	8.935634880969e-04	5.323171491991e+00
625                 	9.956276156427e-01	3.144583611917e-02	8.935634860096e-04	5.323171491886e+00
626                 	9.956276157000e-01	3.144583611933e-02	8.935634863088e-04	5.323171491833e+00
627                 	9.956276128720e-01	3.144583611971e-02	8.935634877105e-04	5.323171491875e+00
628                 	9.956276127545e-01	3.144583611983e-02	8.935634895429e-04	5.323171491971e+00
629                 	9.956281042095e-01	3.144583611969e-02	8.935634898594e-04	5.323171492002e+00
630                 	9.956281083029e-01	3.144583611951e-02	8.935634869407e-04	5.323171491965e+00
631                 	9.956276183033e-01	3.144583611889e-02	8.935634845445e-04	5.323171491921e+00
632                 	9.956276181472e-01	3.144583611898e-02	8.935634844627e-04	5.323171491764e+00
633                 	9.956276156398e-01	3.144583611950e-02	8.935634852237e-04	5.323171491786e+00
634                 	9.956279796463e-01	3.144583611983e-02	8.935634852085e-04	5.323171491918e+00
635                 	9.956279793417e-01	3.144583611946e-02	8.935634834654e-04	5.323171492002e+00
636                 	9.956279783385e-01	3.144583611976e-02	8.935634812047e-04	5.323171491908e+00
637                 	9.956275270853e-01	3.144583611960e-02	8.935634799844e-04	5.323171491984e+00
638                 	9.956275269757e-01	3.144583612002e-02	8.935634813981e-04	5.323171491944e+00
639                 	9.956279115200e-01	3.144583611980e-02	8.935634829586e-04	5.323171492050e+00
640                 	9.956279111010e-01	3.144583611996e-02	8.935634826962e-04	5.323171491995e+00
641                 	9.956279113117e-01	3.144583612001e-02	8.935634813115e-04	5.323171492035e+00
642                 	9.956276301760e-01	3.144583611992e-02	8.935634805118e-04	5.323171492048e+00
643                 	9.956276301715e-01	3.144583611973e-02	8.935634815571e-04	5.323171492023e+00
644                 	9.956276273197e-01	3.144583611973e-02	8.935634833088e-04	5.323171491975e+00
645                 	9.956279795409e-01	3.144583611974e-02	8.935634842879e-04	5.323171491976e+00
646                 	9.956279794857e-01	3.144583611958e-02	8.935634837072e-04	5.323171491979e+00
647                 	9.956279793195e-01	3.144583611974e-02	8.935634820989e-04	5.323171491937e+00
648                 	9.956275284816e-01	3.144583611981e-02	8.935634813617e-04	5.323171491978e+00
649                 	9.956275294498e-01	3.144583611986e-02	8.935634831099e-04	5.323171491997e+00
650                 	9.956279012386e-01	3.144583611975e-02	8.935634849702e-04	5.323171492009e+00
651                 	9.956279027459e-01	3.144583611973e-02	8.935634852124e-04	5.323171491980e+00
652                 	9.956279043939e-01	3.144583611956e-02	8.935634845335e-04	5.323171491975e+00
653                 	9.956279050098e-01	3.144583611944e-02	8.935634833629e-04	5.323171491934e+00
654                 	9.956275554128e-01	3.144583611924e-02	8.935634831757e-04	5.323171491901e+00
655                 	9.956275547428e-01	3.144583611920e-02	8.935634850095e-04	5.323171491852e+00
656                 	9.956278920617e-01	3.144583611933e-02	8.935634865595e-04	5.323171491841e+00
657                 	9.956278920423e-01	3.144583611961e-02	8.935634863695e-04	5.323171491873e+00
658                 	9.956278903779e-01	3.144583611945e-02	8.935634852711e-04	5.323171491947e+00
659                 	9.956278903750e-01	3.144583611945e-02	8.935634839895e-04	5.323171491905e+00
660                 	9.956275764210e-01	3.144583611939e-02	8.935634835847e-04	5.323171491906e+00
661                 	9.956275765155e-01	3.144583611949e-02	8.935634851031e-04	5.323171491889e+00
662                 	9.956278860115e-01	3.144583611944e-02	8.935634865544e-04	5.323171491916e+00
663                 	9.956278854220e-01	3.144583611940e-02	8.935634862769e-04	5.323171491902e+00
664                 	9.956278848985e-01	3.144583611951e-02	8.935634851648e-04	5.323171491892e+00
665                 	9.956278880585e-01	3.144583611952e-02	8.935634839623e-04	5.323171491920e+00
666                 	9.956275807216e-01	3.144583611929e-02	8.935634833498e-04	5.323171491922e+00
667                 	9.956275807083e-01	3.144583611974e-02	8.935634846344e-04	5.323171491865e+00
668                 	9.956278853867e-01	3.144583611952e-02	8.935634861862e-04	5.323171491978e+00
669                 	9.956278848113e-01	3.144583611959e-02	8.935634860452e-04	5.323171491924e+00
670                 	9.956278852948e-01	3.144583611999e-02	8.935634848628e-04	5.323171491939e+00
671                 	9.956278853132e-01	3.144583611975e-02	8.935634834993e-04	5.323171492043e+00
672                 	9.956275840876e-01	3.144583611998e-02	8.935634832214e-04	5.323171491980e+00
673                 	9.956275840971e-01	3.144583611971e-02	8.935634845796e-04	5.323171492039e+00
674                 	9.956275829140e-01	3.144583611958e-02	8.935634865268e-04	5.323171491972e+00
675                 	9.956275830723e-01	3.144583611958e-02	8.935634889391e-04	5.323171491938e+00
676                 	9.956281942210e-01	3.144583611961e-02	8.935634896326e-04	5.323171491938e+00
677                 	9.956281911784e-01	3.144583611964e-02	8.935634863745e-04	5.323171491945e+00
678                 	9.956275648469e-01	3.144583611955e-02	8.935634833482e-04	5.323171491953e+00
679                 	9.956275647770e-01	3.144583611968e-02	8.935634834447e-04	5.323171491930e+00
680                 	9.956278719809e-01	3.144583611969e-02	8.935634840714e-04	5.323171491963e+00
681                 	9.956278719420e-01	3.144583611971e-02	8.935634833521e-04	5.323171491966e+00
682                 	9.956278719405e-01	3.144583611970e-02	8.935634823836e-04	5.323171491971e+00
683                 	9.956278736674e-01	3.144583611967e-02	8.935634812556e-04	5.323171491968e+00
684                 	9.956278737406e-01	3.144583611960e-02	8.935634802787e-04	5.323171491961e+00
685                 	9.956275475020e-01	3.144583611928e-02	8.935634800867e-04	5.323171491943e+00
686                 	9.956275443160e-01	3.144583611946e-02	8.935634817271e-04	5.323171491862e+00
687                 	9.956275450590e-01	3.144583611958e-02	8.935634843425e-04	5.323171491906e+00
688                 	9.956280983703e-01	3.144583611974e-02	8.935634857991e-04	5.323171491937e+00
689                 	9.956280960865e-01	3.144583611924e-02	8.935634842690e-04	5.323171491979e+00
690                 	9.956276170408e-01	3.144583611970e-02	8.935634822737e-04	5.323171491851e+00
691                 	9.956276168328e-01	3.144583611956e-02	8.935634827130e-04	5.323171491967e+00
692                 	9.956276162165e-01	3.144583611959e-02	8.935634844631e-04	5.323171491934e+00
693                 	9.956276168297e-01	3.144583611970e-02	8.935634867443e-04	5.323171491940e+00
694                 	9.956276201654e-01	3.144583611941e-02	8.935634889369e-04	5.323171491968e+00
695                 	9.956282307889e-01	3.144583611956e-02	8.935634893209e-04	5.323171491896e+00
696                 	9.956279069602e-01	3.144583611976e-02	8.935634866542e-04	5.323171491932e+00
697                 	9.956279131732e-01	3.144583611969e-02	8.935634842490e-04	5.323171491984e+00
698                 	9.956279120348e-01	3.144583611927e-02	8.935634819808e-04	5.323171491965e+00
699                 	9.956279094180e-01	3.144583611935e-02	8.935634798624e-04	5.323171491859e+00
700                 	9.956274672642e-01	3.144583611982e-02	8.935634791241e-04	5.323171491879e+00
701                 	9.956274667341e-01	3.144583611993e-02	8.935634813049e-04	5.323171491999e+00
702                 	9.956279556445e-01	3.144583611982e-02	8.935634834500e-04	5.323171492027e+00
703                 	9.956279556763e-01	3.144583611968e-02	8.935634829740e-04	5.323171491998e+00
704                 	9.956279586239e-01	3.144583611950e-02	8.935634812149e-04	5.323171491963e+00
705                 	9.956275717478e-01	3.144583611954e-02	8.935634803622e-04	5.323171491916e+00
706                 	9.956275716640e-01	3.144583611955e-02	8.935634817140e-04	5.323171491928e+00
707                 	9.956278832196e-01	3.144583611969e-02	8.935634833242e-04	5.323171491929e+00
708                 	9.956278817013e-01	3.144583611981e-02	8.935634834539e-04	5.323171491965e+00
709                 	9.956278814523e-01	3.144583611991e-02	8.935634827774e-04	5.323171491996e+00
710                 	9.956278859254e-01	3.144583611961e-02	8.935634820868e-04	5.323171492021e+00
711                 	9.956278830196e-01	3.144583611938e-02	8.935634816777e-04	5.323171491945e+00
712                 	9.956275167326e-01	3.144583611965e-02	8.935634823525e-04	5.323171491888e+00
713                 	9.956275156664e-01	3.144583611962e-02	8.935634847928e-04	5.323171491955e+00
714                 	9.956279255619e-01	3.144583611969e-02	8.935634871142e-04	5.323171491947e+00
715                 	9.956279253642e-01	3.144583611978e-02	8.935634874144e-04	5.323171491966e+00
716                 	9.956279251811e-01	3.144583611964e-02	8.935634863649e-04	5.323171491989e+00
717                 	9.956279240894e-01	3.144583611953e-02	8.935634848983e-04	5.323171491953e+00
718                 	9.956279221551e-01	3.144583611983e-02	8.935634832816e-04	5.323171491926e+00
719                 	9.956274030108e-01	3.144583611992e-02	8.935634830997e-04	5.323171492003e+00
720                 	9.956273986285e-01	3.144583611967e-02	8.935634859967e-04	5.323171492024e+00
721                 	9.956279823362e-01	3.144583611977e-02	8.935634888319e-04	5.323171491961e+00
722                 	9.956279823733e-01	3.144583612001e-02	8.935634886338e-04	5.323171491987e+00
723                 	9.956279880862e-01	3.144583612017e-02	8.935634870724e-04	5.323171492048e+00
724                 	9.956275467521e-01	3.144583611996e-02	8.935634863380e-04	5.323171492087e+00
725                 	9.956275482840e-01	3.144583611967e-02	8.935634877738e-04	5.323171492033e+00
726                 	9.956278857956e-01	3.144583611934e-02	8.935634890528e-04	5.323171491960e+00
727                 	9.956278859024e-01	3.144583611968e-02	8.935634888180e-04	5.323171491876e+00
728                 	9.956278859569e-01	3.144583611947e-02	8.935634878206e-04	5.323171491963e+00
729                 	9.956278859023e-01	3.144583611954e-02	8.935634865877e-04	5.323171491909e+00
730                 	9.956278819166e-01	3.144583611993e-02	8.935634856123e-04	5.323171491927e+00
731                 	9.956275068736e-01	3.144583611972e-02	8.935634855920e-04	5.323171492026e+00
732                 	9.956275064062e-01	3.144583611955e-02	8.935634875896e-04	5.323171491974e+00
733                 	9.956279289540e-01	3.144583611947e-02	8.935634894549e-04	5.323171491929e+00
734                 	9.956279277805e-01	3.144583611914e-02	8.935634889083e-04	5.323171491909e+00
735                 	9.956279274941e-01	3.144583611963e-02	8.935634871009e-04	5.323171491827e+00
736                 	9.956276114278e-01	3.144583611973e-02	8.935634859085e-04	5.323171491950e+00
737                 	9.956276110831e-01	3.144583611955e-02	8.935634865567e-04	5.323171491975e+00
738                 	9.956276055198e-01	3.144583611985e-02	8.935634877491e-04	5.323171491929e+00
739                 	9.956279999103e-01	3.144583612004e-02	8.935634880288e-04	5.323171492006e+00
740                 	9.956279999093e-01	3.144583611947e-02	8.935634864420e-04	5.323171492054e+00
741                 	9.956276742010e-01	3.144583611963e-02	8.935634847550e-04	5.323171491909e+00
742                 	9.956276743633e-01	3.144583611953e-02	8.935634845284e-04	5.323171491951e+00
743                 	9.956276743943e-01	3.144583611956e-02	8.935634851937e-04	5.323171491926e+00
744                 	9.956276735432e-01	3.144583611934e-02	8.935634862929e-04	5.323171491934e+00
745                 	9.956279891887e-01	3.144583611948e-02	8.935634862343e-04	5.323171491876e+00
746                 	9.956279891697e-01	3.144583611960e-02	8.935634840106e-04	5.323171491913e+00
747                 	9.956276783099e-01	3.144583611947e-02	8.935634818159e-04	5.323171491942e+00
748                 	9.956276771784e-01	3.144583611971e-02	8.935634812802e-04	5.323171491910e+00
749                 	9.956276770973e-01	3.144583611971e-02	8.935634817698e-04	5.323171491971e+00
750                 	9.956276714122e-01	3.144583611956e-02	8.935634825159e-04	5.323171491970e+00
751                 	9.956279856927e-01	3.144583611950e-02	8.935634823872e-04	5.323171491932e+00
752                 	9.956279854537e-01	3.144583611899e-02	8.935634808176e-04	5.323171491919e+00
753                 	9.956276756568e-01	3.144583611950e-02	8.935634794186e-04	5.323171491789e+00
754                 	9.956276756644e-01	3.144583611969e-02	8.935634796000e-04	5.323171491918e+00
755                 	9.956276762808e-01	3.144583611969e-02	8.935634806751e-04	5.323171491965e+00
756                 	9.956276791404e-01	3.144583611958e-02	8.935634819943e-04	5.323171491966e+00
757                 	9.956279869441e-01	3.144583611988e-02	8.935634824131e-04	5.323171491937e+00
758                 	9.956279870529e-01	3.144583611977e-02	8.935634811913e-04	5.323171492014e+00
759                 	9.956276755306e-01	3.144583611961e-02	8.935634801974e-04	5.323171491987e+00
760                 	9.956276754292e-01	3.144583611951e-02	8.935634807822e-04	5.323171491945e+00
761                 	9.956276755771e-01	3.144583611953e-02	8.935634821082e-04	5.323171491920e+00
762                 	9.956276749414e-01	3.144583611936e-02	8.935634838686e-04	5.323171491924e+00
763                 	9.956279916769e-01	3.144583611976e-02	8.935634846413e-04	5.323171491882e+00
764                 	9.956279913044e-01	3.144583611957e-02	8.935634833127e-04	5.323171491982e+00
765                 	9.956276745652e-01	3.144583611986e-02	8.935634818648e-04	5.323171491936e+00
766                 	9.956276746399e-01	3.144583611979e-02	8.935634821101e-04	5.323171492008e+00
767                 	9.956276711005e-01	3.144583611958e-02	8.935634832146e-04	5.323171491991e+00
768                 	9.956276719420e-01	3.144583611973e-02	8.935634845779e-04	5.323171491939e+00
769                 	9.956279902408e-01	3.144583611998e-02	8.935634852712e-04	5.323171491977e+00
770                 	9.956279943469e-01	3.144583612024e-02	8.935634839941e-04	5.323171492039e+00
771                 	9.956279947024e-01	3.144583611948e-02	8.935634816717e-04	5.323171492105e+00
772                 	9.956275174623e-01	3.144583611911e-02	8.935634805305e-04	5.323171491912e+00
773                 	9.956275097234e-01	3.144583611968e-02	8.935634823889e-04	5.323171491820e+00
774                 	9.956279106162e-01	3.144583612001e-02	8.935634843512e-04	5.323171491964e+00
775                 	9.956279107697e-01	3.144583611952e-02	8.935634842030e-04	5.323171492048e+00
776                 	9.956279155964e-01	3.144583611958e-02	8.935634832979e-04	5.323171491923e+00
777                 	9.956279158638e-01	3.144583611931e-02	8.935634824274e-04	5.323171491938e+00
778                 	9.956279150659e-01	3.144583611920e-02	8.935634816707e-04	5.323171491870e+00
779                 	9.956279118421e-01	3.144583611877e-02	8.935634806459e-04	5.323171491841e+00
780                 	9.956273535614e-01	3.144583611913e-02	8.935634813001e-04	5.323171491732e+00
781                 	9.956276496399e-01	3.144583612027e-02	8.935634843230e-04	5.323171491823e+00
782                 	9.956276494053e-01	3.144583612041e-02	8.935634868426e-04	5.323171492113e+00
783                 	9.956276490332e-01	3.144583612028e-02	8.935634891425e-04	5.323171492149e+00
784                 	9.956276502335e-01	3.144583612017e-02	8.935634912263e-04	5.323171492115e+00
785                 	9.956280981089e-01	3.144583611949e-02	8.935634921042e-04	5.323171492088e+00
786                 	9.956280993977e-01	3.144583611934e-02	8.935634900948e-04	5.323171491915e+00
787                 	9.956276059634e-01	3.144583611939e-02	8.935634879772e-04	5.323171491876e+00
788                 	9.956276060399e-01	3.144583611944e-02	8.935634881900e-04	5.323171491890e+00
789                 	9.956276064947e-01	3.144583611952e-02	8.935634895499e-04	5.323171491903e+00
790                 	9.956279650079e-01	3.144583611975e-02	8.935634901405e-04	5.323171491922e+00
791                 	9.956279814611e-01	3.144583611939e-02	8.935634889946e-04	5.323171491981e+00
792                 	9.956279809606e-01	3.144583611933e-02	8.935634868978e-04	5.323171491891e+00
793                 	9.956275555502e-01	3.144583611939e-02	8.935634851197e-04	5.323171491873e+00
794                 	9.956275555499e-01	3.144583611953e-02	8.935634853451e-04	5.323171491890e+00
795                 	9.956275562215e-01	3.144583611960e-02	8.935634867508e-04	5.323171491924e+00
796                 	9.956280710607e-01	3.144583611984e-02	8.935634872749e-04	5.323171491942e+00
797                 	9.956280711390e-01	3.144583611952e-02	8.935634846629e-04	5.323171492004e+00
798                 	9.956276354905e-01	3.144583611947e-02	8.935634820111e-04	5.323171491923e+00
799                 	9.956276356201e-01	3.144583611953e-02	8.935634815640e-04	5.323171491909e+00
800                 	9.956276329149e-01	3.144583611952e-02	8.935634823524e-04	5.323171491926e+00
801                 	9.956276346215e-01	3.144583611990e-02	8.935634835000e-04	5.323171491922e+00
802                 	9.956280653719e-01	3.144583611984e-02	8.935634839408e-04	5.323171492018e+00
803                 	9.956280655955e-01	3.144583611878e-02	8.935634823479e-04	5.323171492004e+00
804                 	9.956276329977e-01	3.144583611920e-02	8.935634805610e-04	5.323171491735e+00
805                 	9.956276333530e-01	3.144583611984e-02	8.935634806552e-04	5.323171491841e+00
806                 	9.956276311918e-01	3.144583611960e-02	8.935634821112e-04	5.323171492004e+00
807                 	9.956276328293e-01	3.144583611950e-02	8.935634840656e-04	5.323171491942e+00
808                 	9.956280785926e-01	3.144583611923e-02	8.935634849029e-04	5.323171491918e+00
809                 	9.956280797045e-01	3.144583611911e-02	8.935634827778e-04	5.323171491849e+00
810                 	9.956276234006e-01	3.144583611926e-02	8.935634807435e-04	5.323171491820e+00
811                 	9.956276235268e-01	3.144583611949e-02	8.935634811355e-04	5.323171491855e+00
812                 	9.956276229160e-01	3.144583611948e-02	8.935634828625e-04	5.323171491916e+00
813                 	9.956276215939e-01	3.144583611939e-02	8.935634848011e-04	5.323171491912e+00
814                 	9.956276219198e-01	3.144583611940e-02	8.935634866692e-04	5.323171491889e+00
815                 	9.956282171152e-01	3.144583611928e-02	8.935634868158e-04	5.323171491893e+00
816                 	9.956279057720e-01	3.144583611928e-02	8.935634842922e-04	5.323171491861e+00
817                 	9.956279056261e-01	3.144583611950e-02	8.935634819597e-04	5.323171491863e+00
818                 	9.956279056256e-01	3.144583611990e-02	8.935634797188e-04	5.323171491917e+00
819                 	9.956279057188e-01	3.144583611970e-02	8.935634775406e-04	5.323171492020e+00
820                 	9.956279038075e-01	3.144583611951e-02	8.935634759059e-04	5.323171491968e+00
821                 	9.956274056314e-01	3.144583611994e-02	8.935634760496e-04	5.323171491920e+00
822                 	9.956276732168e-01	3.144583612021e-02	8.935634785097e-04	5.323171492030e+00
823                 	9.956276731907e-01	3.144583611989e-02	8.935634808935e-04	5.323171492098e+00
824                 	9.956276733300e-01	3.144583611992e-02	8.935634831040e-04	5.323171492016e+00
825                 	9.956276740815e-01	3.144583611975e-02	8.935634852474e-04	5.323171492023e+00
826                 	9.956276752682e-01	3.144583611975e-02	8.935634872094e-04	5.323171491981e+00
827                 	9.956276757343e-01	3.144583611984e-02	8.935634890346e-04	5.323171491981e+00
828                 	9.956281946917e-01	3.144583611968e-02	8.935634894920e-04	5.323171492005e+00
829                 	9.956281978384e-01	3.144583611962e-02	8.935634867351e-04	5.323171491964e+00
830                 	9.956275524871e-01	3.144583611946e-02	8.935634841095e-04	5.323171491948e+00
831                 	9.956275541655e-01	3.144583611954e-02	8.935634845707e-04	5.323171491907e+00
832                 	9.956278760011e-01	3.144583611977e-02	8.935634855789e-04	5.323171491928e+00
833                 	9.956278764407e-01	3.144583611978e-02	8.935634853398e-04	5.323171491985e+00
834                 	9.956278765559e-01	3.144583611973e-02	8.935634843937e-04	5.323171491989e+00
835                 	9.956278783958e-01	3.144583611965e-02	8.935634833309e-04	5.323171491977e+00
836                 	9.956278770970e-01	3.144583611960e-02	8.935634822181e-04	5.323171491957e+00
837                 	9.956278762388e-01	3.144583611940e-02	8.935634808189e-04	5.323171491942e+00
838                 	9.956274709274e-01	3.144583611943e-02	8.935634801182e-04	5.323171491891e+00
839                 	9.956274699122e-01	3.144583611949e-02	8.935634818148e-04	5.323171491899e+00
840                 	9.956279527221e-01	3.144583611961e-02	8.935634837944e-04	5.323171491914e+00
841                 	9.956279524148e-01	3.144583611974e-02	8.935634838717e-04	5.323171491945e+00
842                 	9.956279537644e-01	3.144583611988e-02	8.935634827192e-04	5.323171491979e+00
843                 	9.956279548971e-01	3.144583611985e-02	8.935634812955e-04	5.323171492013e+00
844                 	9.956274437572e-01	3.144583611954e-02	8.935634814761e-04	5.323171492007e+00
845                 	9.956274415006e-01	3.144583611943e-02	8.935634847649e-04	5.323171491928e+00
846                 	9.956279598988e-01	3.144583611942e-02	8.935634881801e-04	5.323171491901e+00
847                 	9.956279596525e-01	3.144583611970e-02	8.935634887575e-04	5.323171491898e+00
848                 	9.956279637898e-01	3.144583611978e-02	8.935634879349e-04	5.323171491969e+00
849                 	9.956275805924e-01	3.144583611949e-02	8.935634877747e-04	5.323171491988e+00
850                 	9.956275718386e-01	3.144583611935e-02	8.935634891991e-04	5.323171491915e+00
851                 	9.956275723126e-01	3.144583612032e-02	8.935634911772e-04	5.323171491879e+00
852                 	9.956280414447e-01	3.144583612061e-02	8.935634921301e-04	5.323171492127e+00
853                 	9.956280393600e-01	3.144583612046e-02	8.935634904347e-04	5.323171492200e+00
854                 	9.956276505852e-01	3.144583611978e-02	8.935634883612e-04	5.323171492162e+00
855                 	9.956276505073e-01	3.144583612012e-02	8.935634877889e-04	5.323171491989e+00
856                 	9.956276499775e-01	3.144583611977e-02	8.935634880767e-04	5.323171492076e+00
857                 	9.956276506616e-01	3.144583611972e-02	8.935634889153e-04	5.323171491986e+00
858                 	9.956280446869e-01	3.144583611947e-02	8.935634889916e-04	5.323171491972e+00
859                 	9.956280451929e-01	3.144583611918e-02	8.935634866485e-04	5.323171491911e+00
860                 	9.956276476179e-01	3.144583611943e-02	8.935634838231e-04	5.323171491836e+00
861                 	9.956276553754e-01	3.144583611990e-02	8.935634829974e-04	5.323171491900e+00
862                 	9.956276555948e-01	3.144583611997e-02	8.935634835183e-04	5.323171492020e+00
863                 	9.956276581768e-01	3.144583611982e-02	8.935634844222e-04	5.323171492036e+00
864                 	9.956276594464e-01	3.144583611964e-02	8.935634855556e-04	5.323171491998e+00
865                 	9.956281105736e-01	3.144583611936e-02	8.935634854604e-04	5.323171491953e+00
866                 	9.956281106746e-01	3.144583611917e-02	8.935634828220e-04	5.323171491882e+00
867                 	9.956276123565e-01	3.144583611923e-02	8.935634803026e-04	5.323171491833e+00
868                 	9.956276110983e-01	3.144583611978e-02	8.935634801387e-04	5.323171491849e+00
869                 	9.956276148039e-01	3.144583612008e-02	8.935634808856e-04	5.323171491990e+00
870                 	9.956279799955e-01	3.144583612031e-02	8.935634812850e-04	5.323171492065e+00
871                 	9.956279798596e-01	3.144583611968e-02	8.935634802382e-04	5.323171492124e+00
872                 	9.956279803479e-01	3.144583611978e-02	8.935634781095e-04	5.323171491963e+00
873                 	9.956275271524e-01	3.144583611977e-02	8.935634770123e-04	5.323171491988e+00
874                 	9.956275268848e-01	3.144583611989e-02	8.935634787643e-04	5.323171491987e+00
875                 	9.956279120849e-01	3.144583611983e-02	8.935634808767e-04	5.323171492016e+00
876                 	9.956279119136e-01	3.144583611961e-02	8.935634812474e-04	5.323171492003e+00
877                 	9.956279118463e-01	3.144583611959e-02	8.935634806860e-04	5.323171491944e+00
878                 	9.956276298601e-01	3.144583611946e-02	8.935634804034e-04	5.323171491940e+00
879                 	9.956276298355e-01	3.144583611949e-02	8.935634819644e-04	5.323171491908e+00
880                 	9.956276271306e-01	3.144583611954e-02	8.935634840986e-04	5.323171491914e+00
881                 	9.956279774832e-01	3.144583611940e-02	8.935634852132e-04	5.323171491929e+00
882                 	9.956279777513e-01	3.144583611960e-02	8.935634847120e-04	5.323171491893e+00
883                 	9.956279775814e-01	3.144583611959e-02	8.935634831929e-04	5.323171491942e+00
884                 	9.956275310281e-01	3.144583611951e-02	8.935634824295e-04	5.323171491939e+00
885                 	9.956275310972e-01	3.144583611952e-02	8.935634843533e-04	5.323171491919e+00
886                 	9.956279096434e-01	3.144583611945e-02	8.935634861967e-04	5.323171491922e+00
887                 	9.956279096367e-01	3.144583611943e-02	8.935634860498e-04	5.323171491905e+00
888                 	9.956279131413e-01	3.144583611948e-02	8.935634850418e-04	5.323171491900e+00
889                 	9.956279112916e-01	3.144583611948e-02	8.935634839923e-04	5.323171491913e+00
890                 	9.956279097214e-01	3.144583611955e-02	8.935634825492e-04	5.323171491914e+00
891                 	9.956274376065e-01	3.144583611947e-02	8.935634823999e-04	5.323171491931e+00
892                 	9.956274376111e-01	3.144583611983e-02	8.935634849457e-04	5.323171491909e+00
893                 	9.956279672944e-01	3.144583611967e-02	8.935634871625e-04	5.323171492001e+00
894                 	9.956279672736e-01	3.144583611959e-02	8.935634867743e-04	5.323171491960e+00
895                 	9.956277069970e-01	3.144583611964e-02	8.935634861275e-04	5.323171491940e+00
896                 	9.956277071887e-01	3.144583611977e-02	8.935634865208e-04	5.323171491954e+00
897                 	9.956277073017e-01	3.144583611956e-02	8.935634872923e-04	5.323171491987e+00
898                 	9.956277033582e-01	3.144583611953e-02	8.935634881236e-04	5.323171491932e+00
899                 	9.956277051817e-01	3.144583611947e-02	8.935634890422e-04	5.323171491924e+00
900                 	9.956277393530e-01	3.144583611919e-02	8.935634900156e-04	5.323171491909e+00
901                 	9.956280089714e-01	3.144583611963e-02	8.935634900942e-04	5.323171491839e+00
902                 	9.956280095678e-01	3.144583611938e-02	8.935634882105e-04	5.323171491950e+00
903                 	9.956276584423e-01	3.144583611960e-02	8.935634865448e-04	5.323171491888e+00
904                 	9.956276583963e-01	3.144583611969e-02	8.935634863072e-04	5.323171491943e+00
905                 	9.956276580560e-01	3.144583611962e-02	8.935634867266e-04	5.323171491966e+00
906                 	9.956276567355e-01	3.144583611976e-02	8.935634875935e-04	5.323171491949e+00
907                 	9.956280245611e-01	3.144583612035e-02	8.935634873081e-04	5.323171491984e+00
908                 	9.956280245557e-01	3.144583611993e-02	8.935634845480e-04	5.323171492133e+00
909                 	9.956276583930e-01	3.144583611956e-02	8.935634818819e-04	5.323171492026e+00
910                 	9.956276584817e-01	3.144583611933e-02	8.935634813797e-04	5.323171491932e+00
911                 	9.956276564610e-01	3.144583611930e-02	8.935634819624e-04	5.323171491874e+00
912                 	9.956276572876e-01	3.144583611919e-02	8.935634829369e-04	5.323171491866e+00
913                 	9.956276582031e-01	3.144583611925e-02	8.935634840696e-04	5.323171491840e+00
914                 	9.956281173076e-01	3.144583611940e-02	8.935634842251e-04	5.323171491854e+00
915                 	9.956281182805e-01	3.144583611928e-02	8.935634818864e-04	5.323171491891e+00
916                 	9.956275988721e-01	3.144583611930e-02	8.935634796250e-04	5.323171491861e+00
917                 	9.956275989645e-01	3.144583611949e-02	8.935634799366e-04	5.323171491868e+00
918                 	9.956275972146e-01	3.144583611961e-02	8.935634817098e-04	5.323171491915e+00
919                 	9.956280064751e-01	3.144583611963e-02	8.935634827527e-04	5.323171491946e+00
920                 	9.956280065471e-01	3.144583611965e-02	8.935634813887e-04	5.323171491951e+00
921                 	9.956276711287e-01	3.144583611952e-02	8.935634800009e-04	5.323171491955e+00
922                 	9.956276714225e-01	3.144583611971e-02	8.935634804156e-04	5.323171491923e+00
923                 	9.956276717581e-01	3.144583611946e-02	8.935634816806e-04	5.323171491970e+00
924                 	9.956276672558e-01	3.144583611967e-02	8.935634828840e-04	5.323171491907e+00
925                 	9.956280015812e-01	3.144583611975e-02	8.935634831757e-04	5.323171491960e+00
926                 	9.956280016136e-01	3.144583611929e-02	8.935634819633e-04	5.323171491981e+00
927                 	9.956276682052e-01	3.144583611942e-02	8.935634808323e-04	5.323171491864e+00
928                 	9.956276681846e-01	3.144583611928e-02	8.935634812939e-04	5.323171491896e+00
929                 	9.956276681151e-01	3.144583611939e-02	8.935634826639e-04	5.323171491862e+00
930                 	9.956276672264e-01	3.144583611930e-02	8.935634844239e-04	5.323171491889e+00
931                 	9.956280072906e-01	3.144583611954e-02	8.935634851242e-04	5.323171491867e+00
932                 	9.956280072121e-01	3.144583611939e-02	8.935634835564e-04	5.323171491927e+00
933                 	9.956276656283e-01	3.144583611930e-02	8.935634821725e-04	5.323171491890e+00
934                 	9.956276656053e-01	3.144583611932e-02	8.935634827300e-04	5.323171491867e+00
935                 	9.956276637549e-01	3.144583611949e-02	8.935634840096e-04	5.323171491872e+00
936                 	9.956276641572e-01	3.144583611952e-02	8.935634852963e-04	5.323171491915e+00
937                 	9.956276656190e-01	3.144583611945e-02	8.935634868483e-04	5.323171491922e+00
938                 	9.956281004457e-01	3.144583611953e-02	8.935634874727e-04	5.323171491904e+00
939                 	9.956281011401e-01	3.144583611949e-02	8.935634854662e-04	5.323171491926e+00
940                 	9.956276079637e-01	3.144583611953e-02	8.935634833902e-04	5.323171491914e+00
941                 	9.956276094792e-01	3.144583611963e-02	8.935634836872e-04	5.323171491925e+00
942                 	9.956276106627e-01	3.144583611930e-02	8.935634853497e-04	5.323171491951e+00
943                 	9.956276115866e-01	3.144583611953e-02	8.935634872304e-04	5.323171491866e+00
944                 	9.956281096848e-01	3.144583611953e-02	8.935634874601e-04	5.323171491925e+00
945                 	9.956281195674e-01	3.144583611922e-02	8.935634850152e-04	5.323171491925e+00
946                 	9.956276210885e-01	3.144583611901e-02	8.935634828738e-04	5.323171491847e+00
947                 	9.956276212447e-01	3.144583611958e-02	8.935634826709e-04	5.323171491794e+00
948                 	9.956276219913e-01	3.144583611973e-02	8.935634832417e-04	5.323171491938e+00
949                 	9.956279716446e-01	3.144583611999e-02	8.935634834071e-04	5.323171491976e+00
950                 	9.956279711046e-01	3.144583611984e-02	8.935634821946e-04	5.323171492043e+00
951                 	9.956279708242e-01	3.144583611982e-02	8.935634802197e-04	5.323171492003e+00
952                 	9.956279704019e-01	3.144583611960e-02	8.935634778911e-04	5.323171492000e+00
953                 	9.956274002501e-01	3.144583611924e-02	8.935634770680e-04	5.323171491944e+00
954                 	9.956273981405e-01	3.144583611943e-02	8.935634802091e-04	5.323171491852e+00
955                 	9.956279829113e-01	3.144583611985e-02	8.935634834810e-04	5.323171491901e+00
956                 	9.956279830574e-01	3.144583611990e-02	8.935634836652e-04	5.323171492005e+00
957                 	9.956277032567e-01	3.144583611965e-02	8.935634832613e-04	5.323171492018e+00
958                 	9.956277032486e-01	3.144583611955e-02	8.935634838809e-04	5.323171491956e+00
959                 	9.956277034055e-01	3.144583611962e-02	8.935634853600e-04	5.323171491930e+00
960                 	9.956277030202e-01	3.144583611973e-02	8.935634870186e-04	5.323171491948e+00
961                 	9.956277027469e-01	3.144583611974e-02	8.935634885185e-04	5.323171491976e+00
962                 	9.956277016411e-01	3.144583611960e-02	8.935634898430e-04	5.323171491979e+00
963                 	9.956277022351e-01	3.144583611994e-02	8.935634906670e-04	5.323171491943e+00
964                 	9.956277027205e-01	3.144583611982e-02	8.935634915191e-04	5.323171492030e+00
965                 	9.956277032413e-01	3.144583611961e-02	8.935634919738e-04	5.323171491998e+00
966                 	9.956277036628e-01	3.144583611995e-02	8.935634921263e-04	5.323171491946e+00
967                 	9.956282518587e-01	3.144583611963e-02	8.935634904692e-04	5.323171492031e+00
968                 	9.956279095704e-01	3.144583611954e-02	8.935634863939e-04	5.323171491951e+00
969                 	9.956279096274e-01	3.144583611914e-02	8.935634828868e-04	5.323171491927e+00
970                 	9.956279096494e-01	3.144583611938e-02	8.935634801518e-04	5.323171491827e+00
971                 	9.956275978323e-01	3.144583611969e-02	8.935634783090e-04	5.323171491887e+00
972                 	9.956275870712e-01	3.144583611996e-02	8.935634786583e-04	5.323171491966e+00
973                 	9.956275887883e-01	3.144583611984e-02	8.935634803478e-04	5.323171492034e+00
974                 	9.956280162816e-01	3.144583611939e-02	8.935634815082e-04	5.323171492004e+00
975                 	9.956280156461e-01	3.144583611884e-02	8.935634802752e-04	5.323171491890e+00
976                 	9.956276634284e-01	3.144583611913e-02	8.935634792080e-04	5.323171491750e+00
977                 	9.956276633512e-01	3.144583611936e-02	8.935634798161e-04	5.323171491824e+00
978                 	9.956276632281e-01	3.144583611968e-02	8.935634812854e-04	5.323171491882e+00
979                 	9.956276636187e-01	3.144583611990e-02	8.935634833021e-04	5.323171491963e+00
980                 	9.956280168980e-01	3.144583611951e-02	8.935634843319e-04	5.323171492020e+00
981                 	9.956280172678e-01	3.144583611944e-02	8.935634831794e-04	5.323171491920e+00
982                 	9.956276617385e-01	3.144583611937e-02	8.935634820378e-04	5.323171491901e+00
983                 	9.956276616688e-01	3.144583611941e-02	8.935634829115e-04	5.323171491883e+00
984                 	9.956276577770e-01	3.144583611960e-02	8.935634845886e-04	5.323171491894e+00
985                 	9.956276594896e-01	3.144583611986e-02	8.935634862894e-04	5.323171491942e+00
986                 	9.956276611207e-01	3.144583612008e-02	8.935634880341e-04	5.323171492009e+00
987                 	9.956281084490e-01	3.144583612014e-02	8.935634884061e-04	5.323171492064e+00
988                 	9.956281126822e-01	3.144583611980e-02	8.935634860808e-04	5.323171492081e+00
989                 	9.956276046269e-01	3.144583611914e-02	8.935634837161e-04	5.323171491994e+00
990                 	9.956276048201e-01	3.144583611926e-02	8.935634837996e-04	5.323171491827e+00
991                 	9.956276085392e-01	3.144583611935e-02	8.935634852492e-04	5.323171491855e+00
992                 	9.956279925976e-01	3.144583611964e-02	8.935634862286e-04	5.323171491880e+00
993                 	9.956279832969e-01	3.144583611904e-02	8.935634850737e-04	5.323171491953e+00
994                 	9.956279695832e-01	3.144583611967e-02	8.935634828940e-04	5.323171491801e+00
995                 	9.956275388696e-01	3.144583611961e-02	8.935634812988e-04	5.323171491961e+00
996                 	9.956275388657e-01	3.144583611986e-02	8.935634823726e-04	5.323171491945e+00
997                 	9.956279050470e-01	3.144583611965e-02	8.935634837969e-04	5.323171492009e+00
998                 	9.956279051793e-01	3.144583611980e-02	8.935634834886e-04	5.323171491957e+00
999                 	9.956279083538e-01	3.144583611960e-02	8.935634821076e-04	5.323171491994e+00
1000                	9.956279083658e-01	3.144583611969e-02	8.935634804796e-04	5.323171491942e+00
