/*--------------------------------*- C++ -*----------------------------------*\
| =========                 |                                                 |
| \\      /  F ield         | OpenFOAM: The Open Source CFD Toolbox           |
|  \\    /   O peration     | Version:  2206                                  |
|   \\  /    A nd           | Website:  www.openfoam.com                      |
|    \\/     M anipulation  |                                                 |
\*---------------------------------------------------------------------------*/
FoamFile
{
    version     2.0;
    format      ascii;
    arch        "LSB;label=32;scalar=64";
    class       volScalarField;
    location    "1700";
    object      omega;
}
// * * * * * * * * * * * * * * * * * * * * * * * * * * * * * * * * * * * * * //

dimensions      [0 0 -1 0 0 0 0];

internalField   nonuniform List<scalar> 
7480
(
7569.1038
7590.8125
7571.1099
7538.1542
7512.5644
7498.0759
7491.1188
7487.7286
7485.8494
7484.6257
7483.6803
7482.8695
7482.163
7481.5516
7481.0215
7480.5597
7480.1563
7479.8019
7479.4866
7479.2041
7478.9504
7478.7214
7478.5132
7478.3233
7478.1499
7477.9909
7477.8443
7477.7091
7477.5843
7477.4688
7477.3618
7477.2625
7477.1706
7477.0853
7477.0062
7476.9329
7476.8652
7476.8027
7476.7452
7476.6927
7476.645
7476.602
7476.5638
7476.5304
7476.5017
7476.4787
7476.4605
7476.4481
7476.4416
7476.4407
7476.4452
7476.4548
7476.4692
7476.4872
7476.5081
7476.5312
7476.5552
7476.5778
7476.5973
7476.612
7476.6219
7476.6271
7476.6279
7476.625
7476.6193
7476.6114
7476.602
7476.5916
7476.5806
7476.5692
7476.5577
7476.5461
7476.5346
7476.5233
7476.512
7476.501
7476.4901
7476.479
7476.4676
7476.4561
7476.4446
7476.4331
7476.4215
7476.4098
7476.398
7476.3861
7476.3742
7476.3622
7476.3501
7476.338
7476.326
7476.3139
7476.3018
7476.2897
7476.2778
7476.2653
7476.2544
7476.2387
7476.2299
7476.2059
1003.2423
1574.4085
1842.5126
1920.8058
1937.0648
1923.8913
1863.1818
1797.8237
1744.1958
1704.0049
1673.3617
1647.7039
1624.4847
1603.074
1583.2806
1564.8978
1547.8505
1532.2305
1517.8752
1504.5679
1492.2168
1480.7983
1470.2048
1460.3234
1451.1082
1442.5326
1434.5249
1427.0169
1419.9774
1413.3826
1407.1905
1401.3657
1395.8918
1390.7525
1385.9234
1381.3861
1377.1318
1373.1487
1369.4232
1365.9473
1362.7193
1359.7366
1356.9963
1354.5023
1352.245
1350.2396
1348.4841
1346.9761
1345.7331
1344.7479
1344.0408
1343.6452
1343.456
1343.4406
1343.5612
1343.7798
1344.0534
1344.3227
1344.5293
1344.6233
1344.5813
1344.4
1344.1253
1343.7483
1343.2681
1342.7081
1342.0899
1341.434
1340.7562
1340.0684
1339.3793
1338.6958
1338.0216
1337.3596
1336.7126
1336.0802
1335.4652
1334.8587
1334.2558
1333.6581
1333.0655
1332.4782
1331.8955
1331.3149
1330.7361
1330.1579
1329.5805
1329.0038
1328.4279
1327.8537
1327.281
1326.7104
1326.1426
1325.5764
1325.0161
1324.4449
1323.9005
1323.3371
1322.6615
1322.0504
190.66587
396.63064
585.95772
709.20627
769.25864
785.38464
782.09019
789.21443
803.68286
812.84627
819.32963
823.54756
825.04723
824.15068
821.42331
817.40483
811.94323
805.29015
797.70364
789.40192
780.59746
771.49445
762.23652
752.92764
743.67258
734.56579
725.62325
716.84524
708.24787
699.85466
691.68006
683.73401
676.03014
668.5809
661.39353
654.47597
647.83796
641.47965
635.39823
629.59434
624.07411
618.8452
613.91511
609.29505
604.99232
601.00535
597.34531
593.9842
590.91185
588.12004
585.64559
583.49361
581.55815
579.80502
578.20921
576.71751
575.26802
573.81993
572.36314
570.89712
569.41732
567.91047
566.45893
565.01385
563.55745
562.09243
560.62498
559.16399
557.7178
556.29336
554.89613
553.53054
552.19974
550.90576
549.65041
548.43282
547.25375
546.13542
545.06136
544.01867
543.00072
542.00434
541.02768
540.06715
539.12082
538.18638
537.2626
536.34853
535.4433
534.54692
533.6586
532.77842
531.90649
531.04119
530.18644
529.32582
528.49155
527.65525
526.73696
525.65068
72.002788
121.36421
193.9946
267.7237
324.62567
359.73581
377.80544
386.78054
392.45155
397.56832
404.51888
415.2281
426.20981
437.93377
452.28078
470.55217
485.14296
496.53473
505.30514
511.86436
516.53661
519.61352
521.3542
522.02813
521.95106
521.36931
520.01205
517.82727
514.90294
511.36323
507.32729
502.89895
498.16906
493.21807
488.12056
482.95091
477.75671
472.521
467.24339
461.94103
456.64016
451.36845
446.15128
441.01305
435.98273
431.05059
426.20114
421.39865
416.63151
411.90832
407.25137
402.75961
398.33463
393.98776
389.75451
385.58987
381.45843
377.40483
373.5151
369.85818
366.45362
363.3185
360.48743
357.88521
355.46221
353.18297
351.02047
348.95592
346.97649
345.07344
343.2407
341.47471
339.77334
338.13424
336.55579
335.03541
333.57221
332.19138
330.88519
329.63807
328.43981
327.28495
326.17073
325.09334
324.0499
323.03714
322.05234
321.09318
320.15725
319.24306
318.34866
317.47288
316.6145
315.77158
314.94537
314.12631
313.32313
312.57221
311.71928
310.75934
55.641982
64.53241
83.910639
111.34937
140.42174
165.52886
184.58332
198.13222
207.74297
214.78941
220.42169
225.66448
230.96096
236.83296
244.10023
253.5484
263.34591
273.14989
282.74616
292.00413
300.83043
309.30531
317.72214
326.71415
337.34638
349.83419
359.69428
366.92612
372.2081
375.99052
378.57966
380.19667
381.01999
381.21727
380.97944
380.51791
379.81064
378.46545
376.47859
373.93492
370.9297
367.54548
363.85019
359.90511
355.78395
351.48654
346.94929
342.14965
337.11478
331.88974
326.52327
321.07561
315.61999
310.16641
304.75106
299.32798
293.92268
288.65828
283.65385
278.98874
274.72622
270.88075
267.41196
264.26324
261.3809
258.71843
256.23626
253.90332
251.69596
249.59639
247.59182
245.67422
243.83633
242.07233
240.37818
238.75002
237.1868
235.69137
234.26654
232.90826
231.61077
230.36962
229.18217
228.04514
226.95562
225.91023
224.90574
223.93911
223.00718
222.10743
221.23749
220.39509
219.57804
218.78406
218.01261
217.25841
216.51774
215.84987
215.10113
214.2823
53.509888
54.437457
58.088328
65.265539
75.158479
86.041872
96.434163
105.64149
113.54147
120.26092
125.96637
130.87245
135.1839
139.11275
142.94177
147.00992
151.41836
156.26932
161.70877
167.81711
174.15569
180.72306
187.52484
194.61316
202.10016
210.06934
218.05173
225.6895
232.80845
239.34753
245.32031
250.80631
255.97652
261.16105
266.97004
274.12379
281.53727
286.10734
288.75374
290.08347
290.45058
290.07219
289.10105
287.68335
285.9992
284.19781
281.83286
278.80979
275.22998
271.20162
266.82479
262.1976
257.42038
252.52461
247.56253
242.60674
237.7118
232.96118
228.43524
224.18473
220.23102
216.58114
213.21809
210.11363
207.23788
204.56051
202.05245
199.68958
197.45172
195.32234
193.28888
191.34309
189.47756
187.68634
185.96518
184.31016
182.72036
181.19068
179.72258
178.31763
176.97491
175.69245
174.46861
173.30098
172.18711
171.12401
170.10862
169.13782
168.20828
167.3171
166.46151
165.63887
164.84662
164.08229
163.34449
162.62981
161.93114
161.30257
160.63131
159.88981
53.224428
52.808865
52.95923
54.085345
56.273401
59.363835
62.973436
66.789318
70.617689
74.35582
77.933584
81.304947
84.448163
87.361175
90.07489
92.657976
95.180601
97.713348
100.3403
103.15209
106.19174
109.52732
113.24173
117.3859
121.86404
126.7255
131.94068
137.42564
143.08364
148.83074
154.59439
160.31747
165.96882
171.55842
177.14184
182.82508
188.52904
193.80431
198.43875
202.38742
205.68693
208.42473
210.75269
212.95011
215.48148
218.48031
219.85637
219.67399
218.49298
216.62675
214.29569
211.69957
209.00592
205.97726
202.55872
199.05408
195.61651
192.29288
189.04256
185.87445
182.81575
179.88039
177.06944
174.38506
171.82761
169.38992
167.06241
164.83823
162.70807
160.66295
158.69583
156.80188
154.97721
153.21908
151.52508
149.89227
148.32034
146.8051
145.34528
143.94252
142.59799
141.31171
140.08325
138.91118
137.79366
136.72839
135.71282
134.74419
133.81934
132.93543
132.08953
131.27903
130.50141
129.75426
129.03586
128.34352
127.67072
127.05831
126.43633
125.73411
53.16229
52.542653
52.020928
51.712821
51.712131
52.046962
52.632995
53.455054
54.479272
55.668291
56.982441
58.383818
59.83717
61.309601
62.775788
64.22315
65.649587
67.060183
68.469338
69.901114
71.381527
72.941868
74.62218
76.468105
78.516176
80.817993
83.430419
86.357331
89.553401
93.016812
96.737205
100.69493
104.86698
109.2338
113.78638
118.52533
123.4307
128.40991
133.35885
138.18121
142.79627
147.14205
151.17534
154.88027
158.27912
161.33786
163.88105
165.7687
167.00116
167.67165
167.93285
167.98486
167.97887
167.24578
165.73341
163.88481
162.05749
160.27684
158.32099
156.29176
154.25169
152.20032
150.13331
148.07261
146.03504
144.02439
142.04701
140.11509
138.22707
136.3835
134.586
132.83588
131.13377
129.48265
127.88316
126.33377
124.83578
123.38756
121.98714
120.63536
119.33381
118.08364
116.88547
115.73888
114.6427
113.5956
112.59591
111.64156
110.7298
109.85829
109.02444
108.22587
107.46046
106.726
106.02085
105.34265
104.68671
104.08109
103.48904
102.80722
53.125934
52.475644
51.839167
51.240818
50.710951
50.272393
49.929362
49.684159
49.538913
49.48286
49.49374
49.598114
49.79589
50.077098
50.428193
50.836084
51.290544
51.783408
52.309415
52.867222
53.458636
54.088341
54.765076
55.50219
56.315877
57.226997
58.26213
59.447158
60.80357
62.357214
64.138168
66.149089
68.387259
70.859015
73.575775
76.546397
79.777273
83.261075
86.97513
90.888678
94.965871
99.166234
103.44577
107.7584
112.06414
116.26342
120.2119
123.798
126.93304
129.56068
131.65421
133.21598
134.27681
134.88336
135.04313
134.79438
134.37567
133.84646
132.99644
132.01315
130.99211
129.84595
128.5458
127.16298
125.72315
124.22575
122.69305
121.14382
119.58486
118.02558
116.47533
114.94163
113.4297
111.9519
110.51042
109.10339
107.7354
106.40606
105.11326
103.85823
102.64259
101.46783
100.33518
99.245108
98.196965
97.190766
96.226066
95.301625
94.415207
93.56535
92.750208
91.967878
91.217026
90.495726
89.8027
89.135993
88.492815
87.891361
87.317767
86.64786
53.095915
52.439097
51.783038
51.131597
50.491604
49.870403
49.27351
48.70557
48.171364
47.674664
47.217023
46.802521
46.434745
46.115408
45.829971
45.572541
45.35577
45.185109
45.060756
44.981187
44.944305
44.947676
44.990401
45.073966
45.201815
45.379355
45.614505
45.917177
46.298697
46.772429
47.354612
48.061264
48.908922
49.917048
51.109361
52.492399
54.083058
55.899997
57.954779
60.256209
62.813493
65.633379
68.72006
72.075016
75.698186
79.568918
83.604301
87.702226
91.758482
95.665815
99.318863
102.61921
105.48253
107.85326
109.69284
110.92377
111.55371
111.76025
111.74297
111.56235
111.32387
110.96041
110.41909
109.77109
109.01415
108.09198
107.0681
105.96718
104.79466
103.57208
102.3159
101.04156
99.759436
98.501798
97.26341
96.041752
94.840233
93.660701
92.503343
91.369713
90.261676
89.181027
88.129691
87.109075
86.118661
85.160094
84.23554
83.344532
82.485495
81.657697
80.86024
80.091882
79.352536
78.640427
77.954903
77.294592
76.658251
76.057172
75.492394
74.827416
53.069557
52.409359
51.748131
51.08614
50.424509
49.764784
49.108729
48.458377
47.816135
47.18461
46.566271
45.963673
45.379396
44.815849
44.273749
43.753224
43.255668
42.782871
42.336453
41.917579
41.521874
41.139041
40.773875
40.435875
40.131068
39.862957
39.634161
39.446961
39.303838
39.208881
39.168191
39.189213
39.280674
39.452864
39.718169
40.089164
40.580845
41.211567
42.00134
42.961361
44.111738
45.474482
47.073655
48.935437
51.088356
53.562916
56.377839
59.52147
62.964202
66.653077
70.510594
74.43495
78.30341
81.985744
85.35893
88.28173
90.623964
92.355733
93.519112
94.222673
94.586774
94.755634
94.784449
94.709326
94.545254
94.222441
93.782202
93.224322
92.518617
91.713118
90.828084
89.89231
88.91564
87.932696
86.937084
85.929871
84.91685
83.901998
82.888417
81.87994
80.879888
79.891405
78.917931
77.962274
77.026115
76.111835
75.221951
74.357688
73.519364
72.707283
71.921495
71.161741
70.427997
69.719582
69.036459
68.377637
67.74318
67.139659
66.577159
65.91251
53.031555
52.367476
51.702532
51.036482
50.369313
49.701067
49.032008
48.362729
47.694149
47.027411
46.36376
45.704503
45.051018
44.404737
43.766976
43.138914
42.521743
41.916697
41.32503
40.747986
40.186248
39.639431
39.107695
38.592168
38.094474
37.616383
37.158996
36.716522
36.283788
35.869383
35.483718
35.133985
34.825307
34.561689
34.346839
34.185933
34.086028
34.056121
34.107029
34.250232
34.499597
34.872264
35.387835
36.066143
36.935246
38.029631
39.388849
41.051791
43.054476
45.424591
48.174467
51.292675
54.735324
58.421466
62.236451
66.026801
69.60481
72.797241
75.47385
77.597232
79.179479
80.298895
81.053675
81.521931
81.793935
81.93539
81.957927
81.883637
81.676141
81.357297
80.922092
80.393163
79.790309
79.121313
78.393988
77.621816
76.815208
75.980334
75.123656
74.251977
73.370664
72.484761
71.599512
70.719107
69.846963
68.986695
68.141495
67.313761
66.505206
65.717111
64.950422
64.205741
63.483576
62.784026
62.107475
61.453313
60.822621
60.219092
59.658397
58.995169
52.973181
52.294009
51.616325
50.939774
50.263934
49.588302
48.912512
48.236494
47.560465
46.884831
46.210083
45.536755
44.865424
44.196718
43.531305
42.869883
42.213185
41.561985
40.917091
40.279351
39.64959
39.028511
38.416762
37.815043
37.224141
36.644933
36.078305
35.524463
34.983058
34.454688
33.941004
33.444225
32.966501
32.503972
32.049778
31.613768
31.208359
30.841609
30.519128
30.244947
30.024031
29.864059
29.77502
29.768957
29.861271
30.07226
30.42729
30.95641
31.698262
32.698104
34.00593
35.672169
37.740381
40.235882
43.153375
46.442284
49.992558
53.64009
57.187781
60.458535
63.315101
65.68855
67.583263
69.024348
70.07217
70.814408
71.307914
71.624562
71.814894
71.886392
71.858956
71.721467
71.492558
71.182145
70.77073
70.28362
69.734125
69.127093
68.470918
67.775454
67.048385
66.296606
65.527559
64.747184
63.960818
63.173922
62.390803
61.615167
60.850156
60.098152
59.361163
58.640735
57.938103
57.254169
56.589884
55.945178
55.321975
54.722227
54.164942
53.50521
52.922315
52.222285
51.524671
50.829498
50.136554
49.445413
48.755657
48.067062
47.379638
46.693565
46.009101
45.326526
44.646136
43.968236
43.293145
42.621192
41.952728
41.288118
40.627748
39.972024
39.321375
38.676233
38.037038
37.404242
36.778319
36.159774
35.549143
34.946929
34.353543
33.769414
33.195103
32.631343
32.079002
31.538424
31.009177
30.491981
29.988842
29.502381
29.033489
28.572464
28.123715
27.702589
27.318917
26.978892
26.687162
26.450874
26.28115
26.192972
26.206374
26.347945
26.651853
27.160609
27.927646
29.014234
30.483573
32.389114
34.755758
37.557823
40.704162
44.047466
47.406409
50.602628
53.500515
56.00803
58.085187
59.75138
61.035972
61.986114
62.675388
63.14834
63.468156
63.657743
63.737079
63.736204
63.644553
63.469101
63.222107
62.887716
62.475009
61.999524
61.468764
60.888891
60.270507
59.6212
58.948032
58.25897
57.559579
56.855162
56.150594
55.449535
54.755328
54.070614
53.397544
52.737945
52.093458
51.4647
50.854366
50.263455
49.712971
49.060184
52.892359
52.177632
51.46454
50.753425
50.044412
49.337392
48.632179
47.928661
47.226871
46.526966
45.829179
45.13377
44.44101
43.751179
43.064559
42.381432
41.702082
41.026795
40.355854
39.689545
39.028152
38.37196
37.721247
37.076289
36.437362
35.804738
35.178691
34.559496
33.947416
33.342709
32.745642
32.156515
31.575668
31.003424
30.440018
29.885732
29.341031
28.806602
28.283139
27.770161
27.267764
26.777801
26.302983
25.84399
25.389433
24.949158
24.539565
24.170258
23.848203
23.582011
23.386093
23.280861
23.294493
23.465263
23.843173
24.489424
25.47474
26.866542
28.708858
31.000586
33.681068
36.631562
39.69835
42.717766
45.543475
48.075435
50.253525
52.054388
53.502212
54.625912
55.465209
56.075742
56.498035
56.77478
56.94783
57.030404
57.039854
56.97034
56.821887
56.605908
56.311659
55.940531
55.511152
55.028913
54.501232
53.939942
53.350687
52.740762
52.117301
51.4853
50.849832
50.214828
49.583594
48.959115
48.343851
47.739273
47.148855
46.573201
46.034644
45.393715
52.877451
52.154699
51.432693
50.711866
49.992493
49.274662
48.558374
47.843649
47.130581
46.419348
45.710187
45.003364
44.299164
43.597881
42.899814
42.20526
41.51452
40.827893
40.145674
39.468155
38.795625
38.128365
37.466652
36.810752
36.160926
35.517423
34.880484
34.250337
33.627201
33.011275
32.40275
31.801806
31.208614
30.623334
30.046109
29.477073
28.916366
28.364159
27.820655
27.285958
26.760153
26.243508
25.736555
25.23982
24.752445
24.274879
23.809469
23.359342
22.916942
22.481479
22.07431
21.708402
21.393637
21.143211
20.978865
20.931872
21.045549
21.376756
21.992476
22.961207
24.338708
26.146508
28.356265
30.88564
33.608727
36.382042
39.066808
41.546007
43.74595
45.627219
47.177583
48.42069
49.382693
50.095752
50.615782
50.980473
51.217428
51.359876
51.43152
51.433801
51.363746
51.220446
51.016733
50.73594
50.386333
49.98722
49.538173
49.050063
48.532755
47.991764
47.434516
46.866274
46.291792
45.715563
45.140994
44.570669
44.008918
43.456372
42.936592
42.31399
52.870867
52.144042
51.417398
50.691373
49.966284
49.242303
48.519526
47.798043
47.077987
46.359548
45.642959
44.928485
44.216408
43.507024
42.800632
42.097539
41.398051
40.702475
40.011115
39.324273
38.642249
37.965335
37.29382
36.627985
35.968104
35.314444
34.667262
34.026804
33.393307
32.766995
32.148077
31.536752
30.9332
30.33759
29.750068
29.170767
28.5998
28.037265
27.48325
26.93782
26.401016
25.872877
25.353471
24.842889
24.341085
23.848058
23.364073
22.889706
22.424585
21.968345
21.523267
21.092883
20.67022
20.257175
19.878121
19.548358
19.282308
19.103669
19.047371
19.160627
19.502647
20.138583
21.128008
22.509686
24.283619
26.40176
28.771443
31.26952
33.76702
36.147587
38.317844
40.223209
41.837238
43.154964
44.204827
45.01113
45.60633
46.035342
46.337258
46.527223
46.632544
46.680527
46.663536
46.578547
46.428398
46.226438
45.945176
45.607968
45.225825
44.801298
44.345743
43.864876
43.365261
42.853277
42.333291
41.809417
41.286939
40.766923
40.274501
39.678356
52.868676
52.139798
51.410773
50.682032
49.953909
49.226613
48.500289
47.775066
47.051097
46.328571
45.607715
44.888784
44.172049
43.457795
42.746317
42.037912
41.332881
40.631525
39.934146
39.241043
38.552511
37.868843
37.190326
36.517243
35.84987
35.188477
34.533326
33.884671
33.242758
32.607824
31.980095
31.359786
30.747102
30.142234
29.54536
28.956644
28.376233
27.804259
27.240836
26.68606
26.140008
25.602737
25.074288
24.554692
24.043952
23.542052
23.048999
22.564843
22.089575
21.623136
21.165741
20.717979
20.279544
19.850442
19.433706
19.033879
18.637276
18.267244
17.94616
17.691551
17.529153
17.496499
17.642816
18.025718
18.705802
19.732078
21.126072
22.869604
24.900313
27.120638
29.412979
31.662271
33.770125
35.661871
37.300492
38.670268
39.776766
40.649182
41.308606
41.790315
42.130403
42.365417
42.500526
42.572738
42.588897
42.54584
42.439321
42.278071
42.060782
41.778041
41.45087
41.081023
40.677739
40.249357
39.800741
39.338167
38.867787
38.391628
37.936913
37.377234
52.868849
52.138931
51.408661
50.678469
49.948697
49.219582
48.491302
47.764012
47.03788
46.313096
45.589883
44.868483
44.149159
43.432186
42.717845
42.006426
41.298219
40.593517
39.892612
39.195794
38.50335
37.815566
37.132719
36.455086
35.782935
35.116529
34.456126
33.801975
33.154317
32.513388
31.879412
31.252607
30.63318
30.021328
29.41724
28.821091
28.233045
27.653256
27.081861
26.518985
25.96474
25.419218
24.882499
24.354647
23.835708
23.325716
22.824691
22.332654
21.849615
21.375573
20.910549
20.454621
20.007818
19.570159
19.142023
18.724275
18.31599
17.919341
17.539099
17.166691
16.819944
16.524006
16.298031
16.170362
16.180789
16.37942
16.821629
17.562698
18.638939
20.055867
21.778653
23.733052
25.818134
27.921899
29.942999
31.799387
33.435605
34.830296
35.975464
36.887203
37.593376
38.115178
38.48686
38.746882
38.91458
38.993472
39.03225
39.015545
38.943011
38.815644
38.643458
38.407451
38.123693
37.801299
37.443689
37.060425
36.65763
36.23911
35.834304
35.323462
52.870341
52.139902
51.408971
50.677974
49.947261
49.217092
48.487671
47.759179
47.031797
46.30572
45.581169
44.858381
44.137612
43.419128
42.703203
41.990118
41.280155
40.573599
39.870733
39.171839
38.477196
37.78708
37.101761
36.421506
35.746576
35.077225
34.4137
33.756243
33.105088
32.46046
31.822577
31.191649
30.567878
29.951455
29.342565
28.74138
28.148066
27.562776
26.985653
26.41683
25.856428
25.304556
24.76131
24.226776
23.701027
23.184124
22.676117
22.177052
21.686968
21.205896
20.733869
20.270925
19.8171
19.372432
18.936993
18.510948
18.09432
17.687387
17.290958
16.904619
16.530359
16.173261
15.824912
15.508678
15.246636
15.059329
14.978043
15.045291
15.310811
15.828886
16.647358
17.788111
19.239738
20.950315
22.835047
24.790916
26.713646
28.51698
30.134548
31.530071
32.695284
33.63125
34.361715
34.911487
35.309394
35.579813
35.765203
35.86796
35.910879
35.91128
35.861833
35.761256
35.616473
35.423021
35.176662
34.893647
34.576357
34.232145
33.89145
33.444805
52.8726
52.141915
51.410633
50.679173
49.947892
49.217069
48.486932
47.757683
47.029518
46.302642
45.577276
44.853656
44.132034
43.412671
42.695837
41.981806
41.270854
40.563261
39.859304
39.159259
38.463399
37.771992
37.085304
36.403593
35.727114
35.056113
34.390831
33.731501
33.078349
32.431594
31.791444
31.158102
30.53176
29.912605
29.30081
28.696543
28.099962
27.511213
26.930437
26.357761
25.793304
25.237176
24.689475
24.150289
23.619696
23.097766
22.58456
22.080131
21.584529
21.097797
20.619979
20.151116
19.691253
19.240433
18.798705
18.366133
17.942777
17.528714
17.124097
16.728985
16.343667
15.969027
15.604695
15.253557
14.921138
14.59958
14.317548
14.093854
13.95219
13.927274
14.063845
14.412657
15.025099
15.937778
17.156376
18.649753
20.348702
22.160151
23.981513
25.719483
27.30436
28.687653
29.852071
30.797855
31.541155
32.105693
32.515093
32.800123
32.991003
33.107091
33.154178
33.164589
33.130749
33.05116
32.928869
32.768057
32.553903
32.303043
32.042555
31.678621
52.875323
52.144543
51.41308
50.681346
49.949703
49.218446
48.487823
47.758055
47.029354
46.301934
45.576022
44.851854
44.129682
43.409763
42.692364
41.977756
41.266213
40.558008
39.853417
39.15271
38.456156
37.76402
37.076563
36.394039
35.716697
35.044779
34.378521
33.71815
33.063887
32.415944
31.774524
31.139824
30.512029
29.891319
29.277861
28.671815
28.073333
27.482555
26.899613
26.324631
25.75772
25.198985
24.64852
24.106408
23.572726
23.04754
22.530908
22.022883
21.523511
21.032834
20.550891
20.07772
19.613359
19.157846
18.711222
18.273531
17.844819
17.425134
17.014528
16.613045
16.220745
15.837776
15.464204
15.100456
14.747623
14.405557
14.078187
13.766494
13.476916
13.232631
13.052608
12.965015
13.008754
13.230721
13.682506
14.409712
15.431984
16.73555
18.267077
19.941793
21.6618
23.330333
24.870386
26.229186
27.381123
28.324605
29.067293
29.635053
30.049445
30.340455
30.531965
30.653639
30.708542
30.7214
30.698826
30.635187
30.532273
30.393746
30.229589
29.968738
52.878337
52.147547
51.415999
50.684102
49.952217
49.220653
48.489675
47.759522
47.030421
46.302597
45.576281
44.851714
44.129147
43.408837
42.691051
41.976055
41.264123
40.555525
39.850533
39.149417
38.452441
37.759869
37.071957
36.388959
35.711118
35.038676
34.371863
33.710904
33.056016
32.407406
31.765276
31.129817
30.501209
29.879628
29.265237
28.658191
28.058635
27.466706
26.88253
26.306225
25.737897
25.177646
24.62556
24.081719
23.546192
23.019042
22.500322
21.990079
21.488351
20.995176
20.510583
20.034601
19.567257
19.108576
18.658586
18.217314
17.78479
17.361043
16.946101
16.539986
16.142717
15.75432
15.374813
15.00426
14.642848
14.290707
13.948477
13.61683
13.29726
12.994386
12.706135
12.451571
12.248488
12.119264
12.097159
12.225291
12.553566
13.13128
13.991108
15.131912
16.514843
18.064574
19.686193
21.282752
22.772015
24.098101
25.227437
26.155406
26.888979
27.45062
27.86288
28.152188
28.342758
28.463777
28.524578
28.538524
28.525148
28.47412
28.405718
28.265991
52.881538
52.150786
51.419211
50.687216
49.955165
49.223372
48.49212
47.761663
47.032241
46.304091
45.57745
44.852565
44.129686
43.409074
42.690992
41.975707
41.26349
40.554611
39.849339
39.147943
38.450686
37.757828
37.069625
36.386328
35.70818
35.035417
34.368271
33.706963
33.051708
32.402712
31.760173
31.124278
30.495208
29.873132
29.258213
28.650602
28.05044
27.457862
26.872989
26.295935
25.726804
25.16569
24.612679
24.067845
23.531254
23.002964
22.483024
21.971475
21.468352
20.973682
20.487489
20.009793
19.54061
19.079955
18.62784
18.184278
17.749282
17.322864
16.905033
16.495797
16.095155
15.703104
15.319635
14.944742
14.578434
14.220734
13.871734
13.531602
13.200676
12.879879
12.569697
12.273327
11.99461
11.736682
11.520105
11.363675
11.295585
11.354786
11.589027
12.048945
12.775511
13.778965
15.032189
16.469189
17.998504
19.524044
20.959442
22.244316
23.342982
24.246883
24.963679
25.511585
25.916195
26.197572
26.384939
26.502335
26.566942
26.58569
26.592851
26.548072
52.884865
52.154177
51.422609
50.690558
49.958386
49.226417
48.494944
47.764235
47.034543
46.306115
45.579197
44.854039
44.130895
43.410027
42.691698
41.976175
41.263729
40.554627
39.849138
39.147529
38.450063
37.756998
37.068589
36.385084
35.706727
35.033752
34.366389
33.704859
33.049373
32.400138
31.757348
31.121191
30.491844
29.869477
29.254249
28.646309
28.045797
27.452845
26.867572
26.29009
25.7205
25.158894
24.605354
24.059953
23.522753
22.99381
22.473169
21.960867
21.456935
20.961396
20.474268
19.995565
19.525295
19.063463
18.610073
18.165126
17.72862
17.300555
16.880925
16.469722
16.066934
15.672541
15.286518
14.908839
14.539472
14.178389
13.825574
13.481028
13.144794
12.817027
12.497921
12.18808
11.888555
11.600693
11.328703
11.073603
10.851214
10.678504
10.5795
10.589216
10.752674
11.120728
11.739035
12.628332
13.770571
15.108202
16.553269
18.009282
19.388492
20.627229
21.689263
22.562555
23.256368
23.784179
24.174209
24.445073
24.627716
24.742533
24.822544
24.849907
52.888275
52.157665
51.426126
50.694045
49.961785
49.229675
48.498017
47.767091
47.037164
46.30849
45.581325
44.855922
44.132541
43.411443
42.692895
41.977162
41.264515
40.555221
39.849548
39.147762
38.450124
37.756893
37.068322
36.384658
35.706144
35.033013
34.365494
33.703807
33.048163
32.398766
31.755811
31.119484
30.489961
29.867411
29.25199
28.643849
28.043125
27.449948
26.864437
26.286701
25.716842
25.154948
24.6011
24.05537
23.517818
22.988497
22.46745
21.954713
21.450313
20.954272
20.466603
19.987315
19.516412
19.053895
18.599759
18.153996
17.716599
17.287555
16.866849
16.454461
16.050369
15.654543
15.266946
14.887538
14.516274
14.153107
13.797988
13.450871
13.111721
12.78052
12.457277
12.142078
11.835134
11.536805
11.247993
10.9696
10.704762
10.456737
10.233329
10.051577
9.9322268
9.9067344
10.017353
10.314578
10.846749
11.642605
12.691748
13.942942
15.311549
16.701117
18.023679
19.213321
20.234282
21.071618
21.735411
22.239004
22.611751
22.871445
23.062009
23.178304
52.891741
52.161217
51.429718
50.697624
49.965298
49.233072
48.501257
47.770142
47.040004
46.311108
45.583715
44.858087
44.134485
43.413175
42.694422
41.978495
41.265662
40.556192
39.850352
39.148407
38.450618
37.757242
37.068531
36.384734
35.706089
35.032833
34.36519
33.703382
33.047617
32.398101
31.755026
31.118578
30.488932
29.866257
29.250708
28.642434
28.041573
27.448252
26.862591
26.284698
25.714672
25.152603
24.598569
24.05264
23.514878
22.985332
22.464046
21.951053
21.446379
20.950044
20.462059
19.98243
19.51116
19.048243
18.593672
18.147435
17.709517
17.2799
16.858562
16.445477
16.040614
15.643934
15.255395
14.874947
14.502537
14.138106
13.781594
13.432937
13.092074
12.758944
12.433495
12.115688
11.805518
11.503022
11.208353
10.921762
10.643902
10.375795
10.119466
9.879243
9.6584275
9.4727991
9.3408564
9.290986
9.3630402
9.6064919
10.071462
10.792185
11.764348
12.941554
14.24196
15.56925
16.835868
17.974465
18.949583
19.746537
20.377459
20.855141
21.224037
21.473867
52.895244
52.164808
51.433355
50.701261
49.968884
49.236561
48.504609
47.773326
47.042997
46.313897
45.586293
44.860453
44.136642
43.415129
42.696182
41.980068
41.267059
40.557422
39.851424
39.149329
38.451398
37.757888
37.06905
36.385131
35.706371
35.033004
34.365255
33.703343
33.047479
32.397865
31.754695
31.118152
30.488413
29.865644
29.250002
28.641633
28.040675
27.447255
26.861493
26.283495
25.71336
25.151177
24.597024
24.050971
23.513077
22.983392
22.46196
21.948811
21.443972
20.94746
20.459287
19.979457
19.507969
19.044817
18.589991
18.143477
17.705254
17.275303
16.853596
16.440102
16.034786
15.637604
15.248509
14.867446
14.494354
14.129169
13.771824
13.422247
13.080364
12.746101
12.419385
12.100144
11.788312
11.483837
11.18669
10.896878
10.614492
10.339749
10.073116
9.8156097
9.568576
9.3355794
9.1201385
8.934651
8.7959643
8.7300882
8.7747422
8.9782806
9.3918882
10.053524
10.963512
12.078729
13.31938
14.588941
15.80013
16.88562
17.813291
18.567958
19.181121
19.637131
52.898769
52.168421
51.437017
50.704929
49.972514
49.240109
48.508037
47.776603
47.046099
46.316809
45.589007
44.862965
44.138955
43.417247
42.698111
41.981817
41.268636
40.558837
39.852685
39.150444
38.452376
37.758737
37.069777
36.385744
35.706875
35.033404
34.365557
33.703552
33.047599
32.397899
31.754646
31.118024
30.488207
29.865362
29.249644
28.641201
28.040169
27.446675
26.860838
26.282765
25.712553
25.150291
24.596057
24.04992
23.511939
22.982164
22.460637
21.94739
21.442447
20.945826
20.457537
19.977584
19.505966
19.042673
18.587696
18.141017
17.702615
17.272466
16.850542
16.436808
16.031225
15.633748
15.244325
14.862898
14.489403
14.123772
13.765932
13.415806
13.073317
12.738382
12.41092
12.090846
11.778077
11.472534
11.174141
10.882831
10.598557
10.321306
10.051127
9.7882019
9.5328681
9.2859272
9.048572
8.8237147
8.6152657
8.4323788
8.291124
8.2153766
8.2413114
8.4160584
8.7916842
9.4082595
10.269882
11.334617
12.523484
13.738961
14.897161
15.929276
16.828367
17.550144
52.902305
52.172042
51.44069
50.708613
49.976167
49.243692
48.511513
47.779941
47.049277
46.31981
45.59182
44.865587
44.141385
43.419488
42.700168
41.983698
41.270348
40.560388
39.854084
39.151701
38.453498
37.759731
37.070652
36.386506
35.707532
35.033961
34.36602
33.703926
33.047889
32.398109
31.75478
31.118085
30.488199
29.865286
29.249504
28.640997
28.039904
27.44635
26.860453
26.282321
25.71205
25.149729
24.595435
24.049237
23.511195
22.981358
22.459766
21.946453
21.441442
20.944751
20.456388
19.976358
19.504658
19.04128
18.586211
18.139432
17.700923
17.270657
16.848604
16.434727
16.028987
15.631335
15.241717
14.860074
14.486339
14.120442
13.762307
13.411856
13.069005
12.73367
12.405763
12.085196
11.771879
11.465721
11.166633
10.874526
10.589317
10.31093
10.039303
9.7744085
9.5162637
9.2649935
9.020869
8.784539
8.557126
8.3409808
8.1406402
7.9621009
7.8211706
7.7402233
7.754144
7.9093553
8.2585523
8.8430257
9.6690467
10.693412
11.839434
13.005075
14.136723
15.130139
52.905844
52.175663
51.44436
50.712297
49.979827
49.247291
48.515016
47.78332
47.052507
46.322874
45.594707
44.868291
44.143904
43.421823
42.702324
41.98568
41.272163
40.562044
39.85559
39.153064
38.454726
37.760833
37.071635
36.387377
35.708297
35.034628
34.366595
33.704414
33.048294
32.398437
31.755035
31.118271
30.488319
29.865344
29.249502
28.640939
28.03979
27.446184
26.860236
26.282053
25.711733
25.149364
24.595023
24.048778
23.510689
22.980805
22.459167
21.945807
21.440748
20.944009
20.455597
19.975517
19.503765
19.040333
18.585207
18.138368
17.699794
17.269457
16.847326
16.433365
16.02753
15.629773
15.240039
14.858266
14.484388
14.118331
13.76002
13.409372
13.066304
12.730729
12.402556
12.081694
11.768049
11.461527
11.162033
10.86947
10.583743
10.304758
10.032426
9.7666629
9.5073978
9.2545854
9.0082217
8.7683916
8.5353233
8.3095475
8.0921815
7.885082
7.6923308
7.5196965
7.381526
7.2991978
7.3067492
7.4504888
7.783774
8.3478545
9.1516702
10.14567
11.286039
12.41895
52.909379
52.179275
51.448021
50.715973
49.983484
49.250893
48.518532
47.786722
47.055771
46.325982
45.597648
44.871056
44.14649
43.42423
42.704556
41.987741
41.27406
40.563783
39.857178
39.154509
38.456037
37.762017
37.072699
36.388329
35.709144
35.035376
34.367249
33.704981
33.04878
32.398847
31.755372
31.11854
30.488524
29.865489
29.24959
28.640973
28.039773
27.446118
26.860123
26.281896
25.711533
25.149121
24.59474
24.048456
23.510329
22.980407
22.458732
21.945336
21.440243
20.943468
20.455023
19.974908
19.503122
19.039655
18.584492
18.137616
17.699002
17.268623
16.846446
16.432433
16.026541
15.628721
15.238917
14.857066
14.483101
14.116948
13.758529
13.407763
13.064563
12.728842
12.400508
12.079467
11.765625
11.458884
11.159146
10.866312
10.580281
10.300956
10.028235
9.7620209
9.5022189
9.2487395
9.0015043
8.7604561
8.5255754
8.2969179
8.074687
7.85932
7.65179
7.4537959
7.2690534
7.1031792
6.9694805
6.8887582
6.8948995
7.0342289
7.3625499
7.9179822
8.7427474
9.7213997
52.912904
52.182873
51.451664
50.719632
49.987126
49.254487
48.522048
47.790132
47.059054
46.329119
45.600625
44.873865
44.149127
43.426694
42.706847
41.989864
41.27602
40.565586
39.858831
39.156019
38.457412
37.763264
37.073826
36.389342
35.710051
35.036183
34.367963
33.705607
33.049324
32.399313
31.755767
31.118867
30.488788
29.865693
29.249738
28.641068
28.039819
27.446116
26.860076
26.281807
25.711404
25.148954
24.594536
24.048217
23.510056
22.980103
22.458398
21.944972
21.439851
20.94305
20.454579
19.97444
19.502629
19.039138
18.583953
18.137053
17.698414
17.268009
16.845805
16.431761
16.025836
15.627978
15.238132
14.856234
14.482215
14.116003
13.757519
13.40668
13.0634
12.72759
12.399158
12.078008
11.764045
11.45717
11.157284
10.864285
10.578072
10.298542
10.025593
9.759122
9.4990258
9.2452037
8.9975571
8.7559926
8.5204264
8.2907928
8.0670623
7.849269
7.6375782
7.432373
7.2345267
7.0456318
6.8691514
6.710643
6.5828355
6.5062824
6.5162148
6.6582773
7.0161558
7.5728526
52.916413
52.186449
51.455284
50.723267
49.990747
49.258065
48.525554
47.793541
47.062343
46.332271
45.603626
44.876705
44.151801
43.4292
42.709185
41.992036
41.27803
40.567441
39.860536
39.157581
38.458838
37.764562
37.075002
36.390404
35.711005
35.037036
34.368721
33.706277
33.04991
32.399821
31.756202
31.119234
30.489091
29.865936
29.249925
28.641202
28.039903
27.446154
26.860071
26.28176
25.711318
25.148832
24.59438
24.048029
23.509837
22.979855
22.458123
21.944672
21.439527
20.942704
20.454212
19.974055
19.502227
19.03872
18.583518
18.136603
17.69795
17.26753
16.845309
16.431248
16.025303
15.627423
15.237551
14.855624
14.481574
14.115326
13.756802
13.405919
13.06259
12.726725
12.398231
12.077014
11.762977
11.45602
11.156042
10.862943
10.576618
10.296964
10.023876
9.7572506
9.4969812
9.2429632
8.9950922
8.7532649
8.5173806
8.287343
8.0630647
7.8444743
7.6315327
7.4242583
7.2227894
7.0274718
6.8391111
6.6592348
6.4911733
6.3405056
6.2200929
6.1503554
6.1817408
6.3304692
52.919902
52.190001
51.458875
50.726873
49.99434
49.261619
48.529042
47.796939
47.065629
46.335427
45.606639
44.879565
44.1545
43.431736
42.711557
41.994246
41.280081
40.569336
39.862282
39.159185
38.460306
37.7659
37.076218
36.391504
35.711996
35.037924
34.369513
33.706978
33.050527
32.400359
31.756666
31.119628
30.48942
29.866205
29.250137
28.641361
28.040013
27.446217
26.86009
26.281739
25.711259
25.148737
24.594251
24.047869
23.509648
22.979639
22.457881
21.944408
21.439242
20.9424
20.453891
19.973718
19.501877
19.038358
18.583146
18.136221
17.697559
17.26713
16.844899
16.430829
16.024873
15.62698
15.237094
14.855151
14.481082
14.114812
13.756264
13.405354
13.061994
12.726095
12.397565
12.076306
11.762223
11.455215
11.155181
10.862019
10.575625
10.295894
10.022722
9.756001
9.495626
9.24149
8.9934865
8.751509
8.515452
8.2852111
8.0606841
7.8417733
7.6283886
7.4204547
7.2179256
7.0208089
6.8292249
6.6434952
6.4643893
6.2934049
6.1339358
5.9916491
5.8847446
5.8229024
52.923366
52.193523
51.462433
50.730444
49.9979
49.265142
48.532504
47.800317
47.068903
46.338578
45.609654
44.882433
44.157215
43.434292
42.713953
41.996482
41.282161
40.571263
39.864061
39.160821
38.461805
37.767269
37.077464
36.392633
35.713015
35.038839
34.37033
33.707704
33.051167
32.400918
31.757149
31.120041
30.489767
29.86649
29.250365
28.641535
28.040136
27.446294
26.860123
26.281731
25.711212
25.148655
24.594136
24.047723
23.509474
22.979439
22.457657
21.944162
21.438977
20.942118
20.453594
19.973408
19.501555
19.038027
18.582807
18.135876
17.697209
17.266775
16.84454
16.430465
16.024503
15.626605
15.236711
14.854759
14.480679
14.114397
13.755835
13.404908
13.061531
12.725611
12.397058
12.075774
11.761663
11.454623
11.154555
10.861354
10.574917
10.295138
10.021913
9.7551335
9.4946932
9.2404845
8.9923998
8.7503316
8.5141725
8.2838155
8.0591545
7.8400848
7.6265036
7.4183125
7.2154199
7.0177483
6.8252469
6.637917
6.455869
6.2794115
6.1093286
5.947133
5.7977983
5.6639512
52.926802
52.197011
51.465954
50.733977
50.001422
49.268629
48.535934
47.803668
47.072156
46.341716
45.612663
44.885302
44.159935
43.436859
42.716365
41.998738
41.284262
40.573213
39.865864
39.162482
38.463329
37.768663
37.078733
36.393785
35.714055
35.039774
34.371166
33.708447
33.051822
32.401491
31.757646
31.120466
30.490124
29.866785
29.2506
28.641716
28.040266
27.446376
26.860161
26.281727
25.711171
25.148578
24.594026
24.047582
23.509305
22.979244
22.457439
21.943923
21.438719
20.941843
20.453306
19.973108
19.501246
19.03771
18.582485
18.13555
17.696879
17.266443
16.844207
16.43013
16.024167
15.626267
15.23637
14.854414
14.480329
14.114041
13.75547
13.404535
13.061146
12.725215
12.396648
12.075349
11.761221
11.454162
11.154072
10.860848
10.574384
10.294577
10.021318
9.7545027
9.4940219
9.239768
8.9916331
8.7495088
8.513287
8.2828597
8.0581195
7.8389594
7.6252735
7.416957
7.2139076
7.0160266
6.8232221
6.6354152
6.4525536
6.2746347
6.1017714
5.9342801
5.773349
5.6197477
52.930206
52.200461
51.469434
50.737467
50.004901
49.272076
48.539327
47.806987
47.075382
46.344834
45.615658
44.888163
44.162654
43.43943
42.718784
42.001005
41.286378
40.575179
39.867684
39.164161
38.464872
37.770075
37.080021
36.394953
35.715111
35.040724
34.372016
33.709201
33.052488
32.402074
31.75815
31.120897
30.490487
29.867083
29.250839
28.641899
28.040397
27.446458
26.860198
26.281723
25.711127
25.148498
24.593913
24.047438
23.509133
22.979046
22.457218
21.943681
21.438459
20.941568
20.453017
19.972808
19.500938
19.037396
18.582166
18.135228
17.696557
17.26612
16.843884
16.429809
16.023847
15.625947
15.23605
14.854093
14.480006
14.113715
13.755142
13.404201
13.060808
12.72487
12.396296
12.074988
11.76085
11.45378
11.153678
10.860439
10.57396
10.294134
10.020856
9.7540182
9.4935125
9.2392309
8.9910648
8.7489058
8.5126452
8.2821745
8.0573857
7.8381709
7.6244232
7.416036
7.212904
7.0149233
6.8219921
6.6340122
6.4508922
6.2725531
6.0989428
5.9300653
5.7661235
5.6073282
52.933573
52.203871
51.47287
50.74091
50.008333
49.275477
48.542678
47.810268
47.078576
46.347924
45.618631
44.891008
44.165362
43.441995
42.721203
42.003276
41.2885
40.577154
39.869515
39.165852
38.466427
37.771499
37.08132
36.396133
35.716177
35.041683
34.372873
33.709963
33.053159
32.402661
31.758657
31.121329
30.49085
29.867381
29.251076
28.642079
28.040524
27.446536
26.86023
26.281712
25.711077
25.148411
24.593792
24.047286
23.508953
22.97884
22.456989
21.943432
21.438192
20.941285
20.452722
19.972503
19.500624
19.037076
18.581843
18.134903
17.696231
17.265796
16.843562
16.429489
16.023529
15.625631
15.235735
14.853779
14.479693
14.113402
13.754828
13.403886
13.060491
12.72455
12.395972
12.074661
11.760517
11.453442
11.153333
10.860086
10.573598
10.293763
10.020473
9.753622
9.4931015
9.2388032
8.9906184
8.7484383
8.5121539
8.2816566
8.0568379
7.8375896
7.6238041
7.4153744
7.2121941
7.0141577
6.821161
6.6331011
6.4498773
6.2713922
6.097555
5.9282939
5.7635661
5.6034278
52.9369
52.207236
51.476257
50.744304
50.011715
49.278829
48.545981
47.813505
47.08173
46.350981
45.621576
44.893831
44.168054
43.44455
42.723615
42.005543
41.290622
40.579132
39.871351
39.167548
38.467989
37.772931
37.082626
36.39732
35.71725
35.042647
34.373735
33.710727
33.053832
32.403248
31.759163
31.12176
30.491209
29.867674
29.251307
28.642252
28.040643
27.446605
26.860253
26.281691
25.711015
25.148313
24.593659
24.047122
23.50876
22.978622
22.456748
21.94317
21.437912
20.94099
20.452414
19.972185
19.500299
19.036746
18.581509
18.134569
17.695897
17.265463
16.843232
16.429162
16.023205
15.625309
15.235417
14.853463
14.479378
14.113089
13.754515
13.403574
13.060179
12.724238
12.395659
12.074347
11.760201
11.453124
11.153012
10.859762
10.57327
10.293429
10.020134
9.7532759
9.4927474
9.2384399
8.9902445
8.7480522
8.511754
8.281241
8.0564044
7.8371359
7.6233275
7.4148719
7.2116624
7.0135929
6.8205583
6.6324545
6.4491785
6.2706284
6.0967065
5.9273159
5.762364
5.6018623
52.940184
52.210553
51.479593
50.747644
50.015042
49.282127
48.549233
47.816694
47.084841
46.353998
45.624488
44.896626
44.170723
43.447086
42.726013
42.007801
41.292737
40.581106
39.873185
39.169245
38.469551
37.774364
37.083934
36.398508
35.718324
35.043612
34.374596
33.711491
33.054503
32.403832
31.759665
31.122185
30.491562
29.867959
29.251529
28.642416
28.040752
27.446663
26.860262
26.281656
25.71094
25.1482
24.593512
24.046943
23.508552
22.978387
22.45649
21.942891
21.437615
20.940679
20.45209
19.971851
19.499958
19.0364
18.581161
18.134219
17.695549
17.265117
16.842889
16.428823
16.02287
15.624978
15.235089
14.853138
14.479056
14.112769
13.754197
13.403258
13.059864
12.723925
12.395347
12.074035
11.75989
11.452813
11.152701
10.85945
10.572957
10.293115
10.019817
9.7529564
9.4924244
9.2381126
8.989912
8.7477135
8.5114079
8.2808862
8.0560396
7.8367595
7.6229379
7.4144671
7.2112402
7.0131509
6.8200938
6.6319642
6.4486585
6.2700738
6.0961086
5.9266635
5.7616361
5.6010218
52.94342
52.213818
51.482875
50.750927
50.018312
49.285368
48.552429
47.819831
47.087902
46.356971
45.627359
44.899385
44.173362
43.449597
42.728391
42.010042
41.294841
40.583071
39.875012
39.170936
38.47111
37.775793
37.085239
36.399693
35.719394
35.044573
34.375453
33.712249
33.055168
32.404409
31.760159
31.122601
30.491905
29.868234
29.25174
28.642566
28.040846
27.446705
26.860257
26.281606
25.710848
25.148069
24.593346
24.046745
23.508325
22.978134
22.456213
21.942594
21.4373
20.940348
20.451747
19.971499
19.499598
19.036036
18.580794
18.133852
17.695183
17.264755
16.84253
16.428468
16.02252
15.624632
15.234747
14.852801
14.478723
14.11244
13.753871
13.402935
13.059544
12.723607
12.395032
12.073722
11.759579
11.452503
11.152392
10.859143
10.57265
10.292809
10.019511
9.7526505
9.4921179
9.2378049
8.9896025
8.7474015
8.5110927
8.2805671
8.0557155
7.8364295
7.6226007
7.4141216
7.2108849
7.0127843
6.8197141
6.6315694
6.4482464
6.2696419
6.0956526
5.9261795
5.7611223
5.600467
52.946606
52.217028
51.486098
50.754149
50.021521
49.288548
48.555566
47.82291
47.09091
46.359894
45.630186
44.902105
44.175966
43.452077
42.730743
42.012262
41.296925
40.58502
39.876826
39.172616
38.472659
37.777215
37.086537
36.400872
35.720458
35.045527
34.376303
33.713
33.055824
32.404976
31.760643
31.123005
30.492235
29.868494
29.251935
28.642701
28.040924
27.44673
26.860233
26.281536
25.710737
25.147919
24.59316
24.046527
23.508077
22.977859
22.455914
21.942274
21.436963
20.939996
20.451382
19.971124
19.499217
19.03565
18.580406
18.133464
17.694796
17.264371
16.842151
16.428093
16.02215
15.624268
15.234389
14.852447
14.478375
14.112096
13.753532
13.4026
13.059213
12.72328
12.394708
12.073401
11.759261
11.452189
11.152081
10.858834
10.572344
10.292505
10.019209
9.7523499
9.4918186
9.2375066
8.9893047
8.7471038
8.5107947
8.280268
8.0554149
7.8361266
7.6222948
7.4138117
7.2105702
7.0124637
6.8193865
6.6312335
6.4479007
6.269285
6.0952821
5.925794
5.7607168
5.6000403
52.949737
52.22018
51.489259
50.757308
50.024664
49.291663
48.558639
47.825927
47.093859
46.362762
45.632962
44.904778
44.178528
43.454521
42.733063
42.014453
41.298986
40.586948
39.878621
39.174281
38.474195
37.778624
37.087823
36.402039
35.721511
35.04647
34.377141
33.713738
33.056468
32.40553
31.761112
31.123395
30.49255
29.868738
29.252113
28.642817
28.040983
27.446735
26.860188
26.281446
25.710603
25.147746
24.592951
24.046285
23.507805
22.977561
22.455592
21.941931
21.436601
20.939619
20.450994
19.970726
19.498812
19.03524
18.579995
18.133053
17.694387
17.263965
16.84175
16.427697
16.02176
15.623884
15.234011
14.852076
14.478009
14.111736
13.753177
13.40225
13.058868
12.722939
12.394372
12.07307
11.758934
11.451865
11.151761
10.858519
10.572032
10.292197
10.018904
9.7520482
9.4915198
9.2372103
8.9890107
8.7468118
8.5105042
8.2799788
8.0551264
7.8358383
7.6220062
7.4135223
7.2102792
7.0121705
6.8190903
6.6309335
6.4475958
6.2689742
6.0949644
5.9254678
5.7603807
5.5996912
52.952809
52.223269
51.492355
50.7604
50.02774
49.29471
48.561645
47.82888
47.096745
46.365571
45.635682
44.907401
44.181044
43.456923
42.735345
42.016611
41.301016
40.588849
39.880393
39.175924
38.475711
37.780015
37.089092
36.40319
35.722548
35.047398
34.377964
33.714461
33.057096
32.406067
31.761564
31.123766
30.492846
29.868963
29.252271
28.642913
28.041021
27.446719
26.860121
26.281332
25.710446
25.147549
24.592718
24.046018
23.507508
22.977237
22.455244
21.941562
21.436214
20.939217
20.450579
19.970302
19.498381
19.034805
18.579558
18.132616
17.693953
17.263534
16.841324
16.427278
16.021347
15.623478
15.233611
14.851683
14.477623
14.111356
13.752803
13.401882
13.058505
12.722583
12.39402
12.072723
11.758593
11.451529
11.15143
10.858192
10.571711
10.291879
10.018592
9.7517398
9.4912155
9.2369099
8.988714
8.7465185
8.510214
8.2796914
8.0548415
7.8355556
7.6217252
7.4132426
7.2100004
7.011892
6.8188116
6.630654
6.4473148
6.268691
6.0946784
5.9251779
5.7600869
5.5993907
52.955819
52.226293
51.495383
50.763421
50.030744
49.297685
48.56458
47.831762
47.099564
46.368316
45.638342
44.909967
44.183507
43.459277
42.737583
42.018729
41.303011
40.590719
39.882137
39.177541
38.477203
37.781384
37.090341
36.404322
35.723566
35.048307
34.378768
33.715165
33.057704
32.406585
31.761996
31.124117
30.49312
29.869166
29.252407
28.642985
28.041034
27.446677
26.860029
26.281192
25.710263
25.147326
24.592457
24.045724
23.507184
22.976885
22.454868
21.941165
21.435799
20.938787
20.450137
19.96985
19.497923
19.034343
18.579094
18.132153
17.693492
17.263077
16.840872
16.426831
16.020907
15.623045
15.233186
14.851264
14.477211
14.110951
13.752406
13.401491
13.058121
12.722204
12.393648
12.072357
11.758233
11.451175
11.151082
10.85785
10.571374
10.291548
10.018266
9.7514192
9.4909
9.2365995
8.9884085
8.7462177
8.5099177
8.2793993
8.0545533
7.8352711
7.6214441
7.4129645
7.209725
7.0116189
6.8185403
6.6303841
6.4470459
6.2684226
6.0944101
5.9249088
5.7598178
5.5991191
52.958763
52.229247
51.498338
50.766368
50.033672
49.300584
48.56744
47.834572
47.102313
46.370992
45.640938
44.912472
44.185914
43.461578
42.739773
42.020803
41.304965
40.592551
39.883846
39.179127
38.478666
37.782726
37.091564
36.405429
35.724561
35.049193
34.37955
33.715847
33.058291
32.407081
31.762406
31.124445
30.493371
29.869345
29.252517
28.643032
28.041022
27.446609
26.859909
26.281025
25.710051
25.147074
24.592168
24.045401
23.50683
22.976504
22.454463
21.940739
21.435355
20.938327
20.449665
19.969369
19.497435
19.033851
18.578601
18.13166
17.693002
17.262592
16.840392
16.426358
16.020441
15.622586
15.232734
14.85082
14.476774
14.110522
13.751983
13.401076
13.057712
12.721802
12.393253
12.071968
11.757851
11.450799
11.150713
10.857487
10.571018
10.291198
10.017922
9.7510822
9.4905692
9.2362747
8.9880896
8.7459045
8.5096101
8.279097
8.0542563
7.8349789
7.6211567
7.4126815
7.2094461
7.0113439
6.8182688
6.6301158
6.4467805
6.2681595
6.0941493
5.9246496
5.7595611
5.5988629
52.961634
52.232125
51.501215
50.769235
50.03652
49.303403
48.570219
47.837302
47.104984
46.373595
45.643462
44.914909
44.188257
43.46382
42.741908
42.022825
41.306872
40.59434
39.885514
39.180675
38.480093
37.784035
37.092756
36.406507
35.725528
35.050052
34.380305
33.716502
33.058851
32.40755
31.762788
31.124746
30.493595
29.869496
29.2526
28.643051
28.04098
27.446512
26.85976
26.280827
25.70981
25.146791
24.591848
24.045047
23.506445
22.976091
22.454026
21.94028
21.434878
20.937836
20.449162
19.968857
19.496916
19.033329
18.578077
18.131138
17.692482
17.262077
16.839883
16.425855
16.019945
15.622097
15.232253
14.850347
14.476309
14.110065
13.751534
13.400634
13.057278
12.721375
12.392833
12.071556
11.757446
11.450402
11.150322
10.857104
10.570641
10.290829
10.01756
9.7507268
9.4902207
9.2359331
8.9877546
8.7455761
8.5092881
8.2787814
8.0539467
7.8346753
7.6208588
7.4123891
7.209159
7.0110619
6.8179916
6.6298431
6.446512
6.2678951
6.0938887
5.9243924
5.7593086
5.5986126
52.964422
52.234917
51.504003
50.772012
50.039276
49.30613
48.572907
47.839942
47.107566
46.376111
45.645903
44.917268
44.190524
43.46599
42.743975
42.024785
41.30872
40.596073
39.887131
39.182174
38.481476
37.785301
37.093908
36.407546
35.726457
35.050875
34.381025
33.717123
33.059377
32.407986
31.763138
31.125014
30.493786
29.869613
29.252649
28.643035
28.040905
27.446381
26.859576
26.280596
25.709533
25.146474
24.591493
24.044658
23.506025
22.975644
22.453555
21.939788
21.434368
20.937311
20.448624
19.968311
19.496364
19.032773
18.577521
18.130582
17.69193
17.26153
16.839342
16.425321
16.019419
15.621581
15.231746
14.849848
14.475819
14.109582
13.75106
13.400168
13.05682
12.720925
12.392391
12.071122
11.757019
11.449983
11.149911
10.8567
10.570245
10.290441
10.017179
9.7503535
9.4898549
9.2355745
8.9874033
8.745232
8.5089511
8.2784512
8.0536233
7.8343586
7.6205485
7.4120852
7.2088612
7.01077
6.8177055
6.6295625
6.4462368
6.2676249
6.0936236
5.9241321
5.7590548
5.5983618
52.967103
52.237601
51.506682
50.774678
50.041922
49.308746
48.575486
47.842475
47.110045
46.378526
45.648247
44.919532
44.192703
43.468075
42.745962
42.026668
41.310496
40.597739
39.888685
39.183615
38.482803
37.786515
37.09501
36.408538
35.727342
35.051655
34.381704
33.717704
33.059865
32.408384
31.76345
31.125246
30.49394
29.869695
29.252663
28.642985
28.040795
27.446215
26.859359
26.28033
25.709223
25.146123
24.591105
24.044236
23.505573
22.975164
22.453051
21.939263
21.433826
20.936754
20.448057
19.967734
19.495782
19.032188
18.576935
18.129999
17.69135
17.260955
16.838774
16.424761
16.018868
15.621038
15.231212
14.849324
14.475304
14.109076
13.750563
13.39968
13.05634
12.720454
12.391929
12.070668
11.756573
11.449545
11.149481
10.856279
10.569832
10.290035
10.016782
9.7499641
9.4894733
9.2352008
8.9870373
8.7448735
8.5086001
8.2781076
8.053287
7.8340293
7.6202262
7.4117697
7.2085525
7.0104677
6.8174095
6.6292727
6.445953
6.267347
6.0933516
5.9238659
5.7587953
5.5981054
248.72815
138.01943
97.986093
79.208381
68.980657
62.875454
59.009373
56.477525
54.979489
80.508444
248.72815
138.01904
97.986189
79.208598
68.98094
62.875715
59.009979
56.476323
54.95567
60.811255
248.72815
138.01885
97.986189
79.208691
68.981118
62.875866
59.010345
56.474684
54.941841
55.315348
248.72815
138.01871
97.986172
79.20874
68.981243
62.876
59.010675
56.474297
54.929395
54.167312
248.72815
138.01859
97.986152
79.208777
68.981347
62.876143
59.010985
56.47398
54.923793
53.928336
248.72815
138.01846
97.986133
79.208815
68.981449
62.876307
59.011253
56.473538
54.913424
53.870617
248.72815
138.01833
97.986113
79.208858
68.98156
62.876498
59.011538
56.473165
54.895151
53.841007
248.72815
138.0182
97.986095
79.208908
68.981685
62.87672
59.011883
56.472883
54.86998
53.81173
248.72815
138.01807
97.986078
79.208965
68.981828
62.876976
59.012293
56.472755
54.841989
53.781558
248.72815
138.01794
97.986062
79.20903
68.981988
62.877271
59.012771
56.472817
54.816692
53.754421
248.72815
138.0178
97.986048
79.209104
68.982169
62.877607
59.013326
56.473087
54.797249
53.730504
248.72815
138.01766
97.986037
79.209187
68.982372
62.877989
59.013963
56.473573
54.783906
53.696331
248.72815
138.01753
97.986029
79.209282
68.9826
62.878418
59.014685
56.474276
54.775529
53.655101
248.72815
138.01739
97.986024
79.209389
68.982853
62.878899
59.015496
56.475191
54.770781
53.625483
248.72815
138.01725
97.986024
79.209508
68.983134
62.879433
59.0164
56.476311
54.768533
53.609169
248.72815
138.01712
97.986029
79.209642
68.983446
62.880025
59.017398
56.477623
54.767957
53.601359
248.72815
138.01699
97.98604
79.209791
68.98379
62.880677
59.018493
56.479114
54.768493
53.598287
248.72815
138.01687
97.986058
79.209958
68.984169
62.881391
59.019685
56.48077
54.769775
53.597823
248.72815
138.01675
97.986084
79.210143
68.984586
62.882171
59.020973
56.482577
54.771566
53.598832
248.72815
138.01663
97.986119
79.210348
68.985043
62.883018
59.022359
56.484523
54.773714
53.600704
248.72815
138.01653
97.986165
79.210576
68.985542
62.883936
59.023841
56.486595
54.776117
53.603103
248.72815
138.01644
97.986222
79.210827
68.986086
62.884924
59.025417
56.488782
54.778711
53.605837
248.72815
138.01636
97.986292
79.211104
68.986678
62.885986
59.027086
56.491073
54.781448
53.608792
248.72815
138.01629
97.986378
79.21141
68.987319
62.887122
59.028845
56.493459
54.784298
53.611898
248.72815
138.01624
97.98648
79.211745
68.988012
62.888332
59.030691
56.49593
54.787238
53.615109
248.72815
138.01621
97.9866
79.212112
68.98876
62.889619
59.032621
56.49848
54.790248
53.618395
248.72815
138.0162
97.986741
79.212514
68.989563
62.89098
59.034632
56.501099
54.793317
53.621735
248.72815
138.01621
97.986903
79.212952
68.990424
62.892416
59.03672
56.503782
54.796433
53.625112
248.72815
138.01624
97.98709
79.213429
68.991345
62.893927
59.03888
56.50652
54.799587
53.628516
248.72815
138.01631
97.987303
79.213947
68.992326
62.895511
59.041109
56.509308
54.80277
53.631937
248.72815
138.0164
97.987545
79.214508
68.993369
62.897166
59.043401
56.51214
54.805976
53.635367
248.72815
138.01653
97.987818
79.215113
68.994475
62.89889
59.045753
56.515009
54.809198
53.638799
248.72815
138.01669
97.988124
79.215765
68.995642
62.900682
59.048159
56.517909
54.812431
53.642228
248.72815
138.0169
97.988464
79.216465
68.996873
62.902538
59.050615
56.520835
54.815669
53.645648
248.72815
138.01714
97.988843
79.217215
68.998165
62.904455
59.053114
56.523782
54.818907
53.649055
248.72815
138.01743
97.989261
79.218016
68.999519
62.906429
59.055653
56.526744
54.82214
53.652443
248.72815
138.01777
97.98972
79.218868
69.000934
62.908458
59.058226
56.529716
54.825363
53.65581
248.72815
138.01816
97.990223
79.219774
69.002406
62.910536
59.060827
56.532691
54.828572
53.65915
248.72815
138.01861
97.990771
79.220732
69.003936
62.91266
59.06345
56.535667
54.831763
53.66246
248.72815
138.01911
97.991365
79.221744
69.005519
62.914824
59.066092
56.538636
54.834929
53.665736
248.72815
138.01968
97.992007
79.222808
69.007154
62.917024
59.068744
56.541594
54.838069
53.668974
248.72815
138.02031
97.992698
79.223925
69.008837
62.919255
59.071403
56.544535
54.841176
53.67217
248.72815
138.02101
97.993438
79.225092
69.010564
62.92151
59.074062
56.547456
54.844246
53.67532
248.72815
138.02179
97.994226
79.226308
69.012331
62.923785
59.076715
56.550349
54.847276
53.678419
248.72815
138.02263
97.995062
79.227571
69.014134
62.926073
59.079357
56.553211
54.850259
53.681465
248.72815
138.02356
97.995944
79.228879
69.015966
62.928368
59.081981
56.556036
54.853193
53.684453
248.72815
138.02456
97.996869
79.230227
69.017824
62.930664
59.084582
56.558818
54.856072
53.687378
248.72815
138.02564
97.997832
79.231611
69.019699
62.932952
59.08715
56.561551
54.858889
53.690235
248.72815
138.02679
97.998818
79.233014
69.021574
62.935216
59.089673
56.56422
54.861632
53.693011
248.72815
138.02794
97.999775
79.23438
69.023403
62.937417
59.092115
56.566797
54.864276
53.695683
248.72815
138.02899
98.000706
79.235847
69.02541
62.939809
59.094742
56.569549
54.867085
53.698513
248.72815
138.02966
98.001838
79.23773
69.027887
62.942696
59.097883
56.572824
54.870421
53.701873
248.72815
138.03002
98.00318
79.239743
69.030547
62.945814
59.101269
56.576346
54.874004
53.705477
248.72815
138.03029
98.004991
79.242264
69.033737
62.949462
59.105173
56.580371
54.878075
53.709557
248.72815
138.03058
98.007079
79.245319
69.037546
62.953754
59.109721
56.585032
54.882774
53.71426
248.72815
138.031
98.009631
79.24923
69.042314
62.959014
59.115216
56.590617
54.888376
53.719848
248.72815
138.0317
98.012554
79.253629
69.047571
62.964721
59.121119
56.596581
54.894338
53.725785
248.72815
138.03276
98.015803
79.258326
69.053042
62.970549
59.127069
56.602537
54.900255
53.731651
248.72815
138.03412
98.019202
79.263027
69.058384
62.976141
59.132713
56.608147
54.905802
53.737133
248.72815
138.03553
98.022404
79.267303
69.063128
62.981014
59.137559
56.61291
54.910473
53.741721
248.72815
138.03694
98.02517
79.270794
69.066863
62.984744
59.141188
56.616415
54.913864
53.745017
248.72815
138.03794
98.027054
79.273058
69.069173
62.986953
59.143253
56.61834
54.91567
53.746729
248.72815
138.03845
98.027931
79.273967
69.069927
62.987495
59.143592
56.618511
54.915709
53.746668
248.72815
138.03848
98.027863
79.273695
69.069427
62.986787
59.142712
56.617495
54.91459
53.745474
248.72815
138.03811
98.026894
79.27217
69.06745
62.984469
59.140146
56.614753
54.911723
53.742519
248.72815
138.03759
98.025681
79.270421
69.065305
62.982036
59.13751
56.61198
54.908866
53.739616
248.72815
138.03628
98.023016
79.266731
69.060905
62.977161
59.132324
56.606595
54.903359
53.734042
248.72815
138.03777
98.025054
79.268847
69.062927
62.979032
59.134031
56.60814
54.904747
53.735279
52.969935
52.240429
51.509501
50.77748
50.044699
49.311492
48.578192
47.845133
47.112646
46.381063
45.650711
44.921916
44.194999
43.470278
42.748065
42.028667
41.312386
40.599517
39.890349
39.185163
38.484235
37.787831
37.09621
36.409624
35.728317
35.052521
34.382464
33.718362
33.060424
32.408848
31.763825
31.125534
30.494147
29.869824
29.252719
28.642973
28.040718
27.446077
26.859165
26.280084
25.708929
25.145784
24.590725
24.043819
23.505122
22.974684
22.452544
21.938733
21.433276
20.936187
20.447476
19.967144
19.495184
19.031586
18.576331
18.129395
17.690749
17.260358
16.838183
16.424178
16.018292
15.620471
15.230653
14.848774
14.474763
14.108544
13.750039
13.399165
13.055834
12.719956
12.391439
12.070186
11.7561
11.44908
11.149025
10.85583
10.569392
10.289603
10.016358
9.7495483
9.4890656
9.234801
8.9866455
8.7444896
8.5082239
8.2777392
8.0529261
7.833676
7.6198802
7.411431
7.2082208
7.010143
6.8170917
6.6289616
6.4456485
6.267049
6.0930601
5.9235811
5.7585184
5.5978323
52.973302
52.243794
51.512856
50.780817
50.04801
49.314768
48.581424
47.848311
47.115762
46.384107
45.653675
44.924791
44.197778
43.472953
42.750629
42.031115
41.314712
40.601718
39.892421
39.187105
38.486044
37.789508
37.097755
36.411039
35.729603
35.053681
34.383501
33.71928
33.061226
32.409539
31.764409
31.126016
30.494531
29.870117
29.252923
28.643094
28.040761
27.446047
26.859066
26.279921
25.708706
25.145506
24.590396
24.043443
23.504704
22.974227
22.452052
21.938211
21.432727
20.935616
20.446886
19.966538
19.494567
19.03096
18.575699
18.128761
17.690115
17.259726
16.837555
16.423555
16.017675
15.619861
15.230051
14.848179
14.474176
14.107965
13.749468
13.398601
13.055278
12.719408
12.390899
12.069654
11.755575
11.448563
11.148516
10.855329
10.568899
10.289118
10.015881
9.7490798
9.4886052
9.2343488
8.9862015
8.7440537
8.5077962
8.2773195
8.0525144
7.8332722
7.6194844
7.4110429
7.2078404
7.0097702
6.8167264
6.6286038
6.445298
6.2667058
6.0927244
5.9232531
5.7581975
5.5975167
52.976909
52.247396
51.516446
50.784386
50.05155
49.318268
48.584876
47.851705
47.119088
46.387356
45.656837
44.927857
44.200739
43.475801
42.753357
42.033716
41.317181
40.60405
39.894613
39.189153
38.487948
37.791266
37.099368
36.412508
35.730929
35.054867
34.384551
33.720197
33.062014
32.410203
31.764954
31.126447
30.494854
29.870335
29.253044
28.643123
28.040703
27.445907
26.85885
26.279633
25.708352
25.145091
24.589926
24.042922
23.504136
22.973618
22.451406
21.937533
21.432021
20.934886
20.446137
19.965774
19.493791
19.030177
18.574913
18.127974
17.68933
17.258946
16.836781
16.422789
16.01692
15.619116
15.229316
14.847456
14.473463
14.107264
13.748778
13.397922
13.054609
12.71875
12.390251
12.069016
11.754948
11.447947
11.147909
10.854733
10.568313
10.288543
10.015316
9.7485249
9.4880605
9.2338142
8.9856769
8.7435392
8.5072915
8.2768246
8.0520292
7.8327966
7.6190182
7.410586
7.2073928
7.0093317
6.8162968
6.6281831
6.4448861
6.2663026
6.09233
5.9228681
5.7578222
5.5971476
52.980982
52.251456
51.520483
50.788392
50.055515
49.322183
48.58873
47.855488
47.12279
46.390966
45.660346
44.931255
44.204017
43.47895
42.756369
42.036584
41.319898
40.606611
39.897013
39.19139
38.490019
37.79317
37.101105
36.414078
35.732335
35.056112
34.385636
33.721128
33.062796
32.41084
31.765451
31.126811
30.49509
29.87045
29.253044
28.643014
28.040492
27.445601
26.858454
26.279154
25.707796
25.144464
24.589233
24.04217
23.503331
22.972765
22.450511
21.936601
21.431058
20.933897
20.445127
19.964748
19.492755
19.029134
18.573867
18.12693
17.688291
17.257915
16.835761
16.421781
16.015925
15.618136
15.228352
14.846508
14.472531
14.106348
13.747877
13.397037
13.053741
12.717897
12.389413
12.068194
11.754141
11.447155
11.147133
10.853971
10.567566
10.287811
10.014599
9.7478227
9.4873729
9.2331411
8.9850181
8.7428945
8.5066608
8.2762077
8.0514259
7.8322067
7.6184415
7.4100223
7.2068418
7.0087933
6.8157707
6.6276691
6.4443841
6.2658126
6.0918519
5.9224023
5.7573687
5.5967035
52.985677
52.256133
51.525134
50.793006
50.060082
49.326694
48.593173
47.859852
47.127064
46.39514
45.664408
44.935195
44.207824
43.482614
42.759882
42.039937
41.323084
40.609623
39.899847
39.19404
38.492483
37.795445
37.10319
36.415974
35.734042
35.057632
34.386974
33.722286
33.063778
32.411652
31.766099
31.127301
30.495428
29.870644
29.2531
28.642938
28.040293
27.445285
26.858029
26.278628
25.707175
25.143756
24.588445
24.041308
23.502402
22.971776
22.449469
21.935513
21.429929
20.932735
20.443937
19.963537
19.491528
19.027896
18.572624
18.125686
17.687051
17.256681
16.834537
16.42057
16.014728
15.616955
15.227188
14.845361
14.471403
14.105237
13.746785
13.395963
13.052684
12.716859
12.388393
12.067192
11.753157
11.446188
11.146184
10.85304
10.566653
10.286916
10.013722
9.7469626
9.4865304
9.2323161
8.9842105
8.7421041
8.5058875
8.2754512
8.0506862
7.8314835
7.6177346
7.4093315
7.2061669
7.008134
6.815127
6.6270407
6.4437708
6.2652144
6.091269
5.921835
5.7568169
5.5961645
52.991246
52.261674
51.530637
50.798463
50.065482
49.332027
48.598428
47.86502
47.132133
46.400098
45.669245
44.939901
44.212387
43.487026
42.764132
42.044016
41.326985
40.613338
39.903368
39.197364
38.495604
37.798361
37.105899
36.418473
35.736333
35.059716
34.388852
33.723961
33.065256
32.412936
31.767194
31.128213
30.496164
29.87121
29.253504
28.643188
28.040395
27.445248
26.857861
26.278336
25.706768
25.143241
24.58783
24.040602
23.501612
22.97091
22.448534
21.934516
21.42888
20.931639
20.442802
19.962369
19.490334
19.026683
18.571398
18.124451
17.685812
17.255444
16.833304
16.419345
16.013514
15.615753
15.225999
14.844186
14.470243
14.104093
13.745656
13.39485
13.051587
12.715778
12.387328
12.066143
11.752124
11.445171
11.145183
10.852056
10.565685
10.285964
10.012787
9.7460443
9.4856287
9.2314309
8.9833418
8.7412519
8.5050516
8.2746317
8.0498829
7.8306962
7.6169633
7.408576
7.2054271
7.0074098
6.8144181
6.6263472
6.4430926
6.2645514
6.0906216
5.9212038
5.7562015
5.5955622
52.997154
52.267546
51.536464
50.804235
50.07119
49.33766
48.603977
47.870473
47.137481
46.40533
45.67435
44.944868
44.217207
43.491687
42.768625
42.048333
41.331117
40.617277
39.907108
39.200897
38.498926
37.801468
37.108788
36.421143
35.738782
35.061944
34.390861
33.725753
33.066834
32.414304
31.768357
31.129176
30.496934
29.871794
29.253908
28.64342
28.040463
27.445161
26.857626
26.277962
25.706264
25.142616
24.587092
24.03976
23.500675
22.969887
22.447433
21.933346
21.427648
20.930354
20.441472
19.961002
19.488938
19.025264
18.569963
18.123006
17.684363
17.253996
16.831862
16.417911
16.012092
15.614345
15.224607
14.842812
14.468886
14.102755
13.744338
13.393552
13.050308
12.714518
12.386089
12.064923
11.750925
11.443992
11.144024
10.850918
10.564567
10.284867
10.011709
9.7449871
9.4845918
9.2304143
8.9823453
8.7402755
8.5040952
8.273695
8.0489658
7.8297985
7.6160848
7.4077166
7.2045865
7.0065878
6.8136146
6.6255619
6.4423256
6.2638026
6.0898912
5.9204921
5.7555085
5.5948847
53.002978
52.273319
51.542177
50.809882
50.076761
49.343147
48.60937
47.875763
47.142658
46.410385
45.679274
44.94965
44.221838
43.496158
42.772927
42.052457
41.335055
40.621021
39.910652
39.204235
38.502052
37.804377
37.111477
36.423609
35.741024
35.063961
34.392653
33.727322
33.068181
32.415433
31.769272
31.129882
30.497437
29.872099
29.254023
28.643352
28.040221
27.444751
26.857058
26.277246
25.705407
25.141628
24.585983
24.038538
23.499351
22.968469
22.445931
21.931769
21.426005
20.928655
20.439726
19.959217
19.487121
19.023425
18.568108
18.121143
17.682497
17.252133
16.830007
16.416069
16.010265
15.612537
15.222821
14.841049
14.467148
14.101042
13.742651
13.39189
13.048674
12.712911
12.384508
12.06337
11.749398
11.442493
11.142552
10.849473
10.563149
10.283476
10.010346
9.7436512
9.483283
9.2291325
8.9810904
8.7390471
8.5028933
8.2725194
8.0478162
7.8286747
7.6149864
7.4066434
7.2035382
7.0055642
6.8126154
6.6245869
6.4413746
6.2628756
6.0889884
5.9196135
5.7546539
5.5940513
53.008409
52.278693
51.547487
50.815119
50.081918
49.348215
48.614342
47.88063
47.147411
46.415016
45.683773
44.954009
44.226048
43.500211
42.776814
42.05617
41.338586
40.624364
39.913798
39.207179
38.504789
37.806902
37.113785
36.425697
35.742889
35.065603
34.39407
33.728515
33.069151
32.416183
31.769805
31.130201
30.497547
29.872006
29.253733
28.642872
28.039557
27.443913
26.856053
26.276082
25.704095
25.140177
24.584402
24.036837
23.49754
22.966557
22.443929
21.929687
21.423853
20.926442
20.437462
19.956911
19.484782
19.021062
18.565728
18.118755
17.680108
17.249749
16.827633
16.413711
16.007927
15.610222
15.220532
14.838788
14.464918
14.098843
13.740485
13.389758
13.046576
12.710847
12.382479
12.061376
11.747439
11.440569
11.140664
10.847619
10.561332
10.281694
10.008599
9.741939
9.4816058
9.2274902
8.9794827
8.7374739
8.5013543
8.2710142
8.0463446
7.8272363
7.613581
7.4052705
7.2021975
7.0042553
6.8113381
6.6233408
6.4401596
6.2616915
6.0878352
5.9184911
5.7535619
5.5929874
53.012935
52.283152
51.551873
50.819426
50.086139
49.352344
48.618372
47.884554
47.151222
46.418706
45.687336
44.957437
44.229334
43.503348
42.779795
42.058988
41.341234
40.626836
39.916088
39.209282
38.506699
37.808614
37.115296
36.427004
35.743988
35.066493
34.39475
33.728984
33.06941
32.416232
31.769647
31.129839
30.496984
29.871247
29.252783
28.641737
28.038244
27.442428
26.854404
26.274278
25.702143
25.138086
24.582182
24.034498
23.495091
22.964008
22.44129
21.926968
21.421064
20.923593
20.434562
19.953971
19.481811
19.018068
18.562721
18.115742
17.677096
17.246746
16.824645
16.410743
16.004984
15.607309
15.217651
14.835943
14.46211
14.096076
13.737758
13.387074
13.043934
12.708249
12.379925
12.058866
11.744974
11.438148
11.138288
10.845288
10.559045
10.279451
10.006401
9.7397857
9.4794966
9.2254248
8.9774609
8.7354954
8.4994187
8.2691212
8.0444936
7.825427
7.6118129
7.4035432
7.2005105
7.0026082
6.8097304
6.6217723
6.4386298
6.2602003
6.0863824
5.9170764
5.7521845
5.5916451
53.016165
52.286311
51.554956
50.822428
50.089056
49.35517
48.621102
47.887183
47.153744
46.421116
45.689627
44.959605
44.231373
43.505251
42.781557
42.060604
41.342698
40.628142
39.917233
39.210259
38.507504
37.809244
37.115747
36.427273
35.744072
35.06639
34.394458
33.728503
33.068739
32.415373
31.768599
31.128605
30.495567
29.869649
29.251009
28.639791
28.036131
27.440154
26.851977
26.271703
25.699429
25.135241
24.579214
24.031415
23.491902
22.960724
22.43792
21.923521
21.41755
20.920022
20.430943
19.950314
19.478125
19.014362
18.559004
18.112022
17.673382
17.243043
16.820961
16.407084
16.001355
15.603715
15.214096
14.832431
14.458643
14.092656
13.734388
13.383755
13.040668
12.705036
12.376766
12.055761
11.741924
11.435153
11.135348
10.842404
10.556216
10.276678
10.003682
9.7371214
9.4768869
9.2228693
8.9749592
8.7330471
8.4970233
8.2667783
8.0422027
7.8231876
7.6096243
7.4014049
7.1984219
7.0005688
6.8077397
6.6198297
6.436735
6.2583528
6.0845818
5.9153221
5.7504756
5.5899798
53.017812
52.287888
51.556462
50.823858
50.090407
49.356439
48.622284
47.888274
47.15474
46.422013
45.690421
44.960292
44.231948
43.505711
42.781897
42.06082
41.342786
40.628098
39.917053
39.209939
38.507042
37.808636
37.114989
36.426363
35.743009
35.06517
34.393081
33.726968
33.067045
32.41352
31.766588
31.126437
30.493243
29.867172
29.24838
28.637015
28.033212
27.437097
26.848785
26.268384
25.695988
25.131684
24.575548
24.027649
23.488043
22.956779
22.433898
21.919431
21.4134
20.915821
20.4267
19.946038
19.473824
19.010045
18.554679
18.107697
17.669065
17.238741
16.81668
16.40283
15.997135
15.599533
15.209957
14.828338
14.454601
14.088667
13.730454
13.379878
13.03685
12.701278
12.373069
12.052127
11.738352
11.431645
11.131903
10.839022
10.552897
10.273423
10.00049
9.733993
9.4738213
9.2198662
8.9720183
8.7301679
8.4942053
8.2640209
8.0395054
7.8205497
7.6070454
7.3988842
7.1959589
6.9981627
6.80539
6.6175358
6.4344964
6.2561689
6.082452
5.9132456
5.7484513
5.5880058
53.017684
52.287693
51.556195
50.823519
50.089993
49.355946
48.621712
47.887619
47.154001
46.421186
45.689505
44.959283
44.230844
43.504509
42.780596
42.059416
41.341277
40.626482
39.915327
39.208101
38.50509
37.806567
37.112803
36.424057
35.740582
35.062621
34.390408
33.724171
33.064124
32.410474
31.763419
31.123145
30.489828
29.863637
29.244728
28.633247
28.029331
27.433107
26.84469
26.264187
25.691695
25.1273
24.571079
24.0231
23.48342
22.95209
22.429149
21.914629
21.408553
20.910936
20.421785
19.941099
19.46887
19.005083
18.549717
18.102741
17.664122
17.233819
16.811785
16.397968
15.992311
15.594752
15.205224
14.823656
14.449975
14.084099
13.725948
13.375436
13.032474
12.69697
12.36883
12.047957
11.734253
11.427617
11.127947
10.835138
10.549086
10.269684
9.9968237
9.7303981
9.470298
9.2164142
8.9686372
8.7268571
8.4909643
8.2608491
8.0364022
7.8175145
7.6040774
7.3959827
7.1931232
6.9953922
6.8026839
6.6148935
6.431917
6.2536519
6.0799965
5.9108507
5.7461155
5.5857277
53.01644
52.286397
51.554847
50.822116
50.088533
49.354428
48.620133
47.885978
47.152295
46.419415
45.687665
44.957373
44.228863
43.502455
42.778467
42.05721
41.338993
40.624118
39.912881
39.205573
38.502477
37.80387
37.110019
36.421185
35.737621
35.059571
34.387269
33.720941
33.060803
32.407063
31.759916
31.119552
30.486146
29.859866
29.240869
28.629302
28.025301
27.428995
26.840498
26.259918
25.687352
25.122886
24.566599
24.018557
23.47882
22.947436
22.424447
21.909883
21.40377
20.90612
20.416943
19.936237
19.463993
19.000198
18.544829
18.097857
17.659248
17.228959
16.806946
16.393154
15.987528
15.590004
15.200516
14.818992
14.445358
14.079534
13.721436
13.370981
13.028077
12.692634
12.364556
12.043748
11.730109
11.423539
11.123936
10.831195
10.545211
10.265877
9.9930851
9.726728
9.4666963
9.2128808
8.9651719
8.7234596
8.4876343
8.2575863
8.033206
7.8143845
7.601013
7.3929835
7.1901887
6.9925218
6.799877
6.6121495
6.4292354
6.2510318
6.0774373
5.9083514
5.743675
5.5833444
53.01343
52.283332
51.551726
50.818938
50.085299
49.351138
48.616786
47.882575
47.148836
46.4159
45.684094
44.953747
44.225182
43.498719
42.774675
42.053364
41.335092
40.620163
39.908872
39.20151
38.49836
37.799698
37.105793
36.416906
35.733289
35.055186
34.382831
33.716451
33.056262
32.402471
31.755276
31.114862
30.481408
29.855082
29.23604
28.624429
28.020386
27.424039
26.835504
26.254887
25.682287
25.117789
24.561472
24.013403
23.473641
22.942236
22.419228
21.90465
21.398525
20.900869
20.411688
19.930983
19.458744
18.994958
18.539602
18.092647
17.654058
17.223795
16.80181
16.388052
15.982462
15.584977
15.195532
14.814055
14.440469
14.074696
13.716653
13.366253
13.023408
12.688024
12.360007
12.039261
11.725685
11.419179
11.11964
10.826964
10.541045
10.261776
9.9890505
9.7227593
9.4627935
9.2090439
8.9614009
8.7197544
8.4839949
8.2540124
8.0296977
7.8109416
7.5976353
7.3896709
7.186941
6.9893388
6.7967585
6.6090953
6.4262451
6.2481053
6.074574
5.9055506
5.7409362
5.5806671
53.010519
52.280413
51.548798
50.816001
50.082352
49.34818
48.613817
47.879594
47.145842
46.412891
45.681071
44.950707
44.222124
43.495641
42.771577
42.050241
41.331944
40.616985
39.905663
39.198266
38.495079
37.796377
37.102428
36.413495
35.729828
35.051672
34.379263
33.712826
33.052578
32.398727
31.75147
31.110994
30.477477
29.851088
29.231984
28.620313
28.016211
27.419807
26.831217
26.25055
25.677901
25.113359
24.557002
24.008897
23.469103
22.937671
22.41464
21.900044
21.393904
20.896236
20.407048
19.926338
19.454098
18.990314
18.534962
18.088016
17.649439
17.21919
16.797223
16.383485
15.977919
15.580461
15.191046
14.8096
14.436049
14.070313
13.712309
13.36195
13.019147
12.683808
12.355837
12.035138
11.72161
11.415153
11.115663
10.823037
10.537168
10.25795
9.9852757
9.7190355
9.4591211
9.2054229
8.9578314
8.7162365
8.4805286
8.2505978
8.0263348
7.8076304
7.5943759
7.3864633
7.1837852
6.9862348
6.7937063
6.6060948
6.4232963
6.245208
6.071728
5.9027557
5.7381917
5.5779722
53.004924
52.2748
51.543171
50.810364
50.076706
49.342527
48.608159
47.873931
47.140174
46.407218
45.67539
44.945017
44.216421
43.489924
42.765841
42.044484
41.326162
40.611175
39.89982
39.192388
38.489162
37.790417
37.096423
36.407441
35.723723
35.045513
34.373047
33.706551
33.046242
32.392328
31.745005
31.104462
30.470876
29.844416
29.22524
28.613494
28.009317
27.412836
26.824168
26.243421
25.670693
25.106071
24.549633
24.001449
23.461577
22.930068
22.406963
21.892295
21.386089
20.888359
20.399114
19.918354
19.446072
18.982252
18.526872
18.079903
17.64131
17.211052
16.789082
16.375347
15.96979
15.572347
15.182952
14.801533
14.428013
14.062313
13.70435
13.354037
13.011284
12.676
12.34809
12.027456
11.713998
11.407616
11.108206
10.815664
10.529883
10.250758
9.9781798
9.7120401
9.4522297
9.1986389
8.9511576
8.7096759
8.4740835
8.2442704
8.0201269
7.8015435
7.5884113
7.3806219
7.1780675
6.9806412
6.7882369
6.6007494
6.4180744
6.2401088
6.0667507
5.8978991
5.7334548
5.5733542
53.006016
52.275747
51.543972
50.811017
50.077213
49.342888
48.608374
47.874002
47.140102
46.407005
45.67504
44.944531
44.215803
43.489177
42.764968
42.04349
41.325049
40.609949
39.898484
39.190945
38.487615
37.788771
37.094681
36.405605
35.721796
35.043499
34.370947
33.704368
33.043977
32.389981
31.742579
31.101958
30.468295
29.841758
29.222505
28.610684
28.00643
27.409873
26.821129
26.240305
25.667499
25.102799
24.546282
23.998017
23.458063
22.926471
22.403281
21.888526
21.382231
20.88441
20.395071
19.914216
19.441836
18.977917
18.522438
18.075371
17.636682
17.206329
16.784268
16.370445
15.964803
15.567281
15.177812
14.796324
14.422742
14.056986
13.698974
13.348618
13.005829
12.670515
12.342581
12.021928
11.708459
11.40207
11.10266
10.810122
10.524352
10.245241
9.972682
9.7065661
9.4467835
9.1932244
8.9457787
8.704336
8.4687859
8.2390183
8.0149231
7.7963908
7.5833121
7.3755786
7.1730822
6.9757159
6.7833732
6.5959487
6.4133381
6.2354379
6.0621457
5.8933604
5.728982
5.5689467
)
;

boundaryField
{
    inlet
    {
        type            fixedValue;
        value           uniform 750;
    }
    top
    {
        type            zeroGradient;
    }
    outlet
    {
        type            zeroGradient;
    }
    slipsurface
    {
        type            slip;
    }
    bottom
    {
        type            omegaWallFunction;
        blending        binomial;
        n               2;
        value           nonuniform List<scalar> 
100
(
7569.1038
7590.8125
7571.1099
7538.1542
7512.5644
7498.0759
7491.1188
7487.7286
7485.8494
7484.6257
7483.6803
7482.8695
7482.163
7481.5516
7481.0215
7480.5597
7480.1563
7479.8019
7479.4866
7479.2041
7478.9504
7478.7214
7478.5132
7478.3233
7478.1499
7477.9909
7477.8443
7477.7091
7477.5843
7477.4688
7477.3618
7477.2625
7477.1706
7477.0853
7477.0062
7476.9329
7476.8652
7476.8027
7476.7452
7476.6927
7476.645
7476.602
7476.5638
7476.5304
7476.5017
7476.4787
7476.4605
7476.4481
7476.4416
7476.4407
7476.4452
7476.4548
7476.4692
7476.4872
7476.5081
7476.5312
7476.5552
7476.5778
7476.5973
7476.612
7476.6219
7476.6271
7476.6279
7476.625
7476.6193
7476.6114
7476.602
7476.5916
7476.5806
7476.5692
7476.5577
7476.5461
7476.5346
7476.5233
7476.512
7476.501
7476.4901
7476.479
7476.4676
7476.4561
7476.4446
7476.4331
7476.4215
7476.4098
7476.398
7476.3861
7476.3742
7476.3622
7476.3501
7476.338
7476.326
7476.3139
7476.3018
7476.2897
7476.2778
7476.2653
7476.2544
7476.2387
7476.2299
7476.2059
)
;
    }
    frontandback
    {
        type            empty;
    }
}


// ************************************************************************* //
