/*--------------------------------*- C++ -*----------------------------------*\
| =========                 |                                                 |
| \\      /  F ield         | OpenFOAM: The Open Source CFD Toolbox           |
|  \\    /   O peration     | Version:  2206                                  |
|   \\  /    A nd           | Website:  www.openfoam.com                      |
|    \\/     M anipulation  |                                                 |
\*---------------------------------------------------------------------------*/
FoamFile
{
    version     2.0;
    format      ascii;
    arch        "LSB;label=32;scalar=64";
    class       volScalarField;
    location    "1700";
    object      p;
}
// * * * * * * * * * * * * * * * * * * * * * * * * * * * * * * * * * * * * * //

dimensions      [0 2 -2 0 0 0 0];

internalField   nonuniform List<scalar> 
7480
(
0.05473488
0.042479321
0.028356284
0.016548132
0.0059414577
0.00049541778
-0.00075946332
0.00025706378
0.001810158
0.0028404932
0.0033158878
0.0035186835
0.0036095049
0.0036380635
0.0036395339
0.0036434647
0.003651078
0.0036447192
0.0036279253
0.0036097071
0.0035888786
0.0035612815
0.0035297664
0.0034976954
0.0034638078
0.0034257101
0.0033848188
0.0033426844
0.0032984243
0.0032512344
0.0032022259
0.0031521621
0.0031004234
0.0030468175
0.0029922014
0.0029371716
0.0028817669
0.0028266494
0.0027730536
0.0027219932
0.0026743097
0.0026315617
0.0025962598
0.0025707939
0.0025595228
0.0025659891
0.0025954292
0.0026471167
0.0027194733
0.0028132969
0.0029268456
0.0030572637
0.0032000891
0.0033490344
0.0035019206
0.0036523412
0.003782238
0.0038788059
0.0039339419
0.0039510395
0.0039320034
0.0038829808
0.0038132344
0.0037298819
0.0036380662
0.0035418177
0.0034444906
0.0033473613
0.0032513324
0.0031569414
0.0030643032
0.0029729184
0.0028828001
0.0027939322
0.0027055316
0.0026181768
0.0025309494
0.0024417164
0.0023509056
0.0022586469
0.0021657442
0.0020717935
0.0019756213
0.0018783036
0.0017789447
0.0016781775
0.0015758247
0.0014719407
0.0013671578
0.0012610617
0.0011549584
0.0010485434
0.00094363349
0.00083961361
0.0007432741
0.00064129723
0.00058951591
0.0003073673
0.00083533868
-0.00087442762
0.049758327
0.039243752
0.027290832
0.016399426
0.0065422059
0.0012964377
-5.2727183e-05
0.00072651212
0.0020369985
0.0029643665
0.0033935966
0.0035778829
0.0036603398
0.0036820792
0.0036795981
0.0036821091
0.0036836062
0.0036718433
0.0036519916
0.0036313782
0.0036083656
0.0035787905
0.0035456517
0.0035121867
0.0034770217
0.0034377654
0.0033958732
0.003352844
0.0033077501
0.0032597972
0.0032101078
0.0031594196
0.0031070949
0.0030529468
0.0029978323
0.0029423358
0.0028864884
0.002830953
0.0027769599
0.0027255158
0.0026774584
0.0026343464
0.0025986874
0.0025728658
0.0025612933
0.0025677752
0.0025966282
0.0026477904
0.0027198242
0.0028133405
0.0029266153
0.0030567986
0.0031994298
0.0033482315
0.0035010324
0.0036514194
0.0037813376
0.0038780073
0.0039332969
0.0039505569
0.0039317241
0.0038828786
0.0038132753
0.0037300363
0.0036383031
0.0035421102
0.0034448175
0.0033477063
0.0032516843
0.0031572925
0.0030646482
0.0029732541
0.0028831246
0.0027942441
0.0027058308
0.0026184636
0.0025312301
0.0024419964
0.0023511823
0.0022589176
0.0021660082
0.002072051
0.0019758732
0.0018785504
0.0017791865
0.0016784143
0.0015760563
0.0014721672
0.0013673788
0.0012612771
0.0011551681
0.0010487473
0.00094383176
0.00083980613
0.0007434622
0.00064147731
0.00058976428
0.00030835225
0.00083755562
-0.00087391952
0.045699193
0.037563201
0.026927849
0.016673949
0.0079168883
0.0028248967
0.001120002
0.001388214
0.0023733066
0.0031486458
0.0035145301
0.0036787551
0.0037484922
0.0037552015
0.0037437159
0.0037391965
0.0037320818
0.0037129912
0.0036883441
0.0036640138
0.0036373859
0.0036044236
0.0035687318
0.0035331296
0.0034959171
0.003454819
0.0034114505
0.0033671534
0.0033208571
0.0032718087
0.0032211874
0.0031696633
0.0031165458
0.0030616717
0.003005911
0.0029498178
0.0028934061
0.0028373503
0.0027828768
0.0027309758
0.0026824761
0.0026389416
0.0026028767
0.002576657
0.0025647212
0.0025713308
0.0025996656
0.0026500378
0.0027216921
0.0028148211
0.0029277297
0.003057569
0.0031998768
0.0033483923
0.0035009782
0.0036511987
0.003780974
0.0038776059
0.0039329922
0.0039503503
0.0039317317
0.0038830794
0.0038136423
0.003730544
0.0036389156
0.0035427932
0.0034455425
0.003348449
0.003252428
0.0031580253
0.0030653619
0.0029739435
0.0028837869
0.0027948776
0.0027064345
0.0026190382
0.0025317757
0.0024425198
0.0023516895
0.0022594071
0.0021664804
0.0020725068
0.0019763141
0.0018789783
0.0017796021
0.0016788185
0.0015764493
0.001472549
0.0013677497
0.0012616369
0.0011555172
0.0010490855
0.00094415965
0.00084012315
0.00074377189
0.00064177014
0.00059016741
0.00030993369
0.00084148217
-0.00087331506
0.042978557
0.036261866
0.026573292
0.016973687
0.0092032409
0.0042874521
0.0022015346
0.0020818524
0.0027650858
0.003386014
0.0036964131
0.0038362934
0.0038829241
0.0038600048
0.0038280006
0.003811648
0.0037939485
0.0037643735
0.0037331185
0.0037044665
0.003673372
0.0036358614
0.0035969551
0.0035587681
0.0035189302
0.0034754006
0.0034302344
0.0033844808
0.0033367642
0.0032864317
0.003234808
0.0031824256
0.0031284795
0.0030728644
0.003016489
0.0029598478
0.0029029251
0.002846434
0.0027916017
0.0027393821
0.0026905866
0.002646796
0.0026105098
0.0025840946
0.0025718945
0.0025790368
0.0026072884
0.0026567808
0.0027281277
0.0028208967
0.0029333891
0.0030627677
0.003204558
0.0033525252
0.0035045919
0.00365428
0.0037835161
0.0038796296
0.0039348269
0.0039519625
0.0039332729
0.0038846344
0.0038152368
0.0037321936
0.0036406089
0.0035445089
0.0034472585
0.0033501413
0.0032540798
0.0031596244
0.0030668996
0.0029754136
0.0028851879
0.0027962079
0.0027076934
0.0026202271
0.0025328637
0.0024435088
0.0023526219
0.0022602922
0.0021673219
0.0020733074
0.0019770772
0.0018797092
0.0017803029
0.0016794924
0.0015770977
0.0014731735
0.0013683515
0.0012622166
0.0011560762
0.0010496241
0.00094467918
0.00084062303
0.00074425803
0.00064222883
0.00059078782
0.00031243746
0.00084791857
-0.00087229121
0.040509477
0.034668331
0.025948598
0.017325992
0.010271028
0.0054937278
0.0032402353
0.0028502747
0.0032411757
0.0036848203
0.0039182189
0.0040075165
0.0040221681
0.0039813714
0.0039384258
0.0039123997
0.0038818129
0.0038365424
0.003794336
0.0037588391
0.0037212798
0.0036774132
0.0036342534
0.0035929391
0.0035498506
0.0035031274
0.0034556315
0.0034080021
0.0033583871
0.0033063268
0.0032534191
0.0031999753
0.0031450025
0.0030885029
0.0030314589
0.0029742613
0.0029168308
0.0028599572
0.0028048878
0.0027525075
0.002703591
0.0026597466
0.0026234644
0.0025970811
0.0025849452
0.0025927423
0.0026210192
0.002669912
0.0027409511
0.0028332849
0.0029452212
0.0030739248
0.0032148955
0.0033619456
0.0035131321
0.0036619747
0.0037902258
0.0038852173
0.0039398708
0.0039563541
0.0039371523
0.0038882696
0.003818716
0.0037355819
0.003643926
0.0035477539
0.0034504238
0.0033532091
0.0032570383
0.0031624649
0.0030696144
0.0029779982
0.0028876442
0.0027985359
0.0027098927
0.0026223002
0.0025347719
0.0024452557
0.0023542604
0.0022618355
0.0021687781
0.0020746821
0.0019783768
0.0018809431
0.0017814762
0.0016806114
0.0015781662
0.0014741954
0.0013693301
0.0012631538
0.0011569751
0.0010504859
0.00094550692
0.00084141658
0.00074502534
0.00064295529
0.00059173942
0.00031615744
0.00085744746
-0.00087030226
0.038195919
0.033076023
0.025360223
0.017637697
0.011155707
0.0065906039
0.0042391884
0.0035975377
0.0037388414
0.004007343
0.0041527395
0.0041899196
0.0041736867
0.0041186341
0.0040623693
0.0040178177
0.0039717649
0.0039166765
0.0038676654
0.0038262391
0.0037810982
0.0037293228
0.003680238
0.0036346978
0.0035875228
0.0035369023
0.003486707
0.0034369929
0.003385212
0.0033311469
0.0032767928
0.003222162
0.0031660239
0.0031085769
0.0030509498
0.0029933786
0.002935558
0.0028783469
0.0028231172
0.0027706906
0.0027217932
0.0026780727
0.0026420094
0.0026158801
0.0026040977
0.0026123148
0.0026404027
0.0026889345
0.0027594384
0.0028510686
0.002962187
0.0030899342
0.0032297521
0.0033755125
0.003525477
0.0036730971
0.0037998643
0.0038932753
0.0039471906
0.0039627479
0.0039427401
0.0038935144
0.0038237263
0.0037404349
0.0036486452
0.0035523421
0.0034548786
0.0033575141
0.0032611843
0.0031664441
0.0030734171
0.002981622
0.0028910976
0.0028018192
0.0027130038
0.0026252406
0.0025375267
0.002447837
0.0023566946
0.0022641262
0.0021709354
0.0020767136
0.0019802912
0.0018827535
0.0017831899
0.0016822384
0.0015797126
0.0014756676
0.0013707338
0.0012644923
0.0011582536
0.0010517074
0.00094667596
0.00084253442
0.00074610022
0.00064397721
0.00059306014
0.00032122127
0.00087018035
-0.00086689231
0.036094694
0.031597343
0.024807408
0.017866979
0.011913508
0.0075886646
0.0051751021
0.004305716
0.0042230709
0.0043381988
0.0043985272
0.0043856925
0.0043374501
0.0042643636
0.0041906607
0.0041273388
0.0040674024
0.004004225
0.003947119
0.0038959849
0.003842421
0.0037853942
0.0037322019
0.0036827241
0.0036309274
0.0035758951
0.0035224213
0.0034700143
0.0034155467
0.0033591275
0.0033031698
0.0032472605
0.0031898373
0.0031313691
0.0030731818
0.0030152841
0.0029571126
0.0028996617
0.0028444467
0.002792192
0.002743561
0.0027002713
0.0026648178
0.0026395069
0.0026279085
0.0026355494
0.0026634002
0.002711821
0.0027818878
0.0028728285
0.0029830046
0.0031095013
0.0032478059
0.0033920197
0.0035396629
0.0036843211
0.0038089226
0.0039008388
0.0039544017
0.0039692404
0.0039485704
0.0038992286
0.0038293802
0.0037460572
0.0036542144
0.0035578304
0.0034602622
0.0033627576
0.0032662679
0.0031713531
0.0030781366
0.0029861453
0.002895431
0.0028059595
0.0027169451
0.0026289822
0.0025410597
0.0024511768
0.0023598594
0.0022671122
0.0021737509
0.0020793656
0.0019827886
0.0018851119
0.0017854179
0.0016843485
0.0015817128
0.0014775667
0.0013725394
0.0012662094
0.0011598894
0.0010532663
0.00094816397
0.00084395431
0.0007474592
0.0006452733
0.00059472649
0.00032757388
0.00088576321
-0.00086194844
0.034195969
0.03021539
0.024240525
0.018010333
0.01256002
0.0084796986
0.0060377298
0.0049830355
0.0047052396
0.0046790887
0.0046544594
0.004590387
0.0045079888
0.0044134912
0.0043219523
0.0042419263
0.004168587
0.0040959468
0.0040290819
0.0039679628
0.0039071497
0.0038454513
0.0037874678
0.0037324007
0.003675794
0.0036175958
0.0035615524
0.0035064621
0.0034490236
0.003389969
0.0033321498
0.0032747148
0.0032155909
0.0031556303
0.0030965169
0.0030379365
0.0029791295
0.0029213197
0.0028661092
0.0028140787
0.0027658111
0.0027231232
0.0026885459
0.0026644084
0.0026530441
0.0026598283
0.0026873245
0.0027357168
0.0028054724
0.0028957818
0.0030049163
0.0031298674
0.003266426
0.0034091577
0.0035535223
0.0036937305
0.0038157874
0.0039065851
0.0039602579
0.0039747723
0.0039538102
0.0039046954
0.0038350575
0.0037519178
0.003660186
0.0035638436
0.0034662575
0.0033686679
0.0032720552
0.0031769911
0.0030836023
0.0029914212
0.0029005136
0.0028108394
0.0027216108
0.0026334303
0.0025452773
0.0024551797
0.0023636678
0.0022707176
0.002177159
0.0020825811
0.0019858191
0.0018879745
0.0017881214
0.0016869069
0.0015841353
0.0014798636
0.00137472
0.0012682804
0.0011618599
0.0010551415
0.00094995049
0.0008456567
0.00074908274
0.00064682573
0.00059670558
0.00033509082
0.00090366406
-0.00085558647
0.032475232
0.02892383
0.023665925
0.01808945
0.013109924
0.0092704712
0.0068316163
0.0056319715
0.0051838856
0.0050262065
0.0049180114
0.004801866
0.0046844064
0.0045668463
0.0044567099
0.0043601572
0.004272949
0.0041897529
0.0041133009
0.004043158
0.0039751827
0.003908
0.0038444636
0.0037837821
0.0037229186
0.0036616484
0.0036024827
0.0035440478
0.0034837818
0.0034227368
0.0033633185
0.0033042226
0.0032431782
0.0031815392
0.0031213095
0.0030618459
0.0030021802
0.0029436759
0.002888009
0.0028357304
0.0027873798
0.0027448785
0.0027108003
0.0026873712
0.002676549
0.002683251
0.002710364
0.0027583407
0.0028274846
0.0029169814
0.0030250121
0.0031484766
0.0032834296
0.0034247543
0.0035663367
0.0037023499
0.0038214969
0.0039111312
0.0039647996
0.003979195
0.0039582596
0.0039096144
0.0038403754
0.0037576095
0.0036661664
0.0035700016
0.0034725031
0.0033749111
0.003278242
0.0031830786
0.0030895534
0.0029972097
0.0029061292
0.0028162639
0.002726824
0.0026384245
0.0025500324
0.0024597098
0.0023679955
0.0022748307
0.0021810607
0.0020862729
0.0019893063
0.0018912741
0.0017912412
0.0016898618
0.0015869342
0.0014825174
0.0013772391
0.0012706722
0.0011641348
0.001057305
0.00095200995
0.00084761798
0.00075094833
0.00064861392
0.00059895437
0.00034362348
0.00092329684
-0.00084783687
0.030911872
0.027723997
0.023095024
0.018114433
0.013571139
0.0099678706
0.0075588448
0.0062489295
0.0056537284
0.0053756909
0.0051874659
0.0050197036
0.0048666711
0.0047246749
0.0045952876
0.0044818543
0.0043805883
0.0042862411
0.0041997455
0.0041207092
0.0040453366
0.0039721531
0.0039031528
0.0038372994
0.0037721412
0.0037073007
0.0036447193
0.003583075
0.0035202252
0.0034571549
0.0033956813
0.0033345168
0.0032717592
0.0032088826
0.0031476593
0.0030872007
0.0030265201
0.0029671165
0.0029107941
0.0028580332
0.0028092728
0.0027665244
0.0027324036
0.0027089733
0.0026981933
0.0027047186
0.0027313454
0.0027786385
0.0028469373
0.0029354753
0.0030424099
0.0031645953
0.0032981312
0.0034379849
0.0035776889
0.0037109627
0.0038276125
0.0039151897
0.0039678329
0.003982223
0.0039615525
0.0039134991
0.0038448361
0.0037626743
0.0036717178
0.0035758559
0.0034785651
0.0033810903
0.0032844563
0.0031892638
0.0030956653
0.0030032156
0.0029120097
0.0028219882
0.0027323618
0.0026437616
0.0025551397
0.0024645987
0.0023726889
0.0022793118
0.0021853306
0.0020903298
0.0019931519
0.0018949241
0.0017947016
0.0016931465
0.001590051
0.0014854768
0.0013800513
0.0012733442
0.0011666775
0.0010597241
0.00095431254
0.00084981099
0.00075303059
0.00065061471
0.00060142401
0.0003530253
0.00094408902
-0.00083861786
0.029488451
0.026613618
0.022532755
0.01809011
0.013950915
0.010578775
0.0082208552
0.0068311553
0.0061116859
0.0057254194
0.0054616094
0.0052431579
0.0050542598
0.0048867619
0.0047374991
0.0046069251
0.0044912998
0.0043853843
0.0042887098
0.004200638
0.0041177723
0.0040383308
0.0039634924
0.0038924262
0.0038229146
0.0037542627
0.0036882802
0.0036236169
0.0035581185
0.0034927065
0.0034290507
0.0033659946
0.0033016871
0.0032375289
0.0031749713
0.0031133061
0.0030517088
0.0029915651
0.0029346781
0.0028813982
0.0028321219
0.002788935
0.0027545108
0.0027307281
0.0027194829
0.002725363
0.0027511958
0.0027974914
0.0028645656
0.0029517577
0.0030572613
0.0031779195
0.0033098496
0.0034481158
0.0035863023
0.0037180094
0.003833107
0.0039187897
0.0039705217
0.0039849072
0.0039638038
0.0039159175
0.0038480572
0.0037667321
0.0036763852
0.0035809596
0.0034840532
0.0033868502
0.0032903389
0.0031952003
0.003101627
0.0030091507
0.0029178793
0.0028277533
0.002737984
0.0026492182
0.0025603937
0.0024696605
0.0023775792
0.0022840076
0.0021898315
0.0020946299
0.001997248
0.0018988301
0.0017984197
0.0016966888
0.0015934228
0.0014886869
0.0013831086
0.0012762541
0.0011694507
0.0010623653
0.00095682816
0.00085220851
0.00075530426
0.00065280513
0.00060406413
0.00036316098
0.00096550481
-0.00082779699
0.028189737
0.025587797
0.021982846
0.018022893
0.014257785
0.011110424
0.0088199662
0.0073772043
0.0065553505
0.006073119
0.0057386887
0.0054709952
0.0052463774
0.0050527361
0.0048831177
0.0047352329
0.0046050122
0.0044872041
0.0043801992
0.004282949
0.0041923723
0.0041064426
0.0040256584
0.0039492905
0.0038753114
0.0038028587
0.0037332154
0.0036652851
0.0035971782
0.0035293408
0.0034634921
0.003398615
0.0033327073
0.0032670715
0.0032031173
0.0031403966
0.0030779756
0.0030170644
0.0029594297
0.0029055346
0.002855807
0.0028121993
0.0027774161
0.0027531949
0.0027413767
0.0027464285
0.0027712222
0.0028162243
0.0028816919
0.0029671026
0.0030707104
0.0031893636
0.0033192356
0.003455552
0.0035919874
0.0037220187
0.0038356302
0.0039204274
0.0039721413
0.0039867321
0.0039655397
0.0039180043
0.0038509202
0.0037698624
0.0036798057
0.0035850241
0.0034887049
0.00339185
0.0032955515
0.0032005985
0.0031071762
0.0030147404
0.0029234647
0.0028333069
0.0027434479
0.0026545629
0.0025655838
0.0024747044
0.0023824915
0.0022887599
0.0021944226
0.0020990473
0.0020014828
0.0019028939
0.0018023099
0.0017004141
0.0015969848
0.0014920913
0.0013863616
0.0012793589
0.0011724164
0.001065195
0.00095952703
0.00085478382
0.00075774474
0.00065516296
0.00060682439
0.00037390406
0.00098703334
-0.00081521482
0.027002369
0.024640737
0.021448644
0.01791955
0.014499576
0.011569319
0.0093587256
0.0078860381
0.0069822854
0.006416344
0.0060168473
0.0057019966
0.0054422845
0.0052222501
0.0050319508
0.0048666336
0.0047216451
0.0045916616
0.0044741537
0.0043676007
0.0042691185
0.0041765102
0.0040896916
0.0040079162
0.0039293271
0.0038529415
0.0037795428
0.0037082781
0.0036374714
0.0035672832
0.003499111
0.0034321401
0.00336463
0.0032975267
0.0032321778
0.003168393
0.0031051137
0.0030433455
0.002984938
0.0029305229
0.0028803874
0.0028363106
0.0028010749
0.0027763909
0.0027640277
0.0027682382
0.0027919141
0.0028354768
0.0028991451
0.0029825255
0.0030839293
0.0032002019
0.0033275868
0.0034614989
0.003595719
0.0037236386
0.0038354795
0.0039194215
0.003970955
0.0039859656
0.0039657223
0.0039194118
0.0038531891
0.0037724421
0.0036829436
0.0035888718
0.0034926571
0.0033958021
0.0032998776
0.0032052763
0.0031120387
0.0030196933
0.0029285184
0.0028384267
0.0027485254
0.0026595834
0.0025705237
0.0024795516
0.0023872572
0.0022934174
0.0021989659
0.0021034547
0.0020057423
0.0019070148
0.0018062824
0.0017042432
0.0016006677
0.0014956294
0.0013897578
0.0012826126
0.0011755346
0.0010681782
0.00096237797
0.00085750917
0.00076032674
0.0006576656
0.00060965421
0.00038512996
0.0010081553
-0.00080069684
0.025914585
0.023766316
0.020932559
0.017786249
0.014683306
0.011961531
0.0098400095
0.0083571273
0.007390363
0.0067528641
0.0062943593
0.0059349804
0.0056412057
0.0053948693
0.0051837317
0.0050009273
0.0048410678
0.004698689
0.0045705256
0.0044545664
0.0043480164
0.00424855
0.0041555864
0.0040682974
0.0039849659
0.0039045087
0.0038273051
0.0037526457
0.0036790319
0.0036064101
0.0035358429
0.0034667255
0.0033975677
0.0033290143
0.0032622592
0.0031972153
0.0031329869
0.0030704188
0.0030112379
0.0029562725
0.0029057018
0.0028611131
0.0028254352
0.002800332
0.0027874045
0.0027907206
0.002813204
0.0028552854
0.0029171432
0.0029984349
0.0030975083
0.0032112118
0.0033358687
0.0034670734
0.003598716
0.0037241338
0.0038338177
0.0039165669
0.0039675549
0.0039828382
0.0039636488
0.0039186955
0.0038536227
0.0037740099
0.003685653
0.003592307
0.0034961733
0.0033995347
0.0033040654
0.0032093863
0.0031159794
0.0030238411
0.0029328971
0.0028428896
0.0027530042
0.002664116
0.0025750595
0.0024840374
0.0023917291
0.0022978475
0.0022033283
0.0021077271
0.0020099137
0.0019110885
0.0018102416
0.0017080911
0.0016043951
0.0014992335
0.0013932376
0.0012859634
0.0011787599
0.0010712752
0.00096534635
0.00086035407
0.00076302275
0.00066028877
0.00061250235
0.00039670905
0.0010282994
-0.0007840726
0.024915992
0.022958394
0.020436065
0.017628569
0.014815579
0.012292923
0.010266969
0.0087904408
0.0077778222
0.0070806414
0.0065695416
0.006168713
0.005842284
0.0055700701
0.0053381358
0.0051378812
0.0049631251
0.0048082014
0.0046692588
0.0045438062
0.0044290503
0.0043225611
0.0042233423
0.0041304441
0.0040422492
0.0039575943
0.003876523
0.0037983938
0.0037218665
0.003646714
0.0035737184
0.0035024243
0.0034315447
0.0033614847
0.0032932814
0.0032269326
0.003161724
0.0030983616
0.0030384144
0.0029827566
0.0029316704
0.0028866
0.002850466
0.002824958
0.0028114202
0.0028137767
0.0028350588
0.0028756732
0.0029357104
0.0030148563
0.0031115046
0.0032225634
0.0033444299
0.003472822
0.0036017172
0.0037244198
0.0038316818
0.0039129369
0.0039630068
0.0039783002
0.0039601542
0.0039163006
0.0038524021
0.0037740437
0.0036868042
0.0035943241
0.003498908
0.0034029904
0.003307956
0.0032131342
0.0031197472
0.0030278666
0.0029367481
0.0028465321
0.0027567927
0.0026680581
0.0025790101
0.0024880038
0.0023957913
0.0023019283
0.0022073787
0.0021117539
0.0020138925
0.0019150094
0.0018140893
0.0017118672
0.0016080828
0.0015028278
0.0013967341
0.0012893518
0.0011820404
0.0010744404
0.00096839225
0.00086328349
0.00076580149
0.00066300524
0.00061531676
0.00040850151
0.001046796
-0.00076519328
0.023997388
0.022211035
0.019959886
0.017451511
0.014902601
0.012569067
0.010642862
0.0091863484
0.0081432421
0.0073978085
0.0068407549
0.0064019403
0.0060446213
0.0057472757
0.0054947968
0.0052772343
0.005087635
0.0049200894
0.0047702778
0.0046352643
0.0045121903
0.0043985349
0.0042929576
0.0041943617
0.0041011915
0.0040122197
0.0039272098
0.0038455387
0.0037659997
0.0036882304
0.0036127668
0.0035392487
0.0034665669
0.0033949404
0.0033252564
0.0032575823
0.0031913518
0.0031271516
0.0030664091
0.0030100231
0.0029583888
0.002912881
0.0028761705
0.002850146
0.002836056
0.0028374584
0.0028575092
0.0028966137
0.0029547782
0.0030317224
0.0031259073
0.0032343017
0.0033533478
0.0034788548
0.0036048891
0.0037247932
0.003829555
0.0039091912
0.0039581851
0.003973336
0.0039559811
0.0039129919
0.0038501115
0.0037728685
0.0036866745
0.0035951223
0.0035005282
0.0034052716
0.0033107156
0.0032162575
0.0031233311
0.0030316671
0.0029403162
0.0028500799
0.0027604499
0.0026714709
0.0025822503
0.0024914001
0.0023993329
0.0023054967
0.0022109966
0.0021154445
0.002017576
0.0019186746
0.0018177347
0.0017154805
0.0016116433
0.0015063329
0.0014001743
0.0012927112
0.0011853165
0.0010776208
0.00097146899
0.00086625622
0.00076862639
0.00066578335
0.00061804487
0.00042035402
0.0010628426
-0.0007439493
0.023150609
0.021518637
0.019504165
0.017259443
0.014950129
0.012795223
0.010970992
0.0095455809
0.0084855554
0.0077027019
0.0071064437
0.006633422
0.0062472963
0.00592586
0.0056533005
0.005418689
0.0052143844
0.0050342151
0.0048734878
0.0047288707
0.004597395
0.0044764537
0.0043644231
0.0042600481
0.0041618004
0.0040684003
0.0039793795
0.0038940982
0.003811456
0.0037309855
0.0036530067
0.0035772155
0.003502658
0.0034294099
0.0033582124
0.0032891818
0.0032218776
0.0031567937
0.0030952272
0.0030380945
0.0029858818
0.002939899
0.0029026196
0.0028759657
0.0028612699
0.0028617807
0.0028805365
0.0029180561
0.0029743113
0.0030490209
0.0031406842
0.0032463745
0.0033625867
0.0034851534
0.0036082674
0.0037253494
0.003827581
0.0039055288
0.0039533814
0.0039683075
0.0039516301
0.0039094076
0.0038474487
0.0037710995
0.0036858163
0.0035950924
0.0035012462
0.0034065785
0.0033125338
0.0032185182
0.0031259799
0.0030345565
0.002943416
0.0028535116
0.0027639091
0.0026746688
0.0025854725
0.0024946186
0.0024022993
0.0023084604
0.002214152
0.0021186697
0.0020208272
0.0019219896
0.0018210903
0.0017188371
0.0016149979
0.001509674
0.0014034842
0.0012959719
0.0011885236
0.0010807568
0.00097452286
0.00086922395
0.0007714545
0.00066858582
0.0006206344
0.00043209841
0.0010755034
-0.00072028892
0.022368399
0.020876002
0.019068611
0.017056106
0.01496345
0.012976354
0.011254677
0.0098691779
0.0088040397
0.0079938774
0.0073651526
0.0068619422
0.0064493689
0.0061051517
0.0058131853
0.0055619119
0.00534313
0.0051504138
0.0049787746
0.0048245414
0.0046846101
0.0045562889
0.0044377218
0.0043274944
0.0042240781
0.004126148
0.0040330442
0.0039440869
0.0038582551
0.0037750008
0.0036944564
0.0036163446
0.003539843
0.0034649171
0.0033921694
0.0033217475
0.0032533205
0.0031873104
0.0031248918
0.0030669867
0.0030141561
0.0029676543
0.0029297822
0.0029024623
0.0028871126
0.0028867069
0.0029041221
0.0029400013
0.0029943151
0.0030667515
0.0031558536
0.0032588007
0.0033721271
0.0034916964
0.0036118332
0.0037260481
0.0038257334
0.0039019459
0.0039486538
0.0039633385
0.0039472874
0.0039057891
0.0038446935
0.0037691931
0.0036847944
0.0035947135
0.0035015041
0.0034073336
0.0033137153
0.0032200512
0.003127842
0.0030366899
0.0029458136
0.0028561416
0.00276664
0.0026775542
0.0025886065
0.00249763
0.0024051228
0.0023114444
0.0022170535
0.0021213001
0.0020235753
0.0019248844
0.0018240275
0.0017218401
0.0016180781
0.001512777
0.0014065924
0.0012990679
0.0011915962
0.0010837862
0.00097749508
0.00087213273
0.00077423695
0.00067136945
0.00062303467
0.00044355307
0.0010837847
-0.00069423519
0.021644302
0.020278363
0.018652626
0.016844645
0.014947377
0.01311713
0.011497206
0.010158426
0.0090982937
0.0082701187
0.0076155409
0.0070863243
0.0066498932
0.0062844456
0.0059739491
0.0057065357
0.0054735994
0.0052684938
0.0050860026
0.004922176
0.0047737667
0.0046379991
0.0045128276
0.0043966851
0.004288021
0.0041854692
0.0040882123
0.0039955159
0.003906414
0.0038202962
0.0037371344
0.0036566554
0.0035781441
0.0035014828
0.0034271462
0.0033552983
0.0032857016
0.0032187219
0.0031554205
0.0030967139
0.0030432259
0.0029961637
0.0029576695
0.0029296559
0.0029135994
0.0029122335
0.002928276
0.0029624778
0.0030148122
0.0030849326
0.0031714281
0.0032715764
0.0033819567
0.003498475
0.0036155865
0.0037269058
0.0038240444
0.0038984106
0.003943992
0.0039584352
0.003942929
0.0039021412
0.0038418802
0.003767324
0.0036838015
0.0035943175
0.003501593
0.003407951
0.0033146962
0.0032212244
0.0031292361
0.0030382842
0.0029476026
0.0028581091
0.0027687447
0.0026798329
0.0025910061
0.0025000799
0.0024077955
0.0023143471
0.0022197552
0.0021238828
0.0020262459
0.0019273954
0.0018264733
0.0017244687
0.0016207785
0.0015155379
0.0014094238
0.0013019323
0.001194468
0.0010866501
0.00098032609
0.00087492854
0.00077692207
0.00067408723
0.00062519924
0.00045452831
0.0010868229
-0.00066589579
0.020972571
0.01972138
0.018255413
0.016627669
0.014906243
0.013221919
0.01170181
0.010414806
0.0093682124
0.0085304442
0.0078563989
0.0073054462
0.0068479311
0.0064630132
0.0061350541
0.00585216
0.005605491
0.0053882361
0.0051950139
0.0050216568
0.0048647812
0.0047215305
0.0045897047
0.0044675969
0.0043536186
0.0042463646
0.0041448884
0.0040483931
0.0039559464
0.0038668896
0.0037810577
0.0036981649
0.0036175812
0.0035391272
0.0034631619
0.0033898528
0.0033190402
0.0032510466
0.0031868293
0.0031272912
0.0030731068
0.0030254421
0.0029862954
0.0029575544
0.0029407376
0.0029383687
0.00295301
0.0029854951
0.0030358065
0.0031035673
0.0031874106
0.0032847079
0.0033920899
0.0035055088
0.0036195471
0.0037279315
0.0038225026
0.0038949464
0.0039393941
0.0039535805
0.0039385712
0.003898481
0.0038390485
0.0037654336
0.0036827345
0.0035940434
0.0035016619
0.003408612
0.0033156618
0.0032223393
0.0031305039
0.0030396404
0.0029490459
0.0028596503
0.002770365
0.0026815696
0.0025928258
0.0025020085
0.0024099186
0.0023165898
0.0022220738
0.0021264351
0.0020288114
0.0019297986
0.0018289669
0.0017269152
0.0016229968
0.0015179038
0.0014119044
0.0013044631
0.001197065
0.0010892865
0.00098295676
0.00087756297
0.00077945947
0.00067669278
0.00062709208
0.00046483572
0.0010840923
-0.00063546011
0.020348083
0.019201133
0.017876052
0.01640731
0.014843907
0.013294781
0.011871632
0.010639946
0.0096139571
0.0087741055
0.0080866601
0.0075182551
0.0070425646
0.0066401127
0.0062959327
0.0059983541
0.0057384752
0.005509395
0.0053056277
0.0051228482
0.0049575544
0.0048068153
0.004668307
0.0045401981
0.0044208531
0.0043088286
0.0042030723
0.0041027225
0.0040068631
0.003914796
0.0038262414
0.0037408887
0.003658173
0.00357787
0.0035002351
0.0034254289
0.0033533547
0.0032843024
0.0032191348
0.003158734
0.0031038138
0.0030555036
0.003015671
0.0029861669
0.0029685375
0.0029651233
0.0029783322
0.0030090594
0.0030573033
0.0031226623
0.0032038088
0.0032982044
0.0034025368
0.003512807
0.0036237223
0.0037291375
0.0038210675
0.0038915916
0.0039348804
0.003948776
0.0039342102
0.0038948029
0.0038362067
0.0037635316
0.003681645
0.0035937504
0.0035017894
0.0034092732
0.0033166208
0.0032235236
0.0031318137
0.0030409796
0.0029504339
0.002861055
0.0027717402
0.0026829692
0.0025942447
0.0025034914
0.0024115448
0.0023183239
0.0022239502
0.0021284572
0.0020308928
0.0019320306
0.0018314195
0.0017292121
0.0016252124
0.0015201964
0.0014140378
0.0013066059
0.0011993468
0.001091601
0.00098532162
0.00087998105
0.00078179684
0.00067914145
0.00062869618
0.00047430204
0.0010754988
-0.00060319844
0.019766275
0.018714093
0.017513566
0.016185297
0.014763778
0.013339461
0.012009706
0.010835579
0.0098359219
0.0090005816
0.0083054103
0.0077237789
0.0072329072
0.0068149997
0.0064559956
0.00614466
0.005872196
0.005631699
0.0054176403
0.0052255955
0.0050519708
0.0048937716
0.0047485765
0.0046144478
0.0044896986
0.0043728487
0.004262759
0.0041585044
0.0040591707
0.0039640274
0.0038726981
0.0037848405
0.0036999367
0.0036177292
0.003538383
0.0034620431
0.0033886628
0.0033185066
0.0032523528
0.0031910569
0.003135361
0.0030863614
0.0030458073
0.0030155033
0.0029970096
0.0029925059
0.0030042488
0.0030331773
0.00307931
0.0031422251
0.0032206302
0.0033120743
0.0034133057
0.0035203779
0.0036281218
0.0037305344
0.0038197535
0.0038883595
0.0039304567
0.0039440246
0.003929849
0.0038911091
0.0038333457
0.003761608
0.0036805536
0.0035933636
0.0035020319
0.003409946
0.0033175835
0.0032247364
0.0031331522
0.0030423955
0.002951915
0.0028624937
0.0027730954
0.0026842916
0.0025954929
0.0025047095
0.0024128307
0.0023196747
0.0022254128
0.0021300239
0.0020325513
0.0019338366
0.0018333379
0.0017311998
0.0016274263
0.0015224055
0.0014161306
0.0013087555
0.001201407
0.0010935456
0.00098740639
0.00088208982
0.00078386195
0.00068137492
0.00062999645
0.00048279021
0.0010613405
-0.00056948841
0.019223076
0.018257095
0.01716696
0.01596301
0.014668841
0.013359392
0.012118939
0.011003506
0.0100347
0.0092095669
0.0085118936
0.0079211381
0.007418116
0.0069869377
0.0066146387
0.0062905968
0.0060062731
0.0057548521
0.0055308251
0.0053297248
0.0051478981
0.0049823025
0.0048304434
0.0046902952
0.0045601208
0.0044384049
0.0043239375
0.0042157339
0.0041128717
0.0040145922
0.0039204383
0.0038300318
0.0037428869
0.0036587214
0.0035776217
0.0034997111
0.0034249808
0.0033536758
0.0032864988
0.0032242738
0.0031677619
0.0031180284
0.0030767152
0.0030455729
0.0030261635
0.0030205243
0.0030307665
0.0030578556
0.0031018336
0.0031622624
0.0032378821
0.0033263254
0.0034244054
0.0035282309
0.003632756
0.0037321363
0.0038185988
0.0038852443
0.0039261214
0.0039393333
0.0039254976
0.0038874064
0.0038304685
0.0037596643
0.0036794465
0.0035929702
0.0035022988
0.0034106225
0.003318569
0.0032260037
0.0031345366
0.0030438363
0.0029534244
0.0028639849
0.0027745477
0.0026856777
0.002596742
0.0025058863
0.0024140023
0.0023208221
0.0022265934
0.0021312528
0.0020338449
0.0019352477
0.0018348473
0.0017328392
0.0016292013
0.0015242518
0.0014181382
0.0013108682
0.0012033934
0.0010955567
0.00098935829
0.00088382405
0.00078562801
0.00068331184
0.00063095293
0.00049021014
0.0010421263
-0.0005348414
0.018714854
0.017827311
0.016835254
0.015741543
0.014561686
0.013357696
0.012202091
0.011145567
0.010211053
0.0094009565
0.0087055141
0.008109555
0.0075974017
0.0071552086
0.006771252
0.0064356661
0.0061403046
0.0058785354
0.0056449331
0.0054350424
0.0052451868
0.005072296
0.0049138243
0.0047676787
0.0046320761
0.0045054692
0.0043865905
0.0042744013
0.0041679641
0.0040664947
0.0039694692
0.0038764719
0.0037870363
0.0037008614
0.003617966
0.0035384476
0.0034623243
0.0033898256
0.0033215871
0.0032583981
0.0032010293
0.0031505169
0.0031084051
0.0030763846
0.0030560083
0.0030491866
0.0030578917
0.003083101
0.0031248807
0.0031827808
0.0032555715
0.0033409658
0.0034358447
0.0035363771
0.0036376309
0.0037339496
0.0038176452
0.0038822552
0.0039218784
0.0039347063
0.0039211623
0.0038836981
0.0038275784
0.0037577021
0.0036783259
0.0035925764
0.0035025624
0.003411308
0.0033195783
0.003227303
0.0031359581
0.0030453348
0.0029549806
0.0028655096
0.0027760344
0.0026870958
0.0025980676
0.0025071494
0.0024152049
0.0023219505
0.0022276977
0.0021323204
0.0020349013
0.0019363617
0.0018360302
0.001734137
0.0016306033
0.0015257667
0.001419782
0.0013125912
0.0012052119
0.0010975592
0.00099120175
0.0008856012
0.00078729785
0.00068492077
0.00063155287
0.00049654185
0.0010183557
-0.00049986311
0.018238366
0.017422216
0.016517503
0.015521755
0.014444555
0.013337194
0.012261764
0.011263604
0.010365874
0.0095748275
0.0088858348
0.0082883602
0.0077700384
0.0073191218
0.006925228
0.0065793572
0.0062738706
0.0060024093
0.0057596946
0.0055413354
0.0053436702
0.0051636239
0.0049986226
0.0048465254
0.0047055112
0.0045740051
0.0044506938
0.0043344912
0.0042244407
0.0041197351
0.0040197948
0.0039241673
0.003832395
0.0037441617
0.003659429
0.0035782657
0.0035007073
0.0034269705
0.0033576313
0.0032934421
0.0032351753
0.0031838384
0.0031408865
0.0031079469
0.0030865523
0.0030785
0.0030856303
0.0031089198
0.0031484576
0.0032037869
0.0032737056
0.0033560037
0.0034476333
0.0035448238
0.0036427759
0.0037358549
0.0038169386
0.0038794371
0.0039177574
0.0039301633
0.0039168591
0.003879994
0.0038246818
0.0037557256
0.0036771955
0.0035921797
0.0035028244
0.0034120084
0.0033206108
0.0032286262
0.0031374135
0.003046874
0.0029565785
0.0028670779
0.0027775897
0.0026885616
0.0025994228
0.0025084532
0.0024164533
0.0023231582
0.0022288526
0.0021333831
0.0020359059
0.0019373499
0.0018370136
0.0017351735
0.001631706
0.0015269723
0.0014210947
0.0013139931
0.0012067233
0.0010991548
0.00099281442
0.00088739095
0.00078887075
0.00068653887
0.00063202025
0.00050185944
0.00099049998
-0.00046507513
0.017790717
0.017039557
0.016212812
0.015304312
0.014319369
0.013300415
0.012300396
0.011359446
0.010500163
0.009731419
0.0090525717
0.0084569977
0.0079353713
0.0074780239
0.0070759697
0.0067211537
0.0064065372
0.006126116
0.0058748197
0.0056483716
0.0054431638
0.0052561423
0.0050847275
0.0049267504
0.0047803625
0.004643967
0.0045162153
0.0043959819
0.0042822892
0.0041743088
0.0040714154
0.0039731212
0.0038789701
0.0037886327
0.0037020218
0.0036191767
0.0035401424
0.0034651236
0.003394644
0.0033294174
0.0032702109
0.0032180035
0.0031741686
0.0031402673
0.0031178034
0.0031084716
0.0031139882
0.0031353175
0.0031725703
0.0032252868
0.0032922912
0.0033714471
0.0034597798
0.0035535847
0.0036481832
0.0037379915
0.0038164751
0.0038767726
0.0039137467
0.0039256987
0.0039125895
0.0038762966
0.0038217812
0.0037537371
0.0036760567
0.0035917802
0.0035030876
0.0034127245
0.0033216658
0.0032299745
0.0031389039
0.00304845
0.0029582154
0.0028686898
0.0027791915
0.0026900727
0.0026008208
0.0025098173
0.0024177518
0.002324387
0.0022300359
0.0021345174
0.0020369753
0.0019383482
0.0018379613
0.0017361114
0.0016326355
0.0015279464
0.0014221346
0.0013151095
0.0012079381
0.0011004389
0.00099416318
0.00088881496
0.00079017732
0.00068812656
0.00063234204
0.00050642605
0.000959455
-0.00043068581
0.017369317
0.016677329
0.015920337
0.015089722
0.014187775
0.01324962
0.012320247
0.011434878
0.010614997
0.0098711113
0.0092055869
0.0086150271
0.0080928242
0.0076313066
0.007222899
0.0068605399
0.0065378607
0.0062492827
0.0059900011
0.0057559011
0.0055434663
0.0053496914
0.0051720137
0.0050082561
0.0048565551
0.0047152994
0.0045831151
0.0044588447
0.0043414909
0.0042302058
0.0041243269
0.0040233335
0.0039267656
0.0038342816
0.0037457533
0.0036611904
0.0035806403
0.0035042967
0.0034326364
0.0033663345
0.0033061463
0.0032530219
0.0032082599
0.003173353
0.0031497688
0.003139108
0.0031429705
0.0031622996
0.0031972247
0.0032472867
0.0033113351
0.0033873041
0.003472294
0.0035626693
0.0036538749
0.0037403491
0.0038162438
0.0038742831
0.0039098706
0.0039213298
0.0039083663
0.003872615
0.003818882
0.0037517409
0.0036749115
0.0035913797
0.0035033533
0.0034134562
0.0033227438
0.0032313493
0.00314043
0.0030500644
0.0029598919
0.0028703451
0.0027808326
0.0026916263
0.0026022617
0.0025112263
0.0024190924
0.0023256789
0.0022312612
0.0021356701
0.0020380807
0.0019393963
0.0018389717
0.0017370744
0.0016335408
0.0015288416
0.0014230208
0.0013160154
0.0012089006
0.001101456
0.00099524031
0.00088994118
0.00079122093
0.00068937353
0.00063232968
0.00051017144
0.00092630911
-0.00039654419
0.016971848
0.016333747
0.015639294
0.014878368
0.014051175
0.013186813
0.012323406
0.011491632
0.010711505
0.0099944044
0.0093448771
0.0087621228
0.0082419035
0.0077784141
0.0073654644
0.0069970075
0.0066673928
0.0063715249
0.006104916
0.005863657
0.0056443597
0.0054440955
0.0052603414
0.0050909322
0.0049340031
0.004787937
0.0046513443
0.0045230439
0.004402021
0.0042874109
0.0041785205
0.0040748003
0.0039757822
0.0038811132
0.0037906303
0.0037043145
0.0036222102
0.0035444996
0.0034716184
0.0034042025
0.0033429904
0.0032889025
0.0032431677
0.0032072102
0.0031824548
0.003170415
0.0031725822
0.0031898709
0.0032224259
0.0032697923
0.003330844
0.0034035826
0.0034851853
0.0035720874
0.0036598703
0.0037429546
0.0038162168
0.0038719802
0.0039061495
0.0039170758
0.0039042039
0.0038689586
0.0038159902
0.0037497414
0.0036737629
0.0035909799
0.0035036228
0.003414204
0.0033238456
0.0032327515
0.0031419921
0.0030517181
0.0029616089
0.0028720443
0.002782515
0.0026932235
0.0026037467
0.002512674
0.0024204723
0.0023270141
0.0022325257
0.0021368596
0.0020392401
0.0019404859
0.0018400016
0.001738071
0.0016345096
0.0015297736
0.0014238918
0.001316854
0.0012097227
0.0011022775
0.00099607806
0.00089080823
0.00079199639
0.00069032471
0.00063201242
0.00051291664
0.00089186886
-0.00036263089
0.016596236
0.01600722
0.015368958
0.014670533
0.01391076
0.013113768
0.012311787
0.011531365
0.010790846
0.010101897
0.009470562
0.0088980714
0.0083822023
0.0079188491
0.0075031484
0.0071300623
0.006794686
0.0064924503
0.0062192288
0.0059713574
0.0057456102
0.0055391633
0.0053495562
0.0051746552
0.0050126085
0.0048618037
0.0047208448
0.0045885356
0.0044638476
0.0043459023
0.0042339825
0.0041275134
0.0040260166
0.0039291284
0.0038366563
0.003748554
0.0036648587
0.0035857406
0.0035115983
0.0034430292
0.0033807508
0.0033256526
0.0032788986
0.0032418447
0.0032158669
0.003202398
0.0032028275
0.0032180357
0.0032481791
0.0032928091
0.0033508242
0.0034202906
0.0034984625
0.0035818547
0.0036661563
0.0037460135
0.0038163622
0.0038698345
0.0039025538
0.0039129315
0.0039001061
0.0038653321
0.0038131098
0.0037477426
0.0036726135
0.0035905826
0.0035038974
0.0034149683
0.0033249722
0.0032341817
0.0031435907
0.0030534119
0.0029633672
0.0028737883
0.00278424
0.0026948652
0.0026052765
0.002514162
0.0024218934
0.0023283862
0.0022338277
0.0021380858
0.0020404379
0.0019416114
0.0018410846
0.0017391069
0.0016354877
0.0015307296
0.0014248254
0.0013177316
0.0012105296
0.0011030379
0.00099678413
0.00089148511
0.00079253188
0.0006910059
0.00063140032
0.00051483472
0.000856781
-0.00032924712
0.01624062
0.015696328
0.01510866
0.014466419
0.013767537
0.013032046
0.012287136
0.011555655
0.01085419
0.010194265
0.0095828706
0.009022767
0.0085134017
0.008052178
0.0076354732
0.0072592306
0.0069192986
0.0066116631
0.0063325942
0.0060787072
0.0058469697
0.005634689
0.0054394894
0.005259288
0.0050922614
0.0049368126
0.0047915489
0.0046552676
0.0045269315
0.0044056521
0.0042906933
0.0041814596
0.0040774615
0.0039783247
0.003883832
0.0037939116
0.0037085903
0.0036280255
0.0035525824
0.0034828209
0.0034194338
0.0033632785
0.0033154582
0.0032772608
0.0032500099
0.0032350614
0.0032337103
0.003246798
0.0032744887
0.0033163423
0.0033712819
0.0034374356
0.0035121357
0.003591978
0.0036727717
0.0037493616
0.0038167271
0.0038679365
0.003899109
0.0039089168
0.0038960927
0.0038617497
0.0038102506
0.003745752
0.003671468
0.0035901909
0.0035041791
0.0034157504
0.0033261242
0.0032356407
0.0031452262
0.0030551464
0.0029651674
0.0028755776
0.0027860085
0.0026965521
0.0026068521
0.0025156919
0.0024233566
0.002329797
0.0022351678
0.0021393491
0.0020416685
0.0019427699
0.0018422045
0.0017401746
0.0016365213
0.0015317178
0.0014257614
0.0013186358
0.0012113889
0.0011038325
0.00099747461
0.00089209709
0.00079292934
0.00069147695
0.00063051995
0.00051613286
0.00082165625
-0.00029681939
0.015903332
0.015399807
0.014857784
0.014266165
0.01362236
0.012943018
0.012251039
0.011565987
0.010902698
0.010272246
0.0096821269
0.0091362043
0.00863527
0.008178034
0.0077620069
0.0073840653
0.0070408006
0.0067287681
0.0064446605
0.0061854006
0.005948177
0.0057304525
0.0055299582
0.0053446804
0.0051728396
0.0050128653
0.0048633786
0.0047231788
0.0045912258
0.0044666251
0.0043486276
0.0042366208
0.0041301049
0.0040286955
0.0039321546
0.0038403869
0.0037534068
0.003671358
0.0035945752
0.0035235821
0.0034590438
0.0034017849
0.0033528506
0.0033134622
0.0032848875
0.003268409
0.0032652338
0.003276161
0.0033013586
0.0033403968
0.0033922232
0.0034550253
0.0035262141
0.0036024702
0.003679723
0.0037529991
0.0038173701
0.0038663131
0.0038958334
0.0039050354
0.0038921704
0.0038582153
0.0038074157
0.0037437729
0.0036703289
0.0035898064
0.0035044696
0.0034165509
0.0033273025
0.0032371293
0.0031468991
0.0030569226
0.0029670103
0.0028774131
0.0027878214
0.0026982851
0.0026084744
0.0025172645
0.0024248625
0.0023312478
0.0022365471
0.0021406503
0.0020429334
0.0019439636
0.0018433556
0.0017412738
0.0016375903
0.0015327351
0.0014267338
0.0013195796
0.0012122672
0.0011046441
0.00099820253
0.00089273457
0.00079330036
0.00069185347
0.00062944776
0.00051705973
0.00078713546
-0.00026586993
0.015582871
0.015116524
0.014615766
0.014069857
0.013475947
0.012847885
0.012204927
0.011563755
0.010937511
0.010336618
0.0097687355
0.0092384705
0.0087476612
0.0082961195
0.0078823676
0.007504151
0.0071587784
0.0068433757
0.0065550735
0.0062911239
0.0060489598
0.0058262215
0.0056207668
0.0054306694
0.0052542085
0.0050898524
0.0049362456
0.0047921987
0.004656675
0.0045287789
0.0044077532
0.0042929733
0.0041839301
0.00408023
0.0039816175
0.0038879764
0.003799307
0.003715739
0.0036375788
0.0035653153
0.0034995839
0.0034411751
0.0033910789
0.0033504513
0.0033205022
0.0033024437
0.0032974003
0.0033061272
0.0033287925
0.003364977
0.0034136535
0.0034730672
0.0035407072
0.0036133424
0.0036870206
0.003756948
0.00381832
0.003864906
0.0038927638
0.0039013179
0.0038883616
0.0038547419
0.0038046132
0.003741811
0.0036691994
0.0035894315
0.0035047706
0.0034173707
0.0033285077
0.0032386483
0.00314861
0.0030587409
0.0029688967
0.0028792952
0.0027896797
0.002700065
0.0026101445
0.0025188809
0.0024264121
0.0023327396
0.0022379665
0.0021419904
0.0020442341
0.0019451931
0.0018445395
0.0017424055
0.001638688
0.0015337819
0.0014277363
0.0013205513
0.0012131703
0.001105494
0.00099895355
0.00089337374
0.00079369033
0.00069222928
0.00062825158
0.0005178891
0.00075379987
-0.00023681189
0.015277892
0.014845469
0.014382086
0.013877542
0.013328904
0.012747696
0.012150089
0.011550253
0.010959737
0.010388186
0.0098431676
0.0093297364
0.0088505109
0.0084062068
0.0079962272
0.0076191094
0.0072728408
0.006955106
0.0066634799
0.0063955584
0.0061490367
0.005921752
0.0057117069
0.0055170792
0.0053362213
0.0051676526
0.0050100511
0.0048622474
0.0047232152
0.0045920632
0.0044680314
0.0043504873
0.0042389147
0.0041329123
0.0040322099
0.0039366728
0.0038462868
0.0037611667
0.003681593
0.0036080209
0.0035410549
0.0034814503
0.0034301444
0.0033882294
0.0033568556
0.0033371672
0.0033302116
0.0033366987
0.003356793
0.0033900869
0.0034355783
0.0034915684
0.0035556243
0.0036246057
0.0036946777
0.0037612238
0.0038195961
0.0038637164
0.0038899176
0.0038977723
0.0038846808
0.00385134
0.0038018521
0.0037398736
0.0036680846
0.0035890694
0.0035050846
0.0034182112
0.0033297411
0.0032401985
0.0031503594
0.0030606022
0.0029708273
0.0028812248
0.0027915842
0.0027018925
0.0026118632
0.0025205422
0.0024280061
0.0023342733
0.0022394267
0.0021433703
0.0020455713
0.0019464592
0.0018457575
0.0017435703
0.0016398162
0.0015348586
0.0014287659
0.0013215473
0.0012140964
0.0011063673
0.00099972254
0.00089403669
0.00079408698
0.00069258084
0.00062701385
0.0005189759
0.00072211571
-0.00021010955
0.014987179
0.014585733
0.014156269
0.013689237
0.013181737
0.012643366
0.012087682
0.011526682
0.010970442
0.010427766
0.0099059466
0.0094102458
0.0089438321
0.0085081373
0.0081033132
0.0077286028
0.0073826227
0.0070635939
0.0067695316
0.0064983834
0.00624812
0.0060167908
0.0058025591
0.0056037223
0.0054187196
0.0052461332
0.0050846852
0.0049332347
0.0047907734
0.0046564195
0.0045294158
0.0044091266
0.0042950309
0.0041867215
0.0040839165
0.0039864649
0.0038943382
0.0038076361
0.0037266146
0.0036516969
0.0035834556
0.0035226102
0.0034700469
0.0034267962
0.0033939479
0.0033725803
0.0033636684
0.0033678766
0.0033853626
0.0034157299
0.0034580025
0.0035105358
0.0035709747
0.0036362711
0.0037027096
0.0037658326
0.0038212062
0.0038628463
0.0038873043
0.0038943779
0.0038811289
0.0038480117
0.0037991373
0.0037379651
0.0036669874
0.0035887227
0.0035054139
0.0034190737
0.0033310035
0.0032417811
0.0031521478
0.003062507
0.0029728028
0.0028832024
0.0027935359
0.0027037685
0.0026136314
0.0025222493
0.0024296454
0.0023358498
0.0022409286
0.0021447909
0.002046946
0.0019477627
0.0018470103
0.0017447689
0.0016409758
0.0015359658
0.0014298238
0.0013225688
0.0012150464
0.0011072593
0.0010005057
0.00089471192
0.00079448479
0.00069291475
0.00062569397
0.00052038861
0.00069207221
-0.00018587701
0.014709642
0.014336502
0.013937877
0.01350493
0.013034872
0.012535691
0.012018741
0.011494146
0.010970643
0.010456177
0.0099576359
0.0094803062
0.0090277085
0.0086018201
0.0082034106
0.007832338
0.00748779
0.0071684926
0.0068728894
0.0065992799
0.006345918
0.006111077
0.0058930943
0.0056904
0.0055015334
0.0053251506
0.0051600274
0.0050050607
0.0048592671
0.0047217809
0.0045918525
0.0044688479
0.0043522445
0.0042416313
0.0041367172
0.0040373375
0.0039434498
0.0038551388
0.0037726375
0.0036963387
0.0036267825
0.0035646521
0.0035107845
0.0034661499
0.003431778
0.0034086826
0.0033977708
0.0033996613
0.0034145027
0.0034419091
0.0034809307
0.0035299761
0.0035867671
0.0036483505
0.0037111256
0.0037708154
0.0038229702
0.0038623744
0.0038849913
0.0038911489
0.0038777375
0.0038447775
0.0037964855
0.0037360969
0.0036659147
0.0035883956
0.0035057613
0.0034199598
0.0033322962
0.0032433971
0.003153976
0.0030644563
0.0029748241
0.0028852288
0.0027955356
0.0027056938
0.00261545
0.0025240033
0.0024313309
0.00233747
0.0022424731
0.0021462529
0.0020483589
0.0019491043
0.0018482986
0.001746002
0.0016421677
0.0015371041
0.0014309106
0.0013236165
0.0012160208
0.0011081707
0.0010013042
0.00089539531
0.00079487689
0.00069324071
0.00062431639
0.00052176232
0.00066318109
-0.00016387792
0.014444293
0.014097042
0.013726508
0.013324593
0.012888663
0.012425364
0.011944188
0.011453656
0.010961302
0.010474224
0.0099988267
0.0095402776
0.0091022882
0.0086872285
0.0082963614
0.0079300677
0.0075880428
0.0072694786
0.0069732271
0.0066979338
0.006442138
0.0062043445
0.0059830752
0.0057769042
0.0055844822
0.0054045498
0.0052359465
0.005077615
0.0049286046
0.0047880716
0.0046552796
0.004529601
0.0044105152
0.0042976095
0.0041905866
0.0040892703
0.0039936057
0.0039036626
0.0038196524
0.0037419387
0.0036710295
0.0036075712
0.0035523532
0.0035062873
0.0034703431
0.0034454723
0.0034325175
0.0034320524
0.003444214
0.0034686266
0.003504367
0.0035498955
0.0036030104
0.0036608546
0.0037199407
0.0037761794
0.0038250203
0.0038622649
0.0038829933
0.0038880479
0.0038745155
0.0038416429
0.0037939052
0.0037342773
0.003664873
0.0035880925
0.0035061295
0.0034208709
0.0033336198
0.0032450471
0.0031558443
0.0030664504
0.0029768919
0.0028873046
0.0027975844
0.0027076692
0.00261732
0.0025258052
0.0024330634
0.0023391349
0.0022440609
0.0021477572
0.0020498109
0.0019504847
0.0018496233
0.0017472702
0.0016433924
0.001538274
0.0014320269
0.0013246908
0.0012170197
0.0011091021
0.0010021182
0.00089608664
0.0007952644
0.00069355161
0.00062294
0.00052278282
0.00063508242
-0.00014388034
0.014190243
0.013866692
0.013521792
0.013148182
0.012743406
0.012312985
0.011864847
0.011406139
0.010943326
0.010482697
0.010030127
0.0095905631
0.0091677761
0.0087643961
0.0083820641
0.0080215926
0.0076831183
0.0073662545
0.0070702352
0.0067940394
0.0065364892
0.0062963244
0.0060722581
0.005863018
0.0056673756
0.005484166
0.0053123007
0.0051507771
0.0049986843
0.0048552066
0.0047196267
0.0045913279
0.0044697953
0.0043546175
0.0042454936
0.0041422385
0.0040447858
0.0039531914
0.0038676462
0.0037884863
0.0037161876
0.0036513603
0.0035947468
0.003547203
0.0035096392
0.0034829464
0.0034679062
0.0034650484
0.0034744965
0.0034958842
0.0035283149
0.0035702998
0.0036197132
0.0036737936
0.0037291729
0.003781913
0.0038276418
0.0038624497
0.0038812835
0.0038850115
0.0038714624
0.0038386061
0.0037913938
0.0037325038
0.0036638632
0.0035878159
0.0035065213
0.0034218086
0.0033349757
0.0032467324
0.0031577534
0.0030684902
0.0029790072
0.0028894306
0.0027996833
0.002709696
0.0026192425
0.0025276563
0.0024348439
0.0023408456
0.002245693
0.0021493047
0.0020513028
0.0019519045
0.001850985
0.0017485741
0.0016446505
0.001539476
0.0014331731
0.0013257918
0.0012180434
0.0011100536
0.0010029473
0.00089678545
0.00079564789
0.00069384
0.00062154358
0.0005233259
0.00060789488
-0.00012566227
0.013946686
0.013644852
0.013323386
0.01297564
0.012599344
0.012199077
0.011781448
0.011352437
0.010917564
0.010482359
0.010052152
0.0096315991
0.0092244265
0.0088334123
0.0084604718
0.0081067618
0.0077727933
0.0074585525
0.0071636242
0.006887303
0.0066286863
0.0063867477
0.0061603957
0.0059485179
0.005750015
0.0055638245
0.0053889387
0.0052244169
0.0050693951
0.004923092
0.0047848149
0.0046539627
0.0045300302
0.0044126104
0.0043014012
0.0041962116
0.0040969652
0.0040037047
0.0039166022
0.0038359673
0.0037622451
0.0036960092
0.003637957
0.0035888897
0.0035496601
0.0035211001
0.0035039333
0.0034986468
0.0035053492
0.0035236826
0.0035527773
0.0035911945
0.0036368833
0.0036871788
0.0037388312
0.0037880569
0.0038307082
0.0038629677
0.0038798772
0.003882059
0.0038686116
0.0038357222
0.0037889842
0.0037307862
0.003662888
0.0035875673
0.0035069377
0.0034227736
0.0033363644
0.0032484536
0.003159704
0.0030705765
0.0029811709
0.002891608
0.0028018337
0.0027117754
0.0026212189
0.0025295583
0.0024366739
0.0023426034
0.0022473707
0.0021508966
0.0020528357
0.0019533646
0.0018523845
0.0017499144
0.0016459425
0.0015407105
0.0014343496
0.00132692
0.001219092
0.001111025
0.0010037913
0.00089749139
0.00079602457
0.00069411668
0.00062014219
0.00052336952
0.00058152996
-0.00010903325
0.013712893
0.013430983
0.013130975
0.012806902
0.012456678
0.012084091
0.01169464
0.011293314
0.010884805
0.010473944
0.010065517
0.009663846
0.0092725349
0.0088944166
0.0085315887
0.0081854719
0.0078568849
0.0075461366
0.0072531276
0.0069774457
0.0067184511
0.0064753471
0.0062472378
0.0060331748
0.0058321938
0.0056433419
0.0054656992
0.0052983941
0.0051406161
0.0049916247
0.0048507565
0.0047174315
0.0045911577
0.004471536
0.0043582662
0.0042511536
0.0041501138
0.0040551777
0.0039664995
0.0038843644
0.003809187
0.0037415053
0.0036819728
0.0036313383
0.0035903982
0.0035599272
0.0035405939
0.003532844
0.0035367701
0.0035520221
0.0035777566
0.0036125844
0.0036545287
0.0037010206
0.0037489295
0.0037946266
0.0038341512
0.003863877
0.0038787781
0.0038793006
0.0038658055
0.0038329933
0.0037867144
0.0037291472
0.0036619605
0.0035873543
0.0035073832
0.0034237684
0.0033377872
0.003250212
0.0031616968
0.0030727098
0.002983384
0.0028938375
0.0028040369
0.0027139087
0.0026232506
0.0025315127
0.0024385549
0.0023444099
0.0022490954
0.0021525341
0.0020544109
0.0019548663
0.001853823
0.001751292
0.0016472692
0.0015419781
0.0014355569
0.0013280757
0.0012201657
0.0011120163
0.0010046499
0.00089820323
0.00079639598
0.00069436633
0.00061869105
0.0005230015
0.00055588369
-9.4067886e-05
0.013488205
0.013224592
0.012944265
0.012641897
0.012315572
0.011968418
0.011604997
0.011229461
0.010845782
0.01045815
0.010070829
0.0096877813
0.0093124316
0.0089475937
0.0085954687
0.0082576671
0.0079352524
0.007628806
0.0073385059
0.0070642075
0.006805518
0.0065618617
0.0063325359
0.0061167573
0.0059137005
0.0057225278
0.0055424128
0.0053725598
0.0052122176
0.0050606921
0.004917355
0.0047816517
0.0046531078
0.0045313352
0.0044160385
0.0043070221
0.0042041959
0.00410758
0.0040173125
0.0039336554
0.0038569943
0.0037878322
0.0037267802
0.0036745366
0.0036318432
0.0035994193
0.0035778813
0.0035676349
0.0035687561
0.0035809016
0.0036032542
0.0036344736
0.0036726561
0.0037153289
0.0037594804
0.0038016315
0.0038379898
0.0038650873
0.0038781451
0.003877134
0.0038628005
0.0038303098
0.0037845557
0.0037275803
0.0036610801
0.0035871773
0.0035078576
0.0034247914
0.003339242
0.0032520051
0.0031637292
0.0030748879
0.0029856444
0.0028961177
0.0028062918
0.0027160953
0.0026253375
0.00253352
0.0024404874
0.002346266
0.0022508682
0.0021542185
0.0020560297
0.0019564104
0.0018553016
0.0017527078
0.0016486317
0.0015432796
0.0014367956
0.0013292591
0.0012212645
0.0011130276
0.0010055226
0.00089892079
0.00079675731
0.00069460781
0.0006172804
0.00052215657
0.00053080902
-8.0731997e-05
0.013272019
0.013025231
0.012762986
0.012480548
0.012176161
0.011852395
0.011513029
0.011161505
0.01080117
0.01043564
0.010068681
0.0097038887
0.0093444713
0.0089931645
0.0086522069
0.0083233338
0.0080077944
0.0077063926
0.0074195455
0.0071473475
0.0068896334
0.006646037
0.0064160429
0.0061990318
0.0059943188
0.0058011849
0.0056189024
0.0054467563
0.0052840609
0.0051301735
0.0049845057
0.0048465332
0.0047158032
0.0045919419
0.004474662
0.0043637697
0.004259171
0.0041608773
0.0040690119
0.0039838153
0.0039056455
0.0038349715
0.0037723633
0.0037184711
0.0036739836
0.0036395671
0.003615788
0.0036030137
0.0036013034
0.0036103196
0.0036292713
0.0036568661
0.0036912728
0.0037301135
0.0037704971
0.0038090809
0.0038422739
0.0038664328
0.003878097
0.0038757378
0.0038598246
0.0038277675
0.0037825583
0.0037261274
0.0036602802
0.0035870606
0.003508378
0.0034258542
0.0033407357
0.0032538371
0.003165803
0.0030771112
0.0029879521
0.0028984477
0.0028085977
0.0027183347
0.0026274791
0.0025355802
0.0024424717
0.0023481723
0.0022526898
0.0021559505
0.0020576931
0.0019579981
0.0018568213
0.0017541628
0.0016500306
0.0015446158
0.0014380662
0.0013304708
0.0012223887
0.0011140587
0.0010064092
0.00089964256
0.00079711131
0.00069480987
0.00061578306
0.00052077843
0.00050660399
-6.8505804e-05
0.013063792
0.012832491
0.012586885
0.012322774
0.012038551
0.011736314
0.011419186
0.011090011
0.010751595
0.01040704
0.010059651
0.0097126599
0.0093690338
0.0090313878
0.0087019438
0.0083825054
0.0080744538
0.0077787684
0.0074960663
0.0072266507
0.0069705626
0.0067276305
0.0064975181
0.0062797661
0.0060738298
0.0058791105
0.005694983
0.0055208172
0.0053559973
0.0051999371
0.0050520931
0.0049119751
0.004779156
0.0046532802
0.0045340711
0.0044213395
0.0043149901
0.0042150271
0.0041215608
0.0040348122
0.0039551125
0.0038828986
0.0038187009
0.0037631232
0.0037168035
0.0036803571
0.0036543028
0.0036389715
0.0036344054
0.0036402723
0.0036558067
0.0036797638
0.0037103837
0.003745383
0.0037819894
0.0038169953
0.0038469932
0.0038681988
0.0038785231
0.0038748498
0.0038573308
0.003825542
0.003780769
0.0037248142
0.0036595775
0.0035870143
0.0035089512
0.0034269608
0.003342271
0.0032557097
0.0031679192
0.0030793801
0.0029903073
0.0029008276
0.0028109549
0.0027206272
0.0026296759
0.002537694
0.0024445085
0.0023501295
0.002254561
0.0021577312
0.0020594021
0.0019596302
0.0018583831
0.0017556578
0.0016514668
0.0015459871
0.0014393694
0.0013317112
0.0012235384
0.0011151097
0.0010073092
0.00090036817
0.00079745332
0.00069498272
0.00061400025
0.00051869885
0.00048435238
-5.605617e-05
0.012863026
0.012646001
0.012415726
0.012168491
0.011902822
0.011620421
0.01132386
0.011015479
0.010697619
0.010372929
0.010044286
0.0097145723
0.0093865023
0.0090625395
0.0087448465
0.0084352472
0.0081352071
0.0078458371
0.0075679161
0.0073019256
0.007048089
0.0068064134
0.0065767302
0.0063587339
0.0061520174
0.0059561028
0.0057704688
0.0055945737
0.0054278756
0.0052698488
0.0051199987
0.0049778738
0.0048430763
0.004715272
0.0045941984
0.0044796736
0.0043716032
0.0042699865
0.0041749224
0.004086614
0.0040053679
0.0039315898
0.0038657725
0.0038084753
0.003760288
0.003721777
0.0036934158
0.0036755006
0.0036680568
0.0036707568
0.0036828605
0.0037031698
0.003729995
0.0037611466
0.0037939688
0.0038253914
0.0038521607
0.003870602
0.0038792161
0.0038742706
0.0038554467
0.0038236077
0.0037791205
0.0037235965
0.0036589425
0.0035870167
0.0035095616
0.0034281005
0.0033438402
0.0032576179
0.0031700746
0.0030816927
0.0029927092
0.0029032575
0.002813364
0.0027229736
0.0026319289
0.0025398629
0.0024465992
0.0023521391
0.0022564833
0.0021595617
0.0020611581
0.0019613078
0.0018599879
0.0017571938
0.0016529411
0.0015473942
0.0014407056
0.0013329805
0.0012247137
0.0011161802
0.0010082222
0.00090109616
0.00079778464
0.00069509798
0.00061207517
0.00051608196
0.0004642503
-4.2246297e-05
0.012669268
0.012465421
0.012249298
0.012017628
0.011769053
0.011504946
0.011227415
0.010938379
0.010639781
0.010333866
0.010023127
0.0097101123
0.0093972823
0.0090869282
0.0087811212
0.0084816661
0.0081900712
0.0079075384
0.0076349729
0.0073730035
0.007122012
0.0068821651
0.0066534494
0.0064357048
0.006228657
0.0060319472
0.0058451587
0.0056678399
0.0054995257
0.0053397546
0.0051880844
0.005044106
0.0049074547
0.0047778207
0.0046549589
0.0045386973
0.0044289447
0.0043256978
0.0042290461
0.0041391764
0.0040563725
0.0039810107
0.0039135479
0.0038545013
0.0038044146
0.0037638075
0.0037331108
0.0037125877
0.0037022471
0.0037017659
0.0037104286
0.0037270833
0.0037501097
0.0037774105
0.0038064454
0.0038342788
0.0038578154
0.0038735664
0.0038799332
0.0038738903
0.0038540636
0.0038219274
0.0037776104
0.0037224899
0.003658392
0.0035870809
0.0035102198
0.0034292819
0.0033454504
0.0032595679
0.0031722743
0.0030840536
0.002995162
0.0029057408
0.0028158283
0.0027253769
0.0026342406
0.0025420892
0.0024487457
0.002354203
0.0022584582
0.0021614434
0.0020629621
0.0019630318
0.0018616366
0.0017587713
0.0016544539
0.0015488375
0.0014420749
0.0013342787
0.0012259144
0.0011172701
0.0010091476
0.00090182546
0.00079810325
0.00069514976
0.00061009752
0.00051315198
0.00044609378
-2.7366673e-05
0.012482088
0.012290413
0.012087366
0.011870065
0.01163726
0.011390041
0.011130132
0.010859096
0.010578536
0.010290343
0.0099966641
0.0096997371
0.0094017704
0.0091048724
0.0088109991
0.008521905
0.0082391057
0.0079638588
0.0076971616
0.0074397613
0.0071921729
0.0069547037
0.0067274804
0.0065104784
0.0063035499
0.006106452
0.0059188711
0.0057404469
0.0055707926
0.0054095138
0.0052562239
0.0051105592
0.0049721914
0.0048408386
0.0047162756
0.0045983432
0.0044869561
0.0043821101
0.0042838875
0.0041924608
0.004108093
0.0040311326
0.0039620024
0.00390118
0.0038491654
0.003806434
0.0037733762
0.0037502237
0.0037369701
0.0037332961
0.0037385107
0.0037515072
0.0037707337
0.0037941842
0.0038194304
0.0038436776
0.0038639358
0.0038770816
0.0038810021
0.0038737826
0.003853094
0.003820534
0.0037762989
0.0037215424
0.0036579607
0.0035872318
0.0035109443
0.0034305186
0.0033471118
0.0032615673
0.0031745243
0.0030864672
0.0029976692
0.0029082805
0.0028183502
0.0027278391
0.0026366127
0.0025443745
0.0024509494
0.002356322
0.0022604865
0.002163377
0.0020648148
0.0019648027
0.0018633297
0.0017603906
0.0016560057
0.0015503171
0.0014434775
0.0013356059
0.0012271403
0.0011183789
0.0010100846
0.00090255495
0.00079840706
0.00069513962
0.00060807378
0.00050992373
0.00043013399
-1.2307758e-05
0.012301179
0.012120763
0.011929809
0.011725785
0.011507531
0.011275907
0.011032314
0.010778018
0.010514331
0.010242837
0.0099653725
0.0096838884
0.0094003518
0.0091166833
0.0088347076
0.0085561046
0.008282368
0.0080147797
0.007754399
0.0075020627
0.0072583951
0.0070238237
0.0067985998
0.0065828225
0.0063764625
0.0061793875
0.005991385
0.0058121851
0.0056414804
0.0054789449
0.0053242503
0.0051770813
0.0050371487
0.0049042012
0.0047780366
0.0046585109
0.0045455472
0.0044391428
0.0043393746
0.004246403
0.0041604718
0.004081904
0.0040110904
0.0039484712
0.003894505
0.0038496257
0.0038141853
0.0037883863
0.0037722074
0.0037653331
0.0037670964
0.0037764353
0.0037918649
0.0038114692
0.0038329307
0.003853588
0.0038705722
0.003881056
0.0038827346
0.003873972
0.0038524532
0.0038194213
0.0037751972
0.0037207585
0.0036576519
0.0035874727
0.0035117375
0.0034318121
0.0033488245
0.0032636156
0.0031768232
0.0030889318
0.0030002292
0.0029108749
0.0028209282
0.0027303588
0.0026390441
0.0025467179
0.0024532096
0.0023584958
0.002262568
0.0021653624
0.0020667164
0.0019666207
0.0018650674
0.0017620522
0.0016575966
0.0015518333
0.0014449137
0.0013369623
0.0012283913
0.0011195063
0.0010110327
0.00090328343
0.00079869474
0.00069506622
0.0006059972
0.00050643874
0.00041620989
2.3414305e-06
0.01212604
0.011956075
0.011776347
0.011584627
0.011379838
0.011162647
0.010934187
0.010695475
0.010447577
0.010191812
0.0099297363
0.009663043
0.0093934698
0.0091227503
0.0088525689
0.0085845128
0.0083200307
0.0080604025
0.0078067219
0.0075598899
0.0073206164
0.007089429
0.0068666873
0.0066526012
0.0064472507
0.0062506076
0.0060625568
0.0058829167
0.0057114593
0.005547928
0.0053920543
0.0052435735
0.005102238
0.0049678299
0.0048401723
0.0047191393
0.0046046645
0.004496749
0.0043954665
0.0043009671
0.004213478
0.0041332982
0.0040607891
0.0039963554
0.0039404173
0.0038933695
0.003855528
0.0038270679
0.003807954
0.0037978749
0.0037961866
0.0038018716
0.0038135104
0.0038292757
0.0038469588
0.0038640282
0.0038777624
0.0038855154
0.0038849787
0.0038744024
0.0038520956
0.0038185685
0.0037742904
0.0037201215
0.0036574534
0.0035877951
0.0035125925
0.0034331559
0.0033505823
0.003265707
0.0031791659
0.0030914428
0.0030028381
0.0029135208
0.0028235598
0.0027329344
0.0026415332
0.0025491187
0.0024555258
0.0023607243
0.0022647027
0.0021673997
0.0020686673
0.0019684861
0.0018668504
0.0017637565
0.0016592274
0.0015533867
0.0014463838
0.0013383481
0.0012296675
0.0011206523
0.0010119913
0.00090400992
0.00079896506
0.00069492758
0.00060386406
0.00050274637
0.00040338181
1.6501402e-05
0.011956541
0.011796228
0.011626872
0.01144652
0.011254167
0.011050314
0.010835873
0.010611654
0.010378512
0.010137534
0.0098900348
0.0096374684
0.00938136
0.0091232609
0.0088647103
0.0086071906
0.0083520873
0.0081006558
0.0078540008
0.0076130636
0.0073786176
0.0071512707
0.006931474
0.0067195344
0.0065156308
0.0063198315
0.0061321134
0.0059523805
0.0057804824
0.0056162319
0.0054594214
0.0053098383
0.0051672786
0.0050315601
0.0049025336
0.0047800933
0.0046641861
0.0045548188
0.0044520641
0.0043560643
0.0042670315
0.0041852436
0.0041110341
0.0040447755
0.0039868517
0.0039376206
0.0038973651
0.0038662346
0.0038441812
0.0038308974
0.0038257624
0.0038278017
0.0038356608
0.0038475988
0.0038615139
0.0038750025
0.003885483
0.0038904268
0.0038876623
0.0038754218
0.0038521874
0.0038180749
0.0037736534
0.0037196861
0.0036574071
0.0035882313
0.0035135337
0.003434568
0.0033523986
0.0032678516
0.0031815597
0.0030940057
0.0030055
0.0029162212
0.0028262475
0.0027355674
0.0026440815
0.002551578
0.002457899
0.0023630082
0.0022668915
0.0021694897
0.0020706683
0.0019703996
0.0018686791
0.0017655041
0.0016608985
0.0015549775
0.0014478881
0.0013397634
0.0012309687
0.0011218164
0.0010129599
0.00090473319
0.00079921648
0.00069472217
0.00060167086
0.00049888864
0.00039160661
3.0008396e-05
0.01179245
0.011641153
0.011481457
0.011311663
0.011130832
0.010939335
0.010737899
0.010527163
0.010307806
0.010080714
0.0098469888
0.0096078736
0.009364696
0.0091188339
0.0088716813
0.008624609
0.0083789255
0.0081358449
0.0078964628
0.0076617398
0.0074324924
0.0072093901
0.0069929586
0.006783588
0.0065815445
0.0063869842
0.0061999697
0.0060204861
0.0058484585
0.0056837678
0.0055262672
0.0053757971
0.0052321986
0.0050953267
0.0049650621
0.0048413215
0.0047240667
0.0046133127
0.0045091334
0.0044116652
0.0043211075
0.004237719
0.0041618082
0.0040937173
0.0040337969
0.003982371
0.0039396913
0.0039058837
0.0038808886
0.0038644029
0.0038558286
0.0038542336
0.0038583268
0.0038664519
0.0038766122
0.0038865273
0.0038937549
0.0038958613
0.0038908028
0.0038770042
0.0038526562
0.0038178915
0.0037732668
0.0037194445
0.0036575106
0.0035887819
0.0035145627
0.003436051
0.0033542761
0.0032700523
0.0031840077
0.0030966232
0.0030082177
0.0029189788
0.0028289938
0.0027382604
0.0026466913
0.0025540981
0.0024603314
0.0023653497
0.0022691362
0.0021716342
0.002072721
0.0019723628
0.001870555
0.0017672963
0.001662611
0.0015566068
0.0014494273
0.0013412088
0.0012322952
0.0011229987
0.001013938
0.00090545238
0.00079944782
0.00069444935
0.00059941495
0.00049488884
0.00038016222
4.2844983e-05
0.011632736
0.011489826
0.011339151
0.011179197
0.011009087
0.010829085
0.010639766
0.010441622
0.010235183
0.010021165
0.009800481
0.0095741866
0.0093434295
0.0091094242
0.0088734232
0.0086366824
0.0084004249
0.0081658102
0.0079339083
0.0077056817
0.0074819717
0.0072634918
0.0070508267
0.0068444356
0.00664466
0.0064517349
0.0062658009
0.0060869192
0.0059150866
0.0057502505
0.005592324
0.0054412004
0.0052967669
0.0051589171
0.0050275631
0.0049026458
0.0047841443
0.0046720836
0.0045665409
0.004467649
0.0043755967
0.004290626
0.0042130226
0.0041431013
0.0040811819
0.0040275571
0.0039824502
0.0039459654
0.0039180328
0.003898354
0.0038863536
0.0038811411
0.0038814874
0.0038858192
0.0038922419
0.0038985959
0.0039025672
0.003901858
0.0038944839
0.0038788766
0.0038533812
0.0038179703
0.0037731102
0.0037193833
0.0036577526
0.0035894373
0.0035156713
0.0034375971
0.0033562077
0.0032723024
0.0031865036
0.0030992896
0.0030109861
0.002921789
0.0028317944
0.0027410096
0.0026493591
0.0025566761
0.0024628203
0.0023677463
0.0022714346
0.002173831
0.0020748236
0.0019743738
0.0018724765
0.0017691315
0.0016643634
0.001558273
0.001451
0.0013426829
0.0012336455
0.0011241976
0.0010149238
0.0009061653
0.0007996567
0.00069410796
0.00059709396
0.0004907629
0.00036939325
5.4362668e-05
0.011749705
0.01265521
0.01372933
0.015187271
0.017171572
0.019804234
0.02329048
0.028348256
0.035630609
0.050552952
0.011749521
0.012655013
0.013729072
0.015186648
0.017169986
0.019800084
0.023278226
0.02829522
0.035413602
0.047862755
0.011749217
0.012654661
0.013728579
0.015185459
0.017166946
0.019791925
0.023255375
0.028190598
0.035035978
0.044915929
0.011748758
0.012654112
0.013727793
0.015183579
0.01716216
0.019779022
0.023219189
0.028038343
0.034489728
0.042409038
0.011748143
0.012653344
0.013726685
0.015180943
0.017155466
0.019761061
0.023167036
0.027844317
0.033813123
0.040280001
0.011747372
0.012652339
0.013725227
0.015177486
0.01714671
0.019737589
0.023098803
0.027611424
0.033061648
0.03835936
0.011746443
0.012651077
0.013723386
0.015173134
0.017135719
0.019708171
0.023014905
0.027341772
0.03228198
0.036585171
0.011745353
0.012649534
0.013721126
0.01516781
0.017122309
0.019672462
0.022915096
0.027039665
0.031487994
0.034936879
0.011744101
0.012647687
0.013718408
0.015161431
0.017106293
0.019630117
0.022799309
0.026708913
0.03068518
0.033404088
0.011742683
0.012645511
0.013715191
0.015153911
0.017087481
0.019580811
0.022667665
0.026352784
0.029879692
0.031978139
0.011741096
0.012642976
0.013711431
0.015145159
0.017065678
0.019524255
0.022520403
0.025974488
0.029077239
0.030650704
0.011739334
0.012640054
0.013707082
0.015135079
0.01704069
0.019460195
0.022357882
0.025577178
0.028282619
0.029414064
0.011737394
0.012636714
0.013702093
0.015123572
0.017012321
0.019388414
0.022180579
0.025163883
0.027499838
0.028261202
0.011735269
0.012632923
0.01369641
0.015110536
0.016980379
0.01930874
0.021989082
0.024737491
0.026732221
0.027185708
0.011732954
0.012628644
0.013689977
0.015095863
0.016944675
0.01922104
0.021784072
0.024300741
0.025982473
0.026181697
0.011730441
0.01262384
0.013682734
0.015079444
0.016905024
0.01912523
0.021566319
0.023856211
0.02525274
0.025243757
0.011727722
0.012618472
0.013674617
0.015061165
0.016861251
0.019021275
0.021336666
0.023406311
0.024544667
0.024366905
0.011724789
0.012612496
0.013665558
0.015040911
0.016813191
0.018909186
0.02109602
0.022953272
0.02385946
0.02354655
0.011721631
0.012605867
0.013655488
0.015018566
0.016760688
0.018789025
0.020845336
0.022499148
0.023197936
0.022778456
0.01171824
0.012598538
0.013644332
0.014994011
0.016703601
0.018660903
0.020585608
0.02204581
0.022560576
0.022058714
0.011714603
0.012590458
0.013632011
0.014967128
0.016641806
0.018524979
0.020317854
0.021594947
0.021947577
0.021383709
0.011710707
0.012581574
0.013618445
0.014937798
0.016575194
0.018381459
0.020043106
0.021148068
0.021358891
0.020750101
0.011706541
0.012571828
0.013603549
0.014905904
0.016503677
0.018230595
0.019762398
0.020706508
0.020794266
0.020154799
0.011702088
0.012561161
0.013587234
0.014871332
0.016427187
0.018072681
0.019476756
0.020271431
0.020253288
0.019594943
0.011697334
0.012549511
0.013569411
0.01483397
0.016345678
0.017908049
0.019187186
0.01984384
0.019735408
0.019067887
0.011692261
0.01253681
0.013549985
0.01479371
0.016259128
0.017737071
0.018894668
0.019424583
0.019239972
0.018571183
0.011686852
0.012522989
0.013528862
0.014750449
0.016167536
0.017560149
0.018600146
0.019014363
0.018766249
0.018102567
0.011681087
0.012507976
0.013505942
0.014704092
0.016070931
0.017377712
0.018304522
0.018613752
0.018313447
0.017659947
0.011674947
0.012491692
0.013481128
0.014654549
0.015969363
0.017190217
0.018008652
0.018223194
0.017880739
0.017241391
0.011668408
0.012474057
0.013454319
0.01460174
0.015862908
0.016998137
0.017713335
0.017843023
0.017467271
0.016845116
0.011661448
0.012454988
0.013425415
0.014545593
0.015751669
0.016801959
0.01741932
0.017473471
0.017072182
0.016469478
0.011654042
0.012434395
0.013394317
0.014486048
0.015635772
0.016602184
0.017127292
0.017114677
0.016694608
0.016112962
0.011646164
0.012412188
0.013360925
0.014423054
0.015515366
0.016399315
0.016837879
0.016766701
0.016333696
0.015774174
0.011637787
0.012388271
0.013325146
0.014356576
0.015390624
0.016193856
0.016551648
0.01642953
0.015988608
0.015451833
0.011628882
0.012362545
0.013286885
0.014286587
0.015261739
0.015986309
0.016269106
0.016103093
0.01565853
0.015144759
0.011619419
0.012334907
0.013246055
0.014213077
0.015128927
0.015777168
0.015990699
0.015787263
0.01534267
0.014851869
0.011609368
0.012305251
0.013202574
0.014136049
0.014992416
0.015566915
0.015716818
0.01548187
0.015040269
0.01457217
0.011598694
0.012273469
0.013156367
0.014055521
0.014852455
0.015356019
0.015447795
0.015186707
0.014750595
0.014304749
0.011587364
0.012239447
0.013107369
0.013971523
0.014709303
0.015144929
0.015183914
0.014901535
0.014472951
0.014048768
0.011575345
0.012203073
0.013055524
0.0138841
0.014563233
0.014934077
0.014925406
0.014626093
0.014206673
0.01380346
0.011562598
0.012164231
0.013000791
0.013793314
0.014414525
0.01472387
0.014672457
0.0143601
0.013951131
0.013568117
0.011549087
0.012122806
0.012943141
0.013699234
0.014263465
0.014514692
0.014425208
0.014103261
0.013705726
0.013342094
0.011534774
0.012078684
0.012882566
0.013601944
0.014110345
0.014306904
0.014183763
0.013855271
0.013469894
0.013124796
0.011519618
0.012031757
0.012819075
0.013501538
0.013955459
0.014100838
0.013948188
0.01361582
0.013243102
0.012915674
0.011503576
0.011981927
0.0127527
0.013398116
0.0137991
0.013896798
0.013718518
0.013384597
0.01302485
0.012714226
0.011486603
0.011929113
0.012683498
0.013291782
0.013641566
0.013695066
0.013494749
0.013161283
0.012814679
0.012520027
0.011468645
0.011873266
0.012611556
0.013182633
0.01348315
0.013495912
0.013276858
0.012945529
0.01261207
0.012332538
0.01144964
0.011814387
0.012536998
0.01307077
0.0133241
0.013299589
0.013064892
0.012737168
0.012416779
0.01215156
0.011429508
0.011752564
0.012459936
0.012956406
0.013164568
0.013106073
0.012858558
0.01253569
0.012228257
0.011976657
0.011408103
0.011688294
0.012380113
0.012840161
0.01300525
0.012915764
0.012657846
0.012340734
0.012045894
0.011807018
0.011383982
0.011621282
0.012292257
0.012716714
0.012839708
0.012721225
0.012454875
0.012144675
0.011862739
0.011636517
0.011352356
0.011551687
0.012184518
0.012571236
0.012650493
0.012502645
0.012229154
0.011927562
0.011659753
0.011446861
0.011307462
0.01148329
0.012051413
0.012394179
0.01242764
0.012249954
0.011971193
0.011680803
0.011429275
0.011231235
0.011247262
0.011409552
0.011892633
0.012180555
0.012166663
0.011960837
0.011679732
0.011403289
0.01116998
0.01098804
0.011169441
0.011315579
0.011705323
0.011925131
0.01186357
0.011634065
0.011354799
0.011094902
0.010881054
0.010715795
0.011068556
0.011193332
0.01148761
0.011628372
0.011521175
0.011275526
0.011003973
0.010763859
0.010571189
0.010423496
0.010939162
0.011035277
0.01123026
0.011285985
0.011137233
0.010883787
0.010624991
0.010405655
0.010233405
0.010102601
0.010773658
0.01083322
0.010929688
0.01090303
0.010720907
0.010469923
0.010230716
0.01003522
0.0098844329
0.0097705699
0.010563232
0.01058064
0.010585127
0.010485426
0.01027942
0.010038433
0.0098216409
0.0096489718
0.0095174361
0.0094188107
0.010299122
0.010273276
0.010198179
0.0100408
0.0098226734
0.0095989098
0.009407716
0.009258565
0.0091459129
0.0090617941
0.009974526
0.0099108933
0.0097742241
0.0095789037
0.0093612575
0.009159925
0.0089949135
0.0088677832
0.0087720349
0.008700688
0.0095882978
0.0094977608
0.0093222133
0.0091100538
0.0089033792
0.0087260416
0.0085850709
0.0084774434
0.0083966394
0.0083365732
0.0091484261
0.0090446418
0.0088544495
0.0086460059
0.0084611927
0.0083117674
0.0081955559
0.0081069055
0.0080400927
0.0079903225
0.0086740862
0.0085703505
0.0083858517
0.0081927738
0.0080292596
0.007901133
0.0078029824
0.0077285877
0.0076727213
0.0076312401
0.0081951098
0.0081031387
0.0079453893
0.0077881183
0.0076606926
0.0075627425
0.0074871346
0.0074287604
0.0073840206
0.0073500399
0.0077502983
0.0076715567
0.0075374722
0.0074063736
0.0073048333
0.0072319123
0.0071799346
0.0071430968
0.0071170922
0.0070983789
0.0073821608
0.0073376167
0.0072591359
0.0071841461
0.0071282646
0.0070918653
0.0070696735
0.0070564909
0.0070500558
0.007048158
0.0071019235
0.0070280748
0.0069432344
0.0068753976
0.0068188196
0.006769552
0.006726348
0.0066879921
0.0066533245
0.0066217708
0.011472047
0.0113372
0.011195176
0.011044686
0.010884901
0.01071598
0.010538362
0.010352414
0.010158532
0.0099572775
0.0097493949
0.0095357637
0.0093173628
0.0090952484
0.0088705315
0.0086443482
0.0084178274
0.0081920611
0.0079680798
0.0077468316
0.007529167
0.007315829
0.0071074474
0.0069045391
0.0067075119
0.0065166719
0.006332233
0.0061543291
0.0059830272
0.0058183405
0.0056602428
0.0055086821
0.0053635933
0.0052249113
0.005092582
0.0049665731
0.0048468834
0.0047335505
0.0046266567
0.0045263333
0.0044327607
0.0043461655
0.0042668126
0.0041949906
0.0041309904
0.0040750746
0.0040274397
0.0039881694
0.0039571845
0.0039341921
0.0039186398
0.0039096799
0.0039061465
0.0039065504
0.0039091009
0.0039117594
0.0039123429
0.0039086823
0.0038988543
0.0038813045
0.0038545803
0.0038184562
0.0037732809
0.0037195781
0.0036582032
0.0035902725
0.0035169443
0.0034393023
0.0033582999
0.0032747178
0.0031891705
0.0031021325
0.0030139348
0.0029247816
0.0028347778
0.0027439404
0.0026522058
0.0025594286
0.0024654782
0.002370306
0.0022738902
0.002176179
0.0020770706
0.0019765229
0.0018745298
0.0017710919
0.0016662342
0.0015600504
0.0014526761
0.0013442509
0.0012350789
0.0011254653
0.0010159599
0.00090690215
0.00079985151
0.00069368212
0.0005946163
0.00048635169
0.00035906545
6.4579702e-05
0.011292575
0.011166411
0.011033756
0.010893445
0.0107447
0.010587598
0.010422455
0.010249517
0.010069055
0.0098814843
0.0096873829
0.0094874585
0.0092825191
0.0090734574
0.0088612337
0.0086468518
0.0084313308
0.0082156785
0.0080008675
0.0077878145
0.0075773633
0.0073702715
0.007167203
0.0069687238
0.0067753019
0.0065873116
0.0064050395
0.0062286937
0.0060584146
0.0058942861
0.0057363481
0.0055846091
0.0054390584
0.0052996777
0.005166453
0.005039384
0.0049184938
0.0048038365
0.0046955033
0.0045936259
0.0044983778
0.0044099715
0.004328651
0.0042546785
0.0041883153
0.0041297936
0.0040792821
0.004036844
0.0040023911
0.0039756378
0.0039560579
0.0039428514
0.0039349228
0.0039308764
0.0039290365
0.0039274978
0.00392422
0.0039171698
0.0039045041
0.0038847101
0.0038565004
0.0038194716
0.0037738452
0.0037200841
0.0036589333
0.0035913898
0.003518522
0.0034413464
0.0033607691
0.0032775461
0.0031922807
0.0031054423
0.0030173658
0.0029282641
0.0028382514
0.0027473557
0.0026555273
0.0025626423
0.0024685823
0.0023732963
0.00227676
0.0021789243
0.0020796977
0.0019790356
0.0018769301
0.0017733829
0.0016684188
0.0015621244
0.0014546298
0.0013460747
0.0012367421
0.0011269295
0.0010171475
0.00090772899
0.00080003849
0.00069310316
0.00059171459
0.00048117689
0.00034745073
7.4603072e-05
0.01108814
0.01097125
0.010848606
0.010719228
0.010582369
0.010438009
0.01028634
0.010127498
0.0099616313
0.009789011
0.0096100525
0.0094252902
0.0092353567
0.0090409728
0.0088429357
0.0086421002
0.0084393556
0.0082356036
0.0080317355
0.0078286133
0.0076270516
0.0074278034
0.0072315493
0.0070388907
0.0068503461
0.0066663518
0.0064872642
0.006313366
0.0061448738
0.0059819469
0.0058246978
0.0056732032
0.0055275145
0.0053876688
0.0052536997
0.0051256466
0.0050035635
0.0048875268
0.004777641
0.0046740422
0.0045768995
0.0044864125
0.0044028049
0.0043263128
0.0042571668
0.0041955679
0.0041416566
0.0040954753
0.0040569282
0.0040257392
0.0040014136
0.0039832068
0.0039701043
0.0039608176
0.0039538027
0.0039473057
0.0039394467
0.0039283437
0.0039122605
0.0038897472
0.0038596368
0.0038214019
0.003775124
0.0037211812
0.0036601976
0.0035930337
0.0035206499
0.0034439822
0.0033638791
0.0032810631
0.0031961207
0.0031095135
0.0030215786
0.0029325373
0.0028425144
0.0027515506
0.0026596119
0.0025665978
0.0024724044
0.0023769796
0.0022802967
0.0021823096
0.0020829377
0.0019821346
0.0018798904
0.0017762076
0.0016711103
0.0015646774
0.0014570319
0.001348312
0.001238777
0.0011287126
0.0010185829
0.00090870637
0.00080022424
0.00069229809
0.00058818592
0.00047485778
0.00033501703
8.4236117e-05
0.010856927
0.010749933
0.010637949
0.010520184
0.010395921
0.010265051
0.010127661
0.0099837852
0.0098334638
0.0096768352
0.0095141628
0.0093458163
0.0091722581
0.008994037
0.0088117818
0.0086261879
0.0084379997
0.0082479923
0.0080569526
0.0078656621
0.0076748799
0.0074853283
0.0072976804
0.0071125515
0.0069304923
0.0067519863
0.0065774494
0.0064072317
0.0062416229
0.0060808576
0.0059251233
0.0057745692
0.0056293148
0.0054894597
0.0053550924
0.0052262995
0.0051031736
0.0049858198
0.004874362
0.0047689458
0.0046697401
0.0045769351
0.0044907368
0.0044113566
0.0043389963
0.0042738267
0.0042159613
0.0041654237
0.0041221128
0.0040857662
0.0040559259
0.004031911
0.004012799
0.0039974224
0.0039843844
0.0039721
0.003958867
0.0039429708
0.0039228066
0.0038970065
0.0038644923
0.0038246654
0.0037774614
0.0037231442
0.0036622094
0.0035953702
0.0035234606
0.0034473204
0.0033677274
0.0032853595
0.003200779
0.0031144349
0.0030266636
0.0029376939
0.0028476614
0.0027566207
0.0026645556
0.0025713903
0.0024770375
0.0023814462
0.0022845875
0.0021864188
0.0020868703
0.0019858957
0.0018834822
0.0017796326
0.0016743701
0.0015677651
0.0014599314
0.0013510033
0.0012412143
0.0011308318
0.0010202657
0.00090980883
0.0008003519
0.00069115291
0.00058391004
0.000467201
0.00032166688
9.2895648e-05
0.010597114
0.01050065
0.010399994
0.010294423
0.010183286
0.010066438
0.0099438842
0.0098155764
0.009681461
0.0095415657
0.009396022
0.0092450534
0.009088966
0.0089281468
0.0087630607
0.0085942419
0.0084222818
0.0082478148
0.0080715039
0.0078940257
0.0077160565
0.0075382585
0.0073612676
0.007185684
0.0070120639
0.0068409144
0.0066726901
0.0065077931
0.0063465736
0.0061893332
0.0060363303
0.0058877849
0.0057438862
0.0056047995
0.0054706738
0.0053416488
0.005217862
0.0050994548
0.0049865771
0.0048793905
0.0047780699
0.0046828016
0.0045937786
0.0045111926
0.0044352205
0.0043660074
0.0043036435
0.0042481381
0.0041993892
0.0041571535
0.0041210168
0.0040903698
0.0040643929
0.0040420517
0.0040221114
0.0040031703
0.0039837192
0.0039622268
0.0039372402
0.0039074928
0.0038719805
0.0038300683
0.0037815571
0.0037265769
0.0036654875
0.0035988476
0.0035273476
0.0034517131
0.0033726364
0.0032907377
0.0032065447
0.0031204875
0.0030328968
0.0029440062
0.0028539617
0.0027628327
0.0026706221
0.0025772789
0.0024827348
0.0023869425
0.002289872
0.0021914844
0.0020917202
0.0019905349
0.0018879129
0.0017838563
0.0016783866
0.0015715651
0.0014634942
0.0013543009
0.0012441899
0.001133403
0.0010222873
0.00091109383
0.00080044018
0.00068962741
0.00057885283
0.00045830929
0.00030791674
9.9970617e-05
0.010317459
0.01023116
0.010141402
0.010047703
0.0099494223
0.0098463339
0.0097383744
0.0096254415
0.0095074162
0.0093842366
0.0092559241
0.009122578
0.0089843684
0.0088415375
0.0086943983
0.0085433311
0.0083887747
0.0082312168
0.0080711836
0.0079092284
0.0077459202
0.0075818326
0.007417533
0.0072535735
0.0070904825
0.0069287586
0.0067688659
0.006611231
0.006456242
0.0063042488
0.0061555653
0.0060104721
0.005869221
0.0057320393
0.0055991355
0.0054707042
0.0053469316
0.0052279999
0.005114091
0.0050053891
0.004902082
0.0048043591
0.004712408
0.0046264078
0.004546518
0.004472865
0.0044055235
0.0043444951
0.0042896846
0.0042408749
0.0041977029
0.0041596399
0.0041259777
0.0040958261
0.0040681224
0.0040416599
0.0040151341
0.00398721
0.003956603
0.0039221666
0.0038829685
0.0038383616
0.0037880379
0.0037319894
0.0036704334
0.0036037702
0.0035325338
0.0034573186
0.0033787157
0.0032972727
0.0032134698
0.0031277088
0.0030403077
0.0029515001
0.0028614403
0.0027702119
0.0026778372
0.0025842898
0.0024895215
0.0023934916
0.0022961709
0.002197524
0.0020975017
0.0019960622
0.0018931875
0.0017888779
0.001683152
0.0015760614
0.0014676946
0.0013581664
0.0012476499
0.0011363526
0.0010245485
0.00091242716
0.00080031775
0.00068750728
0.00057283963
0.00044834531
0.00029387755
0.00010478637
0.010009178
0.0099335449
0.0098551297
0.0097734893
0.0096880903
0.0095987281
0.0095053004
0.0094076585
0.0093056367
0.0091991129
0.0090880302
0.0089723933
0.0088522649
0.0087277684
0.0085990891
0.0084664724
0.0083302184
0.0081906762
0.0080482359
0.0079033216
0.0077563825
0.0076078843
0.0074583017
0.0073081096
0.0071577769
0.0070077601
0.0068584984
0.0067104098
0.0065638888
0.0064193049
0.0062770023
0.0061373005
0.0060004964
0.005866866
0.0057366678
0.0056101454
0.0054875306
0.0053690464
0.0052549095
0.0051453312
0.0050405182
0.0049406708
0.00484598
0.0047566217
0.0046727486
0.0045944789
0.0045218824
0.004454964
0.0043936451
0.0043377441
0.004286958
0.0042408462
0.0041988203
0.0041601406
0.004123924
0.0040891647
0.0040547695
0.0040196086
0.0039825775
0.0039426659
0.0038990219
0.0038510076
0.0037982394
0.0037405843
0.003678117
0.0036110805
0.0035398481
0.0034648702
0.0033866215
0.0033055611
0.0032221066
0.0031366195
0.0030493954
0.0029606606
0.002870573
0.0027792282
0.0026866664
0.0025928843
0.0024978538
0.0024015439
0.0023039279
0.0022049747
0.0021046436
0.0020028973
0.0018997157
0.0017950959
0.0016890524
0.0015816255
0.0014728873
0.0013629348
0.0012519058
0.0011399632
0.0010272982
0.00091401593
0.00080015523
0.0006849376
0.00056612995
0.00043774544
0.00028005235
0.00010726233
0.0096892019
0.0096232581
0.0095551307
0.0094845545
0.0094110366
0.0093343441
0.0092543494
0.0091708892
0.0090837758
0.008992848
0.0088979937
0.0087991495
0.0086962992
0.0085894756
0.0084787632
0.0083642975
0.008246262
0.0081248842
0.008000431
0.0078732032
0.0077435298
0.0076117622
0.0074782683
0.0073434267
0.0072076215
0.0070712376
0.0069346565
0.0067982528
0.0066623915
0.0065274259
0.0063936965
0.0062615298
0.0061312387
0.0060031227
0.0058774686
0.0057545515
0.0056346358
0.0055179764
0.005404819
0.0052954004
0.0051899478
0.0050886769
0.0049917891
0.0048994666
0.0048118657
0.0047291089
0.0046512736
0.0045783805
0.0045103792
0.0044471346
0.0043884124
0.0043338676
0.004283036
0.0042353318
0.0041900525
0.0041463935
0.0041034734
0.00406037
0.0040161658
0.0039699986
0.0039211123
0.0038689007
0.0038129403
0.0037530004
0.0036890267
0.0036211149
0.003549482
0.0034744298
0.0033963047
0.0033154626
0.0032322438
0.0031469546
0.0030598561
0.0029711574
0.0028810126
0.0027895237
0.0026967456
0.0026026944
0.0025073607
0.0024107248
0.0023127647
0.0022134541
0.0021127596
0.0020106485
0.0019070991
0.0018021044
0.0016956722
0.0015878307
0.0014786322
0.0013681498
0.0012564809
0.0011437343
0.0010300081
0.00091530273
0.00079938264
0.00068137936
0.00055835352
0.00042627576
0.00026642924
0.00010693682
0.0093486486
0.0092920233
0.0092337612
0.0091736608
0.0091113251
0.0090465464
0.00897918
0.0089090453
0.0088359407
0.0087596837
0.0086801287
0.0085971674
0.0085107291
0.0084207832
0.0083273415
0.0082304581
0.0081302275
0.0080267817
0.0079202867
0.0078109392
0.0076989621
0.0075846008
0.007468119
0.007349795
0.0072299181
0.0071087854
0.0069866991
0.006863964
0.0067408857
0.0066177686
0.0064949151
0.0063726238
0.0062511896
0.0061309025
0.0060120475
0.005894904
0.0057797455
0.0056668392
0.0055564449
0.0054488139
0.0053441877
0.0052427952
0.0051448499
0.0050505452
0.0049600494
0.0048734992
0.0047909914
0.0047125742
0.0046382376
0.0045679027
0.004501412
0.0044385209
0.0043788915
0.0043220906
0.0042675919
0.004214786
0.004162997
0.0041115065
0.0040595847
0.004006526
0.0039516862
0.0038945157
0.0038345869
0.003771609
0.0037054276
0.0036360122
0.0035634392
0.0034878677
0.0034095128
0.003328618
0.0032454327
0.0031601947
0.0030731166
0.0029843776
0.0028941177
0.0028024372
0.0027093985
0.0026150316
0.0025193423
0.0024223219
0.0023239548
0.0022242193
0.0021230881
0.0020205325
0.0019165296
0.001811067
0.001704144
0.0015957741
0.001485987
0.0013748259
0.0012623425
0.0011485821
0.0010335439
0.00091711043
0.00079881204
0.00067770753
0.00055055413
0.00041512574
0.00025426038
0.00010490642
0.0090020337
0.0089538661
0.0089045135
0.0088538636
0.0088015831
0.0087474753
0.0086913892
0.0086331425
0.0085725325
0.0085093692
0.0084434896
0.0083747607
0.0083030801
0.0082283786
0.0081506219
0.0080698109
0.0079859798
0.0078991937
0.0078095458
0.0077171545
0.0076221601
0.0075247219
0.007425015
0.0073232278
0.0072195602
0.0071142211
0.0070074272
0.0068994019
0.0067903742
0.006680578
0.0065702516
0.0064596372
0.0063489804
0.0062385297
0.0061285359
0.0060192511
0.0059109281
0.0058038189
0.0056981734
0.0055942372
0.0054922494
0.0053924403
0.0052950271
0.005200211
0.0051081717
0.0050190628
0.0049330052
0.0048500811
0.0047703266
0.0046937245
0.0046201976
0.0045496019
0.0044817228
0.0044162723
0.0043528906
0.0042911509
0.0042305697
0.0041706219
0.0041107601
0.0040504383
0.0039891368
0.0039263867
0.0038617913
0.0037950409
0.0037259204
0.0036543073
0.0035801645
0.0035035278
0.0034244897
0.0033431814
0.003259755
0.0031743688
0.0030871745
0.0029983082
0.0029078827
0.0028159852
0.0027226755
0.0026279887
0.0025319392
0.0024345263
0.0023357395
0.0022355611
0.0021339674
0.0020309319
0.0019264297
0.0018204419
0.0017129564
0.0016039694
0.0014934849
0.0013815106
0.001268048
0.0011530734
0.0010364874
0.00091805765
0.00079714559
0.00067279696
0.00054183554
0.0004035738
0.00024272937
0.00010081418
0.0086500508
0.0086093021
0.0085677502
0.0085253464
0.0084818218
0.0084370031
0.0083907424
0.0083428612
0.0082931625
0.0082414568
0.0081875748
0.0081313708
0.0080727248
0.008011545
0.007947769
0.0078813642
0.0078123259
0.007740675
0.0076664552
0.0075897302
0.0075105809
0.0074291024
0.0073454019
0.0072595963
0.0071718106
0.0070821771
0.0069908344
0.0068979272
0.0068036061
0.006708028
0.0066113563
0.0065137613
0.0064154205
0.0063165184
0.0062172472
0.0061178053
0.0060183979
0.0059192347
0.0058205294
0.005722497
0.0056253521
0.0055293057
0.0054345627
0.0053413174
0.0052497506
0.0051600244
0.0050722781
0.0049866233
0.0049031388
0.004821865
0.0047427993
0.004665891
0.0045910379
0.0045180836
0.0044468177
0.0043769774
0.0043082528
0.0042402951
0.0041727279
0.0041051612
0.0040372073
0.0039684974
0.0038986965
0.0038275171
0.0037547275
0.0036801565
0.0036036934
0.0035252834
0.0034449203
0.0033626369
0.0032784938
0.0031925687
0.0031049465
0.0030157104
0.0029249355
0.0028326836
0.0027390008
0.0026439164
0.0025474443
0.0024495857
0.0023503311
0.0022496634
0.0021475589
0.0020439896
0.0019389261
0.00183234
0.0017242049
0.0016144962
0.0015031887
0.0013902507
0.0012756311
0.0011592367
0.0010408803
0.00092023845
0.00079658794
0.00066904903
0.00053477515
0.00039431936
0.00023422749
9.7489438e-05
0.0082938967
0.0082595406
0.0082246379
0.0081892008
0.0081530329
0.0081159955
0.0080779525
0.0080387371
0.0079981661
0.0079560596
0.0079122509
0.0078665915
0.007818954
0.0077692348
0.0077173562
0.0076632658
0.0076069353
0.0075483582
0.0074875471
0.0074245307
0.007359351
0.0072920603
0.0072227189
0.0071513933
0.0070781542
0.0070030759
0.006926236
0.0068477151
0.0067675974
0.0066859717
0.0066029321
0.0065185791
0.0064330208
0.0063463738
0.0062587639
0.0061703266
0.0060812065
0.0059915571
0.005901539
0.0058113191
0.0057210682
0.0056309588
0.0055411624
0.0054518465
0.005363172
0.0052752913
0.005188345
0.0051024583
0.0050177368
0.0049342623
0.0048520885
0.0047712373
0.0046916954
0.0046134121
0.0045362972
0.0044602218
0.0043850193
0.0043104891
0.0042364026
0.0041625105
0.0040885521
0.004014265
0.0039393959
0.0038637096
0.0037869976
0.0037090836
0.0036298271
0.0035491245
0.0034669069
0.0033831371
0.0032978043
0.0032109179
0.0031225012
0.0030325855
0.002941204
0.0028483869
0.0027541582
0.0026585333
0.0025615178
0.0024631077
0.0023632901
0.0022620443
0.0021593428
0.0020551525
0.0019494362
0.0018421536
0.0017332616
0.0016227129
0.0015104507
0.0013964037
0.0012804722
0.0011625009
0.0010422365
0.00091930611
0.00079298955
0.00066256419
0.00052564423
0.00038368079
0.00022488329
9.2320731e-05
0.0079548556
0.0079262377
0.0078972343
0.0078678919
0.0078380551
0.0078076081
0.0077764334
0.007744385
0.0077112989
0.007677011
0.0076413661
0.0076042232
0.0075654593
0.0075249719
0.0074826809
0.0074385283
0.0073924774
0.0073445104
0.0072946256
0.0072428348
0.0071891599
0.0071336304
0.0070762801
0.0070171453
0.0069562631
0.00689367
0.0068294014
0.0067634917
0.0066959744
0.0066268835
0.0065562541
0.0064841237
0.0064105346
0.0063355361
0.0062591885
0.0061815663
0.0061027577
0.0060228613
0.0059419831
0.005860239
0.0057777559
0.0056946693
0.0056111158
0.0055272281
0.0054431348
0.0053589642
0.0052748452
0.0051909062
0.0051072686
0.0050240412
0.004941315
0.0048591594
0.0047776196
0.0046967143
0.0046164335
0.0045367376
0.0044575583
0.0043787992
0.0043003394
0.0042220364
0.0041437314
0.0040652548
0.0039864324
0.0039070917
0.0038270679
0.0037462091
0.0036643805
0.0035814676
0.0034973773
0.0034120375
0.0033253957
0.0032374163
0.0031480778
0.0030573689
0.0029652851
0.0028718248
0.0027769864
0.0026807658
0.002583154
0.0024841356
0.0023836889
0.0022817848
0.0021783878
0.0020734559
0.0019669417
0.0018587916
0.0017489463
0.0016373351
0.0015238734
0.0014084566
0.0012909459
0.0011711503
0.0010487872
0.00092348196
0.00079458229
0.00066156937
0.00052250077
0.00037948175
0.00022164704
9.1153461e-05
0.0076017293
0.007578021
0.0075541727
0.00753024
0.0075060952
0.0074816277
0.0074567106
0.0074311871
0.0074048855
0.007377633
0.0073492637
0.007319625
0.0072885818
0.0072560211
0.0072218531
0.0071860119
0.0071484539
0.0071091558
0.0070681111
0.0070253265
0.0069808192
0.0069346127
0.006886735
0.0068372151
0.0067860814
0.0067333605
0.006679076
0.0066232482
0.0065658955
0.0065070346
0.006446682
0.0063848536
0.006321567
0.0062568428
0.0061907067
0.0061231746
0.0060542654
0.0059840006
0.0059123928
0.0058394651
0.0057652482
0.0056897803
0.005613109
0.0055353098
0.0054565011
0.0053768367
0.0052964904
0.0052156383
0.0051344471
0.0050530684
0.0049716371
0.004890267
0.0048090467
0.004728036
0.0046472652
0.0045667367
0.0044864265
0.0044062869
0.0043262491
0.0042462263
0.0041661169
0.0040858081
0.0040051793
0.0039241058
0.0038424623
0.0037601265
0.0036769835
0.003592929
0.0035078725
0.0034217375
0.0033344622
0.0032459982
0.0031563069
0.0030653558
0.0029731166
0.0028795635
0.0027846724
0.0026884181
0.0025907724
0.0024917031
0.0023911722
0.0022891361
0.0021855449
0.0020803427
0.0019734671
0.0018648491
0.0017544114
0.0016420654
0.0015277078
0.0014112138
0.0012924237
0.0011711387
0.0010470825
0.0009199165
0.00078908941
0.00065427011
0.00051388845
0.0003704332
0.00021414507
8.6633233e-05
0.0073250486
0.007304424
0.0072835072
0.0072624635
0.0072412613
0.007219884
0.0071982942
0.0071764121
0.0071541317
0.0071313339
0.0071078868
0.0070836531
0.0070585069
0.0070323398
0.0070050508
0.0069765402
0.0069467119
0.0069154793
0.0068827686
0.0068485183
0.0068126766
0.0067751968
0.0067360367
0.0066951586
0.0066525299
0.0066081253
0.0065619247
0.006513914
0.006464078
0.0064124008
0.0063587988
0.0063031302
0.0062453301
0.0061857847
0.0061247069
0.0060623268
0.0059995358
0.0059362346
0.0058718714
0.0058065628
0.005740529
0.0056736214
0.0056051244
0.0055344424
0.0054614382
0.0053863648
0.0053097081
0.005231917
0.0051532932
0.0050740468
0.004994364
0.0049144187
0.0048343554
0.0047542758
0.0046742387
0.0045942668
0.0045143526
0.0044344581
0.0043545179
0.0042744464
0.0041941457
0.0041135116
0.004032438
0.0039508186
0.0038685461
0.0037855156
0.003701639
0.0036168515
0.0035310964
0.0034443154
0.0033564585
0.0032674896
0.003177381
0.003086105
0.0029936307
0.0028999233
0.0028049442
0.0027086488
0.0026109851
0.0025118955
0.0024113159
0.0023091774
0.0022054067
0.0020999267
0.0019926564
0.0018835101
0.0017723952
0.0016592123
0.0015438491
0.0014261732
0.0013060246
0.0011832095
0.0010574778
0.00092855002
0.00079597895
0.00065959165
0.00051800436
0.00037386155
0.00021713926
8.8661555e-05
0.0070859032
0.0070762291
0.0070654625
0.0070524737
0.007036321
0.0070168658
0.0069941575
0.0069681615
0.0069391714
0.0069076673
0.0068743207
0.0068400592
0.0068057936
0.0067721114
0.0067391869
0.0067070279
0.0066755723
0.0066444411
0.0066130472
0.0065812225
0.0065487828
0.0065152269
0.0064804074
0.006444186
0.0064061966
0.0063661562
0.0063237767
0.0062790965
0.0062319898
0.006182204
0.0061300219
0.0060756815
0.0060193115
0.0059611505
0.0059014908
0.005840696
0.0057791805
0.0057171966
0.0056547331
0.0055915954
0.0055277443
0.0054633167
0.0053983963
0.0053327663
0.0052661086
0.0051983368
0.0051295137
0.0050597257
0.0049890811
0.0049177312
0.0048458684
0.0047737125
0.0047014907
0.0046293619
0.0045573747
0.0044855123
0.0044136956
0.0043417953
0.0042696441
0.0041970572
0.0041238425
0.0040498094
0.0039747754
0.0038985818
0.0038210356
0.0037418889
0.0036610583
0.0035786806
0.0034948795
0.0034097191
0.0033232793
0.0032356176
0.0031467522
0.0030566861
0.0029654232
0.002872961
0.0027792767
0.0026843235
0.0025880332
0.0024903225
0.002391098
0.0022902602
0.0021877079
0.0020833399
0.0019770556
0.001868754
0.001758332
0.0016456814
0.0015306852
0.0014132139
0.001293119
0.0011702309
0.001044342
0.00091523852
0.00078257369
0.00064630438
0.00050528952
0.00036236782
0.0002085354
8.3923303e-05
0.0070503991
0.0070540372
0.0070566916
0.0070573714
0.0070556066
0.0070510651
0.0070434988
0.0070327699
0.0070188553
0.0070017869
0.00698154
0.0069580953
0.0069314373
0.0069014508
0.0068682252
0.0068318482
0.0067921704
0.0067496644
0.0067052212
0.0066592951
0.006612071
0.0065633813
0.0065127987
0.0064603112
0.0064064065
0.0063516833
0.0062965282
0.0062409757
0.0061849074
0.0061282851
0.0060711237
0.0060134664
0.0059553181
0.0058965949
0.0058371247
0.0057766986
0.005715194
0.0056525793
0.005588771
0.0055235894
0.0054568062
0.0053881959
0.0053175609
0.0052447264
0.0051694888
0.0050915572
0.0050108947
0.004928024
0.0048437458
0.0047589361
0.0046749741
0.0045943909
0.0045191048
0.0044483725
0.0043810141
0.0043168163
0.0042554132
0.0041959329
0.0041373529
0.004078904
0.0040200171
0.0039603971
0.0039002625
0.0038392696
0.0037744007
0.0037033715
0.0036288941
0.0035538173
0.0034773366
0.0033984189
0.0033173093
0.0032343442
0.0031496252
0.0030631733
0.0029750425
0.0028853006
0.0027939841
0.0027010864
0.0026065644
0.0025103484
0.0024123516
0.0023124781
0.0022106307
0.0021067145
0.0020006385
0.0018923148
0.0017816563
0.0016685737
0.0015529727
0.0014347501
0.0013137892
0.0011899566
0.0010630843
0.00093299635
0.00079936866
0.00066213603
0.00052000575
0.00037549002
0.0002184855
8.8987221e-05
0.0065926481
0.0065663566
0.0065404871
0.0065145226
0.0064879208
0.0064603847
0.0064317629
0.0064019656
0.0063709296
0.0063386305
0.00630506
0.0062701928
0.0062339976
0.0061964438
0.006157508
0.0061172111
0.0060755691
0.0060325679
0.0059882384
0.0059426576
0.0058959414
0.0058481908
0.0057994207
0.0057496362
0.0056989198
0.0056474041
0.0055952394
0.0055425683
0.0054895096
0.0054361637
0.0053826239
0.0053289727
0.0052752759
0.0052215802
0.0051679108
0.0051142767
0.0050606687
0.0050070554
0.0049533862
0.004899593
0.0048455949
0.0047913041
0.004736633
0.0046815042
0.0046258514
0.0045696273
0.0045128307
0.0044555214
0.0043978209
0.0043399078
0.0042820027
0.004224334
0.0041670727
0.0041103512
0.0040543025
0.0039989867
0.0039443238
0.0038900809
0.0038359349
0.0037815256
0.0037265013
0.003670526
0.0036132719
0.0035544035
0.0034936653
0.0034310899
0.003366917
0.0033013695
0.0032347145
0.0031673763
0.0030993898
0.0030298512
0.0029580064
0.0028839216
0.0028077681
0.0027295664
0.0026492588
0.0025667865
0.0024820953
0.0023951209
0.0023057856
0.0022140066
0.0021197037
0.0020228038
0.0019232417
0.0018209593
0.0017159042
0.0016080284
0.0014972868
0.0013836369
0.0012670381
0.0011474531
0.0010248486
0.00089920178
0.00077049944
0.0006387782
0.00050402306
0.00036681271
0.0002253169
9.6676519e-05
)
;

boundaryField
{
    inlet
    {
        type            zeroGradient;
    }
    top
    {
        type            zeroGradient;
    }
    outlet
    {
        type            fixedValue;
        value           uniform 0;
    }
    slipsurface
    {
        type            slip;
    }
    bottom
    {
        type            zeroGradient;
    }
    frontandback
    {
        type            empty;
    }
}


// ************************************************************************* //
