/*--------------------------------*- C++ -*----------------------------------*\
| =========                 |                                                 |
| \\      /  F ield         | OpenFOAM: The Open Source CFD Toolbox           |
|  \\    /   O peration     | Version:  2206                                  |
|   \\  /    A nd           | Website:  www.openfoam.com                      |
|    \\/     M anipulation  |                                                 |
\*---------------------------------------------------------------------------*/
FoamFile
{
    version     2.0;
    format      ascii;
    arch        "LSB;label=32;scalar=64";
    class       volScalarField;
    location    "600";
    object      omega;
}
// * * * * * * * * * * * * * * * * * * * * * * * * * * * * * * * * * * * * * //

dimensions      [0 0 -1 0 0 0 0];

internalField   nonuniform List<scalar> 
7480
(
7569.1058
7590.8146
7571.1113
7538.1546
7512.5638
7498.0748
7491.1183
7487.7282
7485.8491
7484.6254
7483.6801
7482.8693
7482.1628
7481.5516
7481.0215
7480.5596
7480.1562
7479.8018
7479.4866
7479.2041
7478.9504
7478.7214
7478.5132
7478.3233
7478.1499
7477.9909
7477.8444
7477.7092
7477.5844
7477.4689
7477.3619
7477.2626
7477.1707
7477.0854
7477.0063
7476.933
7476.8653
7476.8028
7476.7453
7476.6928
7476.6451
7476.6022
7476.564
7476.5305
7476.5019
7476.4787
7476.4605
7476.4482
7476.4417
7476.4408
7476.4453
7476.4549
7476.4692
7476.4873
7476.5082
7476.5313
7476.5552
7476.5779
7476.5973
7476.6121
7476.6219
7476.6271
7476.6279
7476.625
7476.6193
7476.6114
7476.602
7476.5916
7476.5805
7476.5692
7476.5576
7476.5461
7476.5346
7476.5232
7476.512
7476.501
7476.4901
7476.479
7476.4676
7476.4562
7476.4446
7476.4331
7476.4215
7476.4098
7476.398
7476.3861
7476.3742
7476.3622
7476.3502
7476.3381
7476.326
7476.3139
7476.3019
7476.2898
7476.2778
7476.2653
7476.2544
7476.2387
7476.2298
7476.2059
1003.2568
1574.4213
1842.5206
1920.8062
1937.0561
1923.8783
1863.1578
1797.7966
1744.1738
1703.9834
1673.3399
1647.681
1624.4576
1603.0419
1583.261
1564.8904
1547.8309
1532.2004
1517.8458
1504.5402
1492.19
1480.7719
1470.1786
1460.2973
1451.0825
1442.5074
1434.5004
1426.9931
1419.9544
1413.3605
1407.1694
1401.3456
1395.8727
1390.7343
1385.9062
1381.37
1377.1165
1373.1343
1369.4097
1365.9345
1362.7073
1359.7254
1356.9856
1354.4902
1352.2411
1350.228
1348.4681
1346.9655
1345.7247
1344.7407
1344.0344
1343.6394
1343.4506
1343.4355
1343.5565
1343.7754
1344.0491
1344.3209
1344.5274
1344.6183
1344.5788
1344.397
1344.1223
1343.7453
1343.2651
1342.7051
1342.0869
1341.431
1340.7533
1340.0655
1339.3766
1338.6932
1338.0191
1337.3572
1336.7105
1336.0783
1335.4636
1334.8573
1334.2548
1333.6574
1333.0652
1332.4782
1331.8958
1331.3156
1330.7371
1330.1591
1329.5819
1329.0054
1328.4297
1327.8556
1327.2829
1326.7125
1326.1447
1325.5784
1325.0182
1324.4469
1323.9028
1323.3382
1322.6625
1322.0506
190.66983
396.64204
585.97175
709.21892
769.26567
785.39194
782.09458
789.21529
803.68372
812.84755
819.33149
823.54983
825.04929
824.15277
821.42778
817.41128
811.9482
805.29283
797.70553
789.40349
780.59872
771.49532
762.23692
752.92746
743.67179
734.5645
725.62162
716.84335
708.24585
699.85264
691.67817
683.73237
676.02881
668.57994
661.39304
654.47598
647.83847
641.48066
635.39977
629.5964
624.07662
618.84815
613.91838
609.29648
605.00014
601.02687
597.35179
593.98667
590.915
588.12411
585.65059
583.49885
581.56353
579.81044
578.21461
576.72288
575.27315
573.82723
572.3681
570.89958
569.41954
567.91323
566.46144
565.01585
563.55881
562.09314
560.62507
559.16352
557.71684
556.29198
554.8944
553.52856
552.19756
550.90347
549.64812
548.43061
547.25173
546.13364
545.05988
544.01757
543.00004
542.0041
541.02786
540.06773
539.12179
538.18772
537.26426
536.35045
535.44543
534.5492
533.66099
532.78089
531.909
531.04369
530.18905
529.328
528.49371
527.65726
526.73741
525.65203
72.003458
121.36817
194.00196
267.73344
324.63544
359.74615
377.81456
386.78697
392.45678
397.57282
404.52303
415.23232
426.21458
437.93908
452.28727
470.56052
485.15211
496.54406
505.31478
511.87434
516.5469
519.62407
521.36491
522.0388
521.96149
521.3795
520.02239
517.83779
514.91358
511.37396
507.33811
502.90987
498.18009
493.22923
488.13189
482.96244
477.7685
472.53312
467.2559
461.95394
456.65344
451.38209
446.16521
441.02623
435.99633
431.08448
426.22762
421.41634
416.64682
411.92313
407.2662
402.7746
398.34949
394.00243
389.76889
385.60395
381.472
377.41949
373.5285
369.8688
366.46307
363.32782
360.49622
357.89324
355.4693
353.18906
351.02555
348.96002
346.97968
345.07578
343.24228
341.47564
339.7737
338.13411
336.5553
335.03466
333.57133
332.19045
330.88427
329.63724
328.43915
327.28452
326.17054
325.09338
324.05019
323.03766
322.05308
321.09409
320.15831
319.24422
318.3499
317.47416
316.6158
315.77289
314.94673
314.12745
313.3246
312.57365
311.71951
310.76065
55.641852
64.533216
83.91304
111.35371
140.42748
165.5359
184.59074
198.13893
207.74908
214.79495
220.42668
225.66898
230.96507
236.83687
244.10436
253.55314
263.35092
273.15495
282.75135
292.00947
300.83588
309.3108
317.72738
326.71842
337.34873
349.83559
359.69892
366.93278
372.21605
375.99935
378.58912
380.20662
381.0303
381.22783
380.9901
380.52863
379.82184
378.47741
376.49128
373.94826
370.9436
367.55989
363.86503
359.91986
355.80006
351.5131
346.973
342.16943
337.13289
331.90705
326.54027
321.09252
315.6369
310.18318
304.76753
299.34419
293.93842
288.67453
283.66964
279.00267
274.73887
270.89265
267.42315
264.27366
261.39043
258.727
256.24383
253.90988
251.70153
249.60102
247.59556
245.67715
243.83853
242.07388
240.37917
238.75056
237.18698
235.69128
234.26625
232.90785
231.61032
230.36919
229.18179
228.04483
226.95539
225.91009
224.90569
223.93914
223.00727
222.10757
221.23765
220.39527
219.57821
218.78422
218.01277
217.25856
216.5183
215.85041
215.10075
214.28338
53.509605
54.437412
58.088801
65.266835
75.160692
86.045078
96.438065
105.64559
113.54564
120.26504
125.97032
130.87613
135.18727
139.11581
142.94463
147.01264
151.42082
156.27146
161.71064
167.8189
174.15737
180.72461
187.52623
194.61428
202.10085
210.06962
218.05213
225.69025
232.8096
239.34908
245.3222
250.8084
255.97854
261.16247
266.97006
274.12238
281.53796
286.11113
288.75941
290.09036
290.45835
290.08066
289.11008
287.69267
286.01002
284.21058
281.84606
278.82311
275.24325
271.21493
266.83822
262.21121
257.43418
252.53856
247.57662
242.62079
237.72564
232.97517
228.44897
224.19754
220.24321
216.59275
213.22914
210.12409
207.24766
204.56955
202.06068
199.69695
197.45822
195.32797
193.29365
191.34706
189.48077
187.68885
185.96707
184.3115
182.72124
181.19119
179.72277
178.31759
176.97469
175.69213
174.46823
173.30056
172.18668
171.12359
170.10822
169.13744
168.20793
167.31676
166.46118
165.63855
164.84629
164.08195
163.34413
162.62952
161.93118
161.30259
160.63079
159.89078
53.224113
52.808636
52.959165
54.085556
56.273991
59.364893
62.974926
66.791103
70.6197
74.357977
77.9358
81.307133
84.450241
87.363096
90.076659
92.659548
95.181901
97.714324
100.34095
103.15243
106.19176
109.52701
113.24109
117.38498
121.86279
126.7239
131.93878
137.42354
143.0814
148.82844
154.59212
160.31528
165.9667
171.55637
177.13978
182.82298
188.52729
193.80331
198.43863
202.38817
205.68844
208.42687
210.75525
212.95273
215.48494
218.48371
219.8614
219.68039
218.50028
216.6347
214.30413
211.7084
209.01514
205.98698
202.56882
199.06438
195.62683
192.30375
189.05333
185.88488
182.82604
179.89044
177.07922
174.39453
171.83667
169.39849
167.07041
164.84558
162.71472
160.66888
158.70101
156.80632
154.98093
153.22211
151.52747
149.89409
148.32165
146.80597
145.34577
143.94271
142.59794
141.31149
140.08291
138.91075
137.79318
136.72789
135.71232
134.7437
133.81887
132.93498
132.0891
131.27861
130.501
129.75386
129.03545
128.3432
127.67063
127.05818
126.43592
125.73496
53.161958
52.542381
52.020735
51.712737
51.712195
52.047212
52.633433
53.455662
54.480034
55.66918
56.983415
58.384832
59.838176
61.310559
62.776672
64.223915
65.650175
67.060548
68.469464
69.900979
71.381116
72.941172
74.621191
76.466807
78.514547
80.816013
83.428077
86.354701
89.550484
93.013622
96.733777
100.6913
104.8632
109.2299
113.7824
118.52131
123.42673
128.40614
133.35543
138.17825
142.79385
147.14023
151.17413
154.87965
158.27982
161.33898
163.8823
165.77075
167.00403
167.67525
167.93704
167.98954
167.98405
167.2518
165.74003
163.89179
162.0647
160.28469
158.32895
156.29973
154.25984
152.20849
150.14147
148.08069
146.04295
144.03205
142.05434
140.122
138.23348
136.38934
134.59124
132.84048
131.13772
129.48596
127.88585
126.33588
124.83736
123.38866
121.98782
120.63569
119.33386
118.08349
116.88515
115.73844
114.64219
113.59506
112.59537
111.64104
110.72932
109.85785
109.02404
108.22551
107.46014
106.72571
106.02058
105.34247
104.68668
104.08105
103.48884
102.80796
53.125585
52.475352
51.838937
51.240656
50.710867
50.272398
49.929459
49.684344
49.539181
49.483198
49.494137
49.598551
49.796344
50.077542
50.428605
50.836437
51.290801
51.783537
52.309391
52.867022
53.458241
54.087738
54.76426
55.501145
56.314589
57.225456
58.26033
59.445092
60.801231
62.354592
64.135255
66.145952
68.383897
70.855434
73.571995
76.542449
79.773182
83.256896
86.970947
90.884576
94.961922
99.162529
103.44239
107.75542
112.06214
116.26181
120.21036
123.79699
126.9327
129.56107
131.65535
133.21786
134.27939
134.88659
135.04699
134.7988
134.38054
133.85199
133.00227
132.0193
130.99869
129.85264
128.55261
127.16987
125.73003
124.23255
122.69969
121.15021
119.59091
118.03123
116.4805
114.94628
113.43378
111.95539
110.51333
109.10572
107.73719
106.40734
105.1141
103.85868
102.64272
101.46771
100.33486
99.244642
98.196415
97.190178
96.225481
95.301069
94.414704
93.564912
92.74984
91.967582
91.216796
90.495553
89.802575
89.135967
88.492909
87.891454
87.317759
86.648538
53.095549
52.438789
51.782789
51.131408
50.491476
49.870337
49.273504
48.705622
48.17147
47.674818
47.217219
46.802749
46.434995
46.115666
45.830228
45.57278
45.355968
45.185242
45.060802
44.981129
44.944127
44.947367
44.98995
45.073359
45.201041
45.378405
45.613381
45.915872
46.297205
46.770744
47.352729
48.059187
48.906646
49.914565
51.106667
52.489547
54.080042
55.89682
57.951477
60.252813
62.810031
65.629901
68.716619
72.071677
75.695365
79.566268
83.601544
87.699677
91.75629
95.664095
99.317704
102.61868
105.48267
107.85409
109.69437
110.92602
111.55658
111.76389
111.74704
111.56697
111.32916
110.96594
110.42486
109.7771
109.02022
108.0981
107.07422
105.97318
104.80046
103.5776
102.32105
101.04628
99.763659
98.505491
97.266539
96.044313
94.84224
93.662179
92.504337
91.370281
90.261879
89.180934
88.129362
87.108574
86.118058
85.159442
84.234884
83.343909
82.484936
81.657222
80.859857
80.091596
79.352344
78.640321
77.954877
77.29467
76.658442
76.057386
75.492536
74.828047
53.069173
52.409035
51.747865
51.085933
50.42436
49.76469
49.108688
48.458385
47.816188
47.184704
46.566401
45.963833
45.37958
44.81605
44.273959
43.753434
43.255867
42.783047
42.336591
41.917669
41.521918
41.139031
40.773792
40.4357
40.130787
39.862562
39.633648
39.446325
39.303078
39.207995
39.167176
39.188072
39.279403
39.451461
39.71663
40.087496
40.579043
41.209625
41.99929
42.959207
44.109481
45.472136
47.071238
48.932979
51.086097
53.56066
56.375379
59.518978
62.961778
66.650812
70.508582
74.433289
78.302189
81.985038
85.358801
88.282251
90.625147
92.357723
93.521562
94.225987
94.590714
94.759917
94.789076
94.714329
94.550502
94.22791
93.787832
93.229938
92.524179
91.718529
90.833246
89.897134
88.920046
87.936623
86.940484
85.932721
84.919139
83.903737
82.889636
81.880688
80.88022
79.891386
78.917626
77.961756
77.02546
76.111105
75.221201
74.356963
73.518705
72.706716
71.921037
71.1614
70.427773
69.719468
69.036454
68.377746
67.743414
67.139945
66.577391
65.913094
53.031154
52.367136
51.70225
51.036259
50.369146
49.700955
49.031947
48.362715
47.694178
47.027479
46.363863
45.704636
45.051179
44.404919
43.767174
43.139123
42.521956
41.916906
41.325229
40.748167
40.186404
39.639557
39.107784
38.592212
38.094466
37.616315
37.158868
36.716347
36.283561
35.869085
35.483339
35.133519
34.824753
34.561049
34.346113
34.185131
34.085146
34.055157
34.105985
34.249112
34.498398
34.870986
35.386502
36.064763
36.933925
38.028267
39.387321
41.050168
43.0528
45.422903
48.172819
51.291133
54.733961
58.420363
62.235692
66.026484
69.605017
72.79811
75.475198
77.599402
79.182185
80.301995
81.057138
81.525757
81.798164
81.939942
81.962807
81.888716
81.681336
81.362503
80.927164
80.398033
79.794869
79.125462
78.397679
77.624998
76.817847
75.98242
75.125199
74.253009
73.371226
72.484913
71.59932
70.718647
69.846313
68.985925
68.140668
67.312933
66.504429
65.71642
64.949841
64.205284
63.483251
62.783832
62.107415
61.453381
60.822831
60.219387
59.658656
58.995689
52.972763
52.293652
51.616028
50.939534
50.26375
49.588171
48.912432
48.23646
47.560473
46.884878
46.210165
45.536869
44.865565
44.196883
43.53149
42.870083
42.213398
41.562204
40.917313
40.27957
39.649801
39.02871
38.416945
37.815205
37.224278
36.64504
36.078379
35.524502
34.983063
34.454655
33.940931
33.444108
32.966341
32.503787
32.049567
31.613514
31.208053
30.84125
30.518716
30.244494
30.023537
29.863523
29.774447
29.768351
29.860676
30.071628
30.426579
30.955639
31.697444
32.697251
34.005059
35.671308
37.739566
40.23516
43.15281
46.441955
49.992569
53.640534
57.18865
60.459768
63.316753
65.690735
67.585889
69.027335
70.075506
70.818048
71.31186
71.628825
71.819368
71.891068
71.863692
71.726167
71.497109
71.186408
70.774648
70.287106
69.737124
69.129565
68.472846
67.776849
67.049268
66.297023
65.527577
64.746872
63.960252
63.173176
62.389947
61.614267
60.849274
60.097333
59.360439
58.64013
57.937634
57.253842
56.589707
55.945143
55.322104
54.722473
54.165174
53.505644
52.92188
52.221911
51.524357
50.829242
50.136354
49.445265
48.755559
48.06701
47.379628
46.693594
46.009164
45.326622
44.64626
43.968384
43.293314
42.621379
41.952929
41.28833
40.627967
39.972247
39.321598
38.676455
38.037254
37.404449
36.778515
36.159956
35.549309
34.947076
34.353671
33.769521
33.195187
32.631405
32.079041
31.538441
31.009174
30.491958
29.988798
29.502316
29.033412
28.572382
28.123616
27.702465
27.318773
26.97873
26.687002
26.450699
26.280936
26.192729
26.206106
26.347656
26.651564
27.160326
27.927385
29.014015
30.483432
32.3891
34.755959
37.558273
40.7049
44.048482
47.407738
50.604373
53.502672
56.010534
58.088002
59.754474
61.039285
61.989658
62.679117
63.152259
63.472238
63.661882
63.741276
63.740331
63.648496
63.472752
63.225396
62.890536
62.47732
62.001319
61.470028
60.889657
60.27083
59.621135
58.947648
58.258336
57.558768
56.854251
56.14965
55.448613
54.754469
54.069853
53.396908
52.737451
52.093123
51.464516
50.854363
50.2636
49.713126
49.060508
52.891906
52.177242
51.46421
50.753153
50.044196
49.337229
48.632065
47.928594
47.226846
46.526981
45.829229
45.133852
44.44112
43.751315
43.064717
42.381609
41.702274
41.026999
40.356067
39.689764
39.028376
38.372185
37.72147
37.076509
36.437577
35.804945
35.178889
34.559684
33.947594
33.342875
32.745795
32.156656
31.575796
31.00354
30.440122
29.885825
29.341114
28.806676
28.283205
27.770221
27.267819
26.777851
26.30303
25.844038
25.389491
24.949211
24.539602
24.170285
23.848225
23.58203
23.38611
23.280882
23.294532
23.465328
23.843291
24.489621
25.475077
26.867018
28.709546
31.001599
33.682339
36.633153
39.700288
42.720023
45.546014
48.078227
50.256511
52.05755
53.505529
54.629312
55.468705
56.079286
56.501639
56.778412
56.951376
57.033872
57.043136
56.973318
56.824475
56.608071
56.313306
55.941686
55.511856
55.029181
54.501121
53.939514
53.350012
52.739922
52.116365
51.484326
50.848873
50.21393
49.582795
48.958444
48.343335
47.73891
47.148682
46.573199
46.034676
45.3939
52.876982
52.154293
51.432348
50.711579
49.992262
49.274484
48.558246
47.843568
47.130544
46.419351
45.710226
45.003436
44.299266
43.59801
42.899965
42.205431
41.514708
40.828094
40.145886
39.468375
38.79585
38.128593
37.46688
36.810979
36.16115
35.517643
34.880698
34.250545
33.627401
33.011468
32.402935
31.801982
31.208782
30.623494
30.046263
29.47722
28.916507
28.364295
27.820788
27.286087
26.760281
26.243635
25.736684
25.23995
24.752582
24.275019
23.809609
23.359484
22.917087
22.481626
22.074456
21.708551
21.393797
21.143387
20.979067
20.932111
21.045867
21.377136
21.993009
22.962013
24.339731
26.147812
28.357892
30.887588
33.610973
36.384558
39.069542
41.548919
43.749012
45.630361
47.180786
48.42393
49.385887
50.098919
50.618874
50.983507
51.220335
51.362605
51.434079
51.436088
51.365669
51.221967
51.017848
50.736588
50.38657
49.987084
49.53773
49.04939
48.531913
47.990814
47.433519
46.865285
46.290861
45.714729
45.140297
44.570114
44.00855
43.456187
42.936463
42.314009
52.870383
52.143621
51.417039
50.691072
49.96604
49.242112
48.519385
47.79795
47.077938
46.35954
45.642988
44.928549
44.216503
43.507145
42.800778
42.097707
41.398237
40.702676
40.011328
39.324496
38.642478
37.965569
37.294056
36.628221
35.968339
35.314677
34.66749
34.027027
33.393525
32.767206
32.148282
31.53695
30.933393
30.337776
29.750248
29.170942
28.599971
28.037433
27.483415
26.937983
26.401179
25.87304
25.353635
24.843056
24.341257
23.848234
23.364251
22.889889
22.424773
21.968538
21.523466
21.093088
20.670424
20.257385
19.878345
19.548598
19.282583
19.103971
19.04774
19.16116
19.503309
20.139438
21.129123
22.511093
24.285334
26.403781
28.773742
31.272059
33.76976
36.150466
38.320815
40.226241
41.840248
43.157933
44.207728
45.013876
45.608935
46.03778
46.339552
46.529307
46.634491
46.682211
46.664897
46.579534
46.429011
46.226651
45.945046
45.607556
45.22517
44.800463
44.344791
43.863868
43.364254
42.852322
42.332439
41.808682
41.286367
40.766529
40.274184
39.678185
52.868177
52.139364
51.4104
50.681718
49.953651
49.226409
48.500136
47.774961
47.051036
46.328552
45.607735
44.888839
44.172136
43.457911
42.746458
42.038076
41.333064
40.631725
39.93436
39.241267
38.552744
37.869082
37.190569
36.517488
35.850115
35.18872
34.533566
33.884908
33.242991
32.608052
31.980317
31.360003
30.747314
30.142441
29.545562
28.956842
28.376427
27.80445
27.241024
26.686247
26.140194
25.602923
25.074475
24.554881
24.044143
23.542247
23.049196
22.565044
22.089779
21.623346
21.165955
20.718199
20.279769
19.850672
19.433943
19.034125
18.637523
18.267502
17.946451
17.69191
17.529569
17.497009
17.643467
18.026552
18.706862
19.733408
21.127689
22.871506
24.902481
27.123031
29.415551
31.664979
33.772899
35.664659
37.303258
38.672928
39.779297
40.651564
41.310757
41.792255
42.132199
42.36701
42.501847
42.573875
42.589754
42.546387
42.439548
42.277998
42.060399
41.777417
41.450063
41.080086
40.676736
40.248346
39.799783
39.337284
38.867019
38.391013
37.936397
37.376859
52.868335
52.138482
51.408275
50.678143
49.948427
49.219367
48.491137
47.763896
47.037809
46.313068
45.589893
44.86853
44.149239
43.432295
42.717981
42.006585
41.298399
40.593715
39.892825
39.196019
38.503585
37.815807
37.132966
36.455336
35.783186
35.116781
34.456376
33.802223
33.154562
32.513629
31.879649
31.252839
30.633408
30.021552
29.41746
28.821307
28.233258
27.653466
27.082069
26.519192
25.964945
25.419423
24.882704
24.354853
23.835916
23.325926
22.824903
22.332868
21.849831
21.375793
20.910772
20.454848
20.008048
19.570394
19.142262
18.724518
18.316238
17.919592
17.539362
17.16696
16.820234
16.524335
16.298417
16.170835
16.181378
16.380161
16.822561
17.563855
18.640352
20.057538
21.780565
23.735181
25.820434
27.924318
29.945491
31.80188
33.438049
34.832653
35.977652
36.889204
37.595128
38.116723
38.488174
38.748015
38.91548
38.994218
39.032744
39.015758
38.942945
38.815316
38.6429
38.406686
38.122792
37.80032
37.442698
37.059454
36.65669
36.238279
35.833589
35.322882
52.869813
52.13944
51.408572
50.677635
49.946979
49.216865
48.487496
47.759053
47.031716
46.305682
45.581171
44.85842
44.137684
43.419231
42.703333
41.990273
41.280332
40.573794
39.870944
39.172063
38.477431
37.787323
37.10201
36.42176
35.746832
35.077482
34.413957
33.756499
33.105341
32.46071
31.822824
31.191892
30.568117
29.951691
29.342798
28.74161
28.148293
27.563001
26.985876
26.417052
25.856648
25.304776
24.76153
24.226997
23.701249
23.184347
22.676342
22.177278
21.687195
21.206125
20.734101
20.271159
19.817337
19.37267
18.937234
18.511191
18.094566
17.687633
17.291209
16.904877
16.530622
16.173533
15.825188
15.508985
15.246987
15.059745
14.978547
15.045914
15.311585
15.829844
16.648524
17.789497
19.24134
20.95211
22.837008
24.792997
26.715798
28.519158
30.136677
31.532104
32.69714
33.632924
34.363192
34.912703
35.310383
35.580638
35.765811
35.868314
35.911064
35.91123
35.86155
35.760755
35.615783
35.422175
35.17573
34.892671
34.575295
34.231138
33.890553
33.444038
52.872059
52.141441
51.410222
50.678822
49.947599
49.216831
48.486746
47.757546
47.029428
46.302595
45.577269
44.853687
44.132099
43.412768
42.695961
41.981955
41.271026
40.563453
39.859513
39.159482
38.463633
37.772235
37.085554
36.403848
35.727372
35.056373
34.391092
33.731761
33.078608
32.43185
31.791698
31.158353
30.532009
29.91285
29.301052
28.696783
28.100199
27.511449
26.93067
26.357993
25.793536
25.237408
24.689706
24.150521
23.619929
23.098001
22.584795
22.080368
21.584766
21.098036
20.620219
20.151358
19.691496
19.240677
18.798951
18.36638
17.943025
17.528961
17.124345
16.729237
16.343918
15.969279
15.604949
15.253817
14.921409
14.599863
14.317862
14.094211
13.95261
13.927781
14.064462
14.413412
15.026021
15.938876
17.157654
18.651205
20.350309
22.161888
23.983334
25.72134
27.30618
28.689391
29.853692
30.799285
31.542385
32.10667
32.515857
32.800662
32.991361
33.10723
33.154145
33.164362
33.130319
33.050548
32.928105
32.767175
32.552845
32.301956
32.04154
31.67771
52.874769
52.144056
51.412657
50.680984
49.949399
49.218197
48.487626
47.757908
47.029254
46.301878
45.576007
44.851877
44.129739
43.409852
42.692482
41.9779
41.26638
40.558196
39.853622
39.15293
38.456388
37.764262
37.076813
36.394295
35.716957
35.045041
34.378784
33.718413
33.064149
32.416205
31.774783
31.14008
30.512283
29.89157
29.278109
28.672061
28.073577
27.482797
26.899854
26.324871
25.75796
25.199225
24.648759
24.106648
23.572967
23.047782
22.531152
22.023128
21.523757
21.033081
20.551139
20.077969
19.613609
19.158097
18.711473
18.273782
17.845069
17.425383
17.014777
16.613295
16.220993
15.838022
15.46445
15.1007
14.747868
14.405803
14.078438
13.766738
13.477182
13.232929
13.052949
12.965416
13.00924
13.231303
13.683204
14.410544
15.432963
16.736684
18.268359
19.94321
21.663314
23.331904
24.871968
26.230706
27.382539
28.325841
29.068343
29.635906
30.050049
30.340842
30.53217
30.65364
30.708383
30.721059
30.698294
30.634506
30.531378
30.392735
30.228565
29.967754
52.87777
52.147048
51.415565
50.683729
49.951903
49.220395
48.489469
47.759366
47.030312
46.302532
45.576258
44.851729
44.129197
43.408921
42.691163
41.976195
41.264286
40.555709
39.850735
39.149634
38.452671
37.76011
37.072207
36.389214
35.711379
35.038939
34.372128
33.711169
33.05628
32.40767
31.765538
31.130076
30.501467
29.879883
29.26549
28.658442
28.058884
27.466953
26.882776
26.30647
25.738142
25.177891
24.625805
24.081965
23.546439
23.01929
22.500571
21.990329
21.488603
20.995428
20.510836
20.034855
19.567511
19.108831
18.658841
18.217569
17.785044
17.361296
16.946353
16.540237
16.142966
15.754566
15.375057
15.004501
14.643085
14.290941
13.948708
13.617058
13.297488
12.994617
12.706372
12.451825
12.248767
12.119579
12.097525
12.225719
12.554075
13.131895
13.991839
15.132777
16.515851
18.065724
19.687469
21.284108
22.773403
24.099449
25.228694
26.156538
26.88992
27.451363
27.863376
28.152477
28.342869
28.463689
28.524287
28.538099
28.524503
28.473318
28.40482
28.265037
52.88096
52.150276
51.418766
50.686833
49.95484
49.223104
48.491905
47.761498
47.032124
46.304018
45.57742
44.852573
44.129731
43.409151
42.691099
41.975842
41.263649
40.554791
39.849538
39.148158
38.450914
37.758067
37.069874
36.386583
35.70844
35.035681
34.368537
33.70723
33.051975
32.402978
31.760437
31.12454
30.495468
29.873391
29.258469
28.650856
28.050693
27.458113
26.873239
26.296184
25.727053
25.165939
24.612928
24.068094
23.531505
23.003216
22.483277
21.971729
21.468607
20.973938
20.487746
20.010051
19.540869
19.080214
18.628099
18.184537
17.74954
17.32312
16.905288
16.49605
16.095406
15.703351
15.319879
14.944981
14.57867
14.220965
13.87196
13.531822
13.200892
12.880091
12.569905
12.273535
11.99481
11.736892
11.520329
11.36392
11.295858
11.355104
11.589395
12.049384
12.776044
13.779619
15.032991
16.47014
17.999594
19.525234
20.960682
22.245552
23.344143
24.247923
24.964535
25.51225
25.916622
26.197794
26.384965
26.502184
26.566578
26.585178
26.592189
26.547268
52.884275
52.153656
51.422154
50.690165
49.958052
49.22614
48.49472
47.764061
47.034417
46.306035
45.579159
44.85404
44.130933
43.410098
42.6918
41.976305
41.263883
40.554803
39.849334
39.147741
38.450289
37.757236
37.068836
36.385339
35.706987
35.034016
34.366656
33.705126
33.049641
32.400405
31.757614
31.121455
30.492107
29.869738
29.254508
28.646566
28.046052
27.453098
26.867824
26.290342
25.720751
25.159145
24.605606
24.060205
23.523007
22.994065
22.473425
21.961124
21.457193
20.961655
20.474528
19.995826
19.525556
19.063725
18.610335
18.165387
17.728881
17.300814
16.881183
16.469978
16.067187
15.67279
15.286764
14.90908
14.539708
14.17862
13.825799
13.481247
13.145007
12.817234
12.498121
12.188274
11.888743
11.600876
11.328883
11.073783
10.851398
10.678696
10.579706
10.589446
10.752933
11.121043
11.73945
12.628853
13.771231
15.109014
16.554227
18.010357
19.389632
20.628375
21.690343
22.563524
23.257163
23.784789
24.17463
24.445263
24.627697
24.742353
24.822183
24.849363
52.887675
52.157134
51.425661
50.693643
49.961442
49.229388
48.497784
47.76691
47.037031
46.308403
45.58128
44.855917
44.132573
43.411509
42.692992
41.977287
41.264665
40.555394
39.849741
39.147971
38.450348
37.757129
37.068568
36.384912
35.706404
35.033277
34.365761
33.704075
33.048432
32.399035
31.756079
31.11975
30.490226
29.867673
29.252251
28.644108
28.043382
27.450204
26.864692
26.286956
25.717096
25.155202
24.601354
24.055624
23.518073
22.988753
22.467708
21.954972
21.450574
20.954533
20.466865
19.987578
19.516676
19.054159
18.600023
18.15426
17.716862
17.287817
16.867109
16.45472
16.050625
15.654795
15.267194
14.887781
14.516512
14.15334
13.798215
13.451092
13.111934
12.780726
12.457476
12.14227
11.835317
11.536981
11.248162
10.969762
10.704919
10.456888
10.233479
10.051729
9.9323829
9.906902
10.01756
10.314822
10.847064
11.64302
12.692299
13.943648
15.312409
16.702102
18.024737
19.214396
20.235303
21.072534
21.736189
22.239586
22.612135
22.871642
23.062025
23.178104
52.89113
52.160676
51.429243
50.697213
49.964946
49.232778
48.501016
47.769953
47.039864
46.311014
45.583664
44.858076
44.134512
43.413236
42.694514
41.978616
41.265809
40.556362
39.850542
39.148614
38.45084
37.757476
37.068776
36.384987
35.706349
35.033097
34.365458
33.703651
33.047887
32.398371
31.755295
31.118845
30.489199
29.866521
29.250971
28.642695
28.041832
27.44851
26.862848
26.284954
25.714928
25.152858
24.598825
24.052897
23.515135
22.985591
22.464306
21.951314
21.446641
20.950307
20.462323
19.982696
19.511426
19.048509
18.593938
18.147701
17.709782
17.280164
16.858825
16.445738
16.040872
15.644189
15.255645
14.875193
14.502778
14.138342
13.781823
13.43316
13.092289
12.759152
12.433695
12.115881
11.805702
11.503198
11.20852
10.92192
10.644053
10.375937
10.119601
9.8793716
9.6585511
9.4729196
9.3409748
9.2911132
9.3631888
9.6066744
10.071714
10.792533
11.764829
12.942188
14.242748
15.570169
16.836869
17.975487
18.95057
19.747414
20.378192
20.855739
21.22447
21.474069
52.894623
52.164258
51.432871
50.700841
49.968524
49.236259
48.504361
47.77313
47.04285
46.313796
45.586236
44.860436
44.136663
43.415185
42.696269
41.980185
41.267202
40.557588
39.851611
39.149534
38.451618
37.758121
37.069294
36.385383
35.70663
35.033268
34.365522
33.703613
33.04775
32.398136
31.754965
31.118421
30.488681
29.86591
29.250266
28.641895
28.040935
27.447515
26.861751
26.283753
25.713617
25.151434
24.597281
24.051228
23.513335
22.983652
22.46222
21.949073
21.444235
20.947725
20.459553
19.979723
19.508236
19.045085
18.590259
18.143745
17.705522
17.275569
16.85386
16.440364
16.035046
15.637861
15.248762
14.867694
14.494597
14.129407
13.772056
13.422472
13.080582
12.746312
12.419588
12.100339
11.788499
11.484015
11.186859
10.897037
10.614642
10.33989
10.073248
9.8157338
9.568692
9.3356878
9.12024
8.9347482
8.7960605
8.7301887
8.7748587
8.9784291
9.392099
10.053828
10.963942
12.079313
13.320119
14.589811
15.801091
16.886592
17.814222
18.568849
19.181907
19.637733
52.898138
52.167861
51.436525
50.704501
49.972146
49.239799
48.507782
47.7764
47.045946
46.316702
45.588943
44.862943
44.138971
43.417298
42.698194
41.98193
41.268776
40.559
39.852869
39.150647
38.452595
37.758969
37.07002
36.385995
35.707134
35.033668
34.365825
33.703822
33.04787
32.398171
31.754917
31.118294
30.488476
29.865629
29.249909
28.641465
28.040431
27.446936
26.861098
26.283024
25.712812
25.150549
24.596315
24.050179
23.512199
22.982425
22.460899
21.947653
21.442712
20.946092
20.457804
19.977852
19.506234
19.042943
18.587965
18.141286
17.702883
17.272734
16.850808
16.437072
16.031487
15.634007
15.24458
14.863149
14.489649
14.124012
13.766166
13.416035
13.073538
12.738596
12.411126
12.091044
11.778267
11.472715
11.174313
10.882993
10.59871
10.32145
10.051262
9.7883273
9.5329845
9.2860347
9.0486711
8.8238061
8.6153506
8.4324588
8.2912021
8.215457
8.2414048
8.4161916
8.7918693
9.4085438
10.270283
11.335168
12.524191
13.739784
14.898065
15.930264
16.829354
17.551042
52.901666
52.171474
51.440189
50.708177
49.975792
49.243375
48.511251
47.779732
47.049118
46.319697
45.591751
44.865559
44.141396
43.419534
42.700247
41.983807
41.270484
40.560548
39.854266
39.151901
38.453714
37.759961
37.070894
36.386757
35.70779
35.034225
34.366288
33.704197
33.048161
32.398382
31.755052
31.118356
30.488468
29.865555
29.24977
28.641263
28.040168
27.446613
26.860715
26.282581
25.71231
25.149988
24.595695
24.049498
23.511456
22.98162
22.460029
21.946717
21.441708
20.945017
20.456656
19.976627
19.504928
19.04155
18.586481
18.139703
17.701193
17.270926
16.848872
16.434994
16.029251
15.631596
15.241974
14.860327
14.486587
14.120685
13.762545
13.412087
13.069229
12.733886
12.405972
12.085397
11.772072
11.465905
11.166808
10.874693
10.589474
10.311077
10.039441
9.7745372
9.516383
9.2651037
9.0209702
8.7846316
8.5572106
8.3410579
8.1407109
7.9621666
7.8212342
7.7402872
7.7542211
7.9094656
8.2587174
8.8432929
9.669434
10.693932
11.840101
13.00593
14.137691
15.131146
52.905197
52.175087
51.443853
50.711854
49.979446
49.246967
48.514748
47.783105
47.052342
46.322756
45.594633
44.868258
44.14391
43.421865
42.702399
41.985785
41.272296
40.562202
39.855769
39.153262
38.454941
37.761062
37.071875
36.387627
35.708555
35.034892
34.366862
33.704684
33.048566
32.39871
31.755308
31.118543
30.48859
29.865614
29.24977
28.641205
28.040055
27.446448
26.860498
26.282315
25.711995
25.149625
24.595284
24.04904
23.510951
22.981068
22.459431
21.946072
21.441015
20.944277
20.455866
19.975787
19.504036
19.040604
18.585478
18.13864
17.700065
17.269727
16.847596
16.433633
16.027796
15.630036
15.240298
14.858521
14.484638
14.118577
13.760259
13.409606
13.066531
12.730949
12.402768
12.081898
11.768245
11.461715
11.162212
10.869639
10.583903
10.30491
10.032568
9.7667953
9.5075209
9.2546992
9.0083265
8.7684875
8.5354107
8.3096267
8.0922531
7.8851466
7.6923894
7.5197502
7.3815781
7.2992538
7.3068179
7.45059
7.7839325
8.3481041
9.1520362
10.146237
11.286782
12.419843
52.908724
52.178692
51.447506
50.715523
49.983096
49.250564
48.518259
47.786501
47.055601
46.325859
45.597569
44.871019
44.146492
43.424269
42.704627
41.987843
41.274189
40.563937
39.857354
39.154705
38.456249
37.762244
37.072938
36.388578
35.709401
35.035639
34.367517
33.705252
33.049053
32.39912
31.755646
31.118813
30.488796
29.86576
29.24986
28.641241
28.04004
27.446383
26.860387
26.282158
25.711795
25.149384
24.595002
24.048719
23.510592
22.980671
22.458997
21.945602
21.44051
20.943737
20.455292
19.975179
19.503394
19.039927
18.584765
18.137889
17.699274
17.268894
16.846716
16.432702
16.026808
15.628986
15.239178
14.857323
14.483353
14.117195
13.758771
13.407999
13.064793
12.729065
12.400723
12.079675
11.765825
11.459075
11.159328
10.866485
10.580446
10.301111
10.02838
9.7621572
9.5023459
9.2488572
9.001613
8.7605558
8.5256665
8.2970007
8.0747618
7.8593873
7.6518502
7.4538496
7.2691019
7.103224
6.9695246
6.888807
6.8949637
7.0343214
7.3627011
7.9182787
8.7431877
9.7220169
52.912241
52.182283
51.451143
50.719176
49.986732
49.254152
48.521769
47.789906
47.058878
46.32899
45.600542
44.873824
44.149125
43.426728
42.706915
41.989963
41.276146
40.565738
39.859005
39.156213
38.457623
37.76349
37.074064
36.38959
35.710307
35.036446
34.368231
33.705878
33.049597
32.399587
31.756041
31.119141
30.489061
29.865965
29.250008
28.641337
28.040086
27.446382
26.860341
26.282071
25.711667
25.149217
24.594799
24.048481
23.51032
22.980368
22.458664
21.945239
21.440119
20.943319
20.454849
19.974711
19.502902
19.039412
18.584226
18.137326
17.698688
17.268282
16.846077
16.432032
16.026104
15.628244
15.238394
14.856492
14.482469
14.116252
13.757763
13.406918
13.063632
12.727815
12.399375
12.078218
11.764247
11.457364
11.157469
10.864462
10.57824
10.298701
10.025743
9.7592622
9.4991567
9.2453254
8.9976698
8.7560964
8.5205215
8.2908795
8.0671409
7.8493399
7.6376417
7.4324296
7.2345769
7.0456764
6.8691915
6.7106804
6.5828738
6.506325
6.5162741
6.6583968
7.016361
7.5731808
52.915744
52.185853
51.454756
50.722805
49.990348
49.257725
48.52527
47.79331
47.062163
46.332138
45.603538
44.87666
44.151795
43.42923
42.709249
41.992132
41.278154
40.56759
39.860708
39.157773
38.459048
37.764786
37.075239
36.390651
35.711261
35.037299
34.368989
33.706548
33.050183
32.400096
31.756477
31.119508
30.489364
29.866209
29.250196
28.641472
28.040172
27.446421
26.860337
26.282025
25.711583
25.149096
24.594644
24.048293
23.510102
22.980121
22.458389
21.94494
21.439796
20.942974
20.454484
19.974327
19.5025
19.038994
18.583793
18.136878
17.698224
17.267804
16.845582
16.431519
16.025572
15.627689
15.237814
14.855884
14.481829
14.115577
13.757048
13.406159
13.062823
12.726952
12.398452
12.077227
11.763182
11.456217
11.156231
10.863123
10.576789
10.297126
10.024029
9.7573945
9.4971159
9.2430888
8.9952088
8.7533726
8.5174797
8.2874337
8.0631472
7.8445491
7.6316
7.4243184
7.2228429
7.0275191
6.8391527
6.6592716
6.4912066
6.3405366
6.2201258
6.1504057
6.1818283
6.3306137
52.919227
52.189399
51.458342
50.726406
49.993936
49.261273
48.528753
47.796703
47.065444
46.33529
45.606547
44.879516
44.154491
43.431763
42.711618
41.994338
41.280202
40.569483
39.862452
39.159375
38.460513
37.766123
37.076453
36.39175
35.712251
35.038186
34.36978
33.707249
33.0508
32.400634
31.756941
31.119903
30.489694
29.866478
29.250409
28.641632
28.040282
27.446485
26.860357
26.282005
25.711524
25.149002
24.594516
24.048134
23.509914
22.979905
22.458149
21.944676
21.439512
20.942671
20.454163
19.973991
19.502151
19.038632
18.583421
18.136497
17.697834
17.267404
16.845174
16.431101
16.025142
15.627247
15.237358
14.855411
14.481338
14.115065
13.756511
13.405595
13.06223
12.726325
12.397787
12.076522
11.762431
11.455415
11.155373
10.862202
10.575799
10.29606
10.022878
9.7561484
9.4957644
9.2416194
8.9936069
8.7516206
8.515555
8.2853056
8.0607706
7.8418519
7.6284596
7.4205186
7.2179826
7.0208595
6.8292695
6.6435343
6.4644236
6.293435
6.1339632
5.9916793
5.8847865
5.8229643
52.922685
52.192915
51.461895
50.729972
49.997491
49.264792
48.532211
47.800077
47.068714
46.338438
45.609559
44.882381
44.157202
43.434316
42.714011
41.996572
41.282279
40.571408
39.864229
39.161009
38.462011
37.767491
37.077698
36.392879
35.713269
35.039101
34.370597
33.707975
33.05144
32.401193
31.757425
31.120317
30.490042
29.866764
29.250637
28.641806
28.040406
27.446563
26.860391
26.281998
25.711479
25.148921
24.594402
24.047989
23.509741
22.979706
22.457926
21.944431
21.439247
20.942389
20.453866
19.973681
19.50183
19.038302
18.583083
18.136152
17.697485
17.267051
16.844815
16.430738
16.024774
15.626873
15.236976
14.855021
14.480937
14.114651
13.756084
13.405152
13.061768
12.725843
12.397283
12.075992
11.761873
11.454826
11.154749
10.86154
10.575094
10.295307
10.022073
9.7552843
9.494835
9.2406174
8.9925239
8.7504469
8.5142792
8.2839138
8.0592447
7.8401671
7.6265785
7.4183801
7.2154807
7.0178024
6.825295
6.6379593
6.455906
6.2794436
6.1093567
5.9471587
5.7978248
5.6639822
52.926116
52.196398
51.465411
50.7335
50.001008
49.268275
48.535637
47.803425
47.071963
46.341572
45.612564
44.885246
44.159919
43.43688
42.71642
41.998826
41.284378
40.573356
39.86603
39.162669
38.463534
37.768883
37.078967
36.394029
35.714309
35.040036
34.371433
33.708717
33.052095
32.401767
31.757922
31.120742
30.4904
29.867059
29.250874
28.641988
28.040537
27.446646
26.86043
26.281995
25.711438
25.148845
24.594292
24.047849
23.509572
22.979512
22.457708
21.944192
21.43899
20.942115
20.453579
19.973382
19.501521
19.037986
18.582761
18.135827
17.697156
17.26672
16.844483
16.430404
16.024439
15.626536
15.236636
14.854677
14.480588
14.114295
13.755721
13.40478
13.061386
12.725449
12.396875
12.075569
11.761433
11.454367
11.154269
10.861037
10.574565
10.294748
10.021481
9.7546568
9.4941671
9.2399044
8.9917607
8.7496277
8.5133973
8.2829617
8.0582134
7.8390455
7.625352
7.4170283
7.2139719
7.0160843
6.8232735
6.6354608
6.4525937
6.2746696
6.1018017
5.9343063
5.7733728
5.6197701
52.929515
52.199845
51.468887
50.736986
50.004484
49.271718
48.539027
47.80674
47.075187
46.344687
45.615556
44.888104
44.162635
43.439448
42.718837
42.00109
41.286492
40.57532
39.867848
39.164346
38.465075
37.770294
37.080253
36.395197
35.715364
35.040985
34.372282
33.709472
33.052761
32.402349
31.758426
31.121173
30.490763
29.867358
29.251113
28.642172
28.040669
27.446729
26.860468
26.281991
25.711395
25.148766
24.59418
24.047706
23.509401
22.979315
22.457488
21.943952
21.438731
20.941841
20.453291
19.973083
19.501214
19.037672
18.582443
18.135506
17.696834
17.266398
16.844161
16.430083
16.024119
15.626217
15.236317
14.854357
14.480266
14.113972
13.755393
13.404448
13.061049
12.725106
12.396525
12.075211
11.761065
11.453988
11.153878
10.860631
10.574143
10.294309
10.021022
9.7541756
9.4936611
9.2393706
8.9911958
8.7490281
8.512759
8.28228
8.057483
7.8382605
7.6245051
7.4161107
7.2129717
7.0149843
6.8220468
6.6340609
6.4509353
6.2725909
6.0989756
5.9300936
5.7661483
5.6073496
52.932879
52.20325
51.472319
50.740426
50.007912
49.275116
48.542374
47.810018
47.078377
46.347774
45.618526
44.890946
44.165341
43.442011
42.721254
42.003359
41.288612
40.577293
39.869677
39.166035
38.466629
37.771717
37.081551
36.396376
35.71643
35.041943
34.373139
33.710233
33.053433
32.402936
31.758933
31.121606
30.491126
29.867657
29.251351
28.642353
28.040796
27.446807
26.8605
26.281981
25.711345
25.148679
24.59406
24.047554
23.509221
22.979109
22.457259
21.943703
21.438464
20.941559
20.452996
19.972778
19.500901
19.037354
18.582121
18.135182
17.69651
17.266074
16.843839
16.429764
16.023802
15.625902
15.236005
14.854046
14.479957
14.113662
13.755083
13.404137
13.060736
12.72479
12.396205
12.074887
11.760736
11.453653
11.153536
10.860282
10.573785
10.293941
10.020643
9.7537827
9.4932534
9.2389463
8.9907527
8.7485639
8.512271
8.2817654
8.0569385
7.8376824
7.6238893
7.4154522
7.2122648
7.0142218
6.8212187
6.6331528
6.4499232
6.2714328
6.0975906
5.9283246
5.7635924
5.6034502
52.936202
52.206612
51.475704
50.743817
50.011291
49.278465
48.545674
47.813253
47.081529
46.350828
45.621469
44.893767
44.16803
43.444563
42.723664
42.005624
41.290732
40.579269
39.871511
39.16773
38.468189
37.773147
37.082856
36.397562
35.717502
35.042907
34.374
33.710998
33.054106
32.403523
31.75944
31.122037
30.491486
29.86795
29.251582
28.642526
28.040916
27.446877
26.860524
26.281961
25.711285
25.148582
24.593928
24.047391
23.509029
22.978892
22.457018
21.943441
21.438185
20.941264
20.452689
19.972461
19.500576
19.037024
18.581788
18.134847
17.696176
17.265742
16.843509
16.429438
16.023481
15.625585
15.235691
14.853734
14.479647
14.113353
13.754775
13.403829
13.060428
12.724482
12.395896
12.074577
11.760424
11.453339
11.153219
10.859961
10.57346
10.293611
10.020307
9.7534399
9.4929026
9.2385862
8.990382
8.748181
8.5118742
8.2813528
8.056508
7.8372316
7.6234155
7.4149526
7.211736
7.0136597
6.8206187
6.6325088
6.449227
6.2706715
6.0967442
5.927349
5.7623927
5.6018868
52.939483
52.209926
51.479037
50.747154
50.014616
49.281761
48.548924
47.816439
47.084637
46.353843
45.624378
44.896559
44.170697
43.447097
42.72606
42.007879
41.292845
40.581241
39.873343
39.169425
38.46975
37.774579
37.084163
36.398749
35.718575
35.043871
34.374861
33.711761
33.054776
32.404107
31.759942
31.122462
30.491839
29.868236
29.251805
28.64269
28.041025
27.446935
26.860534
26.281927
25.71121
25.148469
24.593781
24.047213
23.508822
22.978658
22.456761
21.943164
21.437889
20.940953
20.452366
19.972128
19.500236
19.036678
18.58144
18.134499
17.695828
17.265396
16.843167
16.429101
16.023149
15.625256
15.235365
14.853411
14.479326
14.113035
13.754459
13.403515
13.060116
12.72417
12.395586
12.074267
11.760115
11.45303
11.15291
10.859652
10.57315
10.293299
10.019993
9.7531234
9.4925826
9.2382619
8.9900525
8.7478452
8.511531
8.2810009
8.0561461
7.836858
7.6230287
7.4145505
7.2113164
7.0132203
6.8201567
6.632021
6.4487094
6.2701193
6.0961487
5.9266987
5.7616668
5.6010491
52.942717
52.213189
51.482316
50.750435
50.017884
49.284999
48.552118
47.819573
47.087696
46.356813
45.627248
44.899317
44.173334
43.449606
42.728436
42.010119
41.294947
40.583204
39.875169
39.171114
38.471307
37.776007
37.085467
36.399934
35.719644
35.044831
34.375718
33.712519
33.055441
32.404684
31.760436
31.122879
30.492183
29.868511
29.252016
28.642841
28.041121
27.446978
26.860529
26.281877
25.711119
25.14834
24.593616
24.047016
23.508596
22.978405
22.456485
21.942867
21.437574
20.940623
20.452023
19.971776
19.499877
19.036315
18.581074
18.134132
17.695463
17.265034
16.842809
16.428747
16.022798
15.624909
15.235022
14.853073
14.478992
14.112705
13.754132
13.403191
13.059795
12.723853
12.395271
12.073954
11.759805
11.452721
11.152603
10.859346
10.572845
10.292995
10.019689
9.7528199
9.4922785
9.2379568
8.9897456
8.747536
8.5112187
8.2806846
8.0558249
7.8365309
7.6226944
7.4142078
7.2109639
7.0128564
6.8197797
6.6316288
6.4482998
6.2696898
6.0956952
5.926217
5.7611553
5.6004964
52.945901
52.216398
51.485537
50.753656
50.02109
49.288177
48.555253
47.822651
47.090702
46.359734
45.630072
44.902034
44.175935
43.452085
42.730786
42.012337
41.29703
40.585151
39.876981
39.172793
38.472855
37.777428
37.086764
36.401111
35.720707
35.045785
34.376567
33.713269
33.056097
32.405251
31.760919
31.123283
30.492513
29.868772
29.252212
28.642976
28.041199
27.447004
26.860505
26.281808
25.711008
25.14819
24.593431
24.046798
23.508348
22.978131
22.456187
21.942548
21.437237
20.940272
20.451659
19.971402
19.499496
19.035929
18.580686
18.133745
17.695077
17.264652
16.842431
16.428373
16.022429
15.624545
15.234663
14.852719
14.478643
14.112361
13.753793
13.402856
13.059464
12.723525
12.394947
12.073634
11.759488
11.452408
11.152293
10.859038
10.57254
10.292693
10.019389
9.7525212
9.4919813
9.2376607
8.9894503
8.7472409
8.5109233
8.2803884
8.0555271
7.8362309
7.6223914
7.4139009
7.2106522
7.0125388
6.819455
6.6312958
6.4479569
6.2693355
6.0953273
5.9258341
5.7607522
5.6000716
52.949031
52.219548
51.488698
50.756814
50.024233
49.291291
48.558325
47.825667
47.093649
46.362601
45.632846
44.904706
44.178496
43.454527
42.733104
42.014526
41.299088
40.587078
39.878775
39.174456
38.474389
37.778835
37.088049
36.402277
35.721759
35.046727
34.377404
33.714006
33.05674
32.405804
31.761388
31.123672
30.492827
29.869016
29.25239
28.643093
28.041258
27.44701
26.860461
26.281718
25.710875
25.148018
24.593223
24.046557
23.508077
22.977833
22.455865
21.942205
21.436877
20.939896
20.451271
19.971005
19.499091
19.035521
18.580276
18.133334
17.694669
17.264247
16.84203
16.427977
16.022039
15.62416
15.234284
14.852346
14.478276
14.111999
13.753437
13.402506
13.059118
12.723184
12.394611
12.073303
11.759161
11.452085
11.151974
10.858724
10.57223
10.292386
10.019085
9.752221
9.4916842
9.2373664
8.9891584
8.7469511
8.5106353
8.2801017
8.0552413
7.8359454
7.6221057
7.4136144
7.2103642
7.0122486
6.8191618
6.6309987
6.447655
6.2690277
6.0950125
5.9255108
5.7604187
5.5997249
52.952103
52.222637
51.491793
50.759905
50.027308
49.294337
48.561329
47.828618
47.096535
46.365409
45.635566
44.907327
44.18101
43.456927
42.735384
42.016682
41.301117
40.588977
39.880546
39.176098
38.475904
37.780225
37.089317
36.403427
35.722795
35.047654
34.378226
33.714728
33.057367
32.406341
31.76184
31.124044
30.493123
29.86924
29.252548
28.643189
28.041296
27.446993
26.860395
26.281605
25.710719
25.147822
24.59299
24.04629
23.507781
22.97751
22.455518
21.941837
21.43649
20.939494
20.450857
19.970581
19.498661
19.035086
18.579839
18.132898
17.694235
17.263817
16.841606
16.427558
16.021625
15.623753
15.233884
14.851953
14.477889
14.111619
13.753063
13.402137
13.058756
12.722828
12.39426
12.072957
11.75882
11.45175
11.151643
10.858398
10.571909
10.29207
10.018774
9.7519141
9.4913816
9.2370678
8.9888636
8.7466599
8.5103473
8.2798167
8.0549589
7.8356652
7.6218274
7.4133375
7.2100882
7.0119731
6.8188861
6.6307222
6.447377
6.2687475
6.0947295
5.9252237
5.7601278
5.5994273
52.955113
52.225661
51.494821
50.762926
50.030311
49.297312
48.564264
47.8315
47.099353
46.368152
45.638225
44.909892
44.183473
43.45928
42.737621
42.018799
41.303111
40.590845
39.882287
39.177714
38.477394
37.781593
37.090564
36.404557
35.723812
35.048562
34.37903
33.715432
33.057976
32.406859
31.762272
31.124395
30.493398
29.869443
29.252684
28.643261
28.04131
27.446952
26.860303
26.281466
25.710536
25.147599
24.59273
24.045997
23.507457
22.977159
22.455143
21.941441
21.436076
20.939065
20.450415
19.97013
19.498203
19.034624
18.579376
18.132435
17.693774
17.26336
16.841154
16.427112
16.021187
15.623323
15.233462
14.851538
14.477481
14.111218
13.752668
13.401749
13.058373
12.722452
12.39389
12.072593
11.758462
11.451397
11.151297
10.858057
10.571574
10.29174
10.01845
9.7515953
9.491068
9.2367593
8.9885601
8.7463611
8.510053
8.2795266
8.0546729
7.835383
7.6215485
7.4130617
7.2098152
7.0117024
6.8186173
6.6304549
6.4471108
6.2684817
6.0944638
5.9249573
5.7598614
5.5991582
52.958057
52.228615
51.497776
50.765873
50.03324
49.300211
48.567123
47.834309
47.1021
46.370828
45.640819
44.912396
44.185878
43.461579
42.739809
42.020871
41.305063
40.592676
39.883995
39.179298
38.478856
37.782933
37.091786
36.405663
35.724806
35.049447
34.379811
33.716113
33.058561
32.407354
31.762681
31.124722
30.493649
29.869622
29.252794
28.643309
28.041298
27.446885
26.860184
26.281299
25.710325
25.147347
24.592442
24.045675
23.507104
22.976779
22.454738
21.941015
21.435632
20.938606
20.449944
19.96965
19.497717
19.034134
18.578884
18.131944
17.693286
17.262876
16.840675
16.426639
16.020721
15.622865
15.233011
14.851095
14.477046
14.11079
13.752248
13.401336
13.057967
12.722052
12.393497
12.072206
11.758082
11.451024
11.15093
10.857697
10.57122
10.291393
10.018109
9.7512603
9.4907391
9.2364364
8.988243
8.7460498
8.5097473
8.2792263
8.0543777
7.8350928
7.621263
7.4127807
7.2095384
7.0114294
6.8183479
6.6301887
6.4468474
6.2682208
6.0942051
5.9247003
5.7596069
5.5989042
52.96093
52.231495
51.500655
50.768741
50.036088
49.303031
48.569903
47.837039
47.104771
46.37343
45.643342
44.914833
44.18822
43.46382
42.741943
42.022893
41.306969
40.594463
39.885662
39.180844
38.480283
37.784241
37.092977
36.40674
35.725772
35.050305
34.380565
33.716767
33.059121
32.407823
31.763063
31.125023
30.493872
29.869773
29.252877
28.643327
28.041256
27.446788
26.860035
26.281102
25.710084
25.147065
24.592122
24.045321
23.50672
22.976367
22.454302
21.940557
21.435156
20.938115
20.449442
19.969138
19.497198
19.033612
18.578361
18.131422
17.692766
17.262361
16.840166
16.426138
16.020227
15.622379
15.232533
14.850625
14.476584
14.110335
13.751801
13.400896
13.057535
12.721627
12.39308
12.071796
11.757679
11.450628
11.150541
10.857315
10.570845
10.291025
10.017748
9.7509068
9.4903925
9.2360965
8.9879098
8.7457231
8.509427
8.2789123
8.0540698
7.8347908
7.6209668
7.41249
7.209253
7.0111491
6.8180724
6.6299177
6.4465807
6.2679581
6.0939463
5.9244449
5.759356
5.5986555
52.96372
52.234289
51.503444
50.771519
50.038845
49.305758
48.572591
47.839679
47.107354
46.375946
45.645783
44.91719
44.190487
43.465989
42.744009
42.024851
41.308815
40.596195
39.887277
39.182342
38.481663
37.785506
37.094127
36.407778
35.7267
35.051126
34.381284
33.717387
33.059646
32.408258
31.763412
31.12529
30.494062
29.86989
29.252926
28.643312
28.041181
27.446656
26.859852
26.28087
25.709808
25.146748
24.591768
24.044933
23.506301
22.97592
22.453831
21.940066
21.434647
20.93759
20.448905
19.968593
19.496647
19.033057
18.577805
18.130867
17.692215
17.261814
16.839626
16.425605
16.019702
15.621862
15.232025
14.850125
14.476093
14.109853
13.751327
13.40043
13.057078
12.721178
12.392638
12.071363
11.757253
11.45021
11.150131
10.856913
10.570451
10.290638
10.017369
9.7505349
9.4900281
9.2357396
8.9875602
8.7453807
8.5090917
8.2785839
8.0537483
7.8344759
7.6206584
7.4121879
7.208957
7.010859
6.817788
6.6296389
6.4463072
6.2676896
6.0936829
5.9241863
5.759104
5.5984064
52.966401
52.236972
51.506124
50.774186
50.041493
49.308377
48.575173
47.842215
47.109835
46.378364
45.64813
44.919457
44.192668
43.468077
42.745998
42.026737
41.310594
40.597863
39.888833
39.183785
38.482992
37.786721
37.095231
36.408771
35.727586
35.051908
34.381964
33.71797
33.060135
32.408657
31.763726
31.125522
30.494218
29.869973
29.252941
28.643263
28.041072
27.446491
26.859634
26.280605
25.709498
25.146397
24.59138
24.044511
23.505848
22.975441
22.453328
21.939541
21.434105
20.937034
20.448338
19.968016
19.496065
19.032472
18.577219
18.130283
17.691635
17.26124
16.839058
16.425045
16.01915
15.621319
15.231491
14.849601
14.475578
14.109347
13.75083
13.399942
13.056598
12.720707
12.392176
12.070909
11.756808
11.449773
11.149702
10.856492
10.570038
10.290234
10.016973
9.750147
9.4896482
9.2353676
8.987196
8.7450242
8.5087428
8.2782424
8.0534141
7.8341489
7.6203384
7.4118747
7.2086505
7.010559
6.8174944
6.6293514
6.4460257
6.267414
6.0934132
5.9239223
5.7588466
5.598152
248.72815
138.01942
97.986052
79.208317
68.980581
62.87538
59.009298
56.477476
54.97931
80.499816
248.72815
138.01899
97.98604
79.208394
68.980712
62.875488
59.009744
56.476137
54.955269
60.809472
248.72815
138.01878
97.985988
79.208409
68.980796
62.875535
59.010016
56.474384
54.941505
55.315248
248.72815
138.01863
97.985943
79.208412
68.980865
62.875607
59.010286
56.473929
54.929036
54.166972
248.72815
138.0185
97.985906
79.208421
68.980933
62.875709
59.010556
56.473574
54.923412
53.927977
248.72815
138.01838
97.985872
79.208437
68.981007
62.875843
59.010794
56.473103
54.913025
53.870254
248.72815
138.01825
97.98584
79.20846
68.981095
62.876009
59.011053
56.472706
54.894733
53.840633
248.72815
138.01811
97.985809
79.208491
68.981199
62.876206
59.011375
56.4724
54.869541
53.811339
248.72815
138.01798
97.985779
79.20853
68.981319
62.87644
59.011762
56.47225
54.841528
53.781149
248.72815
138.01784
97.985751
79.208577
68.981459
62.876713
59.012218
56.472291
54.816211
53.753993
248.72815
138.0177
97.985725
79.208633
68.98162
62.877028
59.012752
56.472541
54.796747
53.730058
248.72815
138.01756
97.985702
79.2087
68.981803
62.877388
59.013367
56.473006
54.783384
53.695867
248.72815
138.01742
97.985681
79.208777
68.98201
62.877797
59.014069
56.473689
54.774988
53.654618
248.72815
138.01728
97.985665
79.208866
68.982243
62.878258
59.014861
56.474586
54.770222
53.624982
248.72815
138.01714
97.985653
79.208968
68.982506
62.878773
59.015745
56.475687
54.767956
53.60865
248.72815
138.017
97.985646
79.209085
68.982798
62.879345
59.016725
56.476981
54.767363
53.600823
248.72815
138.01687
97.985645
79.209218
68.983124
62.879978
59.017801
56.478454
54.767882
53.597736
248.72815
138.01674
97.985651
79.209368
68.983486
62.880674
59.018975
56.480093
54.769148
53.597256
248.72815
138.01662
97.985665
79.209538
68.983885
62.881437
59.020247
56.481884
54.770923
53.59825
248.72815
138.01651
97.985689
79.209727
68.984325
62.882267
59.021616
56.483814
54.773055
53.600107
248.72815
138.0164
97.985723
79.20994
68.984808
62.883168
59.023082
56.48587
54.775444
53.602492
248.72815
138.0163
97.98577
79.210176
68.985336
62.88414
59.024642
56.488042
54.778024
53.605213
248.72815
138.01622
97.98583
79.21044
68.985912
62.885187
59.026296
56.490319
54.780747
53.608155
248.72815
138.01615
97.985905
79.210731
68.986539
62.886308
59.028041
56.492691
54.783584
53.611248
248.72815
138.0161
97.985996
79.211053
68.987218
62.887505
59.029873
56.49515
54.786511
53.614447
248.72815
138.01607
97.986107
79.211408
68.987952
62.888777
59.031791
56.497687
54.78951
53.617721
248.72815
138.01605
97.986238
79.211797
68.988742
62.890126
59.033789
56.500294
54.792567
53.62105
248.72815
138.01606
97.986392
79.212224
68.989592
62.89155
59.035865
56.502965
54.795672
53.624417
248.72815
138.0161
97.98657
79.21269
68.990501
62.89305
59.038014
56.505693
54.798815
53.627811
248.72815
138.01616
97.986775
79.213198
68.991471
62.894623
59.040232
56.508471
54.801989
53.631223
248.72815
138.01625
97.987009
79.213748
68.992504
62.896267
59.042515
56.511293
54.805186
53.634644
248.72815
138.01638
97.987274
79.214345
68.9936
62.897983
59.044858
56.514153
54.8084
53.638068
248.72815
138.01654
97.987573
79.214988
68.994759
62.899765
59.047255
56.517045
54.811625
53.641489
248.72815
138.01675
97.987908
79.21568
68.995981
62.901613
59.049703
56.519964
54.814855
53.644902
248.72815
138.01699
97.98828
79.216423
68.997266
62.903523
59.052196
56.522904
54.818086
53.648302
248.72815
138.01728
97.988692
79.217218
68.998614
62.905491
59.054728
56.52586
54.821313
53.651685
248.72815
138.01762
97.989147
79.218065
69.000022
62.907514
59.057295
56.528825
54.824531
53.655047
248.72815
138.01801
97.989645
79.218965
69.00149
62.909587
59.05989
56.531796
54.827735
53.658382
248.72815
138.01846
97.990189
79.219919
69.003015
62.911706
59.06251
56.534767
54.830921
53.661688
248.72815
138.01896
97.99078
79.220927
69.004595
62.913866
59.065147
56.537732
54.834084
53.664961
248.72815
138.01953
97.991419
79.221989
69.006227
62.916063
59.067796
56.540687
54.837221
53.668195
248.72815
138.02017
97.992107
79.223103
69.007908
62.918292
59.070453
56.543626
54.840325
53.671389
248.72815
138.02087
97.992844
79.224269
69.009634
62.920545
59.07311
56.546545
54.843394
53.674537
248.72815
138.02165
97.993631
79.225484
69.0114
62.922819
59.075762
56.549438
54.846422
53.677635
248.72815
138.0225
97.994466
79.226748
69.013203
62.925107
59.078404
56.552299
54.849405
53.68068
248.72815
138.02344
97.995347
79.228056
69.015038
62.927402
59.081028
56.555124
54.852339
53.683668
248.72815
138.02445
97.996271
79.229406
69.016897
62.929699
59.083629
56.557907
54.855219
53.686594
248.72815
138.02553
97.997232
79.230791
69.018775
62.931988
59.086199
56.560641
54.858037
53.689452
248.72815
138.02668
97.998218
79.232197
69.020654
62.934254
59.088723
56.563312
54.860783
53.692231
248.72815
138.02784
97.999178
79.233566
69.022484
62.936452
59.091162
56.565886
54.863424
53.694902
248.72815
138.02887
98.000229
79.234978
69.024351
62.938734
59.093709
56.56858
54.866193
53.697705
248.72815
138.02956
98.001289
79.23689
69.026927
62.941714
59.09692
56.571908
54.869571
53.701099
248.72815
138.02991
98.002623
79.238904
69.029597
62.944843
59.100318
56.575444
54.873166
53.704715
248.72815
138.03013
98.004394
79.241395
69.03276
62.948467
59.104202
56.579452
54.877224
53.708785
248.72815
138.0304
98.006462
79.244426
69.036541
62.952725
59.108713
56.584075
54.881884
53.713448
248.72815
138.03082
98.009013
79.248341
69.041312
62.957985
59.114208
56.589658
54.887483
53.719033
248.72815
138.03153
98.011941
79.252752
69.046581
62.963703
59.120123
56.595634
54.893458
53.724983
248.72815
138.0326
98.015201
79.257466
69.052071
62.969551
59.126093
56.601611
54.899396
53.730869
248.72815
138.03402
98.018645
79.262206
69.057449
62.975176
59.131768
56.60725
54.904972
53.73638
248.72815
138.03542
98.021861
79.26651
69.062226
62.980086
59.136653
56.612054
54.909683
53.741008
248.72815
138.03684
98.024664
79.270052
69.066018
62.983877
59.140344
56.615623
54.913139
53.74437
248.72815
138.03791
98.026631
79.272408
69.068425
62.986184
59.142508
56.617646
54.915043
53.746178
248.72815
138.03846
98.027595
79.273423
69.069293
62.986844
59.142967
56.617936
54.915199
53.746231
248.72815
138.03848
98.027618
79.273295
69.068954
62.986296
59.142239
56.617064
54.914214
53.745161
248.72815
138.03814
98.02691
79.272172
69.067448
62.984474
59.140168
56.6148
54.9118
53.742628
248.72815
138.03762
98.026103
79.271057
69.066016
62.982739
59.138157
56.612546
54.909336
53.739986
248.72815
138.0363
98.023719
79.267852
69.062218
62.978515
59.133619
56.607766
54.904366
53.734861
248.72815
138.03795
98.025426
79.269307
69.063422
62.979543
59.134553
56.608675
54.905295
53.735841
52.969217
52.239795
51.508945
50.776997
50.044285
49.311141
48.577901
47.844897
47.112463
46.380929
45.650622
44.92187
44.194993
43.470308
42.748129
42.028762
41.312509
40.599665
39.890519
39.185354
38.484443
37.788054
37.096447
36.409872
35.728574
35.052785
34.382734
33.718637
33.060702
32.409128
31.764106
31.125815
30.494428
29.870105
29.252999
28.643252
28.040996
27.446354
26.85944
26.280359
25.709203
25.146057
24.590998
24.044092
23.505396
22.974958
22.452818
21.939008
21.433552
20.936465
20.447754
19.967423
19.495465
19.031867
18.576613
18.129677
17.691032
17.260641
16.838465
16.424459
16.018573
15.62075
15.230931
14.84905
14.475036
14.108814
13.750306
13.399427
13.056092
12.720209
12.391686
12.070428
11.756335
11.449309
11.149247
10.856045
10.5696
10.289804
10.016551
9.7497336
9.489243
9.2349706
8.9868071
8.7446433
8.5083699
8.2778774
8.0530567
7.8337991
7.6199961
7.4115397
7.2083227
7.0102383
6.8171805
6.6290442
6.4457252
6.2671199
6.0931256
5.9236414
5.7585739
5.597883
52.972611
52.243183
51.512319
50.78035
50.047609
49.314428
48.581141
47.848082
47.115583
46.383976
45.653588
44.924745
44.19777
43.47298
42.750689
42.031204
41.314829
40.601859
39.892585
39.187288
38.486245
37.789724
37.097984
36.411279
35.729852
35.053938
34.383764
33.719547
33.061497
32.409812
31.764684
31.126291
30.494807
29.870392
29.253198
28.643368
28.041034
27.44632
26.859337
26.280191
25.708976
25.145776
24.590666
24.043713
23.504974
22.974498
22.452324
21.938484
21.433001
20.935891
20.447162
19.966815
19.494845
19.031239
18.575979
18.129041
17.690396
17.260007
16.837836
16.423835
16.017955
15.620139
15.230328
14.848454
14.474448
14.108235
13.749734
13.398864
13.055536
12.719662
12.391147
12.069897
11.755812
11.448794
11.14874
10.855547
10.569109
10.289322
10.016078
9.7492685
9.4887864
9.2345224
8.9863673
8.744212
8.5079468
8.2774626
8.0526501
7.8334006
7.6196056
7.4111572
7.207948
7.0098712
6.8168211
6.6286923
6.4453806
6.2667828
6.0927958
5.9233194
5.7582587
5.5975732
52.97623
52.246797
51.51592
50.78393
50.051158
49.317938
48.584602
47.851485
47.118918
46.387232
45.656757
44.927818
44.200738
43.475835
42.753423
42.033811
41.317303
40.604196
39.89478
39.18934
38.488152
37.791484
37.099599
36.412749
35.731179
35.055124
34.384813
33.720463
33.062284
32.410475
31.765227
31.126721
30.495127
29.870609
29.253317
28.643394
28.040973
27.446177
26.859118
26.279901
25.70862
25.145359
24.590193
24.043189
23.504404
22.973886
22.451675
21.937803
21.432292
20.935158
20.44641
19.966049
19.494067
19.030454
18.575191
18.128253
17.689609
17.259226
16.837061
16.423069
16.017198
15.619393
15.229593
14.84773
14.473736
14.107533
13.749044
13.398184
13.054868
12.719004
12.3905
12.06926
11.755187
11.448179
11.148136
10.854953
10.568526
10.28875
10.015516
9.748717
9.4882453
9.2339917
8.985847
8.7437018
8.5074468
8.2769726
8.05217
7.8329303
7.6191449
7.410706
7.2075061
7.0094386
6.8163976
6.6282778
6.444975
6.266386
6.0924079
5.9229408
5.7578899
5.5972106
52.980297
52.250853
51.519956
50.787938
50.055127
49.321859
48.588465
47.855278
47.122632
46.390856
45.660281
44.931232
44.204032
43.479001
42.756453
42.036697
41.320039
40.606776
39.8972
39.191595
38.490241
37.793406
37.101353
36.414336
35.732601
35.056384
34.385914
33.721409
33.063079
32.411124
31.765736
31.127095
30.495373
29.870733
29.253325
28.643293
28.040769
27.445876
26.858727
26.279427
25.708067
25.144735
24.589503
24.04244
23.503601
22.973035
22.450781
21.936872
21.431329
20.934169
20.4454
19.965023
19.49303
19.02941
18.574144
18.127208
17.688569
17.258193
16.836039
16.422059
16.016202
15.618412
15.228627
14.846781
14.472802
14.106616
13.748143
13.397299
13.053999
12.718151
12.389662
12.068438
11.75438
11.447388
11.14736
10.854192
10.567781
10.288019
10.0148
9.7480165
9.4875596
9.2333207
8.9851905
8.7430598
8.506819
8.2763588
8.05157
7.8323439
7.618572
7.4101462
7.2069593
7.0089046
6.815876
6.6277686
6.4444779
6.2659009
6.091935
5.9224803
5.7574418
5.596772
52.984952
52.25549
51.524567
50.792513
50.059657
49.326333
48.592872
47.859609
47.126875
46.395001
45.664317
44.935148
44.207818
43.482647
42.75995
42.040038
41.323215
40.609781
39.900029
39.194243
38.492705
37.795683
37.103443
36.416238
35.734316
35.057914
34.387261
33.722578
33.064074
32.41195
31.766398
31.127599
30.495726
29.87094
29.253395
28.643232
28.040584
27.445575
26.858317
26.278914
25.70746
25.144039
24.588727
24.041589
23.502683
22.972057
22.44975
21.935793
21.43021
20.933016
20.444219
19.963819
19.49181
19.028179
18.572907
18.125969
17.687334
17.256964
16.83482
16.420852
16.015009
15.617235
15.227466
14.845637
14.471676
14.105508
13.747052
13.396227
13.052944
12.717114
12.388643
12.067437
11.753396
11.446422
11.146412
10.853262
10.566868
10.287124
10.013923
9.7471573
9.4867181
9.2324967
8.984384
8.7422706
8.5060469
8.2756038
8.0508319
7.8316225
7.617867
7.4094575
7.2062866
7.0082477
6.8152347
6.6271427
6.4438674
6.2653056
6.091355
5.9219162
5.7568933
5.5962365
52.990516
52.261026
51.530065
50.797963
50.065051
49.331659
48.598122
47.86477
47.131938
46.399954
45.669149
44.939849
44.212378
43.487055
42.764197
42.044115
41.327114
40.613495
39.903551
39.197568
38.495828
37.798602
37.106155
36.418742
35.736612
35.060004
34.389146
33.724261
33.065559
32.413241
31.767501
31.12852
30.496471
29.871517
29.253809
28.643492
28.040697
27.445548
26.858159
26.278633
25.707063
25.143534
24.588123
24.040893
23.501903
22.9712
22.448824
21.934806
21.429169
20.931928
20.443091
19.962659
19.490624
19.026973
18.571687
18.12474
17.686101
17.255733
16.833592
16.419632
16.013799
15.616036
15.226281
14.844465
14.470519
14.104366
13.745926
13.395116
13.051849
12.716034
12.38758
12.066389
11.752364
11.445406
11.145412
10.852278
10.565901
10.286173
10.012989
9.7462394
9.4858167
9.2316119
8.9835157
8.7414187
8.5052115
8.2747847
8.0500291
7.8308357
7.6170963
7.4087027
7.2055475
7.0075242
6.8145268
6.6264502
6.4431903
6.2646439
6.0907091
5.9212864
5.7562795
5.5956358
52.996438
52.266911
51.535905
50.803748
50.070771
49.337304
48.603681
47.870234
47.137295
46.405195
45.674262
44.944823
44.217204
43.491722
42.768696
42.048437
41.33125
40.617437
39.907293
39.201104
38.499153
37.801712
37.109046
36.421413
35.739062
35.062233
34.391156
33.726054
33.067138
32.414611
31.768666
31.129485
30.497243
29.872102
29.254215
28.643726
28.040768
27.445464
26.857927
26.278262
25.706563
25.142913
24.587389
24.040055
23.50097
22.970181
22.447727
21.933639
21.427941
20.930648
20.441766
19.961296
19.489231
19.025558
18.570256
18.123299
17.684656
17.254288
16.832153
16.418201
16.01238
15.614631
15.224891
14.843093
14.469165
14.10303
13.74461
13.393819
13.050571
12.714777
12.386342
12.065171
11.751166
11.444228
11.144254
10.851141
10.564783
10.285076
10.011912
9.7451827
9.4847803
9.2305957
8.9825197
8.7404427
8.5042555
8.2738485
8.0491125
7.8299386
7.6162184
7.4078439
7.2047077
7.006703
6.8137241
6.6256659
6.4424242
6.2638961
6.0899798
5.9205758
5.7555877
5.5949596
53.002282
52.272704
51.541639
50.809415
50.076361
49.34281
48.609093
47.875542
47.14249
46.410266
45.679201
44.94962
44.221849
43.496207
42.773011
42.052573
41.335199
40.621192
39.910847
39.204451
38.502287
37.804628
37.111742
36.423886
35.74131
35.064256
34.392954
33.727628
33.06849
32.415745
31.769586
31.130196
30.49775
29.872412
29.254335
28.643663
28.04053
27.445059
26.857364
26.27755
25.70571
25.14193
24.586283
24.038838
23.49965
22.968767
22.446229
21.932067
21.426303
20.928953
20.440023
19.959514
19.487418
19.023722
18.568404
18.121439
17.682793
17.252428
16.8303
16.416361
16.010555
15.612825
15.223106
14.841331
14.467427
14.101318
13.742922
13.392158
13.048937
12.713169
12.38476
12.063617
11.749639
11.442728
11.142781
10.849695
10.563365
10.283685
10.010548
9.743846
9.4834707
9.2293132
8.981264
8.7392139
8.5030532
8.2726725
8.0479626
7.8288146
7.61512
7.4067708
7.2036596
7.0056798
6.8127254
6.6246915
6.4414739
6.2629699
6.0890778
5.9196982
5.7547342
5.5941273
53.007741
52.278105
51.546974
50.814676
50.081541
49.3479
48.614085
47.880428
47.147261
46.414913
45.683716
44.953994
44.226073
43.500272
42.77691
42.056297
41.338741
40.624544
39.914002
39.207404
38.505032
37.80716
37.114057
36.425981
35.743183
35.065904
34.394378
33.728828
33.069467
32.416502
31.770125
31.130522
30.497867
29.872326
29.254051
28.643189
28.039873
27.444227
26.856366
26.276394
25.704405
25.140486
24.58471
24.037144
23.497846
22.966863
22.444234
21.929992
21.424157
20.926746
20.437765
19.957214
19.485085
19.021364
18.56603
18.119056
17.680408
17.250048
16.82793
16.414006
16.00822
15.610513
15.22082
14.839073
14.465199
14.099121
13.740758
13.390027
13.046839
12.711105
12.382732
12.061622
11.74768
11.440803
11.140892
10.847841
10.561546
10.281901
10.008799
9.7421325
9.4817923
9.2276696
8.9796552
8.7376395
8.501513
8.2711663
8.0464901
7.8273755
7.6137139
7.4053973
7.2023185
7.0043706
6.8114479
6.6234454
6.4402591
6.2617861
6.0879251
5.9185765
5.753643
5.5930642
53.012309
52.282605
51.551401
50.819023
50.085801
49.352067
48.618151
47.884386
47.151104
46.418635
45.687308
44.95745
44.229385
43.503434
42.779914
42.059136
41.34141
40.627036
39.916311
39.209524
38.506958
37.808888
37.115583
36.427301
35.744295
35.066807
34.395069
33.729308
33.069737
32.416562
31.769978
31.13017
30.497315
29.871577
29.253112
28.642064
28.038569
27.442752
26.854726
26.274598
25.702462
25.138404
24.582499
24.034814
23.495405
22.964322
22.441603
21.927281
21.421376
20.923905
20.434873
19.954281
19.482121
19.018377
18.563028
18.116048
17.677401
17.247049
16.824946
16.411041
16.00528
15.607602
15.217941
14.836229
14.462392
14.096354
13.738032
13.387342
13.044197
12.708506
12.380176
12.059111
11.745213
11.438381
11.138513
10.845507
10.559257
10.279657
10.006599
9.7399767
9.4796806
9.2256018
8.9776311
8.7356587
8.4995753
8.2692713
8.0446373
7.8255646
7.6119444
7.4036688
7.2006305
7.0027228
6.8098398
6.6218765
6.4387292
6.260295
6.0864726
5.9171622
5.7522662
5.5917228
53.015603
52.285827
51.554546
50.822085
50.088776
49.354948
48.620934
47.887065
47.153673
46.421089
45.689641
44.959656
44.231459
43.50537
42.781706
42.06078
41.342899
40.628366
39.917477
39.210521
38.507782
37.809535
37.11605
36.427585
35.744393
35.066717
34.39479
33.728839
33.069077
32.415713
31.76894
31.128946
30.495907
29.869989
29.251347
28.640127
28.036466
27.440488
26.852309
26.272034
25.699758
25.135569
24.57954
24.031741
23.492227
22.961048
22.438243
21.923844
21.417872
20.920343
20.431264
19.950633
19.478444
19.01468
18.55932
18.112336
17.673694
17.243353
16.821269
16.407388
16.001657
15.604013
15.21439
14.83272
14.458928
14.092937
13.734664
13.384025
13.040932
12.705294
12.377017
12.056006
11.742162
11.435385
11.135572
10.842621
10.556426
10.27688
10.003878
9.7373098
9.4770681
9.2230435
8.9751266
8.7332078
8.4971775
8.2669261
8.0423443
7.8233231
7.6097541
7.4015291
7.1985408
7.0006825
6.8078484
6.6199336
6.4368343
6.2584477
6.0846725
5.9154087
5.7505582
5.5900586
53.017344
52.287497
51.55614
50.823601
50.090209
49.356295
48.62219
47.888227
47.154736
46.422049
45.690495
44.960399
44.232087
43.505879
42.782092
42.061039
41.343027
40.628359
39.917331
39.210233
38.507349
37.808955
37.115318
36.4267
35.743353
35.065519
34.393434
33.727323
33.067402
32.413877
31.766946
31.126794
30.493598
29.867526
29.248733
28.637366
28.033561
27.437444
26.84913
26.268727
25.696329
25.132024
24.575887
24.027986
23.488379
22.957115
22.434233
21.919765
21.413733
20.916153
20.427031
19.946367
19.474152
19.010372
18.555004
18.108019
17.669384
17.239058
16.816994
16.40314
15.997441
15.599835
15.210255
14.828631
14.454888
14.088949
13.73073
13.380148
13.037113
12.701535
12.373319
12.05237
11.738588
11.431873
11.132124
10.839235
10.553104
10.273622
10.000682
9.7341775
9.4739987
9.2200367
8.9721821
8.7303251
8.4943562
8.2641657
8.0396443
7.820683
7.6071731
7.3990067
7.1960764
6.9982755
6.8054982
6.6176396
6.4345959
6.2562644
6.0825436
5.9133335
5.7485354
5.5880864
53.017326
52.287406
51.555974
50.823357
50.089885
49.355889
48.6217
47.887651
47.154072
46.421294
45.689646
44.959455
44.231045
43.504737
42.780848
42.05969
41.341571
40.626793
39.915654
39.208442
38.505442
37.806929
37.113173
36.424434
35.740963
35.063006
34.390796
33.72456
33.064513
32.410863
31.763807
31.123531
30.490212
29.864019
29.245106
28.633623
28.029704
27.433477
26.845058
26.264553
25.692059
25.127662
24.57144
24.023459
23.483779
22.952447
22.429505
21.914983
21.408905
20.911286
20.422133
19.941444
19.469213
19.005423
18.550053
18.103074
17.664451
17.234144
16.812105
16.398283
15.992621
15.595056
15.205523
14.823949
14.450261
14.08438
13.726222
13.375703
13.032733
12.697222
12.369074
12.048194
11.734483
11.427839
11.128161
10.835345
10.549285
10.269876
9.9970084
9.7305758
9.4704689
9.2165785
8.9687951
8.7270089
8.4911103
8.2609896
8.0365374
7.8176446
7.6042026
7.3961034
7.1932395
6.9955044
6.8027921
6.6149979
6.4320178
6.2537491
6.0800904
5.9109412
5.7462029
5.585812
53.016195
52.286214
51.55472
50.822041
50.088505
49.354445
48.620191
47.886074
47.152428
46.419581
45.687864
44.957602
44.22912
43.502738
42.778773
42.057539
41.339342
40.624485
39.913264
39.205971
38.502887
37.80429
37.110447
36.42162
35.738061
35.060015
34.387715
33.721387
33.061249
32.407508
31.760359
31.119992
30.486583
29.860299
29.241299
28.629728
28.025725
27.429416
26.840918
26.260337
25.687771
25.123305
24.567017
24.018975
23.479237
22.947853
22.424862
21.910297
21.40418
20.906528
20.417347
19.936636
19.464388
19.000587
18.545212
18.098233
17.659617
17.229321
16.8073
16.3935
15.987865
15.590333
15.200836
14.819303
14.44566
14.079826
13.721719
13.371254
13.028341
12.692888
12.3648
12.043982
11.730334
11.423755
11.124143
10.831393
10.5454
10.266057
9.9932582
9.7268936
9.466855
9.2130328
8.9653177
8.7235996
8.4877689
8.2577157
8.0333308
7.8145049
7.6011293
7.393096
7.1902976
6.9926274
6.7999795
6.612249
6.429332
6.2511258
6.0775287
5.9084401
5.7437612
5.5834281
53.013573
52.283506
51.551928
50.819167
50.085553
49.351415
48.617086
47.882896
47.149177
46.41626
45.684473
44.954142
44.225592
43.499143
42.775111
42.05381
41.335547
40.620624
39.909337
39.201978
38.498828
37.800166
37.106259
36.417367
35.733744
35.055633
34.383269
33.716878
33.056677
32.402872
31.755662
31.115232
30.481761
29.855416
29.236355
28.624724
28.020661
27.424293
26.835735
26.255096
25.682473
25.117955
24.561618
24.013532
23.473755
22.942337
22.419319
21.904733
21.398601
20.90094
20.411757
19.931051
19.458814
18.99503
18.539678
18.092729
17.654147
17.223891
16.801914
16.388163
15.982582
15.585106
15.19567
14.814201
14.440624
14.074859
13.716823
13.36643
13.023591
12.688213
12.360201
12.03946
11.725889
11.419387
11.119852
10.82718
10.541264
10.261999
9.9892758
9.7229873
9.4630242
9.209277
8.9616361
8.7199916
8.4842338
8.2542528
8.0299391
7.8111838
7.597878
7.3899137
7.1871834
6.9895805
6.796999
6.6093342
6.426482
6.2483396
6.0748053
5.9057786
5.7411604
5.580887
53.010786
52.280589
51.548894
50.816027
50.082315
49.348087
48.613673
47.879405
47.145612
46.412624
45.680769
44.950374
44.221761
43.495252
42.771161
42.049803
41.331483
40.616505
39.905163
39.19775
38.494546
37.79583
37.10187
36.412926
35.729251
35.051089
34.378674
33.712234
33.051983
32.39813
31.750871
31.110395
30.476878
29.850489
29.231385
28.619713
28.015611
27.419205
26.830613
26.249941
25.677286
25.112737
24.55637
24.008254
23.468448
22.937002
22.413957
21.899346
21.393192
20.895511
20.40631
19.92559
19.453342
18.989552
18.534198
18.087253
17.64868
17.218438
16.796481
16.382754
15.977201
15.579759
15.19036
14.808932
14.435401
14.069686
13.711703
13.361368
13.018589
12.683275
12.35533
12.034657
11.721157
11.414729
11.115268
10.822672
10.536833
10.257646
9.9850021
9.7187928
9.4589092
9.2052416
8.9576802
8.7161151
8.4804362
8.2505337
8.0262981
7.8076201
7.594391
7.3865025
7.1838472
6.9863183
6.7938099
6.6062171
6.4234359
6.2453632
6.0718975
5.9029378
5.7383851
5.5781755
53.005536
52.275224
51.543423
50.810458
50.076657
49.342348
48.60786
47.873523
47.139668
46.406624
45.674717
44.944274
44.215618
43.489069
42.764942
42.04355
41.3252
40.610193
39.898826
39.191388
38.488163
37.789424
37.095442
36.406476
35.722779
35.044595
34.372157
33.705692
33.045417
32.391538
31.744252
31.103748
30.470202
29.843782
29.224646
28.612941
28.008805
27.412364
26.823736
26.243029
25.670338
25.105754
24.549352
24.001202
23.461363
22.929884
22.406808
21.892166
21.385982
20.888271
20.399042
19.918294
19.446019
18.982202
18.526821
18.079848
17.641248
17.210982
16.789002
16.375258
15.969691
15.57224
15.182836
14.801409
14.427882
14.062177
13.704209
13.353893
13.011139
12.675854
12.347944
12.02731
11.713855
11.407475
11.108068
10.815529
10.529753
10.250632
9.978058
9.7119227
9.4521165
9.1985297
8.9510523
8.7095741
8.4739848
8.2441746
8.0200335
7.8014522
7.5883216
7.3805335
7.17798
6.9805544
6.7881504
6.6006629
6.4179877
6.2400217
6.066663
5.8978108
5.7333657
5.5732642
53.006591
52.276328
51.544555
50.811597
50.077785
49.343448
48.608918
47.874528
47.140607
46.407486
45.675495
44.944959
44.216202
43.489545
42.765305
42.043795
41.325321
40.610187
39.898689
39.191117
38.487755
37.788878
37.094755
36.405648
35.721809
35.043481
34.370901
33.704293
33.043875
32.389853
31.742426
31.101781
30.468096
29.841538
29.222266
28.610425
28.006155
27.409582
26.820823
26.239986
25.667168
25.102457
24.545931
23.997659
23.457699
22.926103
22.40291
21.888155
21.381861
20.884044
20.394711
19.913863
19.441493
18.977586
18.522121
18.075068
17.636394
17.206056
16.784009
16.370201
15.964573
15.567064
15.177607
14.79613
14.422557
14.05681
13.698804
13.348455
13.005671
12.67036
12.342429
12.021778
11.70831
11.401922
11.10251
10.809972
10.5242
10.245088
9.9725271
9.7064091
9.4466244
9.1930633
8.9456155
8.7041708
8.4686189
8.2388495
8.0147527
7.796219
7.5831392
7.3754047
7.1729075
6.9755407
6.7831977
6.5957733
6.4131628
6.235263
6.0619716
5.8931872
5.72881
5.568776
)
;

boundaryField
{
    inlet
    {
        type            fixedValue;
        value           uniform 750;
    }
    top
    {
        type            zeroGradient;
    }
    outlet
    {
        type            zeroGradient;
    }
    slipsurface
    {
        type            slip;
    }
    bottom
    {
        type            omegaWallFunction;
        blending        binomial;
        n               2;
        value           nonuniform List<scalar> 
100
(
7569.1058
7590.8146
7571.1113
7538.1546
7512.5638
7498.0748
7491.1183
7487.7282
7485.8491
7484.6254
7483.6801
7482.8693
7482.1628
7481.5516
7481.0215
7480.5596
7480.1562
7479.8018
7479.4866
7479.2041
7478.9504
7478.7214
7478.5132
7478.3233
7478.1499
7477.9909
7477.8444
7477.7092
7477.5844
7477.4689
7477.3619
7477.2626
7477.1707
7477.0854
7477.0063
7476.933
7476.8653
7476.8028
7476.7453
7476.6928
7476.6451
7476.6022
7476.564
7476.5305
7476.5019
7476.4787
7476.4605
7476.4482
7476.4417
7476.4408
7476.4453
7476.4549
7476.4692
7476.4873
7476.5082
7476.5313
7476.5552
7476.5779
7476.5973
7476.6121
7476.6219
7476.6271
7476.6279
7476.625
7476.6193
7476.6114
7476.602
7476.5916
7476.5805
7476.5692
7476.5576
7476.5461
7476.5346
7476.5232
7476.512
7476.501
7476.4901
7476.479
7476.4676
7476.4562
7476.4446
7476.4331
7476.4215
7476.4098
7476.398
7476.3861
7476.3742
7476.3622
7476.3502
7476.3381
7476.326
7476.3139
7476.3019
7476.2898
7476.2778
7476.2653
7476.2544
7476.2387
7476.2298
7476.2059
)
;
    }
    frontandback
    {
        type            empty;
    }
}


// ************************************************************************* //
