/*--------------------------------*- C++ -*----------------------------------*\
| =========                 |                                                 |
| \\      /  F ield         | OpenFOAM: The Open Source CFD Toolbox           |
|  \\    /   O peration     | Version:  2206                                  |
|   \\  /    A nd           | Website:  www.openfoam.com                      |
|    \\/     M anipulation  |                                                 |
\*---------------------------------------------------------------------------*/
FoamFile
{
    version     2.0;
    format      ascii;
    arch        "LSB;label=32;scalar=64";
    class       volScalarField;
    location    "600";
    object      p;
}
// * * * * * * * * * * * * * * * * * * * * * * * * * * * * * * * * * * * * * //

dimensions      [0 2 -2 0 0 0 0];

internalField   nonuniform List<scalar> 
7480
(
0.054536568
0.042285751
0.028167644
0.016363184
0.0057593189
0.00031506349
-0.00093817686
8.0778437e-05
0.0016365517
0.002669664
0.003147981
0.0033538296
0.0034478051
0.0034796471
0.003484596
0.0034922573
0.0035034253
0.0035005438
0.0034871669
0.0034724097
0.0034550913
0.003431025
0.0034030436
0.0033744964
0.003344108
0.0033094729
0.0032720048
0.0032332539
0.0031923333
0.0031484384
0.0031026829
0.0030558354
0.0030072803
0.0029568279
0.0029053398
0.00285342
0.0028011115
0.0027490778
0.0026985569
0.0026505678
0.002605951
0.0025662675
0.0025340322
0.00251163
0.0025032328
0.0025137165
0.0025463659
0.0026003607
0.0026754646
0.0027720816
0.0028884771
0.0030217775
0.0031675
0.003319334
0.003475075
0.0036283067
0.0037609525
0.0038602269
0.003918272
0.0039372223
0.0039198388
0.0038729865
0.0038054271
0.0037242394
0.0036345154
0.003540236
0.003444744
0.0033493089
0.0032548344
0.0031618712
0.0030705377
0.0029803382
0.0028913043
0.0028034103
0.0027158635
0.0026292518
0.0025426587
0.0024539679
0.002363595
0.0022716605
0.0021789766
0.0020851389
0.0019889996
0.0018916185
0.0017920819
0.001691039
0.0015883166
0.0014839762
0.0013786496
0.0012719358
0.0011651355
0.0010579381
0.00095217276
0.00084722605
0.00074992721
0.00064684939
0.00059455159
0.00031216142
0.00083873398
-0.00087482735
0.049558975
0.039049604
0.027101623
0.016214068
0.0063598298
0.0011161204
-0.00023124853
0.000550319
0.0018634321
0.0027935534
0.0032256895
0.0034130192
0.0034986302
0.0035236556
0.0035246341
0.0035307147
0.003535762
0.0035274893
0.0035111185
0.0034940157
0.0034745453
0.0034485214
0.0034189285
0.0033889933
0.0033573294
0.0033215353
0.0032830648
0.003243417
0.0032016605
0.003157001
0.0031105634
0.0030630907
0.0030139492
0.0029629545
0.0029109684
0.0028585822
0.0028058314
0.0027533802
0.0027024626
0.0026540901
0.0026090995
0.0025690522
0.00253646
0.0025137027
0.0025050776
0.0025153171
0.0025473527
0.002600974
0.0026757856
0.0027721122
0.0028882429
0.003021312
0.003166841
0.0033185307
0.0034741856
0.0036273833
0.0037600504
0.0038594284
0.003917617
0.0039367002
0.0039195323
0.0038728799
0.0038054649
0.0037243915
0.0036347502
0.0035405266
0.0034450693
0.0033496528
0.0032551855
0.0031622218
0.0030708823
0.0029806736
0.0028916285
0.002803722
0.0027161624
0.0026295384
0.0025429391
0.0024542476
0.0023638714
0.0022719308
0.0021792403
0.0020853962
0.0019892513
0.0018918651
0.0017923235
0.0016912757
0.0015885481
0.0014842025
0.0013788705
0.0012721511
0.0011653451
0.001058142
0.000952371
0.00084741856
0.00075011529
0.0006470295
0.00059479833
0.00031314118
0.00084094777
-0.00087432865
0.045499171
0.037368753
0.026738202
0.016488233
0.0077342525
0.002644624
0.00094174058
0.0012121801
0.002199842
0.0029778934
0.0033466513
0.0035138963
0.0035867742
0.0035967605
0.0035887428
0.0035877714
0.0035841213
0.0035684988
0.0035473661
0.0035265805
0.0035035221
0.0034741326
0.0034420022
0.0034099399
0.0033762338
0.0033385997
0.0032986524
0.0032577349
0.0032147737
0.0031690162
0.0031216445
0.0030733341
0.0030233987
0.0029716775
0.002919045
0.0028660622
0.0028127474
0.0027597761
0.0027083787
0.0026595496
0.0026141171
0.0025736475
0.0025406497
0.0025174961
0.0025085951
0.0025187312
0.0025501717
0.0026031515
0.002677612
0.0027735716
0.0028893491
0.0030220808
0.0031672887
0.0033186923
0.0034741314
0.0036271617
0.0037596859
0.00385903
0.0039172914
0.0039364509
0.0039195121
0.0038730725
0.0038058277
0.0037248969
0.003635361
0.0035412081
0.0034457929
0.0033503944
0.0032559285
0.0031629542
0.0030715958
0.0029813628
0.0028922907
0.0028043552
0.0027167659
0.0026301127
0.0025434845
0.0024547707
0.0023643783
0.0022724201
0.0021797123
0.0020858518
0.001989692
0.0018922929
0.001792739
0.0016916797
0.001588941
0.0014845843
0.0013792413
0.001272511
0.0011656942
0.0010584802
0.0009526989
0.0008477356
0.00075042497
0.00064732234
0.00059519934
0.00031471679
0.00084487104
-0.00087371879
0.042778337
0.03606714
0.026383294
0.016787704
0.00902044
0.0041072509
0.0020235394
0.0019060585
0.0025917984
0.0032153825
0.0035286031
0.0036714582
0.0037211994
0.0037015398
0.0036729732
0.003660121
0.0036458629
0.0036197642
0.0035920449
0.0035669629
0.0035394625
0.0035055473
0.0034702215
0.0034355882
0.003399265
0.0033592028
0.0033174575
0.0032750809
0.0032306954
0.0031836494
0.0031352709
0.0030860987
0.003035332
0.0029828679
0.0029296197
0.0028760887
0.0028222631
0.0027688572
0.0027171017
0.0026679548
0.0026222271
0.002581502
0.0025482835
0.0025249371
0.0025158951
0.0025262698
0.0025574946
0.0026097954
0.0026839814
0.0027796105
0.0028949927
0.0030272757
0.0031719711
0.0033228271
0.0034777459
0.0036302424
0.0037622269
0.0038610669
0.0039190718
0.0039379845
0.0039210155
0.0038746102
0.0038074144
0.0037265429
0.0036370518
0.0035429214
0.0034475068
0.0033520851
0.0032575792
0.0031645528
0.0030731333
0.0029828328
0.0028936916
0.0028056854
0.0027180244
0.0026313013
0.0025445721
0.0024557595
0.0023653104
0.0022733049
0.0021805535
0.002086652
0.0019904549
0.0018930235
0.0017934395
0.0016923534
0.0015895892
0.0014852087
0.001379843
0.0012730906
0.0011662532
0.0010590187
0.00095321844
0.0008482355
0.00075091108
0.00064778102
0.00059581595
0.0003172103
0.00085129755
-0.00087266698
0.040309194
0.034473504
0.02575851
0.017139927
0.010088218
0.0053136109
0.0030624265
0.0026747142
0.0030680743
0.003514318
0.0037504813
0.0038427015
0.0038604258
0.003822861
0.0037833162
0.0037607634
0.0037336257
0.003691846
0.0036531924
0.0036212865
0.0035873416
0.0035470895
0.0035075275
0.0034697802
0.0034302149
0.0033869626
0.0033428873
0.0032986319
0.0032523426
0.0032035626
0.0031538941
0.0031036548
0.0030518569
0.002998505
0.0029445863
0.0028904978
0.0028361642
0.0027823762
0.0027303846
0.0026810782
0.0026352304
0.0025944524
0.0025612389
0.0025379285
0.0025290264
0.0025398482
0.0025709886
0.0026228138
0.0026967272
0.0027919538
0.0029068043
0.0030384275
0.0031823103
0.0033322506
0.003486288
0.0036379371
0.0037689359
0.0038666834
0.0039240244
0.0039422441
0.0039248444
0.0038782208
0.0038108824
0.0037299262
0.0036403657
0.0035461632
0.0034506692
0.0033551506
0.0032605364
0.0031673927
0.0030758479
0.0029854173
0.0028961479
0.0028080134
0.0027202236
0.0026333742
0.0025464801
0.0024575062
0.0023669486
0.0022748479
0.0021820093
0.0020880263
0.0019917542
0.0018942572
0.0017946125
0.0016934722
0.0015906576
0.0014862305
0.0013808215
0.0012740278
0.0011671521
0.0010598806
0.00095404622
0.00084902911
0.0007516783
0.00064850749
0.00059676136
0.00032091367
0.00086080211
-0.00087061885
0.037995603
0.032881162
0.025170144
0.017451659
0.010972982
0.0064106276
0.0040615783
0.003422201
0.0035659196
0.0038369596
0.0039850606
0.0040251081
0.0040119052
0.0039600519
0.0039071541
0.0038660597
0.0038234722
0.0037718941
0.0037264569
0.0036886451
0.0036471395
0.0035989979
0.0035535278
0.0035115681
0.0034679248
0.003420779
0.003374004
0.0033276607
0.0032791998
0.0032284079
0.0031772857
0.0031258526
0.0030728833
0.0030185793
0.0029640743
0.0029096104
0.0028548858
0.0028007603
0.0027486095
0.0026992581
0.0026534304
0.0026127777
0.0025797844
0.0025567327
0.0025481859
0.0025593603
0.0025902709
0.0026417465
0.0027151517
0.0028097003
0.0029237533
0.0030544337
0.0031971701
0.0033458218
0.0034986354
0.0036490599
0.0037785738
0.0038747845
0.0039312234
0.0039484614
0.0039303702
0.0038834353
0.003815879
0.0037347732
0.003645081
0.0035507476
0.0034551204
0.0033594528
0.0032646808
0.0031713713
0.0030796506
0.0029890413
0.0028996016
0.0028112968
0.0027233346
0.0026363145
0.0025492348
0.0024600872
0.0023693824
0.0022771383
0.0021841664
0.0020900575
0.0019936684
0.0018960674
0.001796326
0.001695099
0.0015922038
0.0014877026
0.0013822251
0.0012753663
0.0011684306
0.0010611021
0.00095521533
0.00085014706
0.00075275301
0.00064952944
0.00059807279
0.00032595258
0.00087349617
-0.00086712064
0.035894357
0.031402472
0.024617357
0.017680998
0.011730891
0.007408846
0.0049976936
0.0041305897
0.0040503143
0.0041679231
0.0042308922
0.0042208656
0.0041756083
0.0041056877
0.0040353216
0.0039754462
0.0039189896
0.0038593443
0.003805837
0.0037583445
0.0037084395
0.0036550673
0.003605508
0.0035596253
0.0035113698
0.0034598167
0.0034097637
0.0033607251
0.0033095721
0.0032564189
0.0032036853
0.0031509661
0.0030967049
0.003041374
0.0029863046
0.0029315114
0.0028764344
0.0028220687
0.0027699335
0.0027207552
0.002675195
0.0026349747
0.002602593
0.0025803635
0.0025719838
0.0025825635
0.0026132341
0.0026645939
0.0027375716
0.0028314428
0.0029445646
0.0030740024
0.0032152291
0.0033623341
0.0035128246
0.003660285
0.003787632
0.0038823974
0.0039382988
0.0039547592
0.0039361304
0.0038891156
0.0038215172
0.0037403886
0.0036506461
0.0035562318
0.0034605001
0.0033646933
0.0032697626
0.0031762798
0.0030843703
0.0029935649
0.0029039355
0.0028154375
0.0027272761
0.002640056
0.0025527677
0.0024634271
0.0023725472
0.0022801242
0.0021869817
0.0020927092
0.0019961656
0.0018984257
0.0017985539
0.001697209
0.001594204
0.0014896017
0.0013840308
0.0012770835
0.0011700666
0.0010626612
0.00095670344
0.00085156709
0.0007541117
0.00065082556
0.0005997263
0.00033227064
0.00088903039
-0.00086204098
0.033995617
0.03002052
0.024050512
0.01782442
0.012377515
0.0083000345
0.0058605108
0.004808102
0.0045326333
0.004508908
0.0044868613
0.0044255369
0.0043460753
0.0042547082
0.0041664779
0.0040898903
0.0040200439
0.0039509576
0.0038877177
0.0038302688
0.0037731398
0.0037151179
0.0036607871
0.0036093314
0.0035562769
0.0035015634
0.0034489423
0.003397219
0.0033430903
0.0032872949
0.003232692
0.0031784392
0.0031224699
0.0030656402
0.0030096398
0.0029541605
0.0028984453
0.0028437198
0.0027915897
0.0027426367
0.0026974409
0.002657824
0.0026263203
0.0026052674
0.0025971013
0.0026068279
0.0026371561
0.0026884831
0.0027611525
0.0028543962
0.0029664801
0.0030943747
0.0032338557
0.0033794774
0.0035266875
0.0036696961
0.0037944971
0.003888189
0.003944028
0.0039601066
0.0039412986
0.0038945477
0.003827178
0.0037462421
0.0036566135
0.0035622408
0.0034664915
0.0033706007
0.0032755483
0.0031819175
0.0030898364
0.0029988414
0.0029090189
0.0028203181
0.0027319422
0.0026445044
0.0025569854
0.0024674301
0.0023763558
0.0022837297
0.0021903899
0.0020959246
0.0019991963
0.0019012884
0.0018012573
0.0016997674
0.0015966265
0.0014918986
0.0013862114
0.0012791546
0.0011720372
0.0010645365
0.00095849009
0.00085326967
0.00075573478
0.00065237802
0.0006016887
0.0003397429
0.00090687551
-0.00085552134
0.032274872
0.028728971
0.023475957
0.017903613
0.012927534
0.0090909601
0.006654579
0.0054572203
0.0050114231
0.0048561172
0.0047504444
0.0046369933
0.0045224246
0.0044079584
0.0043011029
0.0042079753
0.0041242718
0.0040446496
0.0039718482
0.0039054046
0.0038411391
0.0037776556
0.0037177926
0.0036607401
0.003603441
0.0035456621
0.0034899213
0.0034348531
0.0033778931
0.003320101
0.0032638913
0.0032079696
0.0031500721
0.0030915569
0.0030344348
0.0029780679
0.0029214909
0.0028660692
0.0028134828
0.0027642825
0.0027190044
0.0026795758
0.0026485729
0.002628231
0.0026205878
0.002630241
0.0026602036
0.002711114
0.0027831737
0.0028756056
0.0029865854
0.0031129924
0.0032508663
0.0033950788
0.0035395048
0.0036783168
0.0038002069
0.0038927716
0.0039484688
0.0039643753
0.0039456834
0.003899435
0.0038324804
0.0037519271
0.0036625902
0.0035683953
0.0034727337
0.0033768413
0.0032817339
0.0031880051
0.0030957884
0.0030046309
0.0029146357
0.0028257436
0.0027371561
0.0026494992
0.0025617409
0.0024719607
0.0023806839
0.0022878432
0.0021942919
0.0020996166
0.0020026838
0.0019045883
0.0018043773
0.0017027224
0.0015994254
0.0014945525
0.0013887306
0.0012815465
0.0011743123
0.0010667002
0.0009605497
0.00085523116
0.00075759976
0.00065416626
0.00060391692
0.00034822109
0.00092644775
-0.0008476205
0.030711509
0.027529158
0.022905108
0.01792868
0.01338887
0.0097885135
0.0073819857
0.0060743557
0.0054814091
0.005205695
0.0050199347
0.0048548141
0.0047046267
0.0045656871
0.0044395532
0.004329531
0.0042317774
0.0041410248
0.0040582027
0.0039828902
0.0039112542
0.0038417927
0.0037764872
0.0037142816
0.0036527012
0.0035913597
0.0035322069
0.0034739304
0.0034143834
0.0033545601
0.0032962878
0.0032382898
0.0031786712
0.003118911
0.0030607891
0.0030034223
0.0029458265
0.0028895034
0.0028362611
0.0027865788
0.0027408914
0.0027012172
0.0026701734
0.0026498322
0.0026422143
0.0026517003
0.0026811947
0.0027314226
0.0028026396
0.0028941126
0.0030039945
0.00312912
0.0032655743
0.0034083135
0.0035508592
0.0036869303
0.0038063228
0.0038968577
0.0039514316
0.0039672876
0.0039489273
0.0039032963
0.0038369291
0.0037569868
0.0036681391
0.003574247
0.0034787933
0.0033830189
0.0032879475
0.0031941911
0.0031019016
0.0030106383
0.0029205179
0.0028314694
0.0027426949
0.0026548372
0.0025668489
0.0024768504
0.002385378
0.002292325
0.0021985625
0.0021036739
0.0020065299
0.0019082389
0.0018078379
0.0017060073
0.0016025424
0.0014975121
0.001391543
0.0012842187
0.0011768553
0.0010691194
0.00096285246
0.00085742441
0.00075968122
0.00065616711
0.0006063622
0.00035755961
0.0009471764
-0.0008382687
0.029288089
0.026418805
0.022342897
0.017904447
0.01376877
0.010399574
0.0080441729
0.0066567567
0.0059395111
0.005555521
0.0052941208
0.0050782586
0.0048921593
0.0047276799
0.0045816424
0.0044544649
0.0043423566
0.0042400532
0.0041470736
0.0040627492
0.0039836455
0.0039079513
0.003836829
0.0037694277
0.0037035094
0.0036383652
0.0035758159
0.0035145227
0.0034523249
0.0033901549
0.0033296936
0.0032697962
0.0032086198
0.0031475703
0.0030881077
0.0030295288
0.002971012
0.0029139458
0.0028601383
0.002809937
0.0027637337
0.0027236225
0.0026922767
0.0026715845
0.0026634869
0.0026723367
0.0027010538
0.0027502863
0.0028202815
0.0029104084
0.0030188573
0.0031424529
0.0032772989
0.0034184482
0.0035594745
0.0036939777
0.0038118176
0.0039004779
0.0039540778
0.0039698975
0.0039511544
0.0039057055
0.0038401454
0.003761043
0.003672806
0.0035793497
0.0034842805
0.0033887783
0.0032938307
0.0032001292
0.0031078655
0.0030165754
0.0029263896
0.0028372365
0.0027483185
0.002660295
0.0025721038
0.0024819132
0.0023902693
0.0022970218
0.0022030642
0.0021079746
0.0020106268
0.0019121456
0.0018115565
0.0017095501
0.0016059146
0.0015007225
0.0013946004
0.0012871289
0.0011796286
0.0010717608
0.00096536824
0.00085982217
0.00076195392
0.00065835766
0.00060897452
0.00036762461
0.00096852722
-0.00082733598
0.027989379
0.025393019
0.021793053
0.017837327
0.01407577
0.010931381
0.0086434602
0.0072029796
0.0063833216
0.0059033223
0.0055712491
0.005306093
0.0050842273
0.0048935654
0.0047271432
0.0045826389
0.0044559368
0.0043417553
0.0042384651
0.0041449848
0.0040581951
0.0039760381
0.0038989921
0.0038263072
0.0037559362
0.0036870036
0.0036208006
0.0035562413
0.0034914336
0.003426834
0.0033641732
0.0033024475
0.0032396631
0.003177128
0.0031162621
0.0030566217
0.0029972763
0.0029394392
0.0028848829
0.0028340661
0.0027874112
0.0027468804
0.0027151769
0.002694047
0.0026853643
0.0026933942
0.0027210874
0.002769029
0.0028374207
0.0029257664
0.0030323175
0.0031539056
0.0032866909
0.0034258884
0.0035651617
0.003697988
0.003814341
0.003902125
0.003955679
0.0039716958
0.003952898
0.0039078031
0.0038430145
0.0037641772
0.0036762292
0.0035834155
0.0034889328
0.003393779
0.003299045
0.0032055301
0.0031134178
0.0030221681
0.0029319781
0.0028427927
0.0027537843
0.0026656412
0.0025772951
0.0024869585
0.0023951829
0.0023017753
0.0022076565
0.0021123929
0.0020148627
0.0019162104
0.0018154473
0.0017132759
0.0016094769
0.0015041273
0.0013978537
0.001290234
0.0011825947
0.0010745907
0.00096806727
0.00086239771
0.00076439326
0.00066071572
0.00061170405
0.00037829133
0.00098999059
-0.00081466115
0.026802019
0.024445997
0.021258922
0.017734088
0.014317695
0.011390436
0.0091823961
0.0077119869
0.0068104041
0.006246653
0.0058494626
0.005537098
0.0052800907
0.0050629958
0.0048758625
0.0047139084
0.0045724372
0.0044460919
0.0043323165
0.0042295552
0.0041348843
0.0040460738
0.0039630163
0.0038849432
0.0038099781
0.003737126
0.003667176
0.003599285
0.0035317771
0.0034648233
0.0033998334
0.0033360062
0.003271611
0.0032076002
0.0031453323
0.0030846219
0.0030244128
0.0029657146
0.0029103845
0.0028590468
0.0028119829
0.0027709843
0.0027388292
0.0027172373
0.0027079993
0.0027151956
0.0027417848
0.0027882903
0.002854886
0.0029412019
0.0030455474
0.0031647526
0.0032950487
0.0034318399
0.003568896
0.0036996094
0.0038141905
0.0039011114
0.0039544851
0.003970968
0.0039531397
0.003909239
0.0038453004
0.0037667678
0.0036793743
0.0035872671
0.0034928874
0.0033977337
0.0033033742
0.0032102117
0.0031182845
0.0030271251
0.0029370359
0.002847916
0.0027588644
0.0026706638
0.0025822365
0.0024918072
0.0023999502
0.0023064342
0.0022122012
0.0021168013
0.0020191235
0.0019203325
0.0018194207
0.0017171058
0.0016131604
0.0015076659
0.0014012502
0.0012934881
0.0011857132
0.0010775741
0.00097091838
0.00086512328
0.00076697396
0.00066321874
0.00061450091
0.00038943698
0.0010110484
-0.00080006674
0.025714245
0.023571619
0.020742914
0.017600895
0.014501563
0.011782811
0.0096638572
0.0081832497
0.0072186311
0.0065832825
0.0061270351
0.0057700916
0.0054789743
0.0052355365
0.0050275336
0.0048480733
0.0046917274
0.0045529953
0.0044285805
0.0043164335
0.0042137186
0.0041180751
0.0040288959
0.0039453295
0.0038656391
0.0037887297
0.0037149848
0.0036437032
0.0035733887
0.0035039988
0.0034366088
0.0033706278
0.0033045767
0.0032391077
0.0031754258
0.0031134491
0.0030522856
0.0029927827
0.0029366771
0.0028847883
0.0028372884
0.0027957784
0.0027631817
0.002741171
0.0027313605
0.0027376694
0.0027630788
0.0028081067
0.0028728956
0.0029571235
0.0030591373
0.0031757715
0.0033033376
0.0034374196
0.0035718966
0.0037001067
0.003812529
0.0038982306
0.0039511001
0.0039679277
0.0039511459
0.0039085676
0.0038457629
0.0037683546
0.003682096
0.0035907093
0.0034964082
0.0034014706
0.0033075662
0.0032143265
0.0031222308
0.0030312782
0.0029414196
0.0028523834
0.0027633467
0.002675199
0.0025867743
0.0024962948
0.0024044238
0.002310866
0.0022165651
0.0021210748
0.0020232963
0.0019244077
0.0018233809
0.0017209545
0.0016168885
0.0015112706
0.0014047305
0.0012968393
0.001188939
0.0010806714
0.00097388693
0.0008679684
0.00076966855
0.00066584252
0.00061731468
0.00040093379
0.0010311302
-0.00078337939
0.024715662
0.022763744
0.020246501
0.017443328
0.014633979
0.012114369
0.010090995
0.0086167373
0.0076062415
0.006911173
0.0064022832
0.00600384
0.0056800207
0.0054106639
0.0051818319
0.004984901
0.0048136522
0.0046623814
0.0045272013
0.0044055804
0.0042946827
0.0041920411
0.0040966306
0.0040074761
0.0039229405
0.0038418489
0.0037642471
0.0036895013
0.0036162751
0.0035443528
0.0034745298
0.0034063654
0.0033385843
0.0032716005
0.0032064621
0.0031431732
0.0030810236
0.003020722
0.0029638462
0.002911263
0.0028632476
0.0028212563
0.002788204
0.0027657886
0.0027553606
0.0027607165
0.0027849361
0.0028285012
0.0028914733
0.0029735564
0.0030731444
0.0031871325
0.0033119064
0.0034431741
0.0035749018
0.0037003951
0.0038103933
0.0038945619
0.0039465957
0.0039634944
0.0039477186
0.0039062277
0.0038445802
0.0037684139
0.003683264
0.0035927368
0.0034991501
0.0034049322
0.0033114622
0.0032180804
0.0031260053
0.00303531
0.0029452767
0.0028560317
0.0027671398
0.0026791444
0.0025907272
0.0025002634
0.0024084877
0.0023149483
0.002220617
0.0021251029
0.0020272768
0.0019283303
0.0018272299
0.0017247317
0.001620577
0.0015148656
0.0014082274
0.0013002282
0.00119222
0.0010838368
0.00097693301
0.00087089804
0.00077244577
0.00066855986
0.00062009433
0.00041264379
0.0010495676
-0.0007644478
0.02379707
0.022016434
0.019770407
0.017266387
0.014721147
0.012390681
0.010467067
0.0090128198
0.0079718146
0.0072284569
0.0066735675
0.0062370889
0.005882332
0.0055878013
0.0053383913
0.0051241305
0.0049380301
0.0047741409
0.0046281039
0.0044969401
0.0043777467
0.0042679634
0.0041662183
0.0040713882
0.0039818967
0.0038965046
0.0038149764
0.0037366954
0.0036604603
0.0035859204
0.0035136256
0.0034432308
0.0033736396
0.0033050809
0.0032384534
0.0031738316
0.0031106537
0.0030495095
0.0029918338
0.0029385201
0.0028899566
0.0028475275
0.0028138991
0.0027909673
0.0027799808
0.0027843886
0.0028073875
0.0028494472
0.0029105508
0.0029904336
0.0030875578
0.0031988804
0.0033208324
0.0034492132
0.0035780783
0.0037007716
0.0038082672
0.0038907741
0.0039418225
0.003958643
0.0039436142
0.0039029751
0.00384233
0.0037672678
0.0036831544
0.003593548
0.0035007794
0.0034072208
0.0033142284
0.0032212108
0.0031295969
0.0030391176
0.002948852
0.0028595866
0.0027708026
0.0026825612
0.0025939706
0.0025036624
0.0024120314
0.0023185184
0.0022242365
0.0021287946
0.0020309619
0.0019319973
0.0018308765
0.0017283461
0.0016241385
0.0015183716
0.0014116682
0.0013035883
0.0011954966
0.0010870176
0.00098000998
0.000873871
0.00077526911
0.00067133918
0.00062278841
0.00042441549
0.0010655588
-0.00074316044
0.022950302
0.021324087
0.019314773
0.017074441
0.014768824
0.012617007
0.010795378
0.0093722283
0.008314283
0.0075334706
0.0069393322
0.006468598
0.0060849868
0.0057663228
0.0054967977
0.0052654646
0.0050646481
0.0048881364
0.0047311939
0.0045904433
0.0044628696
0.0043458245
0.0042376503
0.0041370637
0.004042515
0.003952712
0.0038671861
0.0037853029
0.0037059685
0.0036287275
0.0035539144
0.0034812405
0.0034097661
0.0033395775
0.0032714278
0.0032054415
0.0031411832
0.00307915
0.0030206454
0.0029665821
0.0029174396
0.0028745352
0.0028403385
0.0028167767
0.0028051785
0.0028087005
0.0028304149
0.0028708943
0.0029300926
0.0030077427
0.0031023454
0.003210963
0.0033300797
0.0034555185
0.0035814617
0.0037013314
0.0038062944
0.0038870717
0.0039370653
0.0039537244
0.0039393318
0.003899447
0.0038397079
0.0037655296
0.0036823184
0.0035935329
0.0035015081
0.003408536
0.0033160538
0.0032234791
0.0031322538
0.0030420151
0.0029519603
0.0028630266
0.0027742684
0.0026857643
0.0025971969
0.0025068839
0.0024149998
0.0023214838
0.0022273933
0.0021320211
0.002034215
0.0019353139
0.0018342335
0.001731704
0.001627494
0.0015217137
0.0014149789
0.0013068497
0.0011987043
0.001090154
0.00098306411
0.00087683898
0.00077809567
0.00067414324
0.00062534578
0.00043608254
0.0010781688
-0.00071946413
0.022168102
0.020681504
0.018879309
0.016871227
0.014782297
0.012798311
0.011079244
0.0096960025
0.0086329245
0.0078247697
0.0071981216
0.0066971511
0.0062870448
0.005945557
0.0056565897
0.0054085698
0.0051932634
0.0050042037
0.0048363575
0.004686006
0.0045499972
0.0044255957
0.0043109094
0.0042044936
0.0041047975
0.0040104827
0.003920888
0.0038353382
0.0037528192
0.0036727954
0.0035954142
0.0035204145
0.0034469886
0.0033751139
0.0033054053
0.0032380196
0.0031726313
0.0031096659
0.0030503041
0.0029954649
0.0029457037
0.0029022795
0.0028674906
0.0028432621
0.002831005
0.002833616
0.0028539993
0.0028928434
0.0029501047
0.0030254838
0.0031175255
0.0032233992
0.0033396288
0.0034620687
0.0035850334
0.0037020339
0.0038044483
0.0038834556
0.003932379
0.0039488535
0.0039350558
0.0038958834
0.0038369927
0.0037636543
0.0036813188
0.0035931696
0.0035017774
0.0034093001
0.003317243
0.0032250199
0.003134124
0.0030441568
0.002954367
0.0028656655
0.002777007
0.0026886562
0.0026003357
0.0025098989
0.0024178257
0.0023244694
0.0022302959
0.0021346525
0.0020369647
0.0019382104
0.001837172
0.0017347081
0.0016305754
0.0015248178
0.0014180879
0.0013099465
0.0012017776
0.0010931839
0.00098603666
0.00087974807
0.00078087669
0.0006769289
0.00062771688
0.00044746498
0.0010864044
-0.000693381
0.021444014
0.020083917
0.018463415
0.016659892
0.014766378
0.012939261
0.011321956
0.009985429
0.0089273376
0.0081011379
0.0074485949
0.0069215714
0.0064875603
0.0061247987
0.0058172652
0.005553079
0.0053236036
0.0051221513
0.0049434594
0.0047835282
0.0046390609
0.0045072361
0.0043859694
0.0042736621
0.0041687401
0.0040698229
0.0039760903
0.0038868118
0.0038010288
0.0037181435
0.0036381433
0.0035607717
0.003485329
0.0034117108
0.0033404047
0.0032715845
0.0032050189
0.0031410777
0.0030808274
0.003025183
0.0029747628
0.0029307774
0.0028953666
0.0028704436
0.0028574757
0.0028591313
0.0028781509
0.0029153229
0.0029706095
0.0030436751
0.0031331107
0.0032361852
0.0033494676
0.0034688552
0.0035887932
0.003702896
0.0038027604
0.0038798968
0.0039277518
0.0039440316
0.0039307605
0.0038922881
0.0038342181
0.0037618152
0.0036803472
0.003592788
0.0035018779
0.0034099268
0.0033182314
0.0032262006
0.003135526
0.0030457591
0.0029561651
0.0028676423
0.0027791202
0.0026909423
0.0026027411
0.0025123532
0.0024205015
0.0023273739
0.0022329989
0.0021372361
0.0020396366
0.0019407228
0.0018396189
0.0017373377
0.001633277
0.0015275799
0.0014209201
0.0013128118
0.0012046502
0.0010960483
0.00098886805
0.00088254429
0.00078356055
0.00067964915
0.00062985628
0.00045837465
0.0010894014
-0.00066501823
0.020772289
0.019526985
0.018066294
0.016443042
0.014725398
0.013044225
0.011526744
0.010241988
0.0091974172
0.0083615931
0.0076895421
0.0071407367
0.0066855949
0.0063033194
0.0059782863
0.0056985922
0.0054553676
0.0052417607
0.0050523421
0.0048828928
0.0047299774
0.0045906917
0.0044627948
0.0043445461
0.0042343323
0.0041307329
0.0040327971
0.0039397314
0.0038506109
0.0037647895
0.0036821183
0.0036023288
0.0035248073
0.0034493885
0.003376445
0.0033061549
0.0032383655
0.0031734037
0.0031122317
0.0030557516
0.003004633
0.0029600439
0.0029239803
0.002898329
0.0028845974
0.0028852549
0.0029028816
0.0029383425
0.0029916107
0.0030623195
0.0031491037
0.0032493269
0.0033596102
0.0034758972
0.0035927606
0.0037039268
0.0038012183
0.0038764186
0.0039231828
0.0039392417
0.0039264613
0.0038886777
0.0038314221
0.0037599522
0.0036793007
0.003592527
0.0035019586
0.0034105967
0.0033192041
0.0032273228
0.0031368012
0.0030471229
0.0029576172
0.0028691928
0.0027807491
0.0026926868
0.0026045671
0.002514287
0.0024226283
0.002329619
0.002235319
0.0021397891
0.0020422029
0.0019431271
0.0018421132
0.0017397851
0.0016354963
0.0015299469
0.0014234015
0.0013153435
0.001207248
0.0010986853
0.00099149915
0.00088517925
0.00078609698
0.00068225757
0.00063172877
0.00046862429
0.0010866338
-0.00063456512
0.020147805
0.019006786
0.017687024
0.01622281
0.014663218
0.013117261
0.01169675
0.010467308
0.0094433244
0.008605387
0.0079198966
0.0073535938
0.0068802303
0.0064803772
0.0061390859
0.0058446785
0.005588226
0.0053627864
0.0051628253
0.0049839642
0.0048226478
0.0046758951
0.0045413393
0.0044171137
0.0043015561
0.0041932069
0.0040910082
0.0039941007
0.0039015756
0.003812748
0.003727354
0.0036451013
0.0035654418
0.0034881663
0.0034135446
0.0033417486
0.0032726895
0.0032066619
0.0031445334
0.003087186
0.0030353291
0.0029900929
0.0029533429
0.0029269275
0.0029123807
0.0029119974
0.0029281995
0.0029619079
0.0030131136
0.0030814236
0.0031655121
0.0032628337
0.0033700668
0.003483204
0.0035969431
0.0037051381
0.0037997847
0.0038730582
0.0039186931
0.0039344877
0.0039221539
0.0038850459
0.0038286139
0.0037580742
0.0036782279
0.0035922467
0.0035020972
0.0034112665
0.0033201705
0.0032285143
0.003138118
0.0030484693
0.0029590135
0.0028706063
0.0027821328
0.0026940945
0.0026059928
0.0025157755
0.0024242587
0.002331356
0.0022371972
0.0021418119
0.0020442852
0.0019453598
0.0018445661
0.0017420824
0.0016377125
0.0015322403
0.0014255358
0.0013174871
0.0012095307
0.0011010004
0.00099386449
0.00088759804
0.00078843365
0.00068470938
0.00063331766
0.00047804138
0.0010780065
-0.00060229203
0.019565996
0.018519792
0.017324626
0.016000922
0.014583244
0.013162117
0.011835008
0.010663121
0.009665453
0.0088319982
0.0081387437
0.0075591705
0.0070705801
0.0066552278
0.0062990742
0.0059908801
0.0057218229
0.0054849574
0.0052747055
0.0050865883
0.0049169567
0.0047627646
0.0046215454
0.004491324
0.0043703855
0.0042572322
0.0041507181
0.0040499194
0.0039539294
0.0038620305
0.0037738629
0.0036891025
0.0036072494
0.0035280621
0.0034517206
0.0033783822
0.0033080085
0.0032408696
0.0031777486
0.003119501
0.0030668654
0.003020938
0.0029834656
0.002956249
0.002940836
0.0029393674
0.0029541109
0.002986026
0.0030351256
0.0031009948
0.0031823435
0.0032767138
0.0033808455
0.0034907838
0.0036013505
0.0037065405
0.0037984752
0.003869824
0.003914291
0.00392978
0.0039178416
0.0038813941
0.0038257827
0.0037561715
0.0036771504
0.0035918711
0.0035023485
0.003411947
0.0033211407
0.0032297344
0.0031394638
0.0030498923
0.0029605028
0.0028720534
0.0027834962
0.0026954247
0.0026072476
0.0025169995
0.0024255491
0.0023327099
0.0022386618
0.0021433794
0.0020459444
0.0019471663
0.0018464845
0.0017440702
0.0016399266
0.0015344499
0.0014276289
0.0013196373
0.0012115917
0.0011029456
0.00099594985
0.00088970767
0.00079049826
0.00068694584
0.00063460736
0.00048648935
0.0010638169
-0.00056857665
0.019022791
0.018062837
0.016978107
0.015778759
0.01448846
0.013182222
0.011944424
0.01083123
0.0098643964
0.0090411208
0.0083453272
0.0077565871
0.0072558011
0.0068271345
0.0064576475
0.0061367164
0.0058557783
0.005607978
0.0053877566
0.0051905913
0.0050127723
0.0048512035
0.0047033429
0.0045671261
0.0044407861
0.0043227887
0.0042119156
0.0041071825
0.0040076743
0.0039126452
0.0038216548
0.0037343437
0.0036502446
0.0035690923
0.0034909891
0.0034160712
0.003344339
0.0032760435
0.0032118925
0.0031527105
0.0030992555
0.0030525919
0.0030143592
0.0029863031
0.0029699728
0.0029673728
0.0029806224
0.0030107036
0.0030576535
0.0031210399
0.0031996049
0.003290975
0.0033919551
0.0034986461
0.003605993
0.0037081487
0.0037973261
0.0038667097
0.0039099769
0.0039251301
0.0039135323
0.0038777235
0.0038229303
0.0037542452
0.0036760547
0.003591487
0.0035026225
0.0034126301
0.003322133
0.0032310081
0.0031408552
0.0030513404
0.0029620201
0.002873553
0.0027849567
0.0026968183
0.0026085032
0.0025181821
0.0024267254
0.0023338606
0.0022398447
0.0021446091
0.0020472386
0.0019485778
0.0018479938
0.0017457094
0.0016417014
0.0015362962
0.0014296363
0.0013217502
0.0012135785
0.0011049571
0.00099790244
0.00089144265
0.00079226382
0.00068888539
0.00063555672
0.00049387769
0.0010445735
-0.00053393017
0.018514558
0.01763309
0.016646483
0.015557413
0.014381458
0.0131807
0.012027759
0.010973471
0.010040914
0.0092326493
0.008539051
0.0079450653
0.0074351037
0.0069953789
0.0066141957
0.0062816889
0.0059896905
0.0057315294
0.00550173
0.0052957801
0.0051099454
0.0049410999
0.004786649
0.0046444586
0.0045127142
0.0043898481
0.0042745831
0.00416588
0.0040628081
0.003964596
0.0038707367
0.0037808337
0.0036944397
0.0036112715
0.0035313646
0.0034548301
0.0033816963
0.0033121992
0.0032469796
0.0031868279
0.0031325121
0.0030850671
0.0030460341
0.0030170986
0.0029998002
0.0029960214
0.0030077403
0.0030359474
0.0030807041
0.0031415656
0.0032173035
0.0033056255
0.0034034045
0.0035068019
0.0036108769
0.0037099695
0.0037963789
0.0038637236
0.0039057555
0.0039205458
0.0039092311
0.0038740339
0.0038200596
0.0037522966
0.0036749427
0.0035911005
0.0035028917
0.003413321
0.0033231483
0.0032323134
0.0031422833
0.0030528468
0.0029635835
0.002875085
0.0027864519
0.0026982441
0.0026098354
0.0025194511
0.0024279324
0.0023349924
0.0022409512
0.0021456777
0.0020482957
0.0019496921
0.0018491763
0.0017470068
0.001643103
0.0015378108
0.0014312797
0.0013234731
0.001215397
0.0011069598
0.00099974622
0.00089322005
0.0007939333
0.00069049691
0.00063615167
0.00050018492
0.0010207757
-0.00049895766
0.018038053
0.017228027
0.016328811
0.015337743
0.014264475
0.013160368
0.012087614
0.011091688
0.010195901
0.0094066606
0.0087194775
0.0081239355
0.0076077617
0.0071592705
0.006768111
0.006425287
0.0061231398
0.0058552725
0.005616356
0.005401942
0.0052083094
0.005032326
0.0048713671
0.0047232485
0.0045861164
0.0044583737
0.0043386961
0.0042259961
0.0041193232
0.0040178827
0.0039211123
0.0038285787
0.0037398444
0.0036546119
0.0035728599
0.0034946719
0.0034200943
0.0033493511
0.0032830235
0.0032218656
0.0031666475
0.003118375
0.0030785001
0.0030486439
0.0030303264
0.0030253207
0.0030354709
0.0030617634
0.0031042835
0.003162578
0.0032354463
0.0033206732
0.0034152032
0.0035152584
0.0036160309
0.003711887
0.0037956789
0.0038609093
0.0039016573
0.0039160463
0.0039049557
0.003870339
0.0038171787
0.0037503311
0.0036738191
0.0035907093
0.003503158
0.0034140259
0.0033241861
0.0032336421
0.003143745
0.0030543939
0.0029651885
0.0028766601
0.0027880146
0.0026997174
0.0026111977
0.002520761
0.0024291857
0.0023362036
0.0022421084
0.0021467413
0.002049301
0.0019506805
0.0018501591
0.0017480426
0.001644205
0.0015390158
0.0014325918
0.0013248745
0.0012169081
0.0011085552
0.0010013587
0.00089500977
0.00079550595
0.00069211721
0.00063661509
0.00050548346
0.0009928945
-0.00046417966
0.017590379
0.016845393
0.016024192
0.015120412
0.014139434
0.013123756
0.012126424
0.011187707
0.010330355
0.0095633933
0.0088863224
0.0082926414
0.0077731202
0.0073181555
0.0069187964
0.0065669942
0.0062556923
0.0059788496
0.0057313454
0.0055088452
0.0053076803
0.0051247382
0.0049573864
0.004803411
0.004660929
0.0045283198
0.0044042225
0.0042875088
0.0041772068
0.0040725004
0.0039727814
0.0038775816
0.0037864657
0.0036991235
0.0036154861
0.0035356079
0.0034595457
0.0033875122
0.0033200367
0.0032578351
0.0032016727
0.0031525265
0.0031117664
0.0030809469
0.0030615595
0.0030552777
0.0030638198
0.0030881576
0.0031283979
0.0031840836
0.0032540401
0.0033361262
0.00342736
0.0035240295
0.0036214479
0.0037140358
0.0037952223
0.0038582487
0.0038976721
0.0039116269
0.003900711
0.0038666475
0.0038142929
0.0037483534
0.0036726871
0.0035903155
0.0035034256
0.0034147464
0.0033252464
0.003234996
0.0031452418
0.0030559779
0.0029668327
0.0028782788
0.0027896238
0.0027012358
0.002612603
0.0025221308
0.0024304888
0.0023374366
0.0022432945
0.0021478769
0.0020503713
0.001951679
0.0018511062
0.0017489797
0.0016451335
0.001539989
0.0014336306
0.0013259901
0.0012181223
0.0011098388
0.0010027072
0.0008964337
0.00079681217
0.00069370659
0.00063693306
0.00051003456
0.00096182593
-0.00042980307
0.017168946
0.016483183
0.015731782
0.014905928
0.01400798
0.013073124
0.01214645
0.011263315
0.010445353
0.0097032271
0.0090394472
0.008450742
0.0079306024
0.0074714254
0.0070656738
0.006706295
0.0063869046
0.0061018882
0.0058463911
0.00561624
0.0054078571
0.0052181769
0.0050445819
0.0048848487
0.0047370772
0.0045996309
0.004471122
0.0043503891
0.00423644
0.0041284387
0.0040257395
0.0039278421
0.0038343071
0.0037448136
0.0036592518
0.0035776477
0.003500061
0.0034266943
0.0033580305
0.003294747
0.0032375979
0.0031875312
0.0031458414
0.0031140147
0.0030935064
0.0030858989
0.0030927924
0.0031151351
0.0031530529
0.0032060884
0.0032730918
0.0033519926
0.0034398843
0.0035331245
0.0036271498
0.0037164012
0.0037949987
0.0038557627
0.0038938254
0.0039073055
0.0038965132
0.0038629741
0.0038114105
0.0037463699
0.0036715509
0.0035899224
0.0035036972
0.0034154837
0.0033263305
0.0032363771
0.0031467748
0.0030576005
0.0029685168
0.0028799412
0.0027912723
0.0027027968
0.0026140514
0.0025235455
0.0024318339
0.0023387324
0.0022445229
0.0021490316
0.0020514779
0.0019527277
0.0018521162
0.0017499418
0.0016460378
0.0015408831
0.0014345155
0.0013268951
0.001219084
0.0011108551
0.0010037837
0.00089755966
0.00079785539
0.00069495514
0.00063691675
0.00051376725
0.00092865861
-0.00039567585
0.016771436
0.016139611
0.015450797
0.014694674
0.013871514
0.013010475
0.01214978
0.011320241
0.010542023
0.0098266613
0.0091788482
0.0085979113
0.0080797144
0.0076185242
0.0072081915
0.0068426809
0.0065163284
0.006224004
0.0059611704
0.00572386
0.0055086219
0.0053124664
0.005132814
0.0049674512
0.0048144749
0.0046722414
0.0045393454
0.0044146011
0.0042969976
0.0041856819
0.0040799777
0.0039793556
0.0038833691
0.0037916862
0.0037041634
0.0036207984
0.0035416491
0.0034669071
0.0033970146
0.0033326102
0.003274432
0.0032233978
0.0031807326
0.0031478537
0.0031261736
0.0031171902
0.0031223934
0.0031427009
0.0031782539
0.0032285981
0.0032926078
0.0033682802
0.0034527858
0.0035425533
0.0036331555
0.003719015
0.0037949797
0.0038534654
0.0038901362
0.0039031003
0.0038923799
0.0038593343
0.0038085396
0.0037443867
0.0036704149
0.0035895333
0.0035039754
0.0034162391
0.0033274401
0.0032377869
0.0031483447
0.0030592631
0.0029702419
0.0028816479
0.0027929625
0.0027044016
0.0026155441
0.0025249993
0.0024332187
0.0023400716
0.0022457907
0.0021502244
0.0020526384
0.0019538171
0.0018531464
0.0017509381
0.0016470057
0.001541814
0.0014353851
0.0013277325
0.0012199049
0.0011116755
0.0010046207
0.00089842621
0.00079863037
0.00069590769
0.00063659562
0.00051650264
0.00089419902
-0.00036177748
0.016395772
0.015813084
0.01518051
0.014486931
0.013731224
0.012937581
0.012138327
0.011360143
0.010621524
0.0099342937
0.0093046444
0.0087339355
0.0082200491
0.0077589542
0.0073458315
0.0069756578
0.0066435163
0.0063448047
0.006075348
0.0058314233
0.0056097415
0.0054074159
0.0052219284
0.005051095
0.0048930243
0.0047460751
0.0046088346
0.0044801005
0.0043588474
0.004244208
0.0041354815
0.0040321136
0.003933648
0.0038397422
0.0037502242
0.0036650653
0.0035843166
0.0035081587
0.0034369972
0.0033714328
0.0033121826
0.003260134
0.0032164467
0.0031824694
0.0031595667
0.0031491569
0.0031526272
0.0031708593
0.0032040059
0.0032516182
0.0033125946
0.0033849969
0.0034660731
0.0035523313
0.0036394524
0.0037220836
0.0037951335
0.0038513376
0.0038865742
0.0038990002
0.003888317
0.003855738
0.0038056858
0.0037424089
0.0036692823
0.0035891505
0.0035042619
0.0034170139
0.0033285765
0.0032392262
0.0031499523
0.0030609666
0.002972009
0.0028833999
0.0027946957
0.0027060514
0.0026170821
0.002526494
0.0024346452
0.0023414483
0.0022470965
0.0021514547
0.0020538377
0.0019549425
0.0018542296
0.0017519738
0.0016479834
0.0015427691
0.0014363175
0.0013286088
0.0012207107
0.0011124347
0.0010053256
0.00089910232
0.00079916525
0.00069659001
0.00063597983
0.00051841339
0.00085909406
-0.00032840781
0.016040094
0.015502181
0.014920251
0.014282899
0.013588119
0.012856003
0.012113836
0.011384597
0.010685025
0.010026801
0.0094170642
0.008858708
0.0083512867
0.0078922814
0.0074781162
0.0071047517
0.0067680264
0.0064638948
0.0061885789
0.0059386351
0.0057109677
0.0055028197
0.0053117565
0.0051356433
0.0049726153
0.0048210451
0.0046795216
0.0045468349
0.0044219499
0.0043039885
0.0041922312
0.0040861027
0.003985136
0.0038889788
0.0037974348
0.0037104505
0.0036280678
0.0035504549
0.0034779846
0.0034112207
0.003350856
0.0032977459
0.0032529891
0.0032178664
0.0031936903
0.0031818035
0.0031834978
0.0031996143
0.0032303134
0.003275154
0.0033330584
0.0034021505
0.0034797564
0.0035624656
0.0036460792
0.0037254421
0.0037955077
0.0038494729
0.0038831641
0.0038950253
0.003884345
0.0038521969
0.0038028581
0.0037404434
0.0036681575
0.0035887768
0.0035045586
0.0034178088
0.0033297403
0.0032406959
0.0031515981
0.0030627117
0.0029738187
0.002885198
0.0027964731
0.0027077471
0.0026186664
0.0025280311
0.0024361145
0.0023428644
0.0022484411
0.0021527225
0.0020550705
0.0019561016
0.00185535
0.0017530415
0.0016490167
0.0015437565
0.0014372523
0.0013295119
0.0012215689
0.0011132279
0.0010060148
0.0008997133
0.00079956192
0.00069706191
0.00063509602
0.00051970616
0.00082395448
-0.00029599254
0.015702732
0.015205638
0.014669402
0.014082716
0.013443051
0.012767112
0.012077892
0.011395088
0.010733685
0.010104918
0.009516431
0.008972223
0.0084731954
0.0080181387
0.0076046132
0.0072295153
0.0068894288
0.006580879
0.0063005114
0.0060451901
0.0058120396
0.0055984581
0.0054021158
0.005220946
0.0050531257
0.0048970529
0.0047513284
0.0046147429
0.0044862577
0.0043649881
0.004250201
0.0041413043
0.0040378209
0.0039393888
0.0038457918
0.0037569536
0.0036729041
0.0035937991
0.0035199812
0.0034519785
0.0033904567
0.0033362384
0.0032903642
0.0032540484
0.0032285481
0.0032151338
0.0032150081
0.003228969
0.0032571803
0.0032992102
0.003354005
0.0034197484
0.0034938449
0.003572969
0.0036530421
0.0037290907
0.0037961615
0.0038478923
0.0038799218
0.0038911844
0.0038804693
0.003848709
0.0038000588
0.0037384932
0.0036670426
0.0035884134
0.0035048668
0.0034186244
0.0033309319
0.0032421965
0.0031532822
0.003064499
0.0029756717
0.0028870427
0.0027982954
0.0027094894
0.0026202981
0.0025296118
0.0024376273
0.0023443213
0.0022498257
0.002154029
0.0020563385
0.0019572965
0.0018565021
0.0017541411
0.0016500858
0.0015447734
0.0014382242
0.0013304542
0.0012224454
0.0011140382
0.0010067413
0.00090034956
0.00079993195
0.00069743908
0.00063402071
0.00052062895
0.00078942102
-0.00026505345
0.015382186
0.014922321
0.014427399
0.013886468
0.013296736
0.012672105
0.012031924
0.011393007
0.010768646
0.010169423
0.0096031487
0.0090745671
0.0085856285
0.0081362281
0.0077249405
0.0073495333
0.00700731
0.0066953679
0.0064107914
0.0061507745
0.0059126852
0.0056940986
0.0054928105
0.0053068399
0.005134421
0.0049739888
0.0048241663
0.0046837539
0.0045517152
0.0044271639
0.0043093583
0.0041976942
0.0040916853
0.0039909611
0.0038952883
0.0038045705
0.0037188244
0.0036381922
0.003562989
0.0034937086
0.0034309876
0.0033756144
0.0033285749
0.0032910178
0.0032641427
0.0032491505
0.0032471608
0.0032589262
0.0032846102
0.0033237913
0.0033754402
0.003437798
0.0035083479
0.0035838525
0.0036603519
0.0037330516
0.0037971224
0.0038465281
0.0038768852
0.0038875102
0.0038767132
0.0038452873
0.0037972969
0.0037365648
0.0036659415
0.003588063
0.0035051883
0.0034194614
0.0033321522
0.0032437284
0.0031550049
0.0030663289
0.0029775686
0.0028889345
0.0028001634
0.002711279
0.0026219781
0.002531237
0.0024391846
0.0023458201
0.0022512513
0.0021553753
0.002057643
0.001958528
0.0018576876
0.0017552736
0.0016511839
0.0015458198
0.0014392264
0.0013314245
0.0012233465
0.0011148864
0.0010074907
0.00090098755
0.00080032092
0.00069781541
0.00063282173
0.00052145472
0.00075607522
-0.00023600411
0.015077105
0.014651216
0.01419372
0.0136942
0.013149778
0.012572032
0.011977222
0.01137965
0.010791014
0.01022112
0.0096776876
0.0091659104
0.0086885212
0.0082463214
0.0078387693
0.0074644269
0.0071212783
0.0068069815
0.0065190659
0.0062550697
0.0060126233
0.0057894977
0.0055836326
0.0053931495
0.0052163545
0.0050517317
0.0048979363
0.0047537874
0.0046182581
0.0044904651
0.004369664
0.0042552423
0.0041467067
0.0040436795
0.0039459133
0.0038532938
0.003765824
0.0036836319
0.0036070075
0.0035364113
0.0034724494
0.0034158755
0.0033676225
0.0033287758
0.0033004757
0.0032838556
0.0032799575
0.0032894878
0.003312606
0.0033489013
0.0033973692
0.0034563067
0.0035232749
0.0035951275
0.0036680216
0.0037373401
0.0037984091
0.0038453686
0.0038740744
0.0038840145
0.0038730937
0.0038419451
0.0037945843
0.0037346678
0.0036648608
0.0035877301
0.0035055265
0.0034203217
0.0033334022
0.0032452929
0.003156767
0.0030682023
0.00297951
0.0028908741
0.0028020781
0.0027131168
0.0026237073
0.0025329078
0.0024407872
0.0023473617
0.0022527187
0.0021567622
0.002058985
0.0019597969
0.0018589078
0.0017564398
0.0016523127
0.0015468964
0.0014402558
0.0013324194
0.0012242706
0.0011157578
0.0010082579
0.00090164897
0.00080071643
0.00069816775
0.00063158144
0.0005225362
0.00072438257
-0.00020930897
0.014786278
0.014391416
0.013967889
0.013505927
0.013002683
0.012467805
0.01191494
0.011356214
0.010801854
0.010260824
0.0097405706
0.0092464963
0.0087818859
0.0083482597
0.0079458271
0.0075738584
0.0072309689
0.0069153546
0.0066249866
0.0063577552
0.0061115662
0.0058844022
0.0056743626
0.0054796872
0.0052987674
0.0051301486
0.0049725284
0.0048247533
0.0046858129
0.0045548331
0.0044310713
0.0043139118
0.0042028567
0.0040975227
0.0039976511
0.003903112
0.0038138948
0.0037301133
0.0036520334
0.0035800844
0.0035148409
0.0034570211
0.003407507
0.0033673222
0.0033375471
0.0033192498
0.0033133991
0.003320655
0.00334117
0.0033745437
0.0034197971
0.0034752812
0.0035386351
0.0036068046
0.0036760666
0.0037419626
0.0038000305
0.003844506
0.0038715025
0.0038806811
0.0038696131
0.0038386862
0.0037919276
0.0037328084
0.003663805
0.0035874183
0.0035058842
0.0034212073
0.0033346836
0.0032468912
0.0031585688
0.0030701196
0.0029814966
0.0028928621
0.0028040403
0.0027150036
0.0026254866
0.0025346252
0.0024424361
0.0023489472
0.0022542289
0.0021581908
0.0020603655
0.0019611042
0.0018601636
0.0017576404
0.0016534736
0.0015480039
0.0014413136
0.0013334396
0.0012252186
0.0011166478
0.0010090391
0.00090232241
0.00080111284
0.00069850219
0.00063025958
0.00052394134
0.00069432733
-0.00018508321
0.014508608
0.014142104
0.013749467
0.013321637
0.012855876
0.01236022
0.011846112
0.011323803
0.010802182
0.010289353
0.0097923603
0.0093166313
0.0088658058
0.0084419515
0.0080458984
0.0076775341
0.0073360473
0.0070201405
0.0067282144
0.006458512
0.0062092223
0.0059785513
0.0057647716
0.0055662545
0.0053814899
0.0052090958
0.0050478219
0.0048965512
0.0047542971
0.0046202004
0.0044935259
0.0043736592
0.0042601009
0.0041524639
0.0040504811
0.0039540093
0.003863025
0.0037776274
0.0036980605
0.0036247232
0.0035581585
0.0034990485
0.0034482263
0.0034066553
0.003375356
0.0033553326
0.0033474855
0.0033524282
0.0033703035
0.0034007214
0.0034427283
0.0034947283
0.0035544372
0.0036188959
0.0036844964
0.0037469593
0.0038018126
0.0038440271
0.0038692294
0.0038775308
0.0038663016
0.0038355301
0.0037893431
0.0037309977
0.0036627808
0.0035871318
0.0035062646
0.0034221198
0.0033359975
0.0032485242
0.0031604112
0.0030720815
0.0029835291
0.0028948988
0.0028060507
0.00271694
0.0026273169
0.0025363903
0.0024441321
0.0023505774
0.0022557827
0.0021596619
0.0020617853
0.0019624506
0.0018614559
0.0017588763
0.0016546673
0.0015491429
0.0014424005
0.0013344862
0.001226191
0.0011175571
0.0010098354
0.00090300377
0.00080150328
0.00069882789
0.0006288793
0.00052529933
0.00066541776
-0.00016309003
0.014243109
0.013902545
0.013538049
0.013141299
0.012709708
0.012249968
0.011771659
0.011283428
0.010792959
0.010307512
0.009833647
0.009376675
0.0089404283
0.0085273698
0.008138825
0.0077752067
0.0074362134
0.0071210155
0.0068284232
0.0065570261
0.006305299
0.006071679
0.0058546222
0.005652643
0.0054643413
0.0052884182
0.0051236854
0.0049690704
0.0048236183
0.0046864908
0.0045569654
0.0044344337
0.0043183981
0.0042084705
0.0041043775
0.0040059654
0.0039131985
0.0038261621
0.003745079
0.0036703199
0.0036023959
0.0035419529
0.0034897763
0.0034467715
0.0034138995
0.0033921024
0.0033822155
0.003384807
0.0034000075
0.0034274367
0.0034661671
0.0035146541
0.0035706902
0.0036314122
0.0036933257
0.0037523381
0.0038038849
0.0038439088
0.0038672558
0.0038745248
0.0038631657
0.0038324812
0.0037868392
0.0037292443
0.0036617946
0.0035868747
0.00350667
0.0034230604
0.0033373445
0.0032501925
0.0031622943
0.0030740884
0.002985608
0.0028969848
0.00280811
0.0027189265
0.0026291987
0.0025382038
0.0024458758
0.0023522533
0.002257381
0.0021611764
0.0020632453
0.0019638369
0.0018627855
0.0017601481
0.0016558944
0.0015503139
0.0014435173
0.0013355595
0.0012271879
0.0011184863
0.001010647
0.00090369287
0.00080188894
0.0006991373
0.00062750889
0.00052629305
0.00063728542
-0.00014309915
0.01398889
0.013672075
0.013333264
0.012964867
0.012564473
0.012137648
0.011692404
0.011236013
0.010775092
0.010316089
0.009865038
0.0094270299
0.009005958
0.0086045476
0.0082245049
0.0078666765
0.0075312044
0.007217682
0.0069253032
0.0066529917
0.0063995054
0.0061635162
0.0059436708
0.0057386359
0.0055471313
0.0053679507
0.0051999769
0.0050421903
0.0048936747
0.004753619
0.004621319
0.0044961769
0.0043777006
0.0042655034
0.0041593089
0.0040589549
0.0039643949
0.0038757009
0.003793076
0.0037168638
0.0036475442
0.0035857268
0.0035321509
0.0034876658
0.0034531735
0.0034295558
0.0034175868
0.0034177899
0.003430282
0.0034546914
0.0034901168
0.0035350645
0.0035874026
0.0036443636
0.0037025726
0.0037580882
0.0038065244
0.003844084
0.0038655594
0.0038715972
0.0038602007
0.0038295368
0.0037844136
0.0037275458
0.0036608472
0.0035866489
0.0035071022
0.0034240299
0.0033387253
0.0032518972
0.0031642187
0.003076141
0.0029877341
0.0028991207
0.002810219
0.0027209641
0.0026311329
0.0025400667
0.0024476681
0.0023539756
0.0022590245
0.0021627351
0.0020647463
0.0019652638
0.0018641531
0.0017614565
0.0016571557
0.0015515177
0.0014446644
0.00133666
0.0012282098
0.0011194356
0.0010114737
0.00090438926
0.00080227041
0.00069942462
0.00062611386
0.00052681373
0.00061010124
-0.00012489848
0.013745142
0.013450095
0.013134768
0.012792284
0.012420414
0.012023781
0.011609074
0.011182399
0.010749427
0.010315847
0.0098871481
0.0094681316
0.0090626485
0.0086735741
0.0083028909
0.0079517923
0.0076207967
0.0073098722
0.0070185649
0.0067461151
0.0064915561
0.0062537939
0.0060316698
0.0058240096
0.0056296608
0.0054475185
0.0052765446
0.0051157803
0.0049643548
0.0048214908
0.0046865074
0.0045588224
0.0044379531
0.0043235173
0.0042152378
0.0041129469
0.0040165887
0.0039262229
0.0038420342
0.0037643406
0.0036935913
0.0036303602
0.0035753415
0.0035293307
0.0034931719
0.0034676883
0.0034535958
0.0034513744
0.0034611257
0.0034824862
0.0035145806
0.003555965
0.0036045824
0.0036577615
0.0037122463
0.003764249
0.0038096106
0.0038445902
0.0038641611
0.0038687731
0.0038574316
0.0038267458
0.003782098
0.0037259134
0.0036599433
0.0035864577
0.0035075636
0.0034250298
0.003340141
0.0032536393
0.0031661855
0.0030782403
0.0029899084
0.0029013074
0.0028123788
0.0027230536
0.0026331204
0.00254198
0.0024495096
0.0023557451
0.0022607138
0.0021643385
0.002066289
0.0019667318
0.0018655595
0.0017628022
0.0016584516
0.0015527547
0.0014458423
0.001337788
0.0012292569
0.001120405
0.0010123152
0.00090509278
0.00080264457
0.00069970258
0.00062469635
0.00052684907
0.00058375336
-0.00010827938
0.013511137
0.013236061
0.012942243
0.012623482
0.01227773
0.011908816
0.011522318
0.01112335
0.010716753
0.010307519
0.0099005914
0.0095004401
0.009110795
0.0087345883
0.0083739869
0.0080304505
0.0077048071
0.0073973499
0.0071079416
0.006836117
0.0065811729
0.0063422447
0.006118369
0.0059085347
0.0057117232
0.005526938
0.0053532271
0.0051896998
0.0050355375
0.0048900023
0.0047524425
0.0046222959
0.0044990931
0.0043824597
0.0042721207
0.0041679051
0.0040697498
0.0039777031
0.0038919326
0.0038127325
0.0037405221
0.0036758401
0.0036193373
0.0035717568
0.0035338869
0.0035064937
0.0034902376
0.0034855569
0.0034925371
0.0035108214
0.0035395608
0.0035773605
0.0036222374
0.0036716164
0.0037223606
0.0037708367
0.0038130777
0.003845506
0.0038630524
0.0038661503
0.0038547611
0.0038241256
0.0037799389
0.003724378
0.0036591046
0.0035863173
0.0035080666
0.0034260694
0.0033415984
0.0032554242
0.0031681987
0.0030803898
0.0029921342
0.0029035474
0.0028145919
0.002725197
0.002635163
0.0025439454
0.0024514018
0.0023575631
0.0022624501
0.0021659876
0.0020678743
0.0019682417
0.0018670052
0.0017641856
0.0016597829
0.0015540253
0.0014470515
0.0013389437
0.0012303292
0.0011213944
0.0010131714
0.00090580214
0.00080301381
0.00069994963
0.00062325926
0.00052647231
0.00055805284
-9.3306846e-05
0.013286209
0.013029479
0.012755394
0.012458388
0.012136583
0.011793142
0.011432709
0.011059556
0.010677803
0.010291802
0.0099059747
0.0095244323
0.0091507273
0.0087877746
0.0084378466
0.008102595
0.0077830951
0.0074799139
0.0071931935
0.0069227374
0.0066680899
0.0064286075
0.0062035196
0.0059919796
0.0057931067
0.0056060182
0.0054298547
0.0052637994
0.0051070923
0.0049590408
0.0048190272
0.0046865143
0.0045610499
0.0044422708
0.0043299068
0.0042237867
0.0041238419
0.0040301107
0.0039427453
0.0038620172
0.0037883175
0.0037221502
0.003664124
0.0036149321
0.0035753082
0.0035459633
0.0035275054
0.0035203323
0.0035245126
0.0035396958
0.0035650588
0.0035992551
0.0036403746
0.0036859381
0.0037329282
0.0037778597
0.0038169477
0.0038467273
0.0038624008
0.0038640761
0.0038519543
0.0038215511
0.0037778924
0.0037229183
0.0036583189
0.0035862201
0.0035086062
0.0034271447
0.0033430948
0.0032572502
0.0031702571
0.0030825887
0.0029944113
0.0029058414
0.0028168593
0.0027273957
0.002637262
0.0025459647
0.0024533462
0.0023594312
0.0022642348
0.0021676837
0.0020695033
0.0019697944
0.0018684912
0.0017656075
0.00166115
0.00155533
0.0014482922
0.0013401275
0.001231427
0.0011224039
0.0010140419
0.00090651723
0.00080337293
0.00070018818
0.00062184876
0.00052561838
0.00053298917
-7.9980999e-05
0.013069757
0.012829899
0.012573947
0.012296922
0.011997104
0.011677096
0.011340754
0.01099164
0.010633249
0.010269357
0.0099038898
0.0095405918
0.0091828
0.0088333537
0.0084945649
0.0081682122
0.0078555587
0.007557396
0.0072741071
0.0070057352
0.0067520533
0.0065126275
0.0062868742
0.0060741103
0.0058735946
0.0056845617
0.0055062497
0.0053379212
0.0051788804
0.005028485
0.0048861564
0.004751387
0.0046237459
0.0045028842
0.0043885399
0.0042805438
0.0041788242
0.0040834111
0.0039944427
0.0039121696
0.0038369557
0.0037692717
0.0037096857
0.0036588427
0.0036174242
0.0035860879
0.0035653917
0.0035556949
0.0035570487
0.0035691082
0.0035910757
0.0036216526
0.0036590011
0.0037007367
0.0037439621
0.003785329
0.0038212566
0.003848115
0.0038623583
0.0038627157
0.0038490841
0.0038190617
0.0037759615
0.0037215318
0.0036575799
0.0035861571
0.0035091728
0.0034282466
0.0033446216
0.00325911
0.0031723545
0.0030848322
0.0029967363
0.0029081866
0.0028191795
0.0027296491
0.0026394175
0.0025480384
0.0024553436
0.0023613502
0.0022660688
0.0021694279
0.0020711771
0.0019713906
0.0018700183
0.0017670686
0.0016625536
0.0015566693
0.0014495649
0.0013413396
0.0012325502
0.0011234333
0.0010149263
0.00090723661
0.00080372406
0.00070039154
0.00062031908
0.0005242283
0.00050885432
-6.7773711e-05
0.012861233
0.012636908
0.012397646
0.012139001
0.011859398
0.011560966
0.011246902
0.010920168
0.010583718
0.010240812
0.0098949154
0.0095494098
0.0092073928
0.0088715843
0.0085442821
0.0082273352
0.0079221408
0.0076296681
0.0073505016
0.007084895
0.0068328278
0.0065940617
0.0063681917
0.0061546943
0.0059529674
0.0057623653
0.0055822266
0.0054118981
0.0052507524
0.0050982026
0.0049537139
0.0048168125
0.0046870927
0.0045642233
0.0044479536
0.0043381192
0.0042346472
0.0041375616
0.0040469877
0.0039631574
0.0038864086
0.0038171802
0.0037560011
0.0037034704
0.0036602192
0.0036268542
0.0036038856
0.0035916359
0.003590139
0.0035990547
0.0036176108
0.0036445555
0.0036781221
0.0037160207
0.0037554726
0.0037932636
0.0038259953
0.0038498939
0.0038628226
0.0038618633
0.0038465848
0.0038168554
0.0037742028
0.0037202491
0.0036569068
0.003586139
0.0035097726
0.003429378
0.0033461799
0.003261004
0.0031744905
0.0030871198
0.0029991088
0.0029105829
0.0028215526
0.0027319572
0.0026416298
0.0025501672
0.0024573946
0.002363321
0.0022679529
0.0021712207
0.0020728965
0.0019730312
0.0018715872
0.0017685694
0.0016639942
0.0015580436
0.0014508699
0.0013425802
0.0012336988
0.0011244825
0.001015824
0.0009079597
0.00080406382
0.00070056116
0.00061852912
0.00052213268
0.00048661533
-5.5331501e-05
0.012660137
0.012450132
0.012226253
0.011984538
0.011723542
0.011444996
0.011151543
0.010845639
0.010529771
0.010206744
0.0098795977
0.0095513641
0.0092248891
0.0089027427
0.0085871656
0.0082800294
0.0079828178
0.0076966334
0.0074222247
0.0071600247
0.0069101966
0.0066726807
0.0064472401
0.0062335046
0.0060310087
0.0058392263
0.0056575991
0.0054855608
0.0053225564
0.0051680586
0.0050215806
0.0048826864
0.0047509993
0.0046262093
0.0045080798
0.0043964539
0.0042912602
0.0041925181
0.0041003426
0.0040149479
0.003936648
0.0038658511
0.0038030491
0.003748797
0.0037036777
0.0036682494
0.0036429768
0.0036281474
0.003623778
0.0036295326
0.0036446639
0.0036679666
0.003697744
0.0037317997
0.0037674715
0.0038016803
0.0038311819
0.0038522293
0.0038635577
0.0038613568
0.0038447158
0.0038149653
0.0037726007
0.0037190762
0.0036563153
0.003586183
0.003510422
0.0034305538
0.0033477823
0.0032629426
0.0031766739
0.0030894583
0.0030015345
0.0029130346
0.0028239821
0.0027343229
0.0026439011
0.002552353
0.0024595007
0.0023653449
0.0022698883
0.0021730632
0.0020746623
0.0019747167
0.0018731986
0.0017701105
0.0016654723
0.0015594532
0.0014522074
0.0013438495
0.0012348728
0.0011255512
0.0010167347
0.0009086852
0.00080439268
0.0007006733
0.00061660246
0.00051950178
0.00046650527
-4.1516054e-05
0.012466011
0.012269228
0.012059551
0.011833456
0.011589612
0.011329414
0.01105504
0.010768521
0.010471944
0.010167712
0.0098584778
0.0095469413
0.0092356945
0.0089271378
0.0086234219
0.0083264019
0.0080376066
0.0077582321
0.0074891544
0.0072309559
0.006983959
0.0067482642
0.00652379
0.0063103109
0.0061074938
0.0059149307
0.0057321664
0.0055587235
0.0053941227
0.0052378995
0.0050896187
0.0049488858
0.0048153566
0.0046887456
0.0045688332
0.0044554729
0.0043485971
0.0042482228
0.0041544561
0.0040674959
0.0039876338
0.0039152493
0.0038507987
0.0037947953
0.0037477763
0.0037102533
0.0036826482
0.0036652152
0.0036579543
0.0036605338
0.0036722304
0.0036918847
0.003717869
0.0037480792
0.0037799681
0.0038105918
0.0038368401
0.0038551688
0.003864368
0.003861049
0.0038433647
0.0038133364
0.0037711452
0.0037180258
0.0036558212
0.003586302
0.0035111318
0.0034317825
0.0033494354
0.0032649312
0.0031789085
0.0030918507
0.0030040156
0.0029155433
0.0028264694
0.0027367471
0.0026462319
0.0025545963
0.0024616624
0.0023674222
0.0022718752
0.0021749557
0.0020764751
0.0019764475
0.0018748528
0.0017716923
0.0016669883
0.0015608984
0.0014535778
0.0013451475
0.0012360722
0.0011266392
0.0010176579
0.00090941217
0.00080470888
0.00070072278
0.00061462179
0.00051655857
0.0004483611
-2.6624282e-05
0.012278421
0.01209385
0.011897301
0.011685634
0.01145762
0.011214369
0.010957671
0.010689198
0.010410694
0.010124209
0.0098320469
0.0095365984
0.0092402056
0.0089450872
0.0086532812
0.0083665943
0.0080865654
0.0078144483
0.0075512136
0.0072975633
0.0070539543
0.0068206284
0.0065976444
0.006384912
0.0061822238
0.0059892865
0.0058057473
0.0056312183
0.0054652975
0.0053075862
0.0051577036
0.0050153001
0.0048800672
0.0047517469
0.0046301397
0.0045151118
0.0044066021
0.0043046273
0.0042092866
0.0041207655
0.0040393352
0.0039653481
0.0038992271
0.0038414459
0.0037924986
0.0037528526
0.0037228893
0.0037028312
0.0036926627
0.0036920556
0.0037003105
0.0037163131
0.0037385037
0.0037648691
0.0037929748
0.0038200121
0.0038430054
0.0038586706
0.0038654743
0.0038609439
0.0038424079
0.003811978
0.0037698722
0.0037171216
0.0036554363
0.0035865001
0.0035119019
0.0034330619
0.0033511359
0.0032669662
0.0031811908
0.0030942937
0.0030065492
0.0029181065
0.0028290123
0.0027392282
0.002648621
0.0025568965
0.002463879
0.0023695527
0.0022739136
0.0021768983
0.0020783351
0.001978224
0.0018765505
0.0017733152
0.0016685427
0.0015623798
0.0014549814
0.0013464746
0.001237297
0.0011277464
0.0010185929
0.0009101396
0.0008050106
0.00070071046
0.00061259449
0.00051331974
0.00043243453
-1.1556326e-05
0.01209705
0.01192378
0.011739376
0.011541047
0.011327651
0.011100062
0.01085974
0.01060806
0.010346471
0.010076714
0.0098007825
0.0095207804
0.0092388099
0.0089569037
0.0086769707
0.0084007458
0.0081297485
0.0078652595
0.0076083133
0.0073597037
0.0071199981
0.0068895592
0.0066685707
0.0064570657
0.0062549548
0.0060620542
0.0058781109
0.0057028262
0.0055358759
0.0053769287
0.005225661
0.0050817705
0.0049449872
0.0048150835
0.0046918825
0.0045752662
0.0044651819
0.0043616482
0.0042647599
0.0041746907
0.0040916934
0.0040160954
0.0039482881
0.0038887084
0.0038378093
0.0037960166
0.0037636735
0.0037409732
0.0037278848
0.0037240837
0.003728894
0.0037412456
0.0037596458
0.0037821711
0.0038064975
0.0038299492
0.0038496949
0.0038626498
0.0038671829
0.0038611024
0.0038417849
0.0038109047
0.0037688082
0.0037163793
0.0036551723
0.0035867869
0.00351274
0.0034343977
0.0033528877
0.0032690505
0.0031835227
0.0030967885
0.0030091364
0.002920725
0.0028316118
0.0027417671
0.0026510692
0.0025592546
0.0024661519
0.0023717375
0.0022760047
0.0021788922
0.0020802435
0.0019800471
0.0018782924
0.0017749801
0.0016701362
0.0015638977
0.0014564187
0.001347831
0.0012385471
0.0011288726
0.0010195395
0.00091086636
0.00080529647
0.00070063501
0.00061051424
0.00050982625
0.0004185212
3.1014091e-06
0.01192139
0.011758606
0.011585482
0.011399525
0.01119967
0.010986589
0.010761473
0.01052544
0.010279692
0.0100257
0.0097651813
0.0094999784
0.0092319667
0.0089629938
0.0086948306
0.0084291223
0.0081673461
0.0079107835
0.007660506
0.0074173736
0.0071820408
0.0069549714
0.0067364578
0.0065266437
0.0063255485
0.0061330917
0.0059491162
0.0057734106
0.0056057284
0.0054458065
0.00529338
0.005148196
0.0050100256
0.004878674
0.0047539897
0.0046358725
0.0045242806
0.0044192368
0.0043208333
0.0042292343
0.0041446763
0.0040674636
0.0039979585
0.003936563
0.003883692
0.0038397322
0.0038049911
0.0037796341
0.0037636163
0.0037566166
0.0037579823
0.0037666869
0.0037813032
0.0037999958
0.0038205496
0.0038404206
0.0038569075
0.003867169
0.0038694718
0.0038615226
0.0038414526
0.0038100949
0.0037679437
0.0037157882
0.0036550225
0.0035871592
0.0035136443
0.0034357889
0.0033546906
0.0032711842
0.0031859048
0.0030993358
0.0030117782
0.0029234002
0.0028342695
0.0027443655
0.0026535785
0.0025616726
0.0024684828
0.0023739786
0.0022781504
0.0021809389
0.002082202
0.0019819183
0.00188008
0.0017766882
0.0016717699
0.0015654531
0.0014578901
0.0013492172
0.0012398228
0.0011300176
0.0010204968
0.0009115913
0.0008055651
0.00070049437
0.00060837709
0.00050612667
0.00040568327
1.7261836e-05
0.011751294
0.01159819
0.011435494
0.011260979
0.011073643
0.010873989
0.010662976
0.010441511
0.010210583
0.0099714274
0.0097255167
0.0094744578
0.0092199131
0.0089635498
0.0087069965
0.0084517962
0.0081993659
0.0079509657
0.0077076807
0.0074704134
0.0072398836
0.0070166366
0.0068010568
0.0065933853
0.0063937396
0.0062021351
0.0060185056
0.0058427238
0.0056746199
0.0055139985
0.0053606545
0.0052143862
0.0050750074
0.0049423585
0.0048163154
0.0046967981
0.0045837781
0.0044772846
0.004377409
0.0042843084
0.0041982048
0.0041193818
0.0040481747
0.0039849535
0.003930097
0.0038839559
0.003846804
0.0038187811
0.0037998294
0.0037896316
0.0037875575
0.0037926238
0.0038034674
0.0038183394
0.0038351312
0.0038514273
0.0038646604
0.0038721808
0.0038721089
0.0038624687
0.0038415581
0.0038096337
0.0037673391
0.0037153889
0.003655016
0.0035876378
0.0035146293
0.0034372453
0.0033565506
0.0032733713
0.0031883393
0.0031019369
0.0030144753
0.0029261324
0.0028369854
0.0027470235
0.0026561486
0.0025641507
0.0024708719
0.0023762761
0.0022803506
0.0021830387
0.0020842107
0.0019838378
0.0018819134
0.0017784395
0.0016734438
0.0015670459
0.0014593956
0.0013506328
0.0012411234
0.0011311807
0.001021464
0.00091231297
0.00080581475
0.00070028685
0.00060617934
0.00050226189
0.00039389475
3.0755546e-05
0.011586482
0.011442406
0.011289417
0.011125531
0.010949802
0.010762593
0.010564674
0.010356774
0.0101397
0.009914488
0.0096823936
0.0094448122
0.0092032103
0.0089590831
0.0087139162
0.0084691436
0.0082261085
0.007986032
0.007749993
0.0075189154
0.0072935639
0.0070745467
0.0068623235
0.0066572186
0.0064594369
0.0062690806
0.0060861685
0.0059106532
0.0057424389
0.0055813975
0.0054273833
0.0052802466
0.0051398458
0.0050060578
0.0048787881
0.0047579791
0.0046436176
0.0045357411
0.0044344427
0.004339874
0.0042522452
0.0041718211
0.0040989124
0.0040338594
0.0039770079
0.0039286746
0.0038891027
0.003858408
0.0038365212
0.0038231287
0.003817623
0.0038190628
0.0038261481
0.0038372145
0.0038502579
0.0038629875
0.0038729653
0.0038777138
0.0038751968
0.0038639965
0.0038420454
0.0038094843
0.0037669859
0.0037151832
0.0036551584
0.0035882299
0.0035157019
0.0034387729
0.0033584728
0.0032756157
0.0031908292
0.0031045939
0.0030172292
0.0029289226
0.0028397607
0.002749742
0.0026587805
0.0025666897
0.0024733202
0.002378631
0.0022826066
0.0021851926
0.0020862708
0.0019858065
0.0018837937
0.001780235
0.0016751587
0.0015686767
0.0014609358
0.0013520782
0.0012424491
0.0011323617
0.0010224405
0.0009130304
0.00080604414
0.00070001176
0.00060391819
0.0004982548
0.00038242246
4.3577366e-05
0.011426329
0.011290657
0.011146726
0.010992733
0.010827789
0.010652141
0.0104664
0.010271147
0.010067038
0.0098549332
0.0096359024
0.0094111517
0.0091819687
0.0089496868
0.0087156521
0.0084811857
0.0082475479
0.0080159075
0.00778732
0.0075627129
0.0073428773
0.0071284664
0.0069199994
0.0067178697
0.0065223575
0.006333643
0.0061518222
0.0059769228
0.0058089198
0.0056477501
0.0054933271
0.0053455531
0.0052043318
0.0050695783
0.0049412292
0.0048192511
0.0047036481
0.0045944682
0.0044918081
0.0043958162
0.0043066927
0.0042246863
0.0041500853
0.0040832029
0.0040243546
0.003973826
0.0039318315
0.0038984657
0.0038736484
0.0038570707
0.0038481472
0.0038459779
0.0038493247
0.0038566057
0.0038659187
0.0038750939
0.0038818189
0.0038837597
0.0038789307
0.0038659114
0.0038428151
0.0038096179
0.0037668844
0.0037151786
0.0036554582
0.0035889437
0.0035168689
0.0034403765
0.00336046
0.0032779188
0.0031933747
0.0031073059
0.0030200387
0.0029317692
0.0028425932
0.0027525188
0.0026614719
0.0025692876
0.0024758258
0.0023810414
0.0022849165
0.002187399
0.0020883809
0.0019878232
0.0018857196
0.0017820736
0.0016769136
0.0015703446
0.0014625095
0.0013535523
0.0012437986
0.0011335593
0.0010234246
0.00091374149
0.00080625097
0.00069966793
0.00060159179
0.00049412113
0.00037159925
5.5094762e-05
0.01148418
0.012389814
0.013467823
0.014932095
0.016924236
0.019565532
0.023060576
0.028126858
0.035416984
0.05034641
0.011483995
0.012389617
0.013467565
0.014931473
0.01692265
0.01956138
0.023048318
0.028073818
0.035199976
0.047656716
0.011483692
0.012389265
0.013467071
0.014930282
0.016919607
0.019553217
0.023025461
0.027969181
0.034822358
0.04470955
0.011483233
0.012388716
0.013466284
0.0149284
0.016914817
0.019540307
0.022989266
0.027816908
0.03427611
0.042202553
0.011482619
0.012387947
0.013465174
0.01492576
0.016908116
0.019522335
0.022937099
0.027622861
0.033599501
0.040073476
0.011481848
0.012386941
0.013463713
0.014922296
0.01689935
0.01949885
0.022868848
0.027389942
0.032848013
0.038152796
0.011480919
0.012385677
0.013461867
0.014917937
0.016888346
0.019469415
0.022784929
0.027120262
0.032068324
0.036378574
0.01147983
0.012384132
0.013459602
0.014912603
0.016874921
0.019433684
0.022685093
0.026818123
0.031274316
0.034730254
0.011478577
0.012382282
0.013456878
0.014906212
0.016858887
0.019391313
0.022569275
0.026487336
0.030471476
0.033197437
0.011477159
0.012380102
0.013453654
0.014898678
0.016840053
0.019341978
0.022437595
0.026131168
0.02966596
0.031771464
0.011475571
0.012377563
0.013449886
0.014889909
0.016818225
0.019285388
0.022290294
0.02575283
0.028863476
0.030444008
0.011473808
0.012374637
0.013445527
0.014879811
0.016793209
0.01922129
0.022127728
0.025355474
0.028068822
0.029207347
0.011471866
0.012371292
0.013440526
0.014868285
0.016764808
0.019149467
0.021950376
0.024942129
0.027286005
0.028054465
0.011469739
0.012367495
0.013434831
0.014855225
0.016732831
0.019069744
0.021758823
0.024515682
0.026518348
0.02697895
0.011467421
0.01236321
0.013428385
0.014840527
0.016697087
0.018981991
0.021553753
0.024078873
0.025768557
0.025974917
0.011464904
0.012358399
0.013421127
0.01482408
0.016657393
0.018886124
0.021335934
0.023634279
0.025038776
0.025036953
0.01146218
0.012353022
0.013412993
0.01480577
0.016613573
0.018782105
0.021106209
0.023184309
0.024330652
0.024160075
0.011459241
0.012347038
0.013403917
0.014785483
0.01656546
0.018669948
0.020865486
0.022731196
0.023645389
0.023339691
0.011456078
0.012340399
0.013393827
0.014763102
0.0165129
0.018549713
0.020614718
0.022276992
0.022983804
0.022571566
0.011452678
0.012333059
0.01338265
0.014738507
0.016455753
0.018421511
0.0203549
0.021823568
0.022346378
0.021851788
0.011449032
0.012324967
0.013370306
0.014711581
0.016393892
0.0182855
0.020087049
0.021372612
0.021733307
0.021176743
0.011445126
0.012316069
0.013356715
0.014682205
0.01632721
0.018141888
0.019812198
0.020925634
0.021144543
0.020543089
0.011440948
0.012306309
0.013341792
0.014650262
0.016255617
0.017990925
0.01953138
0.020483968
0.020579834
0.019947736
0.011436481
0.012295626
0.013325449
0.014615636
0.016179046
0.017832905
0.019245619
0.020048777
0.020038764
0.019387822
0.011431711
0.012283958
0.013307595
0.014578217
0.01609745
0.017668161
0.018955924
0.019621065
0.019520784
0.018860702
0.011426621
0.012271238
0.013288136
0.014537896
0.016010807
0.017497063
0.018663272
0.019201678
0.019025241
0.018363925
0.011421192
0.012257397
0.013266977
0.01449457
0.015919117
0.017320014
0.018368609
0.01879132
0.018551401
0.017895229
0.011415406
0.01224236
0.013244019
0.014448143
0.015822407
0.017137443
0.018072835
0.018390561
0.018098473
0.017452519
0.01140924
0.012226051
0.013219163
0.014398526
0.015720727
0.016949805
0.017776805
0.017999846
0.017665629
0.017033863
0.011402674
0.012208389
0.01319231
0.014345637
0.015614154
0.016757574
0.01748132
0.017619508
0.017252015
0.016637478
0.011395684
0.01218929
0.013163359
0.014289406
0.01550279
0.016561238
0.017187125
0.017249777
0.016856768
0.016261718
0.011388244
0.012168665
0.01313221
0.014229771
0.01538676
0.016361294
0.016894908
0.016890794
0.016479024
0.015905067
0.011380329
0.012146422
0.013098765
0.014166682
0.015266214
0.016158247
0.016605296
0.016542616
0.016117929
0.015566131
0.011371912
0.012122466
0.013062927
0.014100102
0.015141324
0.0159526
0.016318853
0.016205231
0.015772645
0.015243626
0.011362962
0.012096698
0.013024604
0.014030005
0.015012283
0.015744856
0.016036088
0.015878565
0.015442355
0.014936373
0.011353451
0.012069013
0.012983708
0.013956381
0.014879304
0.015535506
0.015757444
0.015562492
0.015126267
0.014643288
0.011343345
0.012039307
0.012940157
0.013879232
0.014742619
0.015325033
0.015483313
0.015256841
0.01482362
0.014363374
0.011332613
0.012007469
0.012893874
0.013798574
0.014602473
0.015113905
0.015214027
0.014961402
0.014533682
0.014095719
0.01132122
0.011973388
0.012844795
0.013714439
0.014459126
0.014902572
0.014949867
0.014675938
0.014255755
0.013839481
0.01130913
0.011936949
0.012792865
0.013626871
0.014312851
0.014691463
0.014691064
0.014400184
0.013989172
0.013593892
0.011296308
0.011898035
0.012738039
0.013535931
0.014163925
0.014480985
0.014437803
0.014133859
0.0137333
0.013358243
0.011282715
0.011856533
0.012680292
0.013441688
0.014012637
0.014271524
0.014190226
0.013876666
0.013487541
0.013131885
0.011268312
0.011812327
0.012619613
0.013344225
0.013859276
0.014063437
0.013948433
0.0136283
0.013251326
0.01291422
0.011253058
0.011765309
0.01255601
0.013243636
0.013704136
0.013857057
0.013712493
0.013388448
0.013024121
0.012704698
0.011236911
0.011715379
0.012489518
0.01314002
0.013547509
0.01365269
0.013482437
0.013156798
0.012805423
0.012502809
0.011219823
0.011662457
0.012420191
0.013033481
0.013389694
0.013450614
0.013258263
0.01293303
0.01259477
0.012308126
0.011201741
0.011606492
0.012348116
0.012924115
0.013230982
0.013251103
0.013039948
0.012716795
0.012391639
0.0121201
0.0111826
0.011547485
0.012273417
0.012812023
0.013071621
0.013054409
0.012827543
0.012507928
0.012195786
0.011938525
0.01116232
0.011485522
0.012196205
0.012697421
0.01291177
0.012860519
0.012620761
0.012305928
0.012006666
0.011762955
0.011140751
0.011421101
0.01211622
0.012580899
0.012752119
0.012669881
0.012419681
0.012110571
0.011823879
0.011592877
0.011116429
0.011353894
0.012028071
0.01245725
0.012586287
0.012474952
0.012216327
0.011914147
0.011640393
0.011422094
0.011084492
0.011284025
0.011919879
0.012311531
0.012396791
0.012255942
0.011990218
0.011696731
0.011437224
0.011232393
0.011039093
0.011215212
0.011786247
0.01213389
0.012173388
0.012002798
0.011731895
0.011449774
0.011206777
0.011017052
0.010978127
0.011140862
0.011626694
0.011919465
0.011911596
0.011712858
0.011439642
0.011171552
0.010946879
0.010773347
0.010899421
0.01104613
0.011438507
0.011663095
0.011607524
0.011385104
0.011113772
0.010862316
0.010657214
0.010500478
0.010797691
0.010922956
0.01121986
0.011365286
0.011264039
0.011025471
0.010761892
0.010530298
0.010346475
0.010207405
0.010667194
0.010763686
0.010961223
0.011021435
0.010878508
0.010632034
0.010381107
0.010170188
0.010006681
0.0098844084
0.010500153
0.010559952
0.010658839
0.010636445
0.010459948
0.010215749
0.0099842339
0.0097970037
0.0096548484
0.009549462
0.010287563
0.010305035
0.010311733
0.010216017
0.01001537
0.0097809375
0.0095716614
0.0094071563
0.0092842298
0.0091941308
0.010020512
0.0099943793
0.009921191
0.0097674195
0.009554287
0.0093367699
0.0091528696
0.0090117499
0.0089076542
0.0088320741
0.0096918399
0.0096273384
0.0094921401
0.0092999006
0.0090867077
0.0088911445
0.0087330567
0.0086137134
0.0085263988
0.008463577
0.0092998034
0.009207618
0.0090329696
0.0088231798
0.0086201691
0.0084478021
0.0083130094
0.0082125439
0.0081397119
0.0080879039
0.00885101
0.0087451779
0.0085552196
0.008348262
0.0081661698
0.0080207552
0.0079097381
0.0078272542
0.0077674212
0.0077250011
0.0083634763
0.0082579353
0.0080727529
0.0078797597
0.0077175162
0.0075921485
0.0074982392
0.0074293341
0.0073799579
0.0073454552
0.0078673768
0.0077741599
0.0076144959
0.0074544688
0.0073239436
0.0072232227
0.0071457865
0.0070869609
0.0070433038
0.007011812
0.0074021932
0.0073250416
0.0071910839
0.0070592659
0.0069561061
0.0068803296
0.0068245974
0.006782589
0.0067489543
0.0067207212
0.0070125739
0.0069728399
0.0068974867
0.0068240851
0.0067667057
0.006725013
0.0066933144
0.0066650145
0.006637365
0.0066095582
0.0067132676
0.0066369944
0.0065464732
0.0064708722
0.0064056758
0.0063474793
0.0062951961
0.0062479272
0.0062047625
0.0061655012
0.011265415
0.011137863
0.011002639
0.010858164
0.010703592
0.010539065
0.010365056
0.010182022
0.0099904805
0.0097911416
0.0095849044
0.0093728014
0.0091559522
0.0089355333
0.0087127511
0.008488809
0.0082648744
0.0080420509
0.0078213555
0.0076037026
0.0073898937
0.0071806115
0.0069764208
0.0067777725
0.0065850125
0.0063983915
0.0062180778
0.0060441709
0.0058767147
0.0057157112
0.0055611334
0.0054129375
0.0052710745
0.0051355
0.0050061846
0.0048831215
0.0047663347
0.0046558851
0.0045518751
0.0044544521
0.0043638082
0.0042801773
0.0042038272
0.0041350457
0.0040741192
0.0040213037
0.0039767868
0.0039406423
0.0039127806
0.003892898
0.003880432
0.0038745249
0.0038740012
0.0038773632
0.0038828121
0.0038882997
0.0038916401
0.0038906394
0.003883377
0.0038683902
0.0038440638
0.003810168
0.003767123
0.0037154432
0.0036559796
0.0035898498
0.0035182118
0.0034421496
0.0033626171
0.003280395
0.0031960976
0.0031101997
0.0030230328
0.0029348017
0.0028456112
0.0027554793
0.0026643441
0.0025720613
0.0024785014
0.0023836159
0.0022873844
0.0021897572
0.002090636
0.0019899785
0.0018877776
0.0017840377
0.0016787871
0.0015721239
0.0014641867
0.0013551205
0.0012452313
0.0011348258
0.0010244592
0.00091447646
0.0008064436
0.00069923946
0.00059910842
0.00048970159
0.00036123971
6.531772e-05
0.011086038
0.010967276
0.010841497
0.010707242
0.010563727
0.010411016
0.010249462
0.010079405
0.0099012418
0.0097155365
0.0095230261
0.0093245735
0.0091211291
0.0089137079
0.0087033673
0.0084911795
0.0082782034
0.0080654591
0.0078539065
0.007644429
0.0074378207
0.0072347795
0.0070359033
0.0068416915
0.0066525492
0.0064687942
0.0062906666
0.0061183388
0.0059519271
0.005791503
0.0056371047
0.0054887486
0.0053464389
0.0052101786
0.0050799775
0.0049558614
0.0048378789
0.0047261076
0.0046206594
0.0045216826
0.0044293632
0.0043439214
0.0042656046
0.0041946747
0.0041313889
0.0040759727
0.004028586
0.0039892821
0.0039579622
0.0039343295
0.0039178473
0.0039077052
0.0039027979
0.0039017205
0.0039027889
0.0039040887
0.0039035743
0.0038991955
0.0038891102
0.0038718585
0.0038460472
0.0038112607
0.0037677691
0.0037160336
0.0036567953
0.0035910524
0.0035198731
0.0034442742
0.0033651625
0.0032832942
0.0031992728
0.003113568
0.0030265156
0.0029383294
0.0028491237
0.002758928
0.0026676938
0.0025752988
0.0024816253
0.0023866226
0.0022902679
0.0021925139
0.0020932722
0.0019924981
0.0018901834
0.0017863329
0.001680975
0.0015742001
0.0014661417
0.0013569445
0.0012468936
0.0011362885
0.0010256448
0.0009153009
0.0008066278
0.00069865712
0.00059619999
0.00048451714
0.00034959921
7.5345379e-05
0.010882128
0.010772775
0.01065707
0.010533762
0.010402107
0.01026208
0.010113921
0.0099578629
0.0097941892
0.0096233251
0.0094458492
0.009262455
0.0090739207
0.0088810918
0.0086848636
0.0084861605
0.0082859119
0.0080850314
0.0078843973
0.0076848372
0.0074871154
0.0072919235
0.007099875
0.0069115032
0.0067272623
0.0065475307
0.0063726167
0.0062027661
0.0060381701
0.0058789749
0.0057252904
0.0055772004
0.0054347711
0.0052980604
0.0051671262
0.0050420339
0.0049228637
0.004809716
0.0047027166
0.0046020189
0.0045078052
0.0044202834
0.0043396814
0.0042662351
0.0042001715
0.0041416852
0.0040909077
0.0040478715
0.0040124698
0.0039844152
0.0039632018
0.0039480741
0.0039380075
0.003931704
0.0039276104
0.0039239639
0.003918878
0.0039104589
0.0038969692
0.0038769844
0.0038492734
0.0038132937
0.0037691568
0.0037172425
0.0036581723
0.0035928078
0.0035221095
0.0034470139
0.0033683701
0.0032869013
0.0032031949
0.0031177128
0.0030307935
0.0029426594
0.0028534359
0.0027631651
0.0026718143
0.0025792847
0.0024854728
0.0023903273
0.0022938225
0.0021959141
0.0020965241
0.0019956064
0.001893151
0.001789163
0.0016836704
0.0015767556
0.0014685449
0.0013591814
0.0012489268
0.0011380689
0.0010270767
0.00091627431
0.00080680899
0.00069784666
0.00059266224
0.00047818582
0.00033712409
8.497648e-05
0.010650488
0.010551132
0.01044617
0.010334523
0.010215478
0.010088925
0.0099550035
0.0098138527
0.0096656529
0.0095107042
0.0093494384
0.0091823891
0.0090101677
0.0088334503
0.0086529656
0.0084694789
0.0082837748
0.0080966394
0.0079088458
0.0077211395
0.007534228
0.0073487703
0.0071653709
0.0069845753
0.0068068683
0.0066326741
0.0064623591
0.0062962356
0.0061345667
0.005977573
0.0058254392
0.005678321
0.0055363526
0.0053996545
0.0052683399
0.0051425219
0.0050223193
0.0049078625
0.0047992972
0.0046967872
0.0046005152
0.0045106807
0.0044274942
0.0043511675
0.0042818992
0.0042198539
0.0041651362
0.0041177596
0.0040776116
0.0040444181
0.0040177096
0.0039967937
0.0039807372
0.0039683626
0.0039582636
0.003948846
0.0039384002
0.0039252026
0.0039076448
0.0038843669
0.0038542547
0.0038166951
0.003771639
0.0037193534
0.0036603326
0.0035952907
0.0035250622
0.0034504876
0.0033723456
0.0032913154
0.0032079604
0.0031227309
0.0030359646
0.0029478918
0.0028586491
0.0027682928
0.0026768078
0.0025841199
0.0024901424
0.0023948249
0.0022981398
0.0022000457
0.0021004752
0.0019993823
0.0018967547
0.0017925975
0.0016869374
0.0015798483
0.0014714476
0.0013618739
0.0012513634
0.0011401859
0.0010287563
0.00091737257
0.00080693151
0.00069669513
0.00058837592
0.00047051576
0.00032376792
9.3622982e-05
0.010390169
0.010301453
0.01020791
0.010108521
0.010002635
0.0098901115
0.0097710096
0.0096453908
0.0095133483
0.0093750762
0.0092308796
0.0090811501
0.0089263466
0.0087669857
0.0086036339
0.0084368965
0.0082674051
0.0080958051
0.0079227444
0.0077488632
0.0075747845
0.0074011062
0.0072283942
0.0070571777
0.0068879455
0.0067211444
0.0065571788
0.0063964113
0.0062391653
0.0060857279
0.0059363536
0.005791269
0.0056506781
0.0055147667
0.0053837087
0.0052576708
0.0051368174
0.0050213154
0.0049113373
0.0048070637
0.0047086839
0.0046163939
0.004530392
0.0044508708
0.0043780042
0.0043119311
0.004252733
0.0042004088
0.004154845
0.0041157861
0.0040828056
0.0040552825
0.0040323856
0.0040130702
0.0039960911
0.0039800373
0.0039633917
0.0039446148
0.0039222481
0.0038950237
0.0038619175
0.003822283
0.0037759265
0.0037229805
0.0036638045
0.0035989581
0.0035291324
0.0034550542
0.0033774172
0.0032968435
0.0032138625
0.003128906
0.0030423066
0.0029542996
0.0028650327
0.0027745768
0.002682936
0.002590061
0.0024958842
0.0024003587
0.0023034558
0.0022051376
0.0021053466
0.0020040387
0.0019011991
0.0017968319
0.001690962
0.0015836541
0.0014750141
0.0013651731
0.0012543386
0.0011427555
0.0010307753
0.00091865422
0.00080701565
0.00069516433
0.00058330953
0.00046161289
0.00031001293
0.00010068837
0.010109829
0.010031336
0.0099487284
0.0098612336
0.0097682155
0.009669453
0.0095649387
0.0094546813
0.0093387096
0.0092171295
0.0090901376
0.0089580028
0.00882105
0.0086796521
0.0085342255
0.0083852222
0.008233122
0.0080784241
0.0079216399
0.0077632859
0.0076038781
0.0074439252
0.0072839242
0.0071243556
0.0069656798
0.0068083344
0.0066527323
0.0064992602
0.0063482786
0.0062001219
0.0060550999
0.0059134992
0.0057755857
0.0056416074
0.0055117975
0.0053863775
0.0052655609
0.0051495555
0.0050385664
0.0049327973
0.0048324506
0.0047377262
0.0046488176
0.0045659048
0.0044891449
0.0044186582
0.0043545106
0.0042966934
0.0042450995
0.0041994992
0.0041595167
0.0041246108
0.0040940613
0.0040669666
0.0040422536
0.0040187054
0.003995009
0.0039698212
0.0039418503
0.0039099442
0.0038731589
0.0038308385
0.0037826751
0.0037286618
0.003669016
0.0036041387
0.0035345656
0.0034608924
0.0033837127
0.0033035762
0.0032209658
0.0031362856
0.0030498562
0.0029619134
0.0028726134
0.0027820417
0.0026902219
0.0025971294
0.0025027164
0.0024069432
0.002309781
0.0022111958
0.0021111395
0.0020095711
0.0019064735
0.0018018488
0.0016957189
0.0015881385
0.0014791996
0.0013690208
0.0012577785
0.0011456832
0.0010330136
0.00091996391
0.00080686895
0.00069301901
0.00057726795
0.00045161955
0.00029595035
0.00010548125
0.0097993804
0.0097315266
0.009660268
0.0095848678
0.0095047915
0.0094198314
0.0093299346
0.0092350574
0.0091351761
0.0090303328
0.008920643
0.0088062797
0.00868746
0.0085644388
0.0084375055
0.0083069791
0.0081732027
0.0080365386
0.0078973642
0.0077560687
0.0076130494
0.0074687088
0.0073234514
0.0071776816
0.0070318
0.0068862022
0.0067412756
0.0065973977
0.0064549348
0.0063142399
0.0061756522
0.0060394966
0.0059060833
0.0057757086
0.005648655
0.0055251928
0.005405581
0.0052900685
0.0051788951
0.005072292
0.0049704811
0.0048736736
0.0047820666
0.0046958377
0.0046151372
0.0045400777
0.0044707204
0.0044070596
0.0043490046
0.0042963611
0.0042488128
0.0042059062
0.0041670399
0.0041314623
0.0040982789
0.0040664733
0.0040349427
0.0040025484
0.0039681779
0.0039308137
0.0038895957
0.0038438791
0.0037932782
0.0037376596
0.003677098
0.0036118378
0.0035422542
0.0034688
0.0033919528
0.003312175
0.0032298879
0.003145456
0.0030591783
0.0029712838
0.0028819331
0.0027912237
0.0026991976
0.0026058529
0.0025111621
0.0024150948
0.0023176249
0.002218722
0.0021183463
0.0020164612
0.0019130476
0.0018081045
0.001701649
0.0015937249
0.0014844076
0.0013737977
0.0012620365
0.0011492904
0.0010357548
0.00092153985
0.00080668936
0.00069042788
0.00057053072
0.0004409885
0.0002820976
0.00010793032
0.0094764983
0.0094183914
0.0093575233
0.0092933291
0.0092253008
0.00915319
0.0090769072
0.0089963852
0.0089115712
0.0088224628
0.0087291175
0.0086316391
0.0085301659
0.0084248641
0.008315925
0.0082035609
0.0080880022
0.0079694936
0.0078482929
0.0077246696
0.007598904
0.0074712864
0.0073421167
0.0072117036
0.0070803641
0.0069484219
0.0068162063
0.0066840507
0.0065522907
0.0064212621
0.0062912992
0.0061627325
0.0060358875
0.0059110826
0.0057886282
0.0056688256
0.005551966
0.00543833
0.0053281868
0.0052217929
0.0051193915
0.0050212094
0.0049274546
0.0048383115
0.0047539346
0.0046744408
0.0045998993
0.0045303201
0.0044656407
0.0044057129
0.0043502884
0.0042990086
0.0042513956
0.0042068505
0.0041646584
0.004124003
0.004083992
0.0040436934
0.0040021806
0.0039585838
0.0039121395
0.003862236
0.0038084467
0.0037505398
0.0036884617
0.0036223096
0.0035523033
0.0034787483
0.0034019952
0.0033224046
0.0032403213
0.0031560563
0.003069875
0.0029819897
0.0028925579
0.0028016838
0.0027094241
0.0026157959
0.0025207904
0.0024243881
0.002326567
0.0022273009
0.002126557
0.0020243029
0.0019205179
0.0018151967
0.0017083496
0.0016000078
0.001490227
0.0013790838
0.0012666793
0.0011531258
0.0010385259
0.00092288439
0.00080597078
0.00068691919
0.00056279755
0.00042955816
0.00026851632
0.00010764661
0.0091324866
0.0090838392
0.0090330023
0.0089794658
0.0089228065
0.0088627902
0.0087993029
0.0087322538
0.0086615719
0.0085872313
0.0085092547
0.0084277022
0.0083426598
0.0082542341
0.0081625478
0.008067737
0.0079699479
0.0078693346
0.0077660586
0.007660289
0.007552203
0.0074419872
0.0073298388
0.0072159669
0.0071005932
0.006983953
0.0068662951
0.0067478816
0.0066289867
0.0065098956
0.0063909023
0.0062723078
0.0061544179
0.0060375401
0.0059219821
0.0058080486
0.0056960394
0.0055862472
0.0054789553
0.0053744351
0.0052729445
0.0051747239
0.005079994
0.0049889512
0.0049017624
0.0048185593
0.0047394307
0.0046644144
0.004593488
0.0045265588
0.0044634548
0.0044039165
0.004347591
0.0042940302
0.0042426938
0.0041929589
0.0041441369
0.0040954979
0.0040463019
0.0039958348
0.0039434449
0.0038885778
0.0038308029
0.0037698287
0.0037055022
0.0036377962
0.0035667913
0.0034926527
0.0034156017
0.0033358888
0.0032537702
0.00316949
0.0030832669
0.0029952846
0.0029056871
0.0028145776
0.0027220203
0.0026280459
0.0025326605
0.0024358551
0.0023376131
0.0022379125
0.0021367256
0.0020340236
0.0019297843
0.0018239967
0.0017166621
0.0016077967
0.0014974334
0.0013856185
0.0012724074
0.0011578489
0.0010419465
0.00092458681
0.00080530461
0.00068316085
0.00055491938
0.00041833852
0.00025629584
0.00010559054
0.0087809002
0.0087408061
0.0086989983
0.0086550497
0.0086085884
0.0085593804
0.0085072968
0.0084522387
0.0083941305
0.0083329369
0.0082686642
0.0082013499
0.0081310523
0.0080578438
0.0079818069
0.00790303
0.0078216044
0.0077376227
0.007651178
0.0075623649
0.0074712808
0.007378028
0.007282716
0.0071854639
0.0070864032
0.0069856794
0.0068834539
0.0067799047
0.006675227
0.0065696326
0.006463349
0.0063566183
0.0062496948
0.0061428427
0.0060363338
0.0059304445
0.0058254532
0.0057216367
0.0056192682
0.0055186136
0.0054199285
0.0053234553
0.0052294195
0.0051380258
0.0050494538
0.004963853
0.0048813376
0.0048019798
0.0047258035
0.0046527775
0.0045828087
0.0045157368
0.0044513298
0.0043892823
0.0043292169
0.0042706901
0.0042132028
0.0041562151
0.0040991672
0.0040415023
0.0039826926
0.0039222639
0.0038598168
0.003795042
0.0037277272
0.0036577555
0.003585097
0.0035097966
0.0034319567
0.0033517185
0.0032692441
0.0031847012
0.0030982495
0.0030100316
0.0029201658
0.0028287428
0.0027358246
0.0026414473
0.0025456253
0.0024483572
0.0023496313
0.0022494287
0.0021477252
0.0020444938
0.0019397102
0.0018333567
0.0017254235
0.0016159092
0.0015048209
0.0013921694
0.0012779597
0.0011621718
0.0010447102
0.00092534634
0.0008034456
0.00067805527
0.00054600496
0.00040659317
0.0002445851
0.0001013581
0.0084216106
0.0083890724
0.0083552526
0.0083197797
0.0082823272
0.0082426658
0.0082006547
0.008156186
0.0081091801
0.0080595959
0.0080074311
0.007952711
0.0078954796
0.0078357921
0.0077737097
0.0077092946
0.0076426072
0.0075737033
0.0075026336
0.0074294443
0.0073541786
0.0072768787
0.0071975889
0.0071163585
0.0070332448
0.0069483163
0.0068616551
0.0067733587
0.0066835416
0.0065923362
0.0064998927
0.0064063782
0.0063119764
0.0062168853
0.0061213155
0.0060254876
0.00592963
0.005833976
0.0057387606
0.0056442181
0.0055505786
0.0054580654
0.0053668918
0.0052772574
0.0051893444
0.0051033133
0.005019299
0.0049374052
0.0048577003
0.0047802115
0.0047049204
0.0046317585
0.0045606038
0.0044912791
0.0044235522
0.0043571391
0.0042917093
0.0042268953
0.0041623045
0.0040975334
0.0040321847
0.0039658833
0.0038982921
0.003829125
0.0037581557
0.0036852212
0.0036102215
0.0035331145
0.0034539078
0.0033726476
0.0032894075
0.0032042767
0.0031173495
0.0030287167
0.0029384587
0.0028466403
0.0027533093
0.0026584948
0.0025622099
0.0024644538
0.0023652155
0.002264476
0.0021622109
0.0020583921
0.001952991
0.0018459813
0.0017373397
0.0016270448
0.0015150748
0.0014014019
0.0012859789
0.0011687172
0.0010494339
0.0009278099
0.00080312556
0.00067450281
0.00053910017
0.00039745921
0.00023616424
9.8080749e-05
0.0080538281
0.0080277445
0.0080007639
0.0079725676
0.0079428679
0.0079114394
0.0078781276
0.0078428138
0.0078054117
0.0077658736
0.0077241872
0.0076803671
0.0076344459
0.0075864676
0.007536481
0.007484535
0.0074306739
0.007374935
0.0073173468
0.0072579292
0.0071966943
0.0071336488
0.0070687961
0.0070021396
0.0069336858
0.0068634477
0.0067914477
0.0067177198
0.0066423123
0.0065652886
0.0064867283
0.0064067275
0.0063253986
0.006242869
0.0061592799
0.0060747848
0.0059895468
0.0059037365
0.0058175301
0.0057311073
0.0056446499
0.0055583396
0.0054723556
0.0053868722
0.0053020553
0.0052180586
0.0051350207
0.0050530602
0.0049722725
0.0048927256
0.0048144559
0.0047374651
0.0046617173
0.0045871371
0.0045136094
0.0044409801
0.0043690597
0.0042976278
0.0042264397
0.0041552347
0.0040837459
0.0040117099
0.0039388772
0.0038650212
0.0037899459
0.0037134909
0.0036355337
0.0035559897
0.0034748091
0.0033919724
0.003307484
0.0032213655
0.003133649
0.0030443707
0.0029535654
0.0028612622
0.0027674814
0.0026722331
0.0025755168
0.0024773222
0.0023776309
0.0022764176
0.002173652
0.0020692998
0.0019633245
0.0018556883
0.0017463518
0.001635271
0.0015223931
0.0014076511
0.001290949
0.001172137
0.0010509672
0.00092707138
0.00079973328
0.00066823196
0.00053018667
0.00038703709
0.00022701417
9.3054165e-05
0.0076973297
0.0076762995
0.0076546621
0.0076321668
0.0076085463
0.0075835818
0.0075571212
0.0075290487
0.007499281
0.0074677713
0.0074345065
0.0073994988
0.0073627777
0.0073243824
0.0072843558
0.0072427394
0.0071995692
0.007154872
0.0071086647
0.0070609525
0.0070117306
0.0069609845
0.006908693
0.0068548305
0.0067993699
0.0067422859
0.0066835575
0.0066231709
0.0065611216
0.006497416
0.0064320727
0.0063651234
0.0062966132
0.0062266019
0.0061551643
0.0060823883
0.0060083721
0.0059332188
0.0058570353
0.0057799382
0.0057020613
0.0056235545
0.0055445764
0.0054652869
0.0053858389
0.0053063705
0.0052270044
0.0051478483
0.0050689921
0.0049905045
0.0049124311
0.0048347938
0.0047575901
0.0046807934
0.0046043533
0.0045281967
0.0044522296
0.0043763399
0.0043003999
0.0042242708
0.0041478065
0.0040708586
0.0039932814
0.0039149368
0.0038356983
0.0037554543
0.0036741101
0.003591589
0.0035078308
0.0034227909
0.0033364371
0.0032487475
0.0031597075
0.0030693071
0.0029775377
0.0028843899
0.0027898504
0.0026939014
0.0025965191
0.002497674
0.0023973317
0.0022954532
0.0021919963
0.0020869154
0.0019801623
0.0018716857
0.0017614289
0.001649324
0.0015352902
0.0014192269
0.0013009996
0.0011804211
0.0010572125
0.00093100162
0.00080113851
0.00066710389
0.00052696041
0.00038279712
0.00022378297
9.1910865e-05
0.007323398
0.0073069181
0.0072900385
0.0072725135
0.0072540842
0.0072345305
0.0072136887
0.0071914341
0.0071676803
0.0071423816
0.0071155294
0.0070871442
0.0070572676
0.007025955
0.0069932677
0.0069592666
0.0069240057
0.0068875287
0.0068498667
0.0068110377
0.0067710459
0.0067298828
0.0066875283
0.0066439525
0.006599118
0.0065529834
0.0065055067
0.0064566467
0.0064063648
0.0063546273
0.0063014049
0.0062466717
0.0061904128
0.0061326063
0.0060732102
0.006012173
0.0059494251
0.005884888
0.005818492
0.0057502845
0.005680477
0.0056093722
0.005537285
0.0054644656
0.0053911091
0.0053173688
0.0052433663
0.0051691937
0.0050949055
0.005020521
0.0049460293
0.0048713961
0.0047965691
0.004721485
0.0046460752
0.0045702706
0.0044940046
0.0044172137
0.0043398382
0.0042618222
0.004183114
0.004103667
0.0040234391
0.0039423922
0.0038604925
0.003777709
0.0036940129
0.0036093754
0.0035237644
0.0034371437
0.0033494732
0.0032607115
0.0031708158
0.0030797425
0.0029874471
0.0028938849
0.0027990104
0.0027027757
0.0026051303
0.002506021
0.0024053929
0.0023031899
0.0021993549
0.0020938294
0.0019865523
0.0018774588
0.0017664768
0.0016535241
0.0015385045
0.0014212992
0.0013017544
0.0011796733
0.0010547799
0.00092673388
0.00079498168
0.00065918628
0.00051777656
0.0003732229
0.00021582476
8.7087118e-05
0.0069907578
0.0069747486
0.0069590434
0.0069435209
0.0069278623
0.0069117898
0.0068950377
0.0068774105
0.0068587649
0.0068390115
0.0068181446
0.0067961449
0.0067729423
0.0067484979
0.0067228365
0.0066960249
0.0066681417
0.0066392575
0.0066094325
0.0065787236
0.0065471783
0.0065148314
0.0064817065
0.0064478141
0.006413151
0.0063777134
0.006341473
0.0063044001
0.0062664854
0.0062276894
0.0061879253
0.0061473326
0.0061060636
0.006063845
0.0060205231
0.0059757406
0.0059279912
0.0058743282
0.0058125245
0.0057438511
0.0056718456
0.0055999822
0.0055296767
0.0054604076
0.0053914504
0.0053222682
0.0052527916
0.0051831491
0.005113314
0.0050431803
0.0049726252
0.0049015211
0.0048297332
0.0047571261
0.0046835776
0.0046089904
0.0045332975
0.0044564599
0.0043784633
0.0042993215
0.0042190755
0.0041377848
0.0040555201
0.003972354
0.0038883548
0.0038035884
0.0037181166
0.0036319826
0.0035451927
0.0034577132
0.0033694828
0.0032804269
0.0031904627
0.0030995005
0.0030074456
0.0029142026
0.0028196802
0.0027237884
0.0026264393
0.0025275489
0.0024270371
0.0023248283
0.0022208511
0.0021150363
0.0020073151
0.0018976165
0.0017858647
0.0016719774
0.0015558581
0.0014373875
0.0013164146
0.0011927514
0.0010661493
0.00093632595
0.00080282812
0.00066546967
0.00052285785
0.00037759086
0.00021965033
8.9607422e-05
0.0066968637
0.0066752671
0.0066519089
0.0066261953
0.0065977607
0.0065664486
0.0065323585
0.0064959268
0.006457758
0.0064186097
0.0063792168
0.0063401259
0.006301808
0.0062646848
0.0062292594
0.0061960619
0.0061648477
0.0061347735
0.0061055182
0.0060771412
0.0060496042
0.0060228914
0.0059967382
0.0059706772
0.0059445184
0.0059184897
0.005892517
0.0058664187
0.0058403993
0.0058143717
0.0057881619
0.0057614536
0.0057339129
0.0057054479
0.0056758425
0.0056448039
0.0056120408
0.0055772046
0.0055400537
0.0055006048
0.0054589974
0.0054153507
0.0053696928
0.0053220471
0.0052723975
0.005220696
0.005166975
0.0051112939
0.0050536833
0.0049941413
0.0049326425
0.0048691349
0.0048035653
0.0047358453
0.0046658173
0.0045933008
0.0045182231
0.004440675
0.0043608347
0.0042789951
0.0041955215
0.0041107302
0.0040249119
0.0039383587
0.0038513306
0.0037640533
0.0036766915
0.0035892977
0.0035018201
0.0034141659
0.0033262517
0.0032379745
0.0031491949
0.0030597527
0.0029694833
0.0028782198
0.0027857936
0.0026920401
0.002596807
0.0024999602
0.0024013831
0.0023009748
0.0021986458
0.002094315
0.0019879056
0.0018793427
0.0017685492
0.0016554421
0.0015399273
0.0014218941
0.0013012082
0.0011777085
0.0010511898
0.00092143475
0.00078808944
0.00065109386
0.00050929889
0.00036548883
0.00021067173
8.4810196e-05
0.0065814512
0.0065540973
0.0065245134
0.0064919441
0.0064558819
0.0064160358
0.0063723134
0.0063247415
0.0062735063
0.0062190198
0.0061617867
0.006102248
0.0060415983
0.0059818784
0.0059252197
0.0058735647
0.0058274666
0.0057863107
0.0057488545
0.0057139857
0.0056821874
0.005654343
0.0056303591
0.0056096551
0.0055916654
0.0055756546
0.0055612005
0.0055481668
0.0055359923
0.0055240033
0.0055117386
0.0054987882
0.0054847175
0.0054691419
0.0054517481
0.0054322718
0.0054104987
0.0053863143
0.0053597434
0.0053308452
0.0052996758
0.0052662925
0.0052306736
0.0051928773
0.0051532076
0.0051120566
0.0050696512
0.0050259138
0.0049807118
0.0049341857
0.0048864228
0.0048377511
0.0047883093
0.004736361
0.0046785617
0.0046130375
0.0045409717
0.004463128
0.0043800184
0.0042943796
0.004207607
0.0041190618
0.0040290783
0.0039383129
0.0038474119
0.0037578871
0.003670818
0.0035856782
0.0035010927
0.0034161158
0.0033305476
0.0032444125
0.0031576369
0.0030700727
0.002981563
0.0028919423
0.0028010229
0.0027086103
0.0026145259
0.0025186186
0.0024207672
0.0023208742
0.0022188589
0.0021146513
0.0020081874
0.0018994054
0.0017882425
0.0016746317
0.0015584978
0.001439753
0.0013182903
0.0011939801
0.001066652
0.00093612248
0.00080205561
0.00066437384
0.0005217718
0.00037675424
0.00021924338
8.9164407e-05
0.0061294163
0.0060969846
0.006065524
0.0060346194
0.006003693
0.005972455
0.0059407667
0.005908577
0.0058759032
0.0058427991
0.0058094553
0.0057760332
0.0057425504
0.0057090853
0.0056757569
0.005642683
0.0056100017
0.0055778419
0.0055464479
0.0055159767
0.0054864309
0.0054579316
0.0054306077
0.0054045399
0.005379756
0.005356215
0.0053338008
0.0053123532
0.0052916706
0.005271511
0.005251615
0.0052317164
0.0052115501
0.0051908569
0.0051693867
0.0051469043
0.0051231927
0.0050980555
0.0050713152
0.0050428132
0.0050124138
0.0049799992
0.0049454642
0.0049087244
0.0048697248
0.0048284318
0.0047848153
0.0047388269
0.0046904025
0.0046394689
0.0045859222
0.004529611
0.0044703213
0.0044078374
0.0043420336
0.0042729585
0.0042007394
0.0041254759
0.0040474538
0.0039671977
0.0038853747
0.0038028382
0.0037205168
0.0036392316
0.0035597153
0.0034825613
0.0034080125
0.0033357107
0.0032649105
0.0031948744
0.0031246111
0.0030529968
0.002979483
0.0029040983
0.0028269302
0.002747912
0.0026668918
0.0025837219
0.0024982816
0.0024104701
0.0023202019
0.0022274075
0.0021320318
0.0020340308
0.0019333674
0.001830008
0.0017239212
0.0016150757
0.0015034393
0.0013889776
0.001271653
0.0011514248
0.0010282513
0.00090209582
0.00077292865
0.00064076872
0.00050558416
0.00036794086
0.00022599885
9.6889493e-05
)
;

boundaryField
{
    inlet
    {
        type            zeroGradient;
    }
    top
    {
        type            zeroGradient;
    }
    outlet
    {
        type            fixedValue;
        value           uniform 0;
    }
    slipsurface
    {
        type            slip;
    }
    bottom
    {
        type            zeroGradient;
    }
    frontandback
    {
        type            empty;
    }
}


// ************************************************************************* //
