1.0170124e-05 	7.1749167e-08 	0.017475867 	1457.4761
3.113662e-05 	6.549404e-07 	0.057925087 	977.88305
5.3394177e-05 	2.5175739e-06 	0.12068192 	637.87482
7.7022295e-05 	5.9182041e-06 	0.18592122 	539.0928
0.00010210537 	1.0311412e-05 	0.24267779 	499.55681
0.00012873299 	1.5074748e-05 	0.28866562 	475.26166
0.00015700027 	1.9914117e-05 	0.32558625 	454.56989
0.00018700818 	2.4727142e-05 	0.35547513 	434.94135
0.00021886389 	2.9474345e-05 	0.37987467 	415.91748
0.00025268119 	3.4133677e-05 	0.39986995 	397.47768
0.00028858087 	3.8686022e-05 	0.41621909 	379.66465
0.00032669115 	4.3110248e-05 	0.42945364 	362.50297
0.00036714817 	4.7381315e-05 	0.43994514 	345.98749
0.00041009642 	5.1469444e-05 	0.44794812 	330.08716
0.00045568931 	5.533967e-05 	0.45362785 	314.75067
0.00050408968 	5.8951595e-05 	0.45707852 	299.9108
0.00055547043 	6.2259095e-05 	0.45833448 	285.48712
0.00061001506 	6.5209676e-05 	0.45737583 	271.38714
0.0006679184 	6.7744593e-05 	0.45413355 	257.50654
0.00072938728 	6.9799248e-05 	0.44849339 	243.72867
0.00079464125 	7.1302644e-05 	0.44029474 	229.92375
0.00086391338 	7.2177232e-05 	0.42933009 	215.94801
0.0009374511 	7.2339307e-05 	0.41534618 	201.64344
0.0010155171 	7.1699545e-05 	0.39804653 	186.8391
0.0010983902 	7.0164043e-05 	0.37709832 	171.35532
0.0011863663 	6.7636239e-05 	0.35214769 	155.01352
0.0012797599 	6.4020426e-05 	0.32285079 	137.65568
0.0013789043 	5.9228245e-05 	0.28893328 	119.1804
0.0014841538 	5.3191108e-05 	0.25030113 	99.606479
0.0015958843 	4.5885343e-05 	0.20724454 	79.179663
0.0017144948 	3.738791e-05 	0.16081041 	58.538486
0.001840409 	2.8015257e-05 	0.11346334 	38.927031
0.0019740768 	1.8668205e-05 	0.069988454 	22.269303
0.0021159754 	1.1102089e-05 	0.036879697 	10.495434
0.0022666117 	7.0622392e-06 	0.017871486 	4.0718446
0.0024265239 	6.6399777e-06 	0.010234302 	1.4995193
0.002596283 	8.0850981e-06 	0.0081089552 	0.72715178
0.0027764954 	9.5239305e-06 	0.0076525366 	0.52508016
0.0029678048 	1.029792e-05 	0.0075710268 	0.47093455
0.0031708945 	1.0598723e-05 	0.0075620358 	0.45596709
0.00338649 	1.0694563e-05 	0.0075614021 	0.45175724
0.0036153613 	1.0719175e-05 	0.0075596496 	0.45050683
0.0038583258 	1.072145e-05 	0.0075568229 	0.45007415
0.0041162514 	1.0718345e-05 	0.0075540057 	0.44986891
0.0043900594 	1.0714799e-05 	0.0075516707 	0.44973963
0.0046807278 	1.0711902e-05 	0.0075498634 	0.44964593
0.0049892948 	1.0709696e-05 	0.0075484905 	0.449575
0.0053168625 	1.0708026e-05 	0.00754745 	0.44952117
0.0056646009 	1.0706751e-05 	0.0075466628 	0.44948094
0.0060337521 	1.0705769e-05 	0.0075460722 	0.44945181
0.0064256347 	1.070501e-05 	0.0075456368 	0.44943182
0.0068416484 	1.0704422e-05 	0.0075453259 	0.44941948
0.007283279 	1.0703968e-05 	0.0075451163 	0.44941356
0.0077521041 	1.070362e-05 	0.0075449899 	0.44941309
0.0082497982 	1.0703358e-05 	0.007544933 	0.44941732
0.008778139 	1.0703165e-05 	0.0075449355 	0.4494257
0.0093390136 	1.0703031e-05 	0.0075449905 	0.44943792
0.0099344254 	1.0702945e-05 	0.0075450945 	0.4494539
0.010566501 	1.0702903e-05 	0.0075452455 	0.44947366
0.011237498 	1.0702897e-05 	0.0075454391 	0.44949698
0.011949813 	1.070292e-05 	0.0075456673 	0.4495232
0.012705991 	1.0702965e-05 	0.0075459201 	0.44955141
0.013508733 	1.0703027e-05 	0.0075461885 	0.4495808
0.014360904 	1.0703101e-05 	0.007546466 	0.44961078
0.015265551 	1.0703182e-05 	0.0075467475 	0.44964089
0.016225903 	1.070327e-05 	0.0075470286 	0.44967073
0.017245391 	1.0703359e-05 	0.0075473049 	0.44969991
0.018327656 	1.0703448e-05 	0.007547572 	0.449728
0.019476565 	1.0703534e-05 	0.0075478254 	0.44975458
0.02069622 	1.0703614e-05 	0.0075480607 	0.44977924
0.021990978 	1.0703687e-05 	0.0075482735 	0.44980155
0.023365464 	1.070375e-05 	0.0075484596 	0.4498211
0.024824587 	1.07038e-05 	0.0075486149 	0.44983748
0.026373559 	1.0703837e-05 	0.0075487355 	0.44985031
0.028017912 	1.0703857e-05 	0.0075488177 	0.44985925
0.02976352 	1.070386e-05 	0.0075488583 	0.44986396
0.031616619 	1.0703845e-05 	0.0075488547 	0.44986419
0.033583826 	1.070381e-05 	0.0075488048 	0.44985973
0.035672168 	1.0703754e-05 	0.0075487071 	0.44985044
0.037889106 	1.0703677e-05 	0.0075485609 	0.44983624
0.040242556 	1.0703579e-05 	0.0075483664 	0.44981716
0.042740925 	1.0703461e-05 	0.0075481245 	0.44979329
0.045393137 	1.0703324e-05 	0.0075478371 	0.44976483
0.048208665 	1.0703167e-05 	0.0075475071 	0.44973206
0.051197566 	1.0702994e-05 	0.0075471378 	0.44969532
0.054370516 	1.0702806e-05 	0.0075467336 	0.44965506
0.057738847 	1.0702605e-05 	0.0075462993 	0.44961176
0.061314592 	1.0702394e-05 	0.0075458405 	0.44956597
0.06511052 	1.0702174e-05 	0.0075453628 	0.44951828
0.069140193 	1.070195e-05 	0.0075448724 	0.44946928
0.073418001 	1.0701723e-05 	0.0075443755 	0.44941962
0.077959226 	1.0701495e-05 	0.0075438781 	0.44936989
0.082780087 	1.0701271e-05 	0.0075433863 	0.44932072
0.087897803 	1.0701053e-05 	0.0075429059 	0.44927268
0.093330656 	1.0700842e-05 	0.0075424424 	0.44922632
