1.0170124e-05 	5.5670273e-08 	0.013394479 	1114.7005
3.113662e-05 	5.314168e-07 	0.04468216 	741.02345
5.3394177e-05 	2.167391e-06 	0.09410196 	467.74048
7.7022295e-05 	5.4090678e-06 	0.14686117 	377.24569
0.00010210537 	9.9349434e-06 	0.19390419 	335.20888
0.00012873299 	1.5161223e-05 	0.23264229 	309.03963
0.00015700027 	2.0739534e-05 	0.26413682 	288.5199
0.00018700818 	2.6535976e-05 	0.29004756 	270.67143
0.00021886389 	3.2507216e-05 	0.31170369 	254.52756
0.00025268119 	3.8642967e-05 	0.3300611 	239.69646
0.00028858087 	4.4945024e-05 	0.34580156 	225.97292
0.00032669115 	5.1419438e-05 	0.35941889 	213.2229
0.00036714817 	5.8073373e-05 	0.37127803 	201.34501
0.00041009642 	6.491373e-05 	0.38165393 	190.25615
0.00045568931 	7.1946465e-05 	0.39075726 	179.88536
0.00050408968 	7.9176196e-05 	0.39875166 	170.17074
0.00055547043 	8.6605918e-05 	0.40576558 	161.0576
0.00061001506 	9.4236752e-05 	0.41190056 	152.49733
0.0006679184 	0.00010206769 	0.41723711 	144.4464
0.00072938728 	0.00011009531 	0.42183899 	136.86563
0.00079464125 	0.00011831347 	0.42575629 	129.71964
0.00086391338 	0.00012671296 	0.42902772 	122.97627
0.0009374511 	0.00013528111 	0.43168232 	116.6062
0.0010155171 	0.00014400136 	0.43374066 	110.58253
0.0010983902 	0.00015285275 	0.4352158 	104.88046
0.0011863663 	0.00016180941 	0.43611384 	99.477033
0.0012797599 	0.00017083997 	0.43643442 	94.350861
0.0013789043 	0.00017990689 	0.43617087 	89.481908
0.0014841538 	0.00018896577 	0.43531036 	84.851287
0.0015958843 	0.00019796462 	0.43383379 	80.441087
0.0017144948 	0.00020684298 	0.43171564 	76.234201
0.001840409 	0.00021553108 	0.42892365 	72.214175
0.0019740768 	0.00022394889 	0.42541842 	68.365065
0.0021159754 	0.00023200509 	0.42115285 	64.671296
0.0022666117 	0.00023959603 	0.41607154 	61.117532
0.0024265239 	0.00024660457 	0.41011001 	57.688554
0.002596283 	0.00025289892 	0.40319387 	54.369132
0.0027764954 	0.00025833136 	0.3952379 	51.143917
0.0029678048 	0.00026273697 	0.38614504 	47.997341
0.0031708945 	0.00026593226 	0.37580542 	44.913532
0.00338649 	0.00026771379 	0.3640954 	41.876271
0.0036153613 	0.00026785676 	0.35087691 	38.868993
0.0038583258 	0.00026611362 	0.33599709 	35.874878
0.0041162514 	0.00026221277 	0.31928886 	32.877076
0.0043900594 	0.00025585734 	0.3005727 	29.85914
0.0046807278 	0.00024672449 	0.27966087 	26.805793
0.0049892948 	0.00023446542 	0.25636536 	23.704197
0.0053168625 	0.00021870708 	0.23051239 	20.546031
0.0056646009 	0.00019905788 	0.20196823 	17.330807
0.0060337521 	0.00017512305 	0.17068554 	14.071181
0.0064256347 	0.0001465489 	0.13679137 	10.801638
0.0068416484 	0.00011317511 	0.1007814 	7.5939468
0.007283279 	7.5789541e-05 	0.06415331 	4.5961487
0.0077521041 	3.9929227e-05 	0.031817707 	2.1496391
0.0082497982 	1.6374133e-05 	0.011404858 	0.68836171
0.008778139 	8.2609358e-06 	0.00394628 	0.17009469
0.0093390136 	7.4162073e-06 	0.0026403522 	0.080020676
0.0099344254 	7.509849e-06 	0.0025216949 	0.07155824
0.010566501 	7.5297181e-06 	0.0025153699 	0.071005754
0.011237498 	7.5311631e-06 	0.0025155647 	0.071003028
0.011949813 	7.5308111e-06 	0.0025156267 	0.071009866
0.012705991 	7.5306068e-06 	0.0025155508 	0.071007508
0.013508733 	7.5304673e-06 	0.0025154719 	0.071004369
0.014360904 	7.5303412e-06 	0.0025153956 	0.071001253
0.015265551 	7.5302197e-06 	0.0025153156 	0.070997881
0.016225903 	7.5300978e-06 	0.0025152275 	0.070994062
0.017245391 	7.5299708e-06 	0.0025151282 	0.070989654
0.018327656 	7.5298349e-06 	0.002515015 	0.070984543
0.019476565 	7.529687e-06 	0.0025148854 	0.070978625
0.02069622 	7.5295242e-06 	0.0025147373 	0.0709718
0.021990978 	7.5293439e-06 	0.0025145685 	0.070963971
0.023365464 	7.5291438e-06 	0.0025143769 	0.070955045
0.024824587 	7.5289215e-06 	0.0025141605 	0.070944932
0.026373559 	7.5286752e-06 	0.0025139177 	0.070933552
0.028017912 	7.528403e-06 	0.0025136468 	0.070920831
0.02976352 	7.5281035e-06 	0.0025133465 	0.070906708
0.031616619 	7.5277755e-06 	0.0025130157 	0.070891135
0.033583826 	7.5274184e-06 	0.0025126537 	0.070874082
0.035672168 	7.5270316e-06 	0.0025122604 	0.070855536
0.037889106 	7.5266153e-06 	0.0025118358 	0.070835507
0.040242556 	7.52617e-06 	0.0025113805 	0.070814024
0.042740925 	7.5256967e-06 	0.0025108958 	0.070791142
0.045393137 	7.5251971e-06 	0.0025103831 	0.07076694
0.048208665 	7.524673e-06 	0.0025098448 	0.070741519
0.051197566 	7.5241271e-06 	0.0025092833 	0.070715004
0.054370516 	7.5235622e-06 	0.0025087018 	0.070687542
0.057738847 	7.5229817e-06 	0.0025081038 	0.070659296
0.061314592 	7.5223893e-06 	0.002507493 	0.07063045
0.06511052 	7.5217889e-06 	0.0025068736 	0.070601198
0.069140193 	7.5211848e-06 	0.00250625 	0.070571747
0.073418001 	7.5205812e-06 	0.0025056267 	0.07054231
0.077959226 	7.5199827e-06 	0.0025050084 	0.070513109
0.082780087 	7.5193938e-06 	0.0025043997 	0.070484367
0.087897803 	7.518819e-06 	0.0025038055 	0.07045631
0.093330656 	7.5182631e-06 	0.0025032306 	0.070429165
