-0.046805254 	1.8497391e-05 	0.04314107 	8.5564461
-0.040820451 	1.7331205e-05 	0.035466363 	6.1793724
-0.035593767 	1.6492308e-05 	0.030126384 	4.6741704
-0.031029167 	1.5879296e-05 	0.026457895 	3.7373662
-0.027042782 	1.5401577e-05 	0.023845782 	3.1263116
-0.023561368 	1.5016487e-05 	0.021916239 	2.7066062
-0.020520958 	1.4701016e-05 	0.020446245 	2.4051723
-0.017865688 	1.4440136e-05 	0.019298684 	2.1808458
-0.015546772 	1.4222845e-05 	0.018385522 	2.0091983
-0.013521602 	1.4040728e-05 	0.017647778 	1.8749546
-0.011752967 	1.3887247e-05 	0.017044437 	1.7681119
-0.010208373 	1.3757273e-05 	0.016546077 	1.6818615
-0.0088594378 	1.3646741e-05 	0.016131033 	1.6114164
-0.0076813777 	1.3552402e-05 	0.015782999 	1.5533188
-0.006652547 	1.3471633e-05 	0.015489471 	1.5050127
-0.0057540422 	1.3402295e-05 	0.015240706 	1.464571
-0.0049693545 	1.3342635e-05 	0.015029005 	1.4305154
-0.0042840662 	1.3291199e-05 	0.014848209 	1.4016947
-0.003685586 	1.3246778e-05 	0.014693341 	1.3772004
-0.0031629175 	1.3208358e-05 	0.014560339 	1.3563072
-0.0027064575 	1.3175087e-05 	0.014445862 	1.3384297
-0.0023078191 	1.3146243e-05 	0.014347139 	1.3230912
-0.0019596776 	1.3121212e-05 	0.014261862 	1.3099006
-0.0016556366 	1.3099473e-05 	0.014188094 	1.2985341
-0.0013901097 	1.308058e-05 	0.014124203 	1.2887224
-0.001158218 	1.3064149e-05 	0.014068806 	1.2802401
-0.000955701 	1.3049852e-05 	0.014020729 	1.2728973
-0.00077883757 	1.3037405e-05 	0.013978972 	1.2665338
-0.00062437811 	1.3026566e-05 	0.013942678 	1.2610135
-0.00048948463 	1.3017122e-05 	0.013911112 	1.2562205
-0.00037167862 	1.3008893e-05 	0.013883645 	1.252056
-0.00026879555 	1.3001719e-05 	0.013859733 	1.248435
-0.00017894507 	1.2995463e-05 	0.013838908 	1.245285
-0.0001004763 	1.2990009e-05 	0.013820764 	1.2425433
-3.1947465e-05 	1.2985214e-05 	0.013804832 	1.2401378
2.9991242e-05 	1.2980853e-05 	0.01379035 	1.237953
9.0286504e-05 	1.2976655e-05 	0.013776423 	1.2358535
0.00015121058 	1.2972457e-05 	0.013762506 	1.233757
0.00021277004 	1.296822e-05 	0.013748468 	1.2316437
0.0002749715 	1.2963943e-05 	0.013734308 	1.2295135
0.00033782165 	1.2959625e-05 	0.013720026 	1.2273664
0.00040132727 	1.2955268e-05 	0.01370562 	1.2252022
0.00046549519 	1.2950869e-05 	0.013691089 	1.2230209
0.00053033231 	1.294643e-05 	0.013676433 	1.2208224
0.00059584562 	1.2941949e-05 	0.013661651 	1.2186066
0.00066204216 	1.2937426e-05 	0.013646742 	1.2163735
0.00072892907 	1.2932861e-05 	0.013631706 	1.2141229
0.00079651354 	1.2928254e-05 	0.013616541 	1.2118547
0.00086480285 	1.2923603e-05 	0.013601247 	1.209569
0.00093380434 	1.291891e-05 	0.013585822 	1.2072656
0.0010035254 	1.2914173e-05 	0.013570266 	1.2049444
0.0010739737 	1.2909392e-05 	0.013554579 	1.2026054
0.0011451566 	1.2904567e-05 	0.013538759 	1.2002484
0.0012170819 	1.2899697e-05 	0.013522806 	1.1978735
0.0012897573 	1.2894783e-05 	0.013506718 	1.1954805
0.0013631906 	1.2889823e-05 	0.013490495 	1.1930694
0.0014373898 	1.2884817e-05 	0.013474137 	1.1906401
0.0015123628 	1.2879765e-05 	0.013457641 	1.1881925
0.0015881177 	1.2874667e-05 	0.013441008 	1.1857266
0.0016646626 	1.2869523e-05 	0.013424237 	1.1832422
0.0017420058 	1.2864331e-05 	0.013407326 	1.1807394
0.0018201557 	1.2859092e-05 	0.013390276 	1.178218
0.0018991205 	1.2853804e-05 	0.013373085 	1.175678
0.0019789089 	1.2848469e-05 	0.013355752 	1.1731193
0.0020595294 	1.2843084e-05 	0.013338276 	1.1705419
0.0021409906 	1.2837651e-05 	0.013320657 	1.1679457
0.0022233015 	1.2832169e-05 	0.013302895 	1.1653306
0.0023064707 	1.2826637e-05 	0.013284988 	1.1626966
0.0023905073 	1.2821055e-05 	0.013266934 	1.1600436
0.0024754204 	1.2815422e-05 	0.013248735 	1.1573716
0.0025612189 	1.2809738e-05 	0.013230388 	1.1546805
0.0026479123 	1.2804003e-05 	0.013211894 	1.1519703
0.0027355098 	1.2798217e-05 	0.01319325 	1.1492408
0.0028240209 	1.2792378e-05 	0.013174457 	1.1464922
0.002913455 	1.2786487e-05 	0.013155514 	1.1437242
0.0030038219 	1.2780543e-05 	0.01313642 	1.140937
0.0030951311 	1.2774546e-05 	0.013117174 	1.1381303
0.0031873927 	1.2768495e-05 	0.013097775 	1.1353042
0.0032806164 	1.2762391e-05 	0.013078223 	1.1324587
0.0033748124 	1.2756232e-05 	0.013058517 	1.1295936
0.0034699907 	1.2750018e-05 	0.013038656 	1.1267091
0.0035661616 	1.2743749e-05 	0.013018639 	1.1238049
0.0036633356 	1.2737424e-05 	0.012998466 	1.1208812
0.0037615229 	1.2731044e-05 	0.012978137 	1.1179378
0.0038607342 	1.2724607e-05 	0.012957649 	1.1149747
0.0039609802 	1.2718113e-05 	0.012937003 	1.1119919
0.0040622717 	1.2711562e-05 	0.012916197 	1.1089894
0.0041646195 	1.2704953e-05 	0.012895232 	1.1059672
0.0042680347 	1.2698287e-05 	0.012874106 	1.1029252
0.0043725284 	1.2691562e-05 	0.01285282 	1.0998634
0.0044781119 	1.2684778e-05 	0.012831371 	1.0967818
0.0045847965 	1.2677935e-05 	0.012809759 	1.0936803
0.0046925938 	1.2671032e-05 	0.012787984 	1.0905591
0.0048015152 	1.266407e-05 	0.012766046 	1.0874179
0.0049115726 	1.2657046e-05 	0.012743942 	1.084257
0.0050227778 	1.2649962e-05 	0.012721674 	1.0810761
0.0051351427 	1.2642817e-05 	0.012699239 	1.0778755
0.0052486795 	1.263561e-05 	0.012676639 	1.0746549
0.0053634003 	1.2628341e-05 	0.012653871 	1.0714145
0.0054793176 	1.2621009e-05 	0.012630935 	1.0681542
0.0055964437 	1.2613614e-05 	0.012607831 	1.0648741
0.0057147914 	1.2606156e-05 	0.012584559 	1.0615742
0.0058343733 	1.2598635e-05 	0.012561117 	1.0582544
0.0059552024 	1.2591049e-05 	0.012537504 	1.0549148
0.0060772915 	1.2583398e-05 	0.012513722 	1.0515554
0.006200654 	1.2575683e-05 	0.012489768 	1.0481762
0.0063253029 	1.2567902e-05 	0.012465643 	1.0447772
0.0064512519 	1.2560055e-05 	0.012441346 	1.0413586
0.0065785143 	1.2552142e-05 	0.012416876 	1.0379202
0.006707104 	1.2544162e-05 	0.012392233 	1.0344622
0.0068370347 	1.2536115e-05 	0.012367417 	1.0309845
0.0069683205 	1.2528001e-05 	0.012342426 	1.0274873
0.0071009754 	1.2519818e-05 	0.012317261 	1.0239705
0.0072350138 	1.2511568e-05 	0.012291922 	1.0204342
0.0073704501 	1.2503248e-05 	0.012266407 	1.0168784
0.0075072989 	1.249486e-05 	0.012240716 	1.0133032
0.0076455748 	1.2486401e-05 	0.012214849 	1.0097086
0.0077852928 	1.2477873e-05 	0.012188805 	1.0060948
0.007926468 	1.2469274e-05 	0.012162585 	1.0024617
0.0080691154 	1.2460605e-05 	0.012136188 	0.99880941
0.0082132505 	1.2451864e-05 	0.012109612 	0.99513802
0.0083588888 	1.2443051e-05 	0.01208286 	0.9914476
0.008506046 	1.2434167e-05 	0.012055929 	0.9877382
0.0086547378 	1.242521e-05 	0.012028819 	0.9840099
0.0088049804 	1.241618e-05 	0.01200153 	0.9802628
0.0089567898 	1.2407076e-05 	0.011974063 	0.97649696
0.0091101825 	1.2397899e-05 	0.011946417 	0.97271249
0.0092651749 	1.2388648e-05 	0.011918591 	0.96890945
0.0094217836 	1.2379322e-05 	0.011890586 	0.96508797
0.0095800257 	1.2369921e-05 	0.0118624 	0.96124812
0.0097399181 	1.2360445e-05 	0.011834035 	0.95739001
0.009901478 	1.2350893e-05 	0.01180549 	0.95351375
0.010064723 	1.2341265e-05 	0.011776764 	0.94961944
0.01022967 	1.233156e-05 	0.011747859 	0.94570719
0.010396337 	1.2321779e-05 	0.011718772 	0.94177713
0.010564743 	1.231192e-05 	0.011689505 	0.93782937
0.010734905 	1.2301983e-05 	0.011660058 	0.93386404
0.010906842 	1.2291969e-05 	0.01163043 	0.92988125
0.011080571 	1.2281875e-05 	0.011600622 	0.92588115
0.011256113 	1.2271703e-05 	0.011570633 	0.92186387
0.011433485 	1.2261451e-05 	0.011540464 	0.91782954
0.011612707 	1.225112e-05 	0.011510114 	0.91377832
0.011793798 	1.2240709e-05 	0.011479583 	0.90971034
0.011976778 	1.2230217e-05 	0.011448873 	0.90562576
0.012161666 	1.2219644e-05 	0.011417982 	0.90152473
0.012348482 	1.220899e-05 	0.011386912 	0.8974074
0.012537247 	1.2198254e-05 	0.011355661 	0.89327395
0.01272798 	1.2187436e-05 	0.011324231 	0.88912453
0.012920702 	1.2176537e-05 	0.011292622 	0.88495931
0.013115435 	1.2165554e-05 	0.011260833 	0.88077848
0.013312198 	1.2154488e-05 	0.011228866 	0.8765822
0.013511013 	1.2143339e-05 	0.01119672 	0.87237067
0.013711901 	1.2132106e-05 	0.011164396 	0.86814405
0.013914885 	1.2120789e-05 	0.011131893 	0.86390256
0.014119985 	1.2109387e-05 	0.011099214 	0.85964637
0.014327225 	1.2097901e-05 	0.011066357 	0.85537569
0.014536626 	1.2086329e-05 	0.011033323 	0.85109071
0.01474821 	1.2074672e-05 	0.011000113 	0.84679164
0.014962002 	1.2062929e-05 	0.010966727 	0.8424787
0.015178023 	1.20511e-05 	0.010933166 	0.83815209
0.015396296 	1.2039184e-05 	0.010899429 	0.83381204
0.015616846 	1.2027182e-05 	0.010865519 	0.82945875
0.015839697 	1.2015092e-05 	0.010831435 	0.82509247
0.016064871 	1.2002915e-05 	0.010797178 	0.82071341
0.016292394 	1.199065e-05 	0.010762748 	0.81632181
0.016522289 	1.1978297e-05 	0.010728147 	0.81191791
0.016754582 	1.1965856e-05 	0.010693374 	0.80750195
0.016989298 	1.1953325e-05 	0.010658431 	0.80307416
0.017226461 	1.1940706e-05 	0.010623319 	0.79863481
0.017466098 	1.1927997e-05 	0.010588037 	0.79418414
0.017708234 	1.1915199e-05 	0.010552587 	0.7897224
0.017952896 	1.1902312e-05 	0.01051697 	0.78524986
0.018200108 	1.1889334e-05 	0.010481187 	0.78076678
0.018449899 	1.1876265e-05 	0.010445238 	0.77627342
0.018702296 	1.1863106e-05 	0.010409124 	0.77177006
0.018957324 	1.1849856e-05 	0.010372847 	0.76725697
0.019215012 	1.1836515e-05 	0.010336407 	0.76273442
0.019475387 	1.1823082e-05 	0.010299805 	0.75820271
0.019738478 	1.1809558e-05 	0.010263043 	0.7536621
0.020004313 	1.1795941e-05 	0.010226121 	0.74911289
0.02027292 	1.1782233e-05 	0.01018904 	0.74455538
0.020544328 	1.1768432e-05 	0.010151802 	0.73998985
0.020818567 	1.1754539e-05 	0.010114408 	0.7354166
0.021095666 	1.1740553e-05 	0.010076859 	0.73083594
0.021375655 	1.1726474e-05 	0.010039155 	0.72624816
0.021658563 	1.1712301e-05 	0.010001299 	0.72165358
0.021944423 	1.1698036e-05 	0.0099632919 	0.7170525
0.022233263 	1.1683676e-05 	0.0099251346 	0.71244525
0.022525116 	1.1669223e-05 	0.0098868284 	0.70783213
0.022820012 	1.1654676e-05 	0.0098483748 	0.70321346
0.023117984 	1.1640035e-05 	0.0098097752 	0.69858957
0.023419063 	1.16253e-05 	0.009771031 	0.69396078
0.023723283 	1.161047e-05 	0.0097321437 	0.68932742
0.024030675 	1.1595545e-05 	0.0096931147 	0.68468982
0.024341273 	1.1580526e-05 	0.0096539456 	0.68004831
0.02465511 	1.1565412e-05 	0.0096146378 	0.67540323
0.02497222 	1.1550204e-05 	0.0095751929 	0.67075491
0.025292637 	1.15349e-05 	0.0095356126 	0.6661037
0.025616396 	1.15195e-05 	0.0094958985 	0.66144993
0.025943531 	1.1504005e-05 	0.0094560522 	0.65679396
0.026274078 	1.1488416e-05 	0.0094160754 	0.65213612
0.026608073 	1.147273e-05 	0.0093759698 	0.64747677
0.02694555 	1.1456949e-05 	0.0093357373 	0.64281625
0.027286547 	1.1441072e-05 	0.0092953794 	0.63815493
0.027631101 	1.14251e-05 	0.0092548981 	0.63349315
0.027979247 	1.1409032e-05 	0.0092142952 	0.62883126
0.028331025 	1.1392868e-05 	0.0091735726 	0.62416964
0.028686471 	1.1376608e-05 	0.009132732 	0.61950863
0.029045624 	1.1360253e-05 	0.0090917755 	0.61484859
0.029408522 	1.1343801e-05 	0.009050705 	0.6101899
0.029775206 	1.1327254e-05 	0.0090095225 	0.6055329
0.030145713 	1.131061e-05 	0.0089682299 	0.60087797
0.030520085 	1.1293871e-05 	0.0089268293 	0.59622546
0.03089836 	1.1277036e-05 	0.0088853227 	0.59157576
0.031280581 	1.1260105e-05 	0.0088437123 	0.58692921
0.031666788 	1.1243078e-05 	0.008802 	0.58228619
0.032057023 	1.1225955e-05 	0.0087601882 	0.57764707
0.032451328 	1.1208737e-05 	0.0087182788 	0.57301222
0.032849744 	1.1191423e-05 	0.0086762742 	0.568382
0.033252316 	1.1174013e-05 	0.0086341764 	0.56375679
0.033659086 	1.1156508e-05 	0.0085919879 	0.55913694
0.034070098 	1.1138907e-05 	0.0085497107 	0.55452285
0.034485397 	1.1121211e-05 	0.0085073472 	0.54991486
0.034905027 	1.1103419e-05 	0.0084648997 	0.54531336
0.035329034 	1.1085533e-05 	0.0084223705 	0.54071871
0.035757462 	1.1067551e-05 	0.0083797619 	0.53613128
0.036190358 	1.1049475e-05 	0.0083370765 	0.53155144
0.036627769 	1.1031304e-05 	0.0082943165 	0.52697956
0.037069742 	1.1013038e-05 	0.0082514843 	0.52241599
0.037516324 	1.0994677e-05 	0.0082085824 	0.51786112
0.037967563 	1.0976223e-05 	0.0081656134 	0.51331531
0.038423508 	1.0957674e-05 	0.0081225795 	0.50877891
0.038884209 	1.0939032e-05 	0.0080794834 	0.5042523
0.039349714 	1.0920295e-05 	0.0080363276 	0.49973584
0.039820074 	1.0901466e-05 	0.0079931145 	0.49522988
0.040295339 	1.0882543e-05 	0.0079498468 	0.49073479
0.040775561 	1.0863527e-05 	0.0079065271 	0.48625091
0.041260791 	1.0844418e-05 	0.0078631579 	0.48177862
0.041751081 	1.0825217e-05 	0.0078197418 	0.47731826
0.042246485 	1.0805923e-05 	0.0077762815 	0.47287019
0.042747055 	1.0786538e-05 	0.0077327796 	0.46843475
0.043252845 	1.076706e-05 	0.0076892387 	0.4640123
0.043763911 	1.0747492e-05 	0.0076456616 	0.45960317
0.044280306 	1.0727832e-05 	0.0076020509 	0.45520773
0.044802087 	1.0708081e-05 	0.0075584093 	0.45082629
0.045329309 	1.068824e-05 	0.0075147395 	0.44645921
0.04586203 	1.0668309e-05 	0.0074710442 	0.44210682
0.046400307 	1.0648288e-05 	0.0074273262 	0.43776944
0.046944197 	1.0628177e-05 	0.0073835883 	0.43344742
0.04749376 	1.0607977e-05 	0.0073398331 	0.42914108
0.048049054 	1.0587689e-05 	0.0072960634 	0.42485075
0.048610139 	1.0567312e-05 	0.0072522821 	0.42057673
0.049177075 	1.0546847e-05 	0.0072084918 	0.41631936
0.049749924 	1.0526295e-05 	0.0071646954 	0.41207894
0.050328748 	1.0505655e-05 	0.0071208957 	0.40785579
0.050913608 	1.0484929e-05 	0.0070770955 	0.40365022
0.051504567 	1.0464117e-05 	0.0070332975 	0.39946251
0.052101689 	1.0443218e-05 	0.0069895047 	0.39529299
0.052705039 	1.0422235e-05 	0.0069457197 	0.39114194
0.053314682 	1.0401166e-05 	0.0069019455 	0.38700965
0.053930682 	1.0380013e-05 	0.0068581849 	0.38289641
0.054553106 	1.0358776e-05 	0.0068144406 	0.37880251
0.055182022 	1.0337456e-05 	0.0067707156 	0.37472822
0.055817496 	1.0316052e-05 	0.0067270125 	0.37067382
0.056459598 	1.0294566e-05 	0.0066833343 	0.36663959
0.057108397 	1.0272998e-05 	0.0066396839 	0.36262577
0.057763961 	1.0251349e-05 	0.0065960639 	0.35863265
0.058426363 	1.0229619e-05 	0.0065524773 	0.35466046
0.059095673 	1.0207808e-05 	0.0065089268 	0.35070948
0.059771963 	1.0185918e-05 	0.0064654153 	0.34677994
0.060455306 	1.0163949e-05 	0.0064219456 	0.34287209
0.061145775 	1.01419e-05 	0.0063785206 	0.33898616
0.061843446 	1.0119774e-05 	0.0063351429 	0.33512239
0.062548392 	1.0097571e-05 	0.0062918154 	0.33128101
0.063260691 	1.007529e-05 	0.0062485409 	0.32746223
0.063980417 	1.0052934e-05 	0.0062053221 	0.32366628
0.06470765 	1.0030502e-05 	0.0061621619 	0.31989336
0.065442467 	1.0007994e-05 	0.0061190631 	0.31614369
0.066184948 	9.985413e-06 	0.0060760283 	0.31241747
0.066935172 	9.9627579e-06 	0.0060330603 	0.30871489
0.06769322 	9.9400298e-06 	0.0059901618 	0.30503615
0.068459173 	9.9172293e-06 	0.0059473356 	0.30138142
0.069233115 	9.8943572e-06 	0.0059045844 	0.2977509
0.070015128 	9.8714141e-06 	0.0058619108 	0.29414475
0.070805297 	9.8484007e-06 	0.0058193176 	0.29056314
0.071603706 	9.8253177e-06 	0.0057768073 	0.28700625
0.072410442 	9.8021659e-06 	0.0057343828 	0.28347421
0.073225592 	9.7789458e-06 	0.0056920466 	0.2799672
0.074049243 	9.7556583e-06 	0.0056498013 	0.27648535
0.074881483 	9.7323041e-06 	0.0056076495 	0.2730288
0.075722403 	9.708884e-06 	0.0055655938 	0.2695977
0.076572093 	9.6853986e-06 	0.0055236368 	0.26619217
0.077430644 	9.6618487e-06 	0.0054817811 	0.26281233
0.078298149 	9.6382352e-06 	0.005440029 	0.25945831
0.079174701 	9.6145586e-06 	0.0053983832 	0.25613021
0.080060395 	9.5908199e-06 	0.0053568462 	0.25282814
0.080955325 	9.5670198e-06 	0.0053154204 	0.24955221
0.081859589 	9.5431592e-06 	0.0052741082 	0.2463025
0.082773283 	9.5192387e-06 	0.0052329121 	0.24307911
0.083696507 	9.4952592e-06 	0.0051918345 	0.23988213
0.084629358 	9.4712215e-06 	0.0051508777 	0.23671162
0.085571939 	9.4471264e-06 	0.0051100441 	0.23356767
0.086524349 	9.4229748e-06 	0.0050693361 	0.23045034
0.087486692 	9.3987674e-06 	0.0050287558 	0.22735969
0.088459071 	9.3745051e-06 	0.0049883056 	0.22429578
0.089441592 	9.3501888e-06 	0.0049479878 	0.22125866
0.090434358 	9.3258192e-06 	0.0049078045 	0.21824837
0.091437479 	9.3013972e-06 	0.0048677579 	0.21526494
0.092451061 	9.2769237e-06 	0.0048278503 	0.21230842
0.093475213 	9.2523996e-06 	0.0047880837 	0.20937883
0.094510047 	9.2278256e-06 	0.0047484603 	0.2064762
0.095555673 	9.2032026e-06 	0.0047089821 	0.20360053
0.096612203 	9.1785316e-06 	0.0046696512 	0.20075185
0.097679752 	9.1538135e-06 	0.0046304697 	0.19793016
0.098758435 	9.129049e-06 	0.0045914394 	0.19513545
0.099848367 	9.1042391e-06 	0.0045525623 	0.19236773
0.10094967 	9.0793846e-06 	0.0045138404 	0.18962698
0.10206245 	9.0544865e-06 	0.0044752757 	0.1869132
0.10318684 	9.0295457e-06 	0.0044368699 	0.18422636
0.10432296 	9.004563e-06 	0.0043986248 	0.18156643
0.10547092 	8.9795394e-06 	0.0043605424 	0.17893339
0.10663086 	8.9544757e-06 	0.0043226243 	0.1763272
0.10780289 	8.9293729e-06 	0.0042848723 	0.17374782
0.10898715 	8.9042318e-06 	0.004247288 	0.1711952
0.11018375 	8.8790535e-06 	0.0042098732 	0.16866931
0.11139284 	8.8538388e-06 	0.0041726296 	0.16617007
0.11261454 	8.8285886e-06 	0.0041355586 	0.16369745
0.11384897 	8.8033038e-06 	0.0040986619 	0.16125136
0.11509628 	8.7779855e-06 	0.004061941 	0.15883175
0.1163566 	8.7526344e-06 	0.0040253974 	0.15643854
0.11763007 	8.7272516e-06 	0.0039890325 	0.15407166
0.11891681 	8.701838e-06 	0.0039528478 	0.15173102
0.12021697 	8.6763944e-06 	0.0039168448 	0.14941654
0.1215307 	8.6509219e-06 	0.0038810246 	0.14712813
0.12285812 	8.6254213e-06 	0.0038453888 	0.1448657
0.12419939 	8.5998936e-06 	0.0038099385 	0.14262915
0.12555464 	8.5743398e-06 	0.003774675 	0.14041839
0.12692403 	8.5487607e-06 	0.0037395995 	0.13823329
0.1283077 	8.5231574e-06 	0.0037047133 	0.13607376
0.1297058 	8.4975306e-06 	0.0036700175 	0.13393968
0.13111848 	8.4718814e-06 	0.0036355131 	0.13183095
0.1325459 	8.4462108e-06 	0.0036012013 	0.12974743
0.1339882 	8.4205196e-06 	0.0035670831 	0.12768901
0.13544554 	8.3948087e-06 	0.0035331595 	0.12565556
0.13691808 	8.3690792e-06 	0.0034994314 	0.12364694
0.13840598 	8.343332e-06 	0.0034658999 	0.12166304
0.1399094 	8.3175679e-06 	0.0034325658 	0.11970371
0.14142849 	8.291788e-06 	0.00339943 	0.11776882
0.14296343 	8.2659932e-06 	0.0033664932 	0.11585821
0.14451437 	8.2401843e-06 	0.0033337564 	0.11397176
0.14608149 	8.2143623e-06 	0.0033012202 	0.1121093
0.14766496 	8.1885282e-06 	0.0032688854 	0.1102707
0.14926493 	8.1626829e-06 	0.0032367527 	0.1084558
0.1508816 	8.1368273e-06 	0.0032048227 	0.10666444
0.15251512 	8.1109623e-06 	0.0031730961 	0.10489647
0.15416568 	8.0850888e-06 	0.0031415734 	0.10315173
0.15583345 	8.0592078e-06 	0.0031102551 	0.10143005
0.15751862 	8.0333203e-06 	0.0030791419 	0.09973127
0.15922136 	8.007427e-06 	0.0030482342 	0.09805523
0.16094186 	7.9815289e-06 	0.0030175324 	0.096401756
0.1626803 	7.955627e-06 	0.0029870369 	0.094770681
0.16443687 	7.9297221e-06 	0.0029567482 	0.093161831
0.16621176 	7.9038151e-06 	0.0029266665 	0.091575034
0.16800516 	7.8779069e-06 	0.0028967923 	0.090010114
0.16981727 	7.8519985e-06 	0.0028671257 	0.088466894
0.17164827 	7.8260908e-06 	0.0028376671 	0.086945197
0.17349837 	7.8001845e-06 	0.0028084166 	0.085444842
0.17536776 	7.7742807e-06 	0.0027793744 	0.083965648
0.17725665 	7.7483802e-06 	0.0027505408 	0.082507434
0.17916524 	7.7224838e-06 	0.0027219158 	0.081070015
0.18109373 	7.6965925e-06 	0.0026934995 	0.079653207
0.18304234 	7.6707071e-06 	0.002665292 	0.078256824
0.18501127 	7.6448285e-06 	0.0026372933 	0.07688068
0.18700073 	7.6189575e-06 	0.0026095034 	0.075524588
0.18901094 	7.5930951e-06 	0.0025819223 	0.074188358
0.19104211 	7.567242e-06 	0.00255455 	0.072871802
0.19309447 	7.5413992e-06 	0.0025273863 	0.07157473
0.19516823 	7.5155674e-06 	0.0025004312 	0.070296952
0.19726361 	7.4897476e-06 	0.0024736844 	0.069038277
0.19938085 	7.4639404e-06 	0.0024471459 	0.067798513
0.20152017 	7.4381469e-06 	0.0024208155 	0.066577469
0.20368181 	7.4123678e-06 	0.0023946928 	0.065374953
0.20586598 	7.3866038e-06 	0.0023687777 	0.064190772
0.20807294 	7.360856e-06 	0.0023430698 	0.063024734
0.21030291 	7.335125e-06 	0.002317569 	0.061876646
0.21255613 	7.3094116e-06 	0.0022922748 	0.060746316
0.21483286 	7.2837167e-06 	0.0022671868 	0.05963355
0.21713333 	7.258041e-06 	0.0022423048 	0.058538156
0.21945779 	7.2323854e-06 	0.0022176283 	0.057459942
0.22180649 	7.2067507e-06 	0.0021931569 	0.056398714
0.22417969 	7.1811375e-06 	0.0021688901 	0.055354281
0.22657764 	7.1555467e-06 	0.0021448275 	0.05432645
0.2290006 	7.129979e-06 	0.0021209685 	0.053315031
0.23144882 	7.1044353e-06 	0.0020973126 	0.052319831
0.23392258 	7.0789162e-06 	0.0020738594 	0.05134066
0.23642213 	7.0534225e-06 	0.0020506081 	0.050377327
0.23894776 	7.0279549e-06 	0.0020275582 	0.049429643
0.24149972 	7.0025142e-06 	0.0020047092 	0.048497418
0.2440783 	6.9771011e-06 	0.0019820604 	0.047580464
0.24668377 	6.9517164e-06 	0.0019596112 	0.046678592
0.24931641 	6.9263607e-06 	0.0019373608 	0.045791615
0.25197651 	6.9010348e-06 	0.0019153087 	0.044919347
0.25466435 	6.8757393e-06 	0.001893454 	0.044061601
0.25738022 	6.850475e-06 	0.001871796 	0.043218193
0.26012442 	6.8252425e-06 	0.0018503341 	0.04238894
0.26289723 	6.8000426e-06 	0.0018290675 	0.041573656
0.26569896 	6.7748758e-06 	0.0018079954 	0.040772161
0.26852991 	6.7497429e-06 	0.0017871169 	0.039984273
0.27139039 	6.7246446e-06 	0.0017664313 	0.039209811
0.2742807 	6.6995815e-06 	0.0017459378 	0.038448597
0.27720115 	6.6745542e-06 	0.0017256355 	0.037700453
0.28015205 	6.6495635e-06 	0.0017055235 	0.0369652
0.28313373 	6.6246098e-06 	0.0016856011 	0.036242665
0.28614651 	6.5996939e-06 	0.0016658672 	0.03553267
0.28919071 	6.5748164e-06 	0.001646321 	0.034835044
0.29226666 	6.5499779e-06 	0.0016269616 	0.034149613
0.29537468 	6.525179e-06 	0.001607788 	0.033476207
0.29851512 	6.5004203e-06 	0.0015887994 	0.032814655
0.30168831 	6.4757023e-06 	0.0015699947 	0.03216479
0.30489459 	6.4510258e-06 	0.0015513731 	0.031526444
0.30813432 	6.4263913e-06 	0.0015329334 	0.03089945
0.31140782 	6.4017992e-06 	0.0015146748 	0.030283644
0.31471547 	6.3772503e-06 	0.0014965962 	0.029678864
0.31805762 	6.3527451e-06 	0.0014786967 	0.029084947
0.32143461 	6.3282841e-06 	0.0014609751 	0.028501733
0.32484683 	6.3038678e-06 	0.0014434306 	0.027929062
0.32829463 	6.2794969e-06 	0.001426062 	0.027366777
0.33177839 	6.2551718e-06 	0.0014088683 	0.026814723
0.33529849 	6.230893e-06 	0.0013918485 	0.026272744
0.33885529 	6.2066611e-06 	0.0013750014 	0.025740686
0.34244919 	6.1824766e-06 	0.0013583261 	0.025218399
0.34608056 	6.15834e-06 	0.0013418213 	0.024705732
0.34974981 	6.1342517e-06 	0.0013254862 	0.024202535
0.35345733 	6.1102124e-06 	0.0013093195 	0.023708663
0.35720351 	6.0862224e-06 	0.0012933201 	0.023223969
0.36098876 	6.0622822e-06 	0.0012774871 	0.022748308
0.36481349 	6.0383922e-06 	0.0012618191 	0.022281539
0.3686781 	6.0145531e-06 	0.0012463152 	0.021823519
0.37258302 	5.9907651e-06 	0.0012309742 	0.021374109
0.37652866 	5.9670288e-06 	0.001215795 	0.020933172
0.38051546 	5.9433446e-06 	0.0012007764 	0.02050057
0.38454383 	5.9197129e-06 	0.0011859174 	0.020076168
0.38861421 	5.8961342e-06 	0.0011712168 	0.019659834
0.39272704 	5.8726089e-06 	0.0011566734 	0.019251434
0.39688276 	5.8491372e-06 	0.0011422861 	0.018850838
0.40108183 	5.8257198e-06 	0.0011280537 	0.018457918
0.40532468 	5.802357e-06 	0.0011139751 	0.018072547
0.40961179 	5.7790491e-06 	0.0011000492 	0.017694598
0.4139436 	5.7557966e-06 	0.0010862747 	0.017323947
0.41832059 	5.7325998e-06 	0.0010726506 	0.016960472
0.42274323 	5.7094591e-06 	0.0010591756 	0.016604051
0.427212 	5.6863749e-06 	0.0010458487 	0.016254565
0.43172736 	5.6633475e-06 	0.0010326686 	0.015911895
0.43628982 	5.6403773e-06 	0.0010196342 	0.015575925
0.44089986 	5.6174645e-06 	0.0010067443 	0.01524654
0.44555798 	5.5946097e-06 	0.00099399781 	0.014923627
0.45026468 	5.571813e-06 	0.00098139349 	0.014607072
0.45502046 	5.5490748e-06 	0.00096893021 	0.014296767
0.45982584 	5.5263954e-06 	0.00095660679 	0.013992601
0.46468134 	5.5037751e-06 	0.00094442209 	0.013694466
0.46958747 	5.4812143e-06 	0.00093237494 	0.013402258
0.47454477 	5.4587131e-06 	0.00092046418 	0.013115871
0.47955377 	5.4362721e-06 	0.00090868864 	0.012835201
0.48461501 	5.4138913e-06 	0.00089704718 	0.012560148
0.48972903 	5.3915711e-06 	0.00088553864 	0.012290611
0.49489639 	5.3693118e-06 	0.00087416186 	0.012026491
0.50011763 	5.3471136e-06 	0.0008629157 	0.01176769
0.50539333 	5.3249767e-06 	0.000851799 	0.011514112
0.51072405 	5.3029015e-06 	0.00084081061 	0.011265663
0.51611036 	5.2808882e-06 	0.0008299494 	0.01102225
0.52155285 	5.258937e-06 	0.00081921421 	0.01078378
0.52705209 	5.2370482e-06 	0.00080860392 	0.010550164
0.53260869 	5.2152219e-06 	0.00079811739 	0.010321312
0.53822324 	5.1934584e-06 	0.00078775348 	0.010097136
0.54389634 	5.171758e-06 	0.00077751107 	0.0098775491
0.54962861 	5.1501208e-06 	0.00076738903 	0.0096624671
0.55542065 	5.1285471e-06 	0.00075738623 	0.0094518058
0.5612731 	5.107037e-06 	0.00074750158 	0.0092454827
0.56718659 	5.0855907e-06 	0.00073773394 	0.0090434165
0.57316175 	5.0642084e-06 	0.00072808221 	0.0088455272
0.57919923 	5.0428904e-06 	0.00071854529 	0.0086517361
0.58529966 	5.0216367e-06 	0.00070912208 	0.0084619658
0.59146372 	5.0004476e-06 	0.00069981148 	0.0082761399
0.59769207 	4.9793232e-06 	0.0006906124 	0.0080941836
0.60398537 	4.9582637e-06 	0.00068152376 	0.0079160229
0.6103443 	4.9372693e-06 	0.00067254447 	0.0077415853
0.61676955 	4.91634e-06 	0.00066367346 	0.0075707994
0.62326181 	4.8954761e-06 	0.00065490966 	0.0074035949
0.62982178 	4.8746776e-06 	0.000646252 	0.0072399028
0.63645016 	4.8539447e-06 	0.00063769943 	0.007079655
0.64314767 	4.8332776e-06 	0.00062925088 	0.0069227848
0.64991502 	4.8126763e-06 	0.00062090532 	0.0067692266
0.65675295 	4.7921411e-06 	0.00061266169 	0.0066189156
0.6636622 	4.7716718e-06 	0.00060451896 	0.0064717885
0.6706435 	4.7512688e-06 	0.0005964761 	0.0063277827
0.67769761 	4.7309321e-06 	0.00058853208 	0.006186837
0.68482528 	4.7106618e-06 	0.00058068589 	0.0060488911
0.6920273 	4.690458e-06 	0.00057293651 	0.0059138856
0.69930442 	4.6703208e-06 	0.00056528293 	0.0057817625
0.70665743 	4.6502502e-06 	0.00055772415 	0.0056524643
0.71408713 	4.6302464e-06 	0.00055025918 	0.005525935
0.72159431 	4.6103094e-06 	0.00054288702 	0.0054021193
0.72917978 	4.5904394e-06 	0.0005356067 	0.0052809629
0.73684436 	4.5706362e-06 	0.00052841725 	0.0051624126
0.74458888 	4.5509001e-06 	0.00052131768 	0.0050464159
0.75241416 	4.5312311e-06 	0.00051430704 	0.0049329215
0.76032106 	4.5116292e-06 	0.00050738438 	0.0048218788
0.76831041 	4.4920945e-06 	0.00050054874 	0.0047132382
0.77638309 	4.4726271e-06 	0.00049379918 	0.0046069512
0.78453995 	4.4532269e-06 	0.00048713476 	0.0045029697
0.79278189 	4.433894e-06 	0.00048055456 	0.004401247
0.80110977 	4.4146284e-06 	0.00047405765 	0.0043017368
0.80952451 	4.3954302e-06 	0.00046764312 	0.004204394
0.81802701 	4.3762994e-06 	0.00046131005 	0.0041091742
0.82661818 	4.357236e-06 	0.00045505756 	0.0040160337
0.83529894 	4.33824e-06 	0.00044888473 	0.0039249298
0.84407024 	4.3193115e-06 	0.00044279069 	0.0038358204
0.85293301 	4.3004504e-06 	0.00043677455 	0.0037486644
0.86188821 	4.2816567e-06 	0.00043083544 	0.0036634214
0.87093681 	4.2629305e-06 	0.00042497248 	0.0035800516
0.88007977 	4.2442718e-06 	0.00041918483 	0.0034985161
0.88931809 	4.2256804e-06 	0.00041347162 	0.0034187768
0.89865275 	4.2071566e-06 	0.00040783201 	0.0033407961
0.90808476 	4.1887001e-06 	0.00040226517 	0.0032645373
0.91761514 	4.170311e-06 	0.00039677025 	0.0031899644
0.92724491 	4.1519893e-06 	0.00039134644 	0.0031170419
0.93697511 	4.133735e-06 	0.00038599291 	0.0030457352
0.94680679 	4.115548e-06 	0.00038070885 	0.0029760103
0.956741 	4.0974282e-06 	0.00037549346 	0.0029078338
0.96677881 	4.0793757e-06 	0.00037034594 	0.0028411731
0.97692131 	4.0613905e-06 	0.00036526551 	0.0027759959
0.98716958 	4.0434724e-06 	0.00036025137 	0.002712271
0.99752474 	4.0256215e-06 	0.00035530276 	0.0026499673
1.0079879 	4.0078377e-06 	0.0003504189 	0.0025890547
1.0185602 	3.9901209e-06 	0.00034559902 	0.0025295036
1.0292427 	3.9724711e-06 	0.00034084239 	0.0024712849
1.0400366 	3.9548882e-06 	0.00033614823 	0.0024143701
1.0509431 	3.9373722e-06 	0.00033151583 	0.0023587313
1.0619634 	3.919923e-06 	0.00032694443 	0.0023043412
1.0730985 	3.9025406e-06 	0.00032243331 	0.0022511728
1.0843498 	3.8852249e-06 	0.00031798175 	0.0021992
1.0957185 	3.8679757e-06 	0.00031358904 	0.002148397
1.1072057 	3.8507931e-06 	0.00030925447 	0.0020987384
1.1188127 	3.833677e-06 	0.00030497733 	0.0020501997
1.1305407 	3.8166273e-06 	0.00030075695 	0.0020027566
1.1423911 	3.7996439e-06 	0.00029659262 	0.0019563853
1.1543651 	3.7827267e-06 	0.00029248366 	0.0019110625
1.1664639 	3.7658756e-06 	0.00028842941 	0.0018667655
1.1786889 	3.7490906e-06 	0.0002844292 	0.001823472
1.1910414 	3.7323716e-06 	0.00028048236 	0.00178116
1.2035227 	3.7157184e-06 	0.00027658825 	0.0017398082
1.2161342 	3.699131e-06 	0.00027274621 	0.0016993955
1.2288773 	3.6826093e-06 	0.0002689556 	0.0016599015
1.2417532 	3.6661532e-06 	0.0002652158 	0.0016213059
1.2547634 	3.6497626e-06 	0.00026152617 	0.0015835891
1.2679093 	3.6334373e-06 	0.00025788609 	0.0015467318
1.2811922 	3.6171773e-06 	0.00025429495 	0.001510715
1.2946137 	3.6009824e-06 	0.00025075214 	0.0014755202
1.3081752 	3.5848526e-06 	0.00024725706 	0.0014411294
1.3218781 	3.5687878e-06 	0.0002438091 	0.0014075246
1.335724 	3.5527878e-06 	0.00024040769 	0.0013746887
1.3497142 	3.5368525e-06 	0.00023705224 	0.0013426045
1.3638503 	3.5209818e-06 	0.00023374217 	0.0013112554
1.3781338 	3.5051756e-06 	0.0002304769 	0.0012806251
1.3925664 	3.4894337e-06 	0.00022725588 	0.0012506976
1.4071494 	3.4737561e-06 	0.00022407855 	0.0012214573
1.4218845 	3.4581426e-06 	0.00022094436 	0.0011928888
1.4367733 	3.442593e-06 	0.00021785275 	0.0011649773
1.4518173 	3.4271074e-06 	0.00021480319 	0.001137708
1.4670183 	3.4116854e-06 	0.00021179515 	0.0011110666
1.4823778 	3.3963271e-06 	0.00020882808 	0.0010850391
1.4978975 	3.3810322e-06 	0.00020590147 	0.0010596116
1.513579 	3.3658007e-06 	0.00020301481 	0.0010347708
1.529424 	3.3506323e-06 	0.00020016757 	0.0010105035
1.5454344 	3.335527e-06 	0.00019735927 	0.00098679687
1.5616116 	3.3204846e-06 	0.00019458939 	0.00096363822
1.5779576 	3.305505e-06 	0.00019185744 	0.00094101524
1.5944741 	3.2905881e-06 	0.00018916293 	0.00091891585
1.6111628 	3.2757336e-06 	0.00018650537 	0.00089732827
1.6280256 	3.2609414e-06 	0.0001838843 	0.00087624093
1.6450642 	3.2462115e-06 	0.00018129923 	0.00085564255
1.6622805 	3.2315437e-06 	0.00017874971 	0.00083552206
1.6796764 	3.2169378e-06 	0.00017623527 	0.00081586864
1.6972537 	3.2023936e-06 	0.00017375544 	0.00079667171
1.7150143 	3.1879111e-06 	0.00017130978 	0.0007779209
1.7329601 	3.17349e-06 	0.00016889785 	0.00075960609
1.7510931 	3.1591302e-06 	0.0001665192 	0.00074171738
1.7694152 	3.1448316e-06 	0.0001641734 	0.00072424509
1.7879284 	3.130594e-06 	0.00016186002 	0.00070717974
1.8066346 	3.1164172e-06 	0.00015957864 	0.00069051206
1.825536 	3.1023012e-06 	0.00015732882 	0.00067423298
1.8446344 	3.0882457e-06 	0.00015511016 	0.00065833361
1.8639321 	3.0742505e-06 	0.00015292224 	0.00064280529
1.883431 	3.0603156e-06 	0.00015076466 	0.00062763954
1.9031332 	3.0464407e-06 	0.00014863702 	0.00061282808
1.9230409 	3.0326258e-06 	0.00014653892 	0.00059836281
1.9431562 	3.0188706e-06 	0.00014446998 	0.00058423578
1.9634814 	3.0051749e-06 	0.0001424298 	0.00057043923
1.9840185 	2.9915387e-06 	0.00014041799 	0.00055696558
2.0047697 	2.9779617e-06 	0.00013843419 	0.0005438074
2.0257374 	2.9644438e-06 	0.00013647802 	0.00053095745
2.0469238 	2.9509848e-06 	0.00013454912 	0.00051840864
2.0683311 	2.9375845e-06 	0.00013264712 	0.00050615407
2.0899616 	2.9242429e-06 	0.00013077165 	0.00049418694
2.1118178 	2.9109598e-06 	0.00012892237 	0.00048250063
2.1339019 	2.8977348e-06 	0.00012709893 	0.00047108865
2.1562163 	2.8845679e-06 	0.00012530096 	0.00045994466
2.1787634 	2.8714589e-06 	0.00012352814 	0.00044906247
2.2015456 	2.8584077e-06 	0.00012178013 	0.00043843604
2.2245655 	2.845414e-06 	0.00012005659 	0.00042805947
2.2478254 	2.8324778e-06 	0.0001183572 	0.00041792697
2.2713279 	2.8195989e-06 	0.00011668162 	0.00040803289
2.2950755 	2.806777e-06 	0.00011502955 	0.0003983717
2.3190708 	2.7940119e-06 	0.00011340065 	0.00038893799
2.3433163 	2.7813036e-06 	0.00011179461 	0.00037972646
2.3678147 	2.7686517e-06 	0.00011021112 	0.00037073199
2.3925686 	2.7560563e-06 	0.00010864988 	0.00036194953
2.4175806 	2.7435171e-06 	0.00010711059 	0.00035337416
2.4428535 	2.731034e-06 	0.00010559296 	0.00034500108
2.4683899 	2.7186068e-06 	0.00010409669 	0.00033682556
2.4941927 	2.7062352e-06 	0.00010262148 	0.00032884301
2.5202646 	2.6939191e-06 	0.00010116705 	0.00032104892
2.5466083 	2.6816583e-06 	9.9733111e-05 	0.00031343892
2.5732268 	2.6694527e-06 	9.8319399e-05 	0.00030600874
2.6001229 	2.6573023e-06 	9.6925635e-05 	0.00029875418
2.6272996 	2.6452067e-06 	9.555154e-05 	0.00029167111
2.6547596 	2.6331658e-06 	9.4196851e-05 	0.00028475556
2.682506 	2.621179e-06 	9.2861255e-05 	0.00027800337
2.7105418 	2.6092474e-06 	9.1544617e-05 	0.00027141135
2.7388699 	2.5973654e-06 	9.0246279e-05 	0.00026497398
2.7674935 	2.5855581e-06 	8.8967987e-05 	0.00025869663
2.7964157 	2.5737267e-06 	8.770084e-05 	0.00025253593
2.8256394 	2.5622758e-06 	8.6482039e-05 	0.00024666168
2.8551679 	2.5495955e-06 	8.514899e-05 	0.0002403129
2.8850044 	2.5376793e-06 	8.3917617e-05 	0.00023450183
