1.0170124e-05 	-0.022156442 	-4.3672237e-07 	2.6642658e-21 	4599.622 	0.014980887 	-4.4193286e-19 	3.741124e-13 	-5.6112011e-20 	-5.4370048e-34
3.113662e-05 	-0.045218888 	-1.9681812e-06 	2.7163816e-21 	4598.9868 	0.041660899 	-5.9137946e-19 	2.6287166e-13 	7.952081e-19 	-9.2625103e-35
5.3394177e-05 	-0.077348204 	-5.2299784e-06 	6.9718663e-22 	4598.0299 	0.076007817 	-6.4812269e-19 	2.9666526e-13 	4.6054702e-18 	-1.0114463e-34
7.7022295e-05 	-0.11143652 	-1.058795e-05 	8.3737077e-22 	4596.3124 	0.1106854 	5.8583899e-20 	4.1966043e-13 	1.1136414e-17 	3.1027836e-35
0.00010210537 	-0.14755706 	-1.8413311e-05 	-1.2549127e-21 	4591.449 	0.14703914 	1.4333283e-18 	1.9271272e-13 	5.0477881e-18 	-1.3263786e-35
0.00012873299 	-0.18567267 	-2.9087871e-05 	-2.3316983e-21 	4578.215 	0.18510014 	1.2582471e-18 	-3.4974119e-13 	-1.6606775e-17 	-1.1321478e-34
0.00015700027 	-0.22557008 	-4.3049893e-05 	1.2250112e-21 	4549.6154 	0.22494291 	-2.2696543e-19 	-3.9450669e-13 	-1.8844071e-17 	5.1676844e-35
0.00018700818 	-0.26687182 	-6.075308e-05 	1.4323347e-21 	4499.6147 	0.26621753 	-4.0422182e-19 	-1.7549747e-13 	-9.7729572e-18 	-3.1729701e-35
0.00021886389 	-0.30908223 	-8.2654606e-05 	-1.7587813e-21 	4424.5078 	0.30841279 	-3.4450081e-19 	-1.5184624e-13 	-9.6954765e-18 	9.7951963e-35
0.00025268119 	-0.35160485 	-0.00010920877 	-2.1474615e-21 	4322.3023 	0.3509304 	-3.5595172e-19 	-1.2389226e-14 	-1.1588947e-19 	4.2520251e-35
0.00028858087 	-0.39374471 	-0.0001408447 	-1.8498454e-21 	4191.9222 	0.39307826 	5.0303009e-20 	-1.4995435e-15 	-8.9009669e-19 	-1.2182682e-34
0.00032669115 	-0.43472745 	-0.00017795252 	-3.5139956e-21 	4033.1337 	0.43408381 	1.4111779e-19 	-3.2629393e-14 	-1.7625455e-18 	-7.3501029e-35
0.00036714817 	-0.47374132 	-0.00022086328 	-2.0022323e-21 	3846.8451 	0.47313553 	3.8586196e-19 	-2.5125639e-14 	-4.2662971e-18 	-8.9500657e-35
0.00041009642 	-0.5099953 	-0.00026982438 	1.6600026e-21 	3635.3612 	0.50943982 	2.3568623e-19 	-8.2799709e-14 	-1.175137e-17 	6.4767209e-36
0.00045568931 	-0.54278414 	-0.00032500036 	-1.5114196e-21 	3402.4312 	0.54228901 	1.6610495e-18 	-5.9575434e-14 	-9.3391075e-18 	-1.4680006e-35
0.00050408968 	-0.57154841 	-0.00038647362 	1.3755144e-21 	3153.0745 	0.57112231 	1.5927715e-18 	-2.7036797e-13 	-5.2163434e-17 	-6.3336267e-35
0.00055547043 	-0.59592172 	-0.00045424697 	1.8891776e-20 	2893.2284 	0.59557027 	-3.7947642e-18 	-2.2457011e-13 	-4.2960382e-17 	-1.9941189e-34
0.00061001506 	-0.61575784 	-0.00052826207 	1.3024015e-20 	2629.2881 	0.61548253 	-4.2825992e-18 	1.7416053e-13 	4.5276575e-17 	-1.5794864e-34
0.0006679184 	-0.63113531 	-0.00060842644 	-1.2945004e-20 	2367.6147 	0.63093436 	3.2818523e-19 	2.150244e-13 	5.4993095e-17 	7.9141897e-35
0.00072938728 	-0.64234028 	-0.00069463261 	-6.047254e-21 	2114.0791 	0.64220835 	1.1215657e-18 	1.0119638e-13 	2.9732207e-17 	-6.6707923e-35
0.00079464125 	-0.64982968 	-0.00078678363 	4.5724878e-21 	1873.6909 	0.64975622 	1.2964122e-18 	6.7965521e-14 	2.308239e-17 	-3.8444468e-35
0.00086391338 	-0.65418042 	-0.0008848316 	6.5531994e-21 	1650.3402 	0.65415073 	8.5077088e-19 	-1.2859228e-15 	-1.5758565e-18 	3.2672414e-35
0.0009374511 	-0.65602984 	-0.00098879585 	2.1564281e-21 	1446.6643 	0.65602823 	-2.1511597e-19 	7.8664163e-15 	4.6606581e-18 	-2.2658664e-35
0.0010155171 	-0.65601479 	-0.0010987669 	-1.8196872e-20 	1264.0381 	0.65602623 	1.535395e-18 	9.3987288e-15 	2.2048761e-18 	-7.5909951e-35
0.0010983902 	-0.65471782 	-0.0012149148 	-2.4253888e-21 	1102.6787 	0.65472957 	1.3937193e-18 	-4.2332046e-14 	-2.5723726e-17 	-9.6228251e-35
0.0011863663 	-0.65262742 	-0.0013374901 	6.8999203e-21 	961.84065 	0.65263115 	-1.1487578e-19 	-3.3926658e-14 	-2.2425765e-17 	-2.1114229e-35
0.0012797599 	-0.65011678 	-0.0014668147 	-6.382188e-21 	840.06891 	0.65010933 	-1.6587145e-19 	-2.6940832e-14 	-2.0982302e-17 	3.9226225e-35
0.0013789043 	-0.64744103 	-0.0016032748 	9.2192415e-21 	735.46594 	0.64742361 	-1.6523787e-18 	-2.0927637e-14 	-1.6833824e-17 	1.4303726e-35
0.0014841538 	-0.64474857 	-0.0017473072 	2.1892413e-20 	645.93608 	0.64472472 	-2.4106309e-18 	1.2602342e-14 	1.469258e-17 	5.9856805e-36
0.0015958843 	-0.64210071 	-0.0018993853 	1.0655473e-21 	569.37932 	0.64207422 	9.2619567e-19 	2.859724e-14 	3.0804214e-17 	1.040719e-34
0.0017144948 	-0.63949325 	-0.0020600187 	-1.4241447e-20 	503.82425 	0.63946766 	2.4543205e-18 	-5.2890168e-15 	-9.415268e-18 	-8.2145966e-35
0.001840409 	-0.63687614 	-0.0022297527 	-1.1540306e-20 	447.50362 	0.636854 	-7.1482844e-19 	-1.5942554e-14 	-1.9898346e-17 	-1.1758747e-34
0.0019740768 	-0.63416886 	-0.0024091656 	-1.1167124e-20 	398.88446 	0.63414961 	-9.8613857e-19 	6.0356939e-15 	9.5887307e-18 	5.2126299e-35
0.0021159754 	-0.63127153 	-0.0025988658 	1.3057109e-20 	356.6678 	0.63125189 	-5.760648e-20 	6.3819657e-16 	-6.0219934e-20 	-2.3977683e-35
0.0022666117 	-0.62807303 	-0.0027995035 	2.1040427e-20 	319.77168 	0.62806994 	-9.5942392e-19 	5.0661951e-15 	1.1892222e-17 	-4.7878774e-35
0.0024265239 	-0.62446016 	-0.003011871 	-8.9226665e-21 	287.31078 	0.62457136 	6.8226172e-19 	1.0758405e-14 	2.2262924e-17 	-2.8402993e-35
0.002596283 	-0.62034101 	-0.0032370829 	-1.1289071e-20 	258.59219 	0.62071354 	1.5417446e-18 	-2.8722815e-15 	-8.3194728e-18 	1.596146e-36
0.0027764954 	-0.61573416 	-0.0034762116 	4.2070926e-21 	233.18517 	0.61604877 	-7.2176222e-20 	-5.8182361e-15 	-1.4772802e-17 	9.3447738e-36
0.0029678048 	-0.61114367 	-0.0037284218 	2.7085297e-21 	211.27004 	0.61082054 	-6.6522311e-19 	-1.7665531e-15 	-4.7025823e-18 	-7.9657083e-36
0.0031708945 	-0.60881854 	-0.0039947829 	-2.1818487e-21 	193.81447 	0.6081338 	-5.1085509e-19 	1.0416519e-15 	3.5089023e-18 	-2.32502e-35
0.00338649 	-0.61190904 	-0.004282273 	-7.7500473e-21 	181.37359 	0.61149133 	7.8254577e-21 	3.7921405e-15 	1.305318e-17 	-6.795805e-36
0.0036153613 	-0.62034262 	-0.0045925018 	-5.5952015e-21 	172.7335 	0.62026199 	4.6002193e-19 	5.6134113e-16 	1.3620518e-18 	4.6475413e-36
0.0038583258 	-0.63098778 	-0.0049196303 	2.0413686e-21 	165.81608 	0.63104103 	-3.9846139e-20 	-1.6522203e-15 	-6.1272145e-18 	-6.4226158e-36
0.0041162514 	-0.64171829 	-0.0052631127 	4.6994163e-22 	159.33333 	0.64169057 	-3.1199543e-19 	1.0506127e-15 	4.447478e-18 	-6.1882803e-36
0.0043900594 	-0.65200773 	-0.0056256239 	9.754806e-22 	152.9067 	0.6518574 	1.5277781e-19 	1.6166517e-15 	6.8475322e-18 	2.1221106e-36
0.0046807278 	-0.66171176 	-0.0060074977 	-4.7754012e-22 	146.48841 	0.66153243 	4.4084749e-19 	-4.9758748e-16 	-2.6458726e-18 	4.7424062e-37
0.0049892948 	-0.67077322 	-0.0064085695 	4.7764477e-21 	140.10002 	0.67060351 	-1.275086e-19 	-2.3318999e-15 	-1.1102514e-17 	-1.9761544e-37
0.0053168625 	-0.67914723 	-0.0068287287 	6.8282189e-21 	133.77269 	0.67899111 	-3.8282308e-19 	5.7263785e-16 	3.528618e-18 	3.7169907e-36
0.0056646009 	-0.68678032 	-0.0072678148 	-1.220228e-20 	127.53374 	0.68663665 	4.2925805e-19 	8.5535967e-16 	3.9966037e-18 	-4.1191348e-36
0.0060337521 	-0.69360338 	-0.0077254897 	-4.5642254e-21 	121.40407 	0.69347285 	1.484503e-19 	-2.3093838e-15 	-1.3494213e-17 	-8.5235352e-36
0.0064256347 	-0.69952826 	-0.0082011671 	1.051128e-20 	115.39831 	0.6994125 	-6.0167557e-19 	-2.1376277e-16 	-4.7930535e-19 	4.4900036e-36
0.0068416484 	-0.70444554 	-0.0086939445 	-6.5461203e-21 	109.52552 	0.70434644 	8.3053149e-20 	1.5328081e-15 	9.7232295e-18 	-2.2887763e-36
0.007283279 	-0.70822251 	-0.0092025055 	-8.0607291e-21 	103.79002 	0.70814231 	4.3967979e-19 	-5.919322e-16 	-4.4666016e-18 	-1.0031419e-35
0.0077521041 	-0.71070118 	-0.0097249843 	1.3459914e-21 	98.192078 	0.71064243 	-1.1394186e-19 	-9.3128224e-16 	-6.4774723e-18 	-1.0025511e-36
0.0082497982 	-0.71169605 	-0.010258815 	4.8819821e-22 	92.728512 	0.7116617 	-2.3089156e-19 	5.670147e-17 	5.2826746e-19 	5.9983576e-39
0.008778139 	-0.71099161 	-0.01080057 	5.8860217e-21 	87.393168 	0.71098527 	-1.0280898e-19 	2.7198538e-16 	2.2206608e-18 	-5.2508274e-37
0.0093390136 	-0.70833965 	-0.011345781 	8.9730243e-21 	82.177329 	0.70836552 	-1.1978225e-19 	4.6852369e-16 	4.0580025e-18 	-7.6450273e-37
0.0099344254 	-0.70345637 	-0.01188879 	6.0195491e-21 	77.070119 	0.70351928 	-6.9010598e-21 	6.6275682e-16 	6.0359696e-18 	2.9879272e-37
0.010566501 	-0.69601944 	-0.012422579 	-8.1253612e-21 	72.05896 	0.69612493 	1.5640874e-19 	3.6069301e-16 	3.41977e-18 	-6.6997048e-37
0.011237498 	-0.68566545 	-0.012938588 	-1.704216e-20 	67.13014 	0.68581957 	7.1104651e-20 	-8.8357887e-18 	-8.8668956e-20 	-2.9813696e-37
0.011949813 	-0.6719885 	-0.013426495 	-1.2844873e-20 	62.269561 	0.67219777 	1.3203347e-19 	9.6902361e-17 	1.0467833e-18 	1.3462786e-36
0.012705991 	-0.6545419 	-0.013873951 	-3.3975316e-21 	57.463739 	0.65481322 	2.6339559e-19 	-3.6918246e-16 	-4.452265e-18 	-2.2628001e-36
0.013508733 	-0.63284538 	-0.014266242 	2.5488696e-20 	52.701098 	0.63318575 	-1.9826892e-19 	-6.2562633e-16 	-7.391809e-18 	-3.5337832e-37
0.014360904 	-0.60640144 	-0.014585964 	2.3955852e-20 	47.973596 	0.6068174 	-3.9287818e-19 	1.8569186e-16 	2.5785439e-18 	4.915134e-37
0.015265551 	-0.5747235 	-0.014812805 	-1.3391659e-20 	43.278508 	0.57522106 	7.9155112e-20 	3.9077551e-16 	5.0959083e-18 	-8.6004251e-37
0.016225903 	-0.53737505 	-0.014923385 	-1.2700183e-20 	38.619974 	0.53795916 	2.0334386e-19 	-7.1015769e-18 	-1.8449708e-19 	-6.6554399e-38
0.017245391 	-0.4940181 	-0.014891369 	6.5721021e-21 	34.009857 	0.49469306 	-4.3770047e-20 	-8.3759999e-17 	-1.1898002e-18 	-3.1004249e-37
0.018327656 	-0.44445539 	-0.014688325 	5.3093749e-21 	29.466717 	0.44522678 	-8.6168249e-20 	5.3739977e-17 	8.372004e-19 	-1.9714141e-37
0.019476565 	-0.38858712 	-0.014284 	-1.843852e-21 	25.010288 	0.38948781 	1.1193309e-19 	6.6239897e-17 	1.0149312e-18 	-3.0251523e-37
0.02069622 	-0.32623785 	-0.013644038 	7.73634e-22 	20.650656 	0.32735711 	1.2417243e-19 	-9.0098633e-17 	-1.4350878e-18 	3.5723164e-37
0.021990978 	-0.25692596 	-0.012718337 	-6.4935694e-22 	16.379911 	0.25817674 	-1.295079e-19 	-9.8961099e-17 	-1.6043751e-18 	-2.0235614e-37
0.023365464 	-0.1802721 	-0.011426985 	-8.2963741e-21 	12.203792 	0.18128384 	-1.4115569e-19 	3.3016541e-17 	4.0294822e-19 	-3.3982654e-37
0.024824587 	-0.09933462 	-0.009814267 	-2.727077e-21 	8.2656598 	0.10021638 	5.3149789e-20 	5.0843618e-17 	7.6290895e-19 	4.7600606e-37
0.026373559 	-0.025290728 	-0.0081995598 	1.4312458e-21 	4.9296886 	0.026284168 	6.160081e-20 	5.0409395e-18 	1.5116407e-19 	-1.9166145e-40
0.028017912 	0.028592032 	-0.006940857 	-5.2534314e-21 	2.5516339 	-0.027828217 	2.8685374e-20 	-3.4738093e-18 	-7.2079953e-20 	-2.3681944e-37
0.02976352 	0.059870323 	-0.006161349 	-1.0943693e-20 	1.142639 	-0.05939226 	8.0860537e-20 	-5.4554028e-19 	1.806868e-19 	4.6866088e-38
0.031616619 	0.075835308 	-0.0057391305 	3.9749778e-21 	0.40832826 	-0.075495115 	-1.9649037e-20 	-2.0453511e-18 	4.0970456e-19 	-1.1244287e-37
0.033583826 	0.083871798 	-0.0054717412 	2.0690253e-20 	0.036967627 	-0.083745943 	-1.4264103e-19 	-1.1913186e-18 	-3.2104266e-20 	-3.8684898e-37
0.035672168 	0.088114092 	-0.0052720269 	7.8437123e-21 	-0.15847493 	-0.088142286 	-2.9056894e-20 	-5.8449141e-19 	-4.1763826e-19 	-2.1916911e-37
0.037889105 	0.090396497 	-0.005121153 	-4.8567237e-21 	-0.26439336 	-0.090408666 	7.0900576e-20 	1.0929902e-19 	-3.8610394e-20 	-3.1783359e-38
0.040242556 	0.091577203 	-0.0049882381 	1.4218118e-21 	-0.31986296 	-0.091553917 	7.5901788e-21 	5.9295989e-19 	1.8366632e-19 	-1.2396837e-37
0.042740925 	0.09217067 	-0.0048605035 	1.0778045e-21 	-0.34624814 	-0.09216024 	-1.6160598e-20 	-1.4533296e-19 	-3.2175195e-20 	3.3965874e-38
0.045393137 	0.092463972 	-0.0047333766 	-2.7106929e-21 	-0.35627585 	-0.092456301 	1.5297591e-20 	-1.068945e-20 	-1.1049957e-21 	3.3534553e-38
0.048208665 	0.092605372 	-0.0046033926 	9.6095813e-21 	-0.35693263 	-0.092600789 	-2.3938929e-20 	1.7394824e-19 	4.3960163e-20 	-5.0222591e-38
0.051197566 	0.092668969 	-0.0044687101 	2.8147325e-21 	-0.35193502 	-0.092665762 	-1.6150557e-20 	-8.5116889e-19 	-2.2544569e-19 	1.7537964e-38
0.054370516 	0.092691658 	-0.0043284058 	-1.9819266e-20 	-0.34324559 	-0.092689369 	5.795021e-20 	-7.1909785e-19 	-1.8912944e-19 	4.7414252e-38
0.057738847 	0.092690948 	-0.0041819795 	-8.708585e-21 	-0.33189161 	-0.092689362 	1.96343e-20 	7.4648522e-19 	2.1308133e-19 	7.6713213e-38
0.061314592 	0.092674832 	-0.0040290975 	3.6541414e-21 	-0.31844309 	-0.09267363 	-4.0163629e-20 	7.1153472e-19 	2.0050339e-19 	1.4137793e-37
0.06511052 	0.092647321 	-0.0038694763 	-2.1630157e-21 	-0.30328445 	-0.092646421 	-1.1964986e-20 	-2.5385636e-19 	-8.0212026e-20 	3.3728375e-38
0.069140193 	0.092610776 	-0.0037028978 	-2.675386e-21 	-0.28673386 	-0.092609987 	8.4664679e-21 	-2.5496612e-19 	-7.6960544e-20 	-6.0116077e-39
0.073418001 	0.09256699 	-0.0035291234 	5.5188632e-21 	-0.26908716 	-0.092566527 	-2.4387551e-22 	7.4878018e-20 	2.779814e-20 	-9.5805632e-39
0.077959226 	0.092517583 	-0.003347952 	6.6382905e-21 	-0.25062803 	-0.092516862 	1.4470743e-21 	-3.4396187e-20 	-1.4010196e-20 	7.2631965e-39
0.082780087 	0.092464129 	-0.0031591285 	-1.1001977e-20 	-0.23162322 	-0.092464104 	1.7317641e-20 	-5.7967094e-20 	-2.0282766e-20 	5.5366696e-39
0.087897803 	0.092408117 	-0.0029624309 	-1.4695944e-20 	-0.21231377 	-0.092407136 	1.3170591e-20 	7.8347774e-20 	2.6797985e-20 	-1.0514888e-38
0.093330656 	0.092350942 	-0.0027576187 	-9.6087188e-21 	-0.19290777 	-0.092351364 	-5.1761693e-21 	-1.1391084e-19 	-7.0244497e-20 	-6.2395269e-39
