1.0170124e-05 	0.061085607 	-1.5668069e-05 	-2.1002088e-21 	2252.7579 	-0.042322245 	-1.9314185e-18 	-2.8657531e-13 	5.6532167e-18 	2.6153631e-34
3.113662e-05 	0.12488319 	-6.9807874e-05 	-6.2851719e-21 	2252.5472 	-0.11586923 	2.7120155e-19 	-2.2008561e-13 	9.4793821e-18 	2.6864907e-35
5.3394177e-05 	0.2115161 	-0.0001839812 	-2.7652209e-21 	2252.264 	-0.20814216 	1.9231797e-18 	-5.4797471e-14 	1.470273e-18 	4.8636947e-35
7.7022295e-05 	0.3037465 	-0.00037119451 	9.3286147e-21 	2251.9729 	-0.30198054 	7.1702801e-19 	4.1574302e-14 	-8.0905595e-18 	2.9368874e-35
0.00010210537 	0.40196223 	-0.00064457367 	8.5235622e-21 	2251.6541 	-0.40078426 	1.0036106e-18 	2.2245187e-14 	-4.8737269e-18 	2.2330659e-35
0.00012873299 	0.50658363 	-0.0010180016 	-9.9261675e-21 	2251.291 	-0.50527261 	2.91954e-18 	1.3281148e-13 	-3.4995858e-17 	2.323205e-34
0.00015700027 	0.6180627 	-0.0015084799 	-5.4878662e-21 	2250.8526 	-0.61665598 	-4.990594e-19 	2.6233677e-13 	-7.1436055e-17 	4.033164e-36
0.00018700818 	0.73684094 	-0.0021356008 	1.5216941e-20 	2250.2695 	-0.73545497 	-5.0857326e-18 	5.6258279e-14 	-1.1424914e-17 	-1.4604726e-35
0.00021886389 	0.86314224 	-0.0029209782 	8.7778255e-21 	2249.3667 	-0.86180111 	-3.3647235e-18 	-1.7933718e-13 	6.5847091e-17 	1.3642585e-34
0.00025268119 	0.9965062 	-0.003886927 	-5.0827017e-21 	2247.764 	-0.99515101 	9.0990794e-19 	-1.9043182e-13 	8.4729837e-17 	-5.4174003e-35
0.00028858087 	1.1352511 	-0.0050543807 	-1.1308195e-20 	2244.8169 	-1.1338259 	3.0371144e-18 	-6.7032933e-14 	3.6402474e-17 	-1.0205649e-35
0.00032669115 	1.2762554 	-0.0064408777 	-8.725408e-22 	2239.6712 	-1.2747797 	1.1790439e-18 	5.970682e-14 	-3.8475391e-17 	1.7967043e-35
0.00036714817 	1.4151986 	-0.0080594061 	5.7493065e-21 	2231.4074 	-1.4137532 	-9.4365163e-19 	8.0274938e-15 	-9.0016805e-18 	-8.2927009e-36
0.00041009642 	1.5470343 	-0.0099183718 	-2.8740837e-21 	2219.1869 	-1.5457145 	-6.2732593e-20 	-4.5477319e-14 	3.6927258e-17 	7.2951847e-35
0.00045568931 	1.6664742 	-0.01202205 	-6.5523365e-21 	2202.3467 	-1.6653748 	1.2683985e-20 	6.658596e-15 	4.1237322e-19 	2.8880659e-35
0.00050408968 	1.7684331 	-0.014371263 	-2.5430352e-21 	2180.4451 	-1.7676419 	-4.6075215e-19 	3.6992638e-14 	-3.2900263e-17 	5.7462812e-35
0.00055547043 	1.8484045 	-0.016963727 	-1.8378655e-21 	2153.2769 	-1.8479825 	7.6569277e-19 	2.9206772e-14 	-2.6646462e-17 	2.2847907e-35
0.00061001506 	1.90272 	-0.019794031 	6.1122258e-21 	2120.8602 	-1.9027007 	2.0781788e-18 	-4.2866815e-15 	8.1447761e-18 	-2.7169367e-36
0.0006679184 	1.9287197 	-0.022853538 	3.6636119e-21 	2083.397 	-1.9291242 	1.9812922e-18 	-5.3302167e-14 	5.1970969e-17 	-3.2332579e-35
0.00072938728 	1.9248811 	-0.026130182 	-3.4661591e-21 	2041.2239 	-1.9257226 	-6.0569593e-19 	-6.6200121e-14 	5.6766074e-17 	2.7510367e-35
0.00079464125 	1.8908989 	-0.029608688 	5.4994109e-20 	1994.7607 	-1.8921779 	-2.7942417e-18 	-2.3662318e-14 	1.8283105e-17 	-5.4285759e-35
0.00086391338 	1.8276867 	-0.033271084 	-4.1320567e-20 	1944.4598 	-1.8293882 	6.5930856e-19 	1.2145822e-14 	-8.61509e-18 	-1.9224137e-35
0.0009374511 	1.7372958 	-0.037097414 	-4.6756839e-20 	1890.7637 	-1.7393903 	-7.8310559e-19 	-1.3652548e-14 	1.3943065e-17 	5.8207198e-35
0.0010155171 	1.6227528 	-0.041066623 	1.03749e-19 	1834.0752 	-1.6252009 	-8.4710165e-18 	8.3099564e-15 	-5.8679695e-18 	-1.4671268e-34
0.0010983902 	1.4878274 	-0.04515771 	-8.6744514e-20 	1774.7439 	-1.4905781 	1.2581189e-18 	5.675891e-14 	-4.771623e-17 	8.1454108e-35
0.0011863663 	1.3367492 	-0.049351502 	-3.6956763e-20 	1713.0684 	-1.3397109 	1.007278e-17 	2.470581e-15 	-3.3070093e-18 	-5.873155e-35
0.0012797599 	1.1739041 	-0.053631712 	2.8119036e-19 	1649.3091 	-1.1769114 	-2.5528401e-18 	-1.8332443e-14 	1.7599391e-17 	-1.4773894e-36
0.0013789043 	1.0035475 	-0.057979766 	-1.1030981e-20 	1583.7046 	-1.0065519 	-1.6365559e-18 	1.2880244e-14 	-7.8391147e-18 	7.5218575e-35
0.0014841538 	0.82957642 	-0.062363276 	-1.8922823e-19 	1516.4849 	-0.83322764 	4.8427468e-18 	-9.6918083e-15 	1.8303528e-18 	-1.5773053e-34
0.0015958843 	0.65539361 	-0.066772529 	-5.1028741e-20 	1447.8725 	-0.6603633 	-3.378698e-18 	-1.1231082e-14 	5.7884108e-18 	-7.5064864e-35
0.0017144948 	0.48392743 	-0.071358072 	-1.4108113e-19 	1378.0694 	-0.4879395 	9.5675916e-19 	5.5366112e-15 	-2.8112411e-18 	-4.8822634e-35
0.001840409 	0.31789646 	-0.07598658 	1.4640872e-19 	1307.2322 	-0.31560678 	1.3331543e-18 	-9.951549e-15 	2.125865e-18 	1.7341182e-34
0.0019740768 	0.16046857 	-0.080483817 	2.4830293e-19 	1235.3949 	-0.15609181 	-4.6394954e-18 	1.7517476e-15 	1.6512484e-18 	-1.5717753e-35
0.0021159754 	0.013523499 	-0.084586695 	-7.9099755e-20 	1162.4704 	-0.021813762 	5.4560769e-18 	4.1440359e-15 	-1.2459348e-18 	-2.3912723e-34
0.0022666117 	-0.12532881 	-0.088929744 	8.6205391e-20 	1088.282 	0.11259567 	-2.1160276e-18 	-1.157462e-14 	-8.9245927e-19 	2.547705e-36
0.0024265239 	-0.25793778 	-0.093900114 	-2.9243463e-20 	1012.2715 	0.25828548 	-1.7764835e-17 	7.4533098e-15 	3.5935353e-18 	-4.7575929e-35
0.002596283 	-0.38219787 	-0.098453263 	-3.0165697e-19 	933.19879 	0.38509527 	-6.5611766e-18 	2.1733805e-14 	9.3160478e-18 	7.4629145e-35
0.0027764954 	-0.49750468 	-0.10255065 	-7.0588828e-20 	849.07452 	0.49440929 	1.2945892e-17 	1.4749122e-14 	7.7168285e-18 	-1.2927432e-34
0.0029678048 	-0.60808482 	-0.10643475 	1.8806464e-19 	757.0575 	0.60392012 	1.3183294e-17 	1.5560104e-16 	-2.0164837e-18 	-2.378347e-34
0.0031708945 	-0.72150856 	-0.10979482 	1.7724266e-19 	653.84336 	0.71853443 	-6.580684e-19 	-5.5486415e-15 	-4.6188716e-18 	8.2552818e-35
0.00338649 	-0.84272448 	-0.11231283 	-1.0617677e-19 	537.93374 	0.84420865 	-9.7029133e-19 	-9.0904053e-16 	-7.2783298e-19 	-9.540244e-35
0.0036153613 	-0.96334268 	-0.11368535 	-1.3410232e-19 	414.03598 	0.97253896 	4.2123232e-18 	-1.5925589e-15 	-6.6404479e-18 	-7.5228949e-35
0.0038583258 	-1.0579123 	-0.11377618 	6.5432899e-20 	295.46983 	1.0691791 	-2.3560728e-18 	-2.6388433e-15 	-9.0934123e-18 	1.417496e-35
0.0041162514 	-1.1000211 	-0.11279841 	1.1509399e-19 	199.06074 	1.0990377 	-5.219958e-18 	-2.9646617e-16 	1.0214612e-18 	-1.5445888e-36
0.0043900594 	-1.0876623 	-0.11116718 	3.0828597e-20 	134.75844 	1.0717292 	1.6029683e-19 	4.5468887e-16 	2.4878699e-18 	-1.3076815e-35
0.0046807278 	-1.0408847 	-0.10924532 	1.6890066e-20 	99.788395 	1.0270369 	3.0989402e-19 	-2.1010802e-16 	-2.4206441e-18 	-3.0511848e-36
0.0049892948 	-0.97880463 	-0.10727247 	-4.1417112e-21 	83.065037 	0.97939675 	-1.1749515e-18 	3.7154636e-16 	4.5555505e-18 	-5.7342941e-37
0.0053168625 	-0.91157263 	-0.10535626 	-8.9578331e-20 	74.094441 	0.91911495 	1.2896809e-18 	3.5890029e-16 	4.5381131e-18 	-5.6092929e-36
0.0056646009 	-0.84281921 	-0.10352432 	-3.9942762e-20 	67.31961 	0.84764032 	1.3997379e-18 	-2.818079e-16 	-3.5849888e-18 	1.8924212e-36
0.0060337521 	-0.77316853 	-0.10177767 	3.2552095e-20 	60.938057 	0.77491997 	-7.9944217e-19 	-2.911382e-16 	-3.6877731e-18 	-1.8750704e-36
0.0064256347 	-0.70258641 	-0.10010539 	-5.9410417e-21 	54.590179 	0.70359167 	-1.2310439e-18 	4.5883918e-17 	6.7019662e-19 	-1.0630109e-35
0.0068416484 	-0.63110184 	-0.098489317 	3.0842451e-21 	48.264901 	0.63214318 	1.169697e-19 	1.9420892e-16 	2.5131309e-18 	-2.2904388e-36
0.007283279 	-0.55909053 	-0.096909976 	-2.9795937e-20 	42.045051 	0.56018185 	8.9697394e-19 	2.3193479e-17 	2.8641399e-19 	1.5506619e-37
0.0077521041 	-0.48735428 	-0.095352339 	-2.4729662e-20 	36.03956 	0.48844028 	1.7526223e-19 	-8.6577868e-17 	-1.1618436e-18 	1.4648607e-37
0.0082497982 	-0.41707195 	-0.093809048 	3.4309114e-20 	30.359764 	0.41813048 	-6.5386683e-20 	-1.6734175e-17 	-2.3890599e-19 	2.0101641e-36
0.008778139 	-0.34967734 	-0.092281034 	-4.6816594e-20 	25.107422 	0.35068885 	2.5326644e-19 	-3.6589045e-17 	-5.180639e-19 	-5.7521533e-36
0.0093390136 	-0.28669858 	-0.090776192 	-4.6065979e-20 	20.367009 	0.28763939 	-6.7890038e-19 	-6.5008985e-17 	-8.8723424e-19 	-1.6428212e-36
0.0099344254 	-0.22957142 	-0.089306503 	2.0377215e-20 	16.199777 	0.23041944 	-4.9995459e-19 	4.189128e-17 	6.0055481e-19 	6.3466761e-37
0.010566501 	-0.17942995 	-0.087883843 	2.702663e-20 	12.638243 	0.18016835 	1.069387e-18 	2.6771718e-17 	3.6391215e-19 	-6.470581e-36
0.011237498 	-0.136904 	-0.086515265 	5.1020265e-20 	9.6816033 	0.13752323 	4.7079964e-19 	-3.9565425e-17 	-5.8227589e-19 	5.6045547e-37
0.011949813 	-0.1019968 	-0.085199461 	6.5367668e-20 	7.2948097 	0.10249717 	-9.139053e-19 	-1.8135785e-17 	-2.5745702e-19 	2.0630096e-36
0.012705991 	-0.074119022 	-0.083926178 	3.1123084e-20 	5.4141977 	0.074511816 	-6.5257797e-19 	1.1225963e-17 	1.6134551e-19 	-2.6820813e-36
0.013508733 	-0.052279865 	-0.082678914 	-1.3592038e-20 	3.9592931 	0.052585046 	2.38477e-19 	1.1790624e-17 	1.618243e-19 	5.3926327e-37
0.014360904 	-0.035343972 	-0.081438995 	-2.103658e-20 	2.8466107 	0.035583968 	3.6402102e-19 	1.2511545e-18 	2.1608241e-20 	6.5126653e-37
0.015265551 	-0.02224381 	-0.080188213 	6.9709655e-21 	2.0004797 	0.022425109 	-1.412621e-19 	-1.0563038e-18 	-1.1332411e-20 	-5.9645882e-37
0.016225903 	-0.012096894 	-0.078910305 	-2.5674064e-21 	1.3584609 	0.012205482 	1.7686045e-20 	2.065483e-18 	2.3019591e-20 	-9.2030635e-38
0.017245391 	-0.0042462664 	-0.077604599 	-3.4868075e-20 	0.87182191 	0.0044070288 	4.165308e-19 	4.379104e-19 	7.2632508e-21 	-9.1163921e-38
0.018327656 	0.0017202321 	-0.076268031 	6.9084885e-21 	0.50257298 	-0.0015787885 	-1.1848943e-19 	-1.2022563e-18 	-1.1520127e-21 	-4.5372254e-37
0.019476565 	0.0054952515 	-0.074849039 	2.6513831e-20 	0.21788166 	-0.0063695391 	-4.2870803e-19 	-5.2152754e-19 	-5.7386732e-21 	1.3955792e-36
0.02069622 	0.0092390388 	-0.073374524 	-4.7870121e-20 	0.013909832 	-0.010015722 	3.0591725e-19 	2.7528496e-19 	-1.3781329e-20 	4.2035104e-38
0.021990978 	0.012820943 	-0.071870465 	-3.1634039e-20 	-0.12841398 	-0.012694818 	4.636695e-19 	7.7462542e-19 	2.8452789e-20 	-2.7607745e-36
0.023365464 	0.014632667 	-0.070311265 	4.1215756e-20 	-0.23717993 	-0.014613328 	-3.8529692e-19 	3.9593068e-19 	4.3100659e-20 	5.6016016e-37
0.024824587 	0.015844412 	-0.068702757 	2.8908647e-21 	-0.31297547 	-0.015828645 	-4.6459553e-19 	-8.8223967e-19 	-3.5310366e-20 	-3.8448684e-37
0.026373559 	0.016555879 	-0.067036187 	-1.6651515e-20 	-0.36333154 	-0.016537654 	1.9259293e-19 	-7.5286895e-19 	-4.7138911e-20 	-1.9748306e-36
0.028017912 	0.016896232 	-0.065312061 	-4.1082787e-22 	-0.39537677 	-0.016886034 	2.7748085e-19 	1.9927207e-19 	7.5547449e-21 	-1.3950852e-37
0.02976352 	0.016991456 	-0.063528079 	-4.0894228e-20 	-0.41496184 	-0.016986595 	5.5067197e-20 	5.4986668e-19 	1.6510437e-20 	1.8353057e-37
0.031616619 	0.016943685 	-0.061683813 	-4.9847762e-21 	-0.4263757 	-0.016939766 	-1.4708943e-19 	4.9309219e-19 	6.7599788e-21 	1.1682088e-37
0.033583826 	0.016827702 	-0.059779187 	3.6314108e-20 	-0.43243945 	-0.016824557 	-1.8742063e-19 	-6.0043871e-19 	-2.5324208e-20 	-5.0161777e-37
0.035672168 	0.016693093 	-0.05781485 	-6.2498386e-21 	-0.43480891 	-0.016689753 	1.0137087e-19 	-7.5601933e-19 	-3.6196251e-20 	-2.7646322e-37
0.037889105 	0.016570014 	-0.055792549 	4.116139e-21 	-0.43433555 	-0.016565849 	1.4384508e-19 	3.8483304e-19 	2.5816199e-21 	4.1889464e-38
0.040242556 	0.016475583 	-0.053714897 	2.8638709e-20 	-0.43139641 	-0.016470333 	-7.5025964e-20 	3.4718229e-19 	1.2802279e-20 	-5.9462824e-38
0.042740925 	0.016419301 	-0.051585287 	-2.1846717e-21 	-0.42613919 	-0.016412889 	-5.3064172e-20 	-3.8899584e-19 	-7.4602076e-21 	-8.2736031e-39
0.045393137 	0.016406937 	-0.04940784 	-2.4280885e-20 	-0.41863129 	-0.016399357 	8.6259535e-20 	-6.8513255e-20 	-5.3428587e-21 	-4.9754263e-38
0.048208665 	0.016442638 	-0.047187372 	5.3041337e-21 	-0.40893687 	-0.016433911 	-9.2633168e-21 	5.6653448e-19 	1.4760038e-20 	-1.582939e-38
0.051197566 	0.016529831 	-0.044929326 	3.1815264e-20 	-0.39715189 	-0.01652003 	-1.2696553e-19 	-3.5054857e-19 	-8.6373637e-21 	-4.5299858e-38
0.054370516 	0.016671528 	-0.042639729 	-1.8694087e-20 	-0.38341513 	-0.016660711 	4.9706973e-20 	-9.50762e-19 	-2.2987679e-20 	-2.225188e-38
0.057738847 	0.016870335 	-0.040325178 	-4.0875564e-20 	-0.36790688 	-0.01685848 	1.3527641e-19 	5.2391464e-19 	9.9229367e-21 	-9.4754066e-38
0.061314592 	0.01712834 	-0.037992698 	2.4143003e-20 	-0.3508419 	-0.0171156 	-4.9779792e-20 	7.882061e-19 	2.2533946e-20 	-8.78528e-38
0.06511052 	0.017446905 	-0.035649744 	1.2540752e-20 	-0.33245992 	-0.017433061 	-7.2076099e-20 	-3.3034248e-19 	-6.0050046e-21 	-2.6519464e-38
0.069140193 	0.017826495 	-0.033303973 	-2.7473263e-20 	-0.31301443 	-0.017812031 	3.3575721e-20 	-2.6191973e-19 	-2.1698117e-20 	-5.3498239e-38
0.073418001 	0.018266369 	-0.030963281 	-3.5005748e-21 	-0.29276228 	-0.018250649 	1.9022769e-20 	1.685531e-19 	-8.0516179e-21 	-1.5511145e-39
0.077959226 	0.018764411 	-0.02863545 	9.3885511e-21 	-0.27195202 	-0.018748505 	-1.5167092e-20 	4.9279266e-20 	-2.1873431e-21 	7.0607869e-39
0.082780087 	0.019316669 	-0.026328145 	-1.9832724e-21 	-0.25081595 	-0.019299037 	-1.6695447e-21 	-5.7766148e-20 	-7.5269453e-21 	9.8008871e-40
0.087897803 	0.019917419 	-0.024048339 	2.7807257e-21 	-0.22956062 	-0.019900032 	2.2789045e-21 	2.1895971e-21 	-8.6559876e-21 	4.7195596e-41
0.093330656 	0.020558709 	-0.021802363 	-8.281878e-22 	-0.20836222 	-0.02053876 	4.5764835e-21 	1.9911506e-20 	3.664476e-21 	-8.300743e-40
