1.0170124e-05 	0.052146208 	8.8128363e-08 	6.1237185e-24
3.113662e-05 	0.15887414 	4.0086183e-07 	1.0478381e-23
5.3394177e-05 	0.27136046 	1.042472e-06 	-1.3046398e-24
7.7022295e-05 	0.39073853 	2.0969569e-06 	-1.5197796e-23
0.00010210537 	0.5173692 	3.6300865e-06 	-1.7609549e-23
0.00012873299 	0.6514737 	5.7064534e-06 	5.9975479e-24
0.00015700027 	0.79300996 	8.3903569e-06 	2.6728381e-23
0.00018700818 	0.94163861 	1.1736127e-05 	3.503452e-24
0.00021886389 	1.0967609 	1.5784735e-05 	-1.0950164e-23
0.00025268119 	1.2575445 	2.0562443e-05 	7.0105719e-24
0.00028858087 	1.4229216 	2.6077005e-05 	1.2329849e-23
0.00032669115 	1.5915919 	3.2311984e-05 	5.2720386e-24
0.00036714817 	1.7620497 	3.922178e-05 	-1.0148797e-24
0.00041009642 	1.9326381 	4.6728328e-05 	-9.7240781e-24
0.00045568931 	2.1016257 	5.4715e-05 	-1.1383803e-23
0.00050408968 	2.2672972 	6.3039144e-05 	-2.8337452e-23
0.00055547043 	2.4280453 	7.1529937e-05 	-6.2407135e-23
0.00061001506 	2.5824565 	7.9989257e-05 	-4.2755114e-23
0.0006679184 	2.7293791 	8.8210157e-05 	5.5498943e-23
0.00072938728 	2.8679698 	9.5934489e-05 	7.5482632e-23
0.00079464125 	2.9977156 	0.00010292708 	5.9402463e-24
0.00086391338 	3.1184291 	0.00010897392 	-3.5857371e-23
0.0009374511 	3.2302206 	0.00011374686 	-1.4713126e-22
0.0010155171 	3.3334566 	0.00011687133 	-1.6865147e-22
0.0010983902 	3.4287374 	0.00011845232 	-1.3626923e-23
0.0011863663 	3.5170006 	0.00012019654 	5.7117528e-23
0.0012797599 	3.599577 	0.0001252772 	2.4707424e-23
0.0013789043 	3.6778267 	0.00013767437 	2.7172003e-23
0.0014841538 	3.7527245 	0.00016125536 	-6.7407139e-23
0.0015958843 	3.824875 	0.00019872629 	-3.6172496e-22
0.0017144948 	3.8946756 	0.00025215844 	-3.6895565e-22
0.001840409 	3.9623724 	0.00032359206 	2.5420639e-22
0.0019740768 	4.028067 	0.00041507696 	5.4601981e-22
0.0021159754 	4.0917156 	0.00052852387 	9.1682956e-23
0.0022666117 	4.1531312 	0.00066556649 	-4.6875979e-22
0.0024265239 	4.212002 	0.00082747549 	-8.4973009e-22
0.002596283 	4.2679407 	0.0010149563 	-6.4382514e-23
0.0027764954 	4.320614 	0.0012273454 	9.6685202e-22
0.0029678048 	4.3700804 	0.0014628689 	4.1909085e-22
0.0031708945 	4.4169455 	0.0017204093 	-2.0875218e-22
0.00338649 	4.461829 	0.0019982573 	6.0548846e-23
0.0036153613 	4.5050358 	0.0022924906 	2.1076347e-22
0.0038583258 	4.5470388 	0.0026004532 	8.6285347e-23
0.0041162514 	4.5886742 	0.0029225477 	3.4039748e-23
0.0043900594 	4.6306391 	0.0032593866 	1.1672568e-23
0.0046807278 	4.6731979 	0.0036111715 	-8.7501527e-24
0.0049892948 	4.7163688 	0.0039791414 	2.1681142e-23
0.0053168625 	4.760107 	0.0043653282 	6.7125902e-25
0.0056646009 	4.804347 	0.0047718176 	-5.4365186e-23
0.0060337521 	4.8490086 	0.0052006838 	7.7003202e-24
0.0064256347 	4.8939962 	0.0056539838 	5.8637759e-23
0.0068416484 	4.9391938 	0.0061336437 	3.6353314e-24
0.007283279 	4.984459 	0.0066412582 	-1.1008998e-23
0.0077521041 	5.0296171 	0.0071778252 	4.6124864e-24
0.0082497982 	5.0744537 	0.0077434151 	-3.1043457e-24
0.008778139 	5.1187092 	0.0083367823 	-1.2941478e-23
0.0093390136 	5.1620745 	0.0089549409 	-4.2051653e-24
0.0099344254 	5.2041907 	0.0095927498 	2.9829228e-23
0.010566501 	5.2446537 	0.010242571 	1.8468829e-23
0.011237498 	5.2830251 	0.010894067 	-6.25339e-23
0.011949813 	5.3188481 	0.011534196 	-6.4437534e-23
0.012705991 	5.3516692 	0.012147487 	6.7718912e-23
0.013508733 	5.3810637 	0.012716615 	1.4258737e-22
0.014360904 	5.4066512 	0.013222996 	-1.1358994e-23
0.015265551 	5.4281068 	0.013647247 	-1.1029016e-22
0.016225903 	5.4451961 	0.013970603 	-5.6153778e-23
0.017245391 	5.4579041 	0.014180308 	-3.0792897e-24
0.018327656 	5.4666352 	0.014279919 	3.54249e-22
0.019476565 	5.4722346 	0.014290518 	3.0643085e-22
0.02069622 	5.475688 	0.014239049 	-5.5577528e-22
0.021990978 	5.4777866 	0.014148092 	-6.3435755e-22
0.023365464 	5.479032 	0.014030878 	1.4384032e-22
0.024824587 	5.4797112 	0.013893683 	3.2355267e-22
0.026373559 	5.4799912 	0.013740166 	2.264897e-23
0.028017912 	5.4799759 	0.013571948 	5.4779848e-23
0.02976352 	5.4797334 	0.013389771 	2.119545e-22
0.031616619 	5.4793138 	0.013194334 	1.4438197e-22
0.033583826 	5.4787566 	0.012985915 	-3.0146313e-23
0.035672168 	5.4780924 	0.0127645 	-2.5937993e-22
0.037889105 	5.4773434 	0.012529994 	-2.9801617e-22
0.040242556 	5.4765253 	0.01228212 	-6.3545136e-23
0.042740925 	5.475649 	0.012020475 	8.0121175e-24
0.045393137 	5.4747224 	0.011744561 	-5.7278359e-24
0.048208665 	5.4737518 	0.011453808 	1.2522901e-22
0.051197566 	5.4727431 	0.011147597 	1.084138e-22
0.054370516 	5.4717024 	0.010825289 	-3.8078525e-23
0.057738847 	5.4706363 	0.010486223 	1.6755829e-23
0.061314592 	5.4695518 	0.010129689 	6.0282442e-23
0.06511052 	5.4684565 	0.0097549396 	2.2390282e-25
0.069140193 	5.4673581 	0.009361211 	-1.8042847e-22
0.073418001 	5.4662647 	0.0089476868 	-2.491757e-22
0.077959226 	5.4651844 	0.0085135287 	-1.3335232e-22
0.082780087 	5.4641251 	0.0080577972 	-2.1040231e-23
0.087897803 	5.4630947 	0.0075795479 	1.3861677e-22
0.093330656 	5.462101 	0.0070776624 	1.0335161e-22
