1.0170124e-05 	0.0003940908 	2.7476643e-05 	7.2254498e-13 	17.409959
3.113662e-05 	0.0014916454 	0.00010416829 	6.7828445e-12 	17.410452
5.3394177e-05 	0.0031271311 	0.00021856141 	3.2187346e-11 	17.411606
7.7022295e-05 	0.0051903857 	0.00036305151 	1.055683e-10 	17.41367
0.00010210537 	0.007650135 	0.00053561143 	2.7507131e-10 	17.416939
0.00012873299 	0.01050711 	0.00073652709 	6.1455023e-10 	17.421756
0.00015700027 	0.013774714 	0.0009670665 	1.2315016e-09 	17.428524
0.00018700818 	0.017473943 	0.0012291548 	2.2771902e-09 	17.437713
0.00021886389 	0.021631407 	0.0015252772 	3.9596204e-09 	17.449881
0.00025268119 	0.026278418 	0.0018584717 	6.5602143e-09 	17.465683
0.00028858087 	0.031450493 	0.0022323715 	1.0455353e-08 	17.485888
0.00032669115 	0.037186987 	0.0026512854 	1.614434e-08 	17.511406
0.00036714817 	0.043530658 	0.0031203152 	2.4285931e-08 	17.543307
0.00041009642 	0.050526983 	0.0036455144 	3.5746385e-08 	17.582858
0.00045568931 	0.058223018 	0.0042340981 	5.1663144e-08 	17.631556
0.00050408968 	0.066665479 	0.0048947177 	7.3529868e-08 	17.691181
0.00055547043 	0.075897658 	0.0056378233 	1.033108e-07 	17.763859
0.00061001506 	0.085954561 	0.0064761439 	1.4359545e-07 	17.852141
0.0006679184 	0.096855493 	0.0074253299 	1.9780836e-07 	17.95911
0.00072938728 	0.10859303 	0.0085048249 	2.7049305e-07 	18.088536
0.00079464125 	0.12111702 	0.0097390645 	3.6769208e-07 	18.245064
0.00086391338 	0.13431216 	0.011159146 	4.9744206e-07 	18.434505
0.0009374511 	0.14796768 	0.01280507 	6.7038181e-07 	18.664202
0.0010155171 	0.16173849 	0.014727627 	9.0038031e-07 	18.943401
0.0010983902 	0.17509968 	0.01698368 	1.2045379e-06 	19.282707
0.0011863663 	0.18730227 	0.019609 	1.5996401e-06 	19.690234
0.0012797599 	0.19735365 	0.02256534 	2.0908483e-06 	20.163226
0.0013789043 	0.20407669 	0.025713986 	2.659988e-06 	20.682199
0.0014841538 	0.20625851 	0.028870913 	3.2720176e-06 	21.217223
0.0015958843 	0.20286055 	0.031885399 	3.8965035e-06 	21.733789
0.0017144948 	0.19331452 	0.034646168 	4.5203436e-06 	22.179655
0.001840409 	0.17772502 	0.037059763 	5.1491315e-06 	22.492768
0.0019740768 	0.15686442 	0.039060658 	5.811336e-06 	22.638974
0.0021159754 	0.13212193 	0.040606445 	6.5735676e-06 	22.616145
0.0022666117 	0.10541594 	0.041655993 	7.5795187e-06 	22.432447
0.0024265239 	0.078994341 	0.042161176 	9.1434255e-06 	22.095244
0.002596283 	0.055099045 	0.042075073 	1.1962475e-05 	21.609163
0.0027764954 	0.035502026 	0.041377449 	1.7455942e-05 	20.980921
0.0029678048 	0.021037284 	0.04011027 	2.7323807e-05 	20.228107
0.0031708945 	0.011440609 	0.038399542 	4.1235384e-05 	19.385355
0.00338649 	0.0056911399 	0.036434472 	5.8005366e-05 	18.501386
0.0036153613 	0.0025711189 	0.034404715 	7.8637698e-05 	17.625479
0.0038583258 	0.0010435274 	0.03245151 	0.00010448668 	16.795595
0.0041162514 	0.00037536907 	0.03066606 	0.00013529477 	16.037686
0.0043900594 	0.00011803705 	0.029092823 	0.0001664998 	15.364656
0.0046807278 	3.2292483e-05 	0.0277299 	0.00019121587 	14.773882
0.0049892948 	7.7617983e-06 	0.026557403 	0.00020912942 	14.256208
0.0053168625 	1.6444839e-06 	0.0255657 	0.00022468148 	13.807106
0.0056646009 	3.0775147e-07 	0.024751127 	0.00024008405 	13.425368
0.0060337521 	5.1515355e-08 	0.024104527 	0.00025557767 	13.108197
0.0064256347 	8.0171818e-09 	0.023609922 	0.00027097484 	12.850426
0.0068416484 	1.2734929e-09 	0.023246613 	0.00028599661 	12.64523
0.007283279 	2.3920309e-10 	0.022991502 	0.00030035628 	12.484921
0.0077521041 	5.7378877e-11 	0.022821298 	0.00031379489 	12.36169
0.0082497982 	1.6188708e-11 	0.022714354 	0.0003261024 	12.268198
0.008778139 	4.7898945e-12 	0.022651927 	0.00033712908 	12.197961
0.0093390136 	1.413247e-12 	0.022618852 	0.00034678874 	12.145538
0.0099344254 	4.3693542e-13 	0.022603669 	0.0003550553 	12.106539
0.010566501 	1.7551945e-13 	0.022598327 	0.00036195121 	12.077539
0.011237498 	1.1245883e-13 	0.022597633 	0.00036751691 	12.055921
0.011949813 	9.8243306e-14 	0.022598568 	0.00037166597 	12.039717
0.012705991 	9.4302021e-14 	0.022599616 	0.00037389923 	12.027468
0.013508733 	9.2381259e-14 	0.022600186 	0.00037407765 	12.018098
0.014360904 	9.112212e-14 	0.022600177 	0.00037323582 	12.010826
0.015265551 	9.0213121e-14 	0.022599693 	0.00037239183 	12.00509
0.016225903 	8.941506e-14 	0.022598881 	0.00037178048 	12.000489
0.017245391 	8.8565777e-14 	0.022597866 	0.0003713659 	11.996738
0.018327656 	8.7602832e-14 	0.022596733 	0.00037108484 	11.993634
0.019476565 	8.6521217e-14 	0.022595527 	0.0003708836 	11.991027
0.02069622 	8.532692e-14 	0.02259427 	0.00037072482 	11.988804
0.021990978 	8.4012163e-14 	0.022592968 	0.00037058641 	11.986878
0.023365464 	8.2549291e-14 	0.022591619 	0.00037045801 	11.985182
0.024824587 	8.0893749e-14 	0.022590217 	0.00037033692 	11.983662
0.026373559 	7.8990017e-14 	0.022588754 	0.00037022472 	11.982274
0.028017912 	7.677832e-14 	0.02258722 	0.00037012491 	11.980983
0.02976352 	7.4201404e-14 	0.022585608 	0.00037004156 	11.979761
0.031616619 	7.1211264e-14 	0.022583911 	0.00036997854 	11.978586
0.033583826 	6.7776727e-14 	0.022582122 	0.00036993928 	11.977438
0.035672168 	6.3891106e-14 	0.02258024 	0.00036992665 	11.976305
0.037889105 	5.9576222e-14 	0.022578261 	0.0003699429 	11.975175
0.040242556 	5.4884051e-14 	0.022576188 	0.00036998948 	11.97404
0.042740925 	4.9896348e-14 	0.022574026 	0.00037006698 	11.972897
0.045393137 	4.4720147e-14 	0.022571779 	0.0003701753 	11.971741
0.048208665 	3.9479604e-14 	0.022569459 	0.00037031365 	11.970573
0.051197566 	3.4306022e-14 	0.022567077 	0.00037048047 	11.969394
0.054370516 	2.9326726e-14 	0.022564646 	0.00037067351 	11.968207
0.057738847 	2.4654619e-14 	0.022562182 	0.00037088991 	11.967016
0.061314592 	2.0379168e-14 	0.022559701 	0.00037112636 	11.965826
0.06511052 	1.6561688e-14 	0.022557222 	0.00037137912 	11.964642
0.069140193 	1.3234732e-14 	0.022554761 	0.00037164429 	11.963472
0.073418001 	1.0402648e-14 	0.022552335 	0.00037191778 	11.962322
0.077959226 	8.0461397e-15 	0.022549963 	0.00037219559 	11.961199
0.082780087 	6.1283537e-15 	0.02254766 	0.00037247382 	11.960108
0.087897803 	4.6009814e-15 	0.022545441 	0.00037274877 	11.959058
0.093330656 	3.4098617e-15 	0.022543321 	0.000373017 	11.958054
