1.0170124e-05 	8.0908435e-21 	8.3192684e-14 	7.3818456e-09
3.113662e-05 	1.0178586e-19 	3.9691955e-13 	7.3721989e-09
5.3394177e-05 	5.6384328e-19 	1.3580876e-12 	1.096281e-08
7.7022295e-05 	2.0873595e-18 	3.6487698e-12 	1.9970396e-08
0.00010210537 	6.2013302e-18 	8.5159334e-12 	3.5952913e-08
0.00012873299 	1.622776e-17 	1.8264383e-11 	6.275123e-08
0.00015700027 	3.9282184e-17 	3.7139368e-11 	1.0681258e-07
0.00018700818 	9.04051e-17 	7.2919124e-11 	1.7855694e-07
0.00021886389 	2.0108584e-16 	1.3979272e-10 	2.9467545e-07
0.00025268119 	4.367856e-16 	2.6355281e-10 	4.8181399e-07
0.00028858087 	9.3284812e-16 	4.9094921e-10 	7.8242653e-07
0.00032669115 	1.9678983e-15 	9.0651e-10 	1.2640513e-06
0.00036714817 	4.1135174e-15 	1.6627453e-09 	2.0339875e-06
0.00041009642 	8.5388327e-15 	3.0342999e-09 	3.2624864e-06
0.00045568931 	1.7629179e-14 	5.5149037e-09 	5.2193464e-06
0.00050408968 	3.6240437e-14 	9.9906861e-09 	8.3315768e-06
0.00055547043 	7.4237831e-14 	1.8049533e-08 	1.3274112e-05
0.00061001506 	1.5162568e-13 	3.253238e-08 	2.1112262e-05
0.0006679184 	3.0889424e-13 	5.8513921e-08 	3.3524919e-05
0.00072938728 	6.2785153e-13 	1.0504376e-07 	5.3153393e-05
0.00079464125 	1.2734825e-12 	1.8823061e-07 	8.4144891e-05
0.00086391338 	2.5778771e-12 	3.3669104e-07 	0.00013299592
0.0009374511 	5.208092e-12 	6.011444e-07 	0.00020985478
0.0010155171 	1.0500925e-11 	1.0712432e-06 	0.00033052058
0.0010983902 	2.1128332e-11 	1.9049516e-06 	0.00051948684
0.0011863663 	4.2414835e-11 	3.3795147e-06 	0.00081452764
0.0012797599 	8.4933599e-11 	5.9792017e-06 	0.0012735139
0.0013789043 	1.6959496e-10 	1.0544849e-05 	0.0019843579
0.0014841538 	3.3756156e-10 	1.8525422e-05 	0.0030791552
0.0015958843 	6.6945503e-10 	3.2393877e-05 	0.0047535672
0.0017144948 	1.3223892e-09 	5.6318471e-05 	0.0072919439
0.001840409 	2.6012905e-09 	9.7210262e-05 	0.011097063
0.0019740768 	5.0968851e-09 	0.00016627543 	0.016720141
0.0021159754 	9.9548178e-09 	0.0002811237 	0.024883996
0.0022666117 	1.9393727e-08 	0.00046817035 	0.036505714
0.0024265239 	3.7596566e-08 	0.00076425207 	0.052798061
0.002596283 	7.187779e-08 	0.0012149825 	0.075526675
0.0027764954 	1.3414707e-07 	0.0018661988 	0.10681832
0.0029678048 	2.4202044e-07 	0.0027430962 	0.14775164
0.0031708945 	4.1384913e-07 	0.0038109132 	0.19613143
0.00338649 	6.4813811e-07 	0.004927089 	0.2444667
0.0036153613 	8.942931e-07 	0.0058333606 	0.28006103
0.0038583258 	1.0553856e-06 	0.006244172 	0.28984456
0.0041162514 	1.0524614e-06 	0.0060072721 	0.2684607
0.0043900594 	8.9545868e-07 	0.0052113779 	0.2226538
0.0046807278 	6.7236067e-07 	0.0041346991 	0.16719582
0.0049892948 	4.7118588e-07 	0.0030759333 	0.11603906
0.0053168625 	3.2958393e-07 	0.0022169577 	0.076471005
0.0056646009 	2.4460539e-07 	0.001603424 	0.049279848
0.0060337521 	2.0104443e-07 	0.0012012572 	0.031944122
0.0064256347 	1.8696523e-07 	0.00095416007 	0.021336931
0.0068416484 	1.9725473e-07 	0.00081271756 	0.014935497
0.007283279 	2.3327963e-07 	0.000741318 	0.011034558
0.0077521041 	3.0249417e-07 	0.0007157737 	0.0085842583
0.0082497982 	4.175139e-07 	0.00071938339 	0.0069783422
0.008778139 	5.8975366e-07 	0.00073963483 	0.0058907111
0.0093390136 	8.1395884e-07 	0.00076651193 	0.0051595938
0.0099344254 	1.0551371e-06 	0.0007925256 	0.0047003103
0.010566501 	1.2619273e-06 	0.00081321022 	0.0044460998
0.011237498 	1.4016703e-06 	0.00082712391 	0.0043276428
0.011949813 	1.4769439e-06 	0.0008350858 	0.0042828163
0.012705991 	1.5100142e-06 	0.00083894832 	0.0042696241
0.013508733 	1.5221011e-06 	0.0008405191 	0.0042668241
0.014360904 	1.5257975e-06 	0.00084103742 	0.0042663963
0.015265551 	1.5267284e-06 	0.00084115762 	0.0042661872
0.016225903 	1.5269077e-06 	0.0008411535 	0.0042658705
0.017245391 	1.5269223e-06 	0.00084111607 	0.0042654685
0.018327656 	1.5269092e-06 	0.00084106868 	0.0042650081
0.019476565 	1.5268923e-06 	0.00084101538 	0.0042644934
0.02069622 	1.5268745e-06 	0.00084095614 	0.00426392
0.021990978 	1.5268553e-06 	0.00084089038 	0.0042632826
0.023365464 	1.5268346e-06 	0.00084081752 	0.0042625758
0.024824587 	1.526812e-06 	0.00084073708 	0.0042617949
0.026373559 	1.5267873e-06 	0.00084064859 	0.0042609357
0.028017912 	1.5267605e-06 	0.00084055169 	0.0042599946
0.02976352 	1.5267312e-06 	0.00084044603 	0.0042589687
0.031616619 	1.5266994e-06 	0.00084033142 	0.0042578559
0.033583826 	1.526665e-06 	0.00084020772 	0.0042566551
0.035672168 	1.526628e-06 	0.00084007494 	0.0042553666
0.037889105 	1.5265884e-06 	0.00083993322 	0.0042539916
0.040242556 	1.5265461e-06 	0.00083978284 	0.0042525331
0.042740925 	1.5265014e-06 	0.00083962425 	0.0042509954
0.045393137 	1.5264545e-06 	0.00083945803 	0.0042493843
0.048208665 	1.5264054e-06 	0.00083928491 	0.0042477066
0.051197566 	1.5263546e-06 	0.00083910575 	0.0042459708
0.054370516 	1.5263024e-06 	0.00083892153 	0.0042441863
0.057738847 	1.526249e-06 	0.00083873335 	0.0042423638
0.061314592 	1.5261949e-06 	0.00083854238 	0.0042405145
0.06511052 	1.5261405e-06 	0.00083834986 	0.0042386506
0.069140193 	1.526086e-06 	0.00083815709 	0.0042367842
0.073418001 	1.5260321e-06 	0.00083796537 	0.0042349282
0.077959226 	1.5259789e-06 	0.00083777602 	0.0042330952
0.082780087 	1.525927e-06 	0.00083759036 	0.004231298
0.087897803 	1.5258766e-06 	0.00083740969 	0.0042295492
0.093330656 	1.5258281e-06 	0.00083723535 	0.0042278616
