/*--------------------------------*- C++ -*----------------------------------*\
| =========                 |                                                 |
| \\      /  F ield         | OpenFOAM: The Open Source CFD Toolbox           |
|  \\    /   O peration     | Version:  2206                                  |
|   \\  /    A nd           | Website:  www.openfoam.com                      |
|    \\/     M anipulation  |                                                 |
\*---------------------------------------------------------------------------*/
FoamFile
{
    version     2.0;
    format      ascii;
    arch        "LSB;label=32;scalar=64";
    class       volScalarField;
    location    "300";
    object      omega;
}
// * * * * * * * * * * * * * * * * * * * * * * * * * * * * * * * * * * * * * //

dimensions      [0 0 -1 0 0 0 0];

internalField   nonuniform List<scalar> 
7480
(
7569.1057
7590.8149
7571.1118
7538.1553
7512.5644
7498.0756
7491.1185
7487.7285
7485.8493
7484.6257
7483.6804
7482.8696
7482.1631
7481.5518
7481.0217
7480.5599
7480.1564
7479.802
7479.4868
7479.2043
7478.9506
7478.7216
7478.5133
7478.3235
7478.1501
7477.991
7477.8445
7477.7093
7477.5845
7477.469
7477.3619
7477.2627
7477.1707
7477.0854
7477.0063
7476.933
7476.8653
7476.8028
7476.7453
7476.6928
7476.6451
7476.6022
7476.564
7476.5305
7476.5019
7476.4787
7476.4605
7476.4482
7476.4417
7476.4407
7476.4452
7476.4549
7476.4692
7476.4873
7476.5082
7476.5313
7476.5552
7476.5778
7476.5973
7476.612
7476.6219
7476.627
7476.6279
7476.625
7476.6193
7476.6114
7476.602
7476.5916
7476.5805
7476.5692
7476.5576
7476.5461
7476.5346
7476.5232
7476.512
7476.501
7476.4901
7476.479
7476.4676
7476.4562
7476.4446
7476.4331
7476.4215
7476.4098
7476.398
7476.3861
7476.3742
7476.3622
7476.3501
7476.3381
7476.326
7476.3139
7476.3019
7476.2898
7476.2778
7476.2653
7476.2544
7476.2387
7476.2299
7476.2059
1003.2516
1574.4175
1842.5199
1920.8101
1937.0691
1923.8873
1863.1668
1797.8097
1744.1837
1703.9937
1673.3508
1647.6926
1624.4721
1603.0594
1583.269
1564.893
1547.8422
1532.2172
1517.8614
1504.5546
1492.2039
1480.7855
1470.192
1460.3105
1451.0954
1442.5199
1434.5125
1427.0048
1419.9656
1413.3712
1407.1795
1401.3551
1395.8818
1390.7429
1385.9142
1381.3775
1377.1236
1373.1409
1369.4158
1365.9402
1362.7125
1359.7302
1356.9901
1354.4961
1352.2375
1350.2285
1348.4782
1346.9697
1345.7277
1344.7428
1344.0358
1343.6403
1343.4512
1343.4358
1343.5565
1343.7751
1344.049
1344.3173
1344.5195
1344.618
1344.577
1344.3957
1344.1208
1343.7436
1343.2633
1342.7033
1342.0851
1341.4292
1340.7516
1340.0638
1339.375
1338.6917
1338.0176
1337.3559
1336.7092
1336.0771
1335.4625
1334.8563
1334.2538
1333.6565
1333.0643
1332.4774
1331.895
1331.3148
1330.7363
1330.1584
1329.5812
1329.0047
1328.429
1327.8549
1327.2823
1326.7119
1326.1441
1325.5778
1325.0177
1324.446
1323.9006
1323.3396
1322.6629
1322.0515
190.66815
396.63733
585.96631
709.21488
769.26623
785.39202
782.0929
789.21563
803.68455
812.8489
819.33324
823.55203
825.05235
824.15643
821.43041
817.41378
811.95263
805.29919
797.71282
789.41143
780.60725
771.50444
762.24659
752.93764
743.68243
734.57548
725.63283
716.85471
708.25726
699.86403
691.68944
683.74346
676.03968
668.59056
661.40334
654.48595
647.8481
641.48994
635.40867
629.60491
624.08476
618.85591
613.92587
609.3055
604.99859
601.02257
597.36214
593.99482
590.92145
588.12962
585.65506
583.50283
581.56706
579.81357
578.21734
576.72516
575.2753
573.82564
572.37132
570.90221
569.42247
567.91514
566.46287
565.01694
563.55971
562.09395
560.62584
559.16429
557.71764
556.29282
554.89531
553.52955
552.19864
550.90464
549.64937
548.43193
547.25311
546.1351
545.06137
544.01906
543.00151
542.00553
541.02926
540.0691
539.12311
538.18898
537.26547
536.35162
535.44658
534.55034
533.66213
532.78202
531.91014
531.04485
530.19016
529.32946
528.49653
527.65853
526.73848
525.65202
72.003213
121.36646
193.99876
267.72948
324.63227
359.74244
377.81089
386.78466
392.45492
397.57139
404.52187
415.23123
426.21341
437.93777
452.28544
470.55804
485.14963
496.54192
505.31294
511.8728
516.54568
519.62321
521.36445
522.03879
521.96197
521.38044
520.02367
517.83935
514.91541
511.37602
507.34036
502.91226
498.18259
493.23179
488.13447
482.965
477.771
472.53551
467.25813
461.95599
456.6553
451.38375
446.16673
441.02841
435.99339
431.07776
426.2267
421.41693
416.64731
411.92337
407.26604
402.77395
398.3486
394.00128
389.76751
385.60232
381.47035
377.41509
373.52732
369.86865
366.46256
363.32654
360.49461
357.89143
355.46745
353.18726
351.02386
348.95849
346.97832
345.07462
343.24132
341.47489
339.77315
338.13377
336.55516
335.0347
333.57153
332.1908
330.88474
329.6378
328.43977
327.28518
326.17121
325.09408
324.05089
323.03835
322.05376
321.09477
320.159
319.24493
318.35064
317.47493
316.6166
315.77372
314.94754
314.1287
313.32698
312.57431
311.71997
310.76128
55.642
64.532929
83.912006
111.35185
140.42522
165.53297
184.58748
198.13603
207.74641
214.79254
220.42454
225.66708
230.96336
236.83524
244.10256
253.55103
263.34869
273.15274
282.74912
292.00722
300.83366
309.30865
317.72541
326.71681
337.34777
349.83508
359.6978
366.93139
372.2146
375.99792
378.58778
380.20538
381.02918
381.22685
380.98932
380.52803
379.82123
378.47662
376.49031
373.94712
370.94231
367.55846
363.8635
359.91868
355.79753
351.5083
346.96768
342.16598
337.12989
331.90424
326.53745
321.08958
315.63371
310.17982
304.76409
299.34061
293.93484
288.66896
283.66549
278.99982
274.73588
270.88937
267.41974
264.27018
261.38697
258.72363
256.24061
253.90686
251.69874
249.59847
247.59327
245.67512
243.83677
242.07238
240.37793
238.74956
237.1862
235.69069
234.26584
232.90759
231.61018
230.36915
229.18183
228.04493
226.95555
225.91029
224.90592
223.9394
223.00757
222.10791
221.23803
220.3957
219.57869
218.78474
218.01329
217.2594
216.51962
215.85077
215.10125
214.28435
53.50983
54.437527
58.08867
65.266325
75.159806
86.043701
96.436294
105.6437
113.54367
120.26307
125.9684
130.87431
135.18557
139.11422
142.94308
147.01111
151.41939
156.27015
161.70941
167.81765
174.15613
180.7234
187.52507
194.61322
202.09995
210.0689
218.05147
225.68961
232.80899
239.34852
245.32171
250.80805
255.97843
261.16285
266.97133
274.12463
281.53958
286.11152
288.75913
290.0897
290.45746
290.07961
289.10896
287.69166
286.00816
284.20821
281.84339
278.82039
275.24065
271.21236
266.83562
262.20852
257.43136
252.53556
247.57336
242.61736
237.72209
232.97036
228.44492
224.19457
220.23987
216.58915
213.22544
210.12032
207.24389
204.56583
202.05707
199.69349
197.45495
195.32492
193.29084
191.34451
189.47848
187.68684
185.96532
184.31002
182.72
181.19017
179.72196
178.31696
176.97424
175.69181
174.46802
173.30045
172.18666
171.12364
170.10833
169.13761
168.20813
167.31702
166.46148
165.6389
164.84668
164.08238
163.34457
162.63014
161.93192
161.30289
160.63133
159.8913
53.224352
52.80884
52.959295
54.085557
56.273821
59.36449
62.974285
66.790289
70.618736
74.356903
77.934654
81.305957
84.44907
87.361948
90.075527
92.65846
95.180902
97.713442
100.34019
103.15177
106.19121
109.52658
113.24078
117.38476
121.86269
126.72393
131.93895
137.42383
143.0818
148.82894
154.59271
160.31596
165.96748
171.55727
177.14085
182.82426
188.52862
193.8045
198.43961
202.38894
205.68904
208.42737
210.75579
212.95357
215.48546
218.48483
219.86164
219.67987
218.4994
216.63359
214.30289
211.70708
209.01373
205.98524
202.5668
199.06213
195.62446
192.30008
189.0501
185.88246
182.82326
179.88739
177.076
174.39119
171.83326
169.39505
167.06699
164.84223
162.71149
160.66579
158.69811
156.80363
154.97847
153.2199
151.52552
149.89239
148.3202
146.80475
145.34478
143.94193
142.59735
141.31106
140.08261
138.91057
137.79312
136.72791
135.71242
134.74385
133.81907
132.93523
132.0894
131.27894
130.50137
129.75425
129.03586
128.3437
127.67111
127.05847
126.43641
125.73531
53.162203
52.542604
52.020927
51.712882
51.712273
52.047199
52.633318
53.455448
54.479721
55.668776
56.982934
58.38429
59.837592
61.309948
62.776041
64.223288
65.649584
67.060018
68.469006
69.900605
71.380836
72.940997
74.621131
76.466873
78.514752
80.816371
83.428596
86.355354
89.551279
93.014567
96.734868
100.69254
104.86457
109.23141
113.78404
118.52308
123.42862
128.40808
133.35736
138.18013
142.79564
147.14189
151.17568
154.88112
158.28061
161.33982
163.88339
165.77154
167.00454
167.67553
167.93719
167.98965
167.98414
167.25133
165.73919
163.89074
162.06353
160.28243
158.32679
156.29811
154.25791
152.20627
150.13903
148.07807
146.0402
144.02919
142.0514
140.11904
138.23054
136.38647
134.58848
132.83786
131.13528
129.48371
127.88382
126.33408
124.83579
123.38732
121.98671
120.6348
119.33316
118.08297
116.88479
115.73822
114.64209
113.59506
112.59546
111.64119
110.72952
109.8581
109.02433
108.22582
107.46048
106.72606
106.02093
105.34287
104.68702
104.0813
103.48923
102.80821
53.125838
52.475584
51.839147
51.240839
50.711017
50.272508
49.929523
49.684361
49.539147
49.483119
49.494012
49.598381
49.796135
50.077301
50.428339
50.836158
51.290526
51.783281
52.309168
52.866842
53.458118
54.087683
54.764281
55.501254
56.314799
57.225778
58.260773
59.445664
60.801941
62.35545
64.136271
66.147101
68.385188
70.856875
73.573586
76.544188
79.77507
83.258923
86.973086
90.886795
94.964197
99.164824
103.44468
107.75767
112.0639
116.26356
120.21232
123.79881
126.9343
129.56241
131.65641
133.21865
134.27994
134.88692
135.04706
134.79866
134.38029
133.85091
133.00108
132.01839
130.9975
129.85116
128.55089
127.16793
125.7279
124.23026
122.69727
121.1477
119.58834
118.02864
116.47795
114.9438
113.43141
111.95316
110.51126
109.10385
107.73553
106.4059
105.11287
103.85767
102.64191
101.46709
100.33441
99.244353
98.19626
97.190135
96.225528
95.301189
94.414879
93.565129
92.750089
91.967852
91.217081
90.495847
89.802867
89.136274
88.493153
87.891653
87.318054
86.648715
53.095809
52.439028
51.783007
51.131604
50.491648
49.870483
49.273624
48.705714
48.171534
47.674854
47.217228
46.802732
46.434953
46.115601
45.830147
45.572685
45.355866
45.185141
45.060712
44.981057
44.944082
44.947356
44.989982
45.073443
45.201188
45.378623
45.613675
45.916251
46.297677
46.771317
47.353411
48.059982
48.907562
49.915612
51.107854
52.490854
54.08148
55.898399
57.95319
60.254653
62.811996
65.631979
68.718796
72.073933
75.697384
79.568356
83.6039
87.702043
91.758584
95.666243
99.319659
102.6204
105.48414
107.85529
109.69527
110.92662
111.55692
111.76362
111.74656
111.56666
111.32855
110.96506
110.42372
109.77571
109.01862
108.0963
107.07222
105.97102
104.79819
103.57525
102.31866
101.0439
99.761334
98.50324
97.264414
96.042348
94.840457
93.660599
92.502969
91.369128
90.260936
89.180189
88.128804
87.108186
86.117819
85.159328
84.234872
83.343979
82.485067
81.657398
80.860064
80.091822
79.35258
78.64056
77.955109
77.294902
76.65862
76.057535
75.492747
74.828176
53.069441
52.409281
51.748091
51.086137
50.424542
49.76485
49.108826
48.458502
47.816285
47.18478
46.566458
45.963871
45.379601
44.816055
44.27395
43.753413
43.255837
42.783012
42.336556
41.917639
41.521894
41.139019
40.773798
40.435732
40.130852
39.862667
39.633798
39.446527
39.303335
39.208313
39.167562
39.188529
39.279936
39.452077
39.717337
40.088295
40.579943
41.210636
42.000403
42.960426
44.110814
45.473587
47.072808
48.934664
51.087719
53.562402
56.3774
59.521135
62.964011
66.653066
70.510807
74.435433
78.304201
81.986871
85.360409
88.28359
90.626204
92.3582
93.521757
94.226436
94.590564
94.759538
94.788422
94.713425
94.549363
94.226523
93.786201
93.228115
92.52218
91.716387
90.830997
89.894831
88.917736
87.934335
86.938275
85.930631
84.917203
83.901983
82.888084
81.879347
80.879094
79.890471
78.916914
77.961231
77.025101
76.110889
75.221103
74.356961
73.518776
72.70684
71.921197
71.161581
70.427964
69.719661
69.036638
68.377924
67.743546
67.140055
66.577541
65.913194
53.031429
52.367389
51.702482
51.03647
50.369335
49.701123
49.032095
48.362843
47.694288
47.027572
46.363938
45.704696
45.051224
44.40495
43.767192
43.13913
42.521954
41.916897
41.325215
40.74815
40.186388
39.639544
39.107777
38.592216
38.094484
37.616352
37.158925
36.716422
36.283658
35.869212
35.483504
35.133728
34.825008
34.561355
34.346473
34.185544
34.085618
34.055695
34.106592
34.249792
34.499158
34.871834
35.387433
36.06578
36.93495
38.029398
39.388661
41.05166
43.054423
45.424636
48.174642
51.293017
54.735867
58.422244
62.237495
66.028147
69.606484
72.79918
75.47592
77.599955
79.182491
80.302067
81.056941
81.525306
81.797448
81.938967
81.96157
81.887238
81.679627
81.36059
80.925092
80.395837
79.792601
79.123182
78.395424
77.622812
76.815773
75.980496
75.123453
74.25146
73.369889
72.483793
71.598414
70.717943
69.845792
68.985566
68.140448
67.312829
66.504415
65.716473
64.949941
64.205415
63.483397
62.783985
62.107561
61.45352
60.822935
60.219471
59.658765
58.995775
52.973045
52.293912
51.616266
50.939751
50.263946
49.588347
48.912587
48.236597
47.560592
46.88498
46.210251
45.536939
44.865622
44.196926
43.531521
42.870104
42.213409
41.562207
40.917309
40.27956
39.649788
39.028695
38.41693
37.815192
37.22427
36.645039
36.078388
35.524522
34.983094
34.454701
33.940994
33.444192
32.966446
32.503907
32.049703
31.613677
31.208251
30.841486
30.518996
30.244813
30.023899
29.863933
29.774907
29.768866
29.861215
30.072238
30.427305
30.956467
31.698373
32.698282
34.006195
35.672547
37.7409
40.23657
43.154264
46.44341
49.993958
53.641756
57.189549
60.460315
63.317443
65.691175
67.58607
69.02725
70.075165
70.817458
71.311019
71.627719
71.818018
71.889477
71.861894
71.724186
71.494986
71.184208
70.772405
70.284871
69.734947
69.127493
68.470916
67.775092
67.047711
66.29568
65.526449
64.745955
63.959534
63.17264
62.389572
61.61403
60.849148
60.097293
59.360464
58.6402
57.937733
57.253957
56.589823
55.945256
55.322193
54.722544
54.16526
53.505731
52.92217
52.222179
51.524603
50.829466
50.136557
49.445448
48.755722
48.067154
47.379755
46.693704
46.009259
45.326701
44.646325
43.968437
43.293355
42.621409
41.952949
41.288341
40.62797
39.972244
39.32159
38.676442
38.037239
37.404433
36.778498
36.15994
35.549296
34.947068
34.353667
33.769524
33.195198
32.631425
32.079071
31.538482
31.009226
30.492022
29.988876
29.50241
29.033518
28.572495
28.123746
27.702621
27.318956
26.978942
26.687231
26.450963
26.28126
26.193109
26.206546
26.348161
26.652131
27.160965
27.928101
29.014813
30.484306
32.390036
34.756914
37.559229
40.705673
44.049134
47.408466
50.604933
53.503015
56.010652
58.087894
59.754141
61.038729
61.988875
62.678115
63.151033
63.470788
63.660234
63.73943
63.738326
63.646374
63.470564
63.223186
62.888376
62.475256
61.999384
61.468267
60.888093
60.269469
59.619985
58.946704
58.25759
57.558205
56.853847
56.149381
55.448453
54.754397
54.069846
53.396949
52.737523
52.093209
51.464609
50.854444
50.263667
49.713204
49.060603
52.892204
52.177518
51.464464
50.753385
50.044407
49.337419
48.632236
47.928746
47.226981
46.527099
45.829331
45.133939
44.441194
43.751375
43.064765
42.381646
41.702302
41.027017
40.356077
39.689767
39.028373
38.372177
37.721458
37.076494
36.43756
35.804927
35.178871
34.559667
33.947578
33.342861
32.745785
32.156649
31.575794
31.003543
30.44013
29.885839
29.341133
28.806702
28.283238
27.77026
27.267865
26.777904
26.303092
25.844105
25.389555
24.949289
24.539707
24.170417
23.848383
23.582218
23.386332
23.281144
23.294836
23.465683
23.843692
24.490073
25.475563
26.867564
28.70999
31.001975
33.682814
36.633543
39.700534
42.72011
45.545934
48.077973
50.256084
52.056944
53.504739
54.628345
55.467554
56.077964
56.500135
56.776727
56.949551
57.031905
57.041066
56.971207
56.82238
56.606027
56.311398
55.939936
55.510273
55.027797
54.499941
53.938539
53.349235
52.739322
52.11592
51.484016
50.848675
50.213823
49.58276
48.95846
48.343383
47.738978
47.148755
46.573267
46.034754
45.39401
52.877287
52.154576
51.432609
50.711818
49.99248
49.274682
48.558425
47.843728
47.130686
46.419476
45.710335
45.00353
44.299346
43.598077
42.900019
42.205474
41.514741
40.828118
40.145901
39.468383
38.795851
38.128589
37.466871
36.810966
36.161134
35.517625
34.880679
34.250525
33.62738
33.011447
32.402915
31.801964
31.208766
30.62348
30.046251
29.477211
28.916501
28.364292
27.820786
27.286089
26.760285
26.243642
25.736693
25.239962
24.752592
24.275032
23.809629
23.359511
22.917113
22.48166
22.074506
21.70862
21.393883
21.143496
20.9792
20.932276
21.046054
21.377382
21.993187
22.962133
24.339945
26.147979
28.357959
30.887539
33.610796
36.384246
39.069096
41.548338
43.748291
45.629508
47.179795
48.422799
49.384629
50.097525
50.617359
50.981859
51.21858
51.36076
51.432148
51.434122
51.363733
51.220105
51.016083
50.735004
50.385168
49.985882
49.536727
49.048569
48.531264
47.990323
47.433164
46.86505
46.290722
45.714668
45.140289
44.570145
44.008606
43.456253
42.936543
42.314134
52.870694
52.143911
51.417306
50.691318
49.966264
49.242317
48.51957
47.798116
47.078087
46.359671
45.643104
44.928649
44.216589
43.507218
42.800838
42.097755
41.398275
40.702703
40.011347
39.324507
38.642482
37.965566
37.294048
36.628209
35.968323
35.314658
34.667469
34.027004
33.393501
32.767182
32.148258
31.536926
30.933369
30.337753
29.750227
29.170922
28.599952
28.037415
27.483398
26.937967
26.401163
25.873026
25.353621
24.843042
24.341241
23.848218
23.364237
22.889875
22.424759
21.968524
21.523453
21.093078
20.670412
20.257379
19.878349
19.548615
19.282611
19.104027
19.047779
19.161155
19.503366
20.139476
21.129092
22.510973
24.285105
26.403429
28.773262
31.271453
33.769031
36.149624
38.319865
40.225183
41.839097
43.156685
44.206384
45.01246
45.607442
46.036219
46.337907
46.527613
46.632708
46.680411
46.663125
46.577849
46.427441
46.225256
45.943829
45.606507
45.224302
44.799767
44.344251
43.863473
43.363982
42.852154
42.332349
41.808653
41.286389
40.766583
40.274259
39.678318
52.868495
52.139659
51.410673
50.68197
49.953882
49.22662
48.500327
47.775133
47.051191
46.328689
45.607856
44.888944
44.172227
43.457989
42.746523
42.038129
41.333106
40.631757
39.934382
39.241281
38.55275
37.869081
37.190562
36.517476
35.850099
35.188701
34.533544
33.884883
33.242964
32.608024
31.980289
31.359974
30.747285
30.142412
29.545534
28.956813
28.376399
27.804422
27.240997
26.68622
26.140167
25.602896
25.074448
24.554853
24.044114
23.542217
23.049165
22.565012
22.089747
21.623311
21.165919
20.718162
20.279729
19.850632
19.433903
19.034085
18.637484
18.267473
17.946411
17.691852
17.52954
17.496974
17.643402
18.026441
18.706683
19.733126
21.127286
22.870971
24.901808
27.12223
29.414632
31.663951
33.771782
35.663463
37.301987
38.671606
39.777925
40.650142
41.309315
41.790789
42.130663
42.365436
42.500286
42.572275
42.588184
42.544893
42.438167
42.27674
42.059324
41.776511
41.449318
41.079506
40.676302
40.248042
39.799582
39.337169
38.866983
38.391039
37.936455
37.37699
52.86866
52.138784
51.408554
50.6784
49.948664
49.219583
48.491334
47.764074
47.037969
46.313211
45.59002
44.868641
44.149335
43.432377
42.71805
42.006642
41.298445
40.59375
39.89285
39.196036
38.503594
37.815809
37.132961
36.455325
35.783171
35.116762
34.456354
33.802197
33.154534
32.513599
31.879618
31.252807
30.633375
30.021518
29.417426
28.821272
28.233224
27.653431
27.082034
26.519156
25.964909
25.419387
24.882667
24.354815
23.835877
23.325885
22.824861
22.332825
21.849787
21.375747
20.910724
20.454798
20.007996
19.570339
19.142205
18.72446
18.316178
17.919533
17.539294
17.166885
16.820171
16.52427
16.298341
16.17074
16.181249
16.379978
16.822303
17.563499
18.639866
20.05691
21.779793
23.734271
25.819402
27.923183
29.94427
31.800598
33.436721
34.831285
35.976274
36.88782
37.593755
38.11534
38.486801
38.746612
38.914085
38.992785
39.031346
39.014433
38.941728
38.814224
38.641945
38.405912
38.122173
37.799852
37.442353
37.05922
36.656563
36.23825
35.83361
35.322991
52.870144
52.139747
51.408857
50.677898
49.947221
49.217086
48.487698
47.759236
47.031881
46.30583
45.581302
44.858535
44.137785
43.419318
42.703407
41.990334
41.280381
40.573833
39.870973
39.172083
38.477442
37.787327
37.102007
36.421751
35.746818
35.077463
34.413934
33.756473
33.105312
32.460679
31.822791
31.191858
30.568082
29.951655
29.34276
28.741572
28.148254
27.562961
26.985836
26.41701
25.856607
25.304733
24.761487
24.226952
23.701203
23.184299
22.676293
22.177228
21.687143
21.206071
20.734045
20.271101
19.817276
19.372608
18.93717
18.511124
18.094497
17.687563
17.291133
16.904795
16.530544
16.173454
15.825107
15.508895
15.246885
15.059622
14.978391
15.045705
15.311302
15.829463
16.648016
17.788845
19.240538
20.951164
22.835933
24.791817
26.714537
28.517834
30.135323
31.530736
32.695792
33.631588
34.361872
34.911425
35.309132
35.579362
35.764548
35.867107
35.909854
35.910082
35.860492
35.759813
35.614973
35.42153
35.175218
34.892291
34.575051
34.231021
33.890514
33.4441
52.872395
52.141754
51.410512
50.67909
49.947846
49.217057
48.486953
47.757734
47.029597
46.302748
45.577405
44.853807
44.132204
43.412859
42.696039
41.98202
41.27108
40.563495
39.859545
39.159504
38.463647
37.772241
37.085553
36.403841
35.72736
35.056356
34.39107
33.731736
33.078579
32.431819
31.791664
31.158317
30.531971
29.912811
29.301012
28.696742
28.100157
27.511406
26.930626
26.357948
25.79349
25.23736
24.689658
24.150471
23.619878
23.097947
22.58474
22.080311
21.584708
21.097976
20.620157
20.151294
19.69143
19.240609
18.79888
18.366307
17.94295
17.528885
17.124264
16.729152
16.343835
15.969194
15.604862
15.253726
14.921313
14.599762
14.317749
14.094079
13.952448
13.927572
14.064185
14.413042
15.025534
15.938247
17.156873
18.650276
20.349245
22.160708
23.982069
25.720018
27.304841
28.688052
29.852361
30.797996
31.541137
32.10548
32.5147
32.799554
32.990259
33.106172
33.153109
33.163364
33.129406
33.049743
32.927416
32.766636
32.552459
32.301714
32.041407
31.677694
52.87511
52.144375
51.412952
50.681257
49.949651
49.218429
48.487838
47.758101
47.029428
46.302035
45.576147
44.852002
44.129849
43.409947
42.692564
41.977969
41.266437
40.558242
39.853657
39.152955
38.456405
37.764271
37.076815
36.39429
35.716946
35.045025
34.378764
33.718389
33.064121
32.416173
31.774749
31.140044
30.512245
29.89153
29.278068
28.672019
28.073533
27.482752
26.899808
26.324824
25.757911
25.199174
24.648708
24.106595
23.572912
23.047725
22.531093
22.023067
21.523694
21.033016
20.551072
20.0779
19.613538
19.158024
18.711398
18.273704
17.84499
17.425302
17.014693
16.613207
16.220906
15.837934
15.464359
15.100608
14.747773
14.405706
14.078337
13.766638
13.477071
13.2328
13.052793
12.965219
13.008983
13.230962
13.682754
14.409966
15.432236
16.735803
18.267336
19.942065
21.662081
23.330614
24.870645
26.229389
27.381244
28.324605
29.067157
29.63477
30.04899
30.339842
30.531193
30.652703
30.707466
30.720186
30.697511
30.633827
30.530832
30.392332
30.228301
29.967627
52.878117
52.147371
51.415865
50.684007
49.95216
49.220631
48.489686
47.759564
47.030491
46.302694
45.576402
44.851858
44.129311
43.409019
42.691249
41.976267
41.264346
40.555758
39.850774
39.149663
38.452691
37.760121
37.072211
36.389211
35.71137
35.038925
34.372108
33.711146
33.056253
32.40764
31.765505
31.130041
30.501429
29.879844
29.265449
28.658399
28.05884
27.466908
26.882729
26.306421
25.738092
25.17784
24.625752
24.08191
23.546382
23.019231
22.50051
21.990266
21.488538
20.995361
20.510767
20.034783
19.567437
19.108755
18.658763
18.217488
17.784961
17.361211
16.946265
16.540147
16.142876
15.754474
15.374964
15.004406
14.642989
14.290844
13.94861
13.616958
13.297385
12.994511
12.70626
12.451699
12.248618
12.119398
12.097293
12.225416
12.553677
13.131375
13.991175
15.131961
16.514888
18.064633
19.686274
21.282846
22.772108
24.098164
25.22744
26.155323
26.888779
27.450293
27.862402
28.151567
28.341985
28.46285
28.523531
28.537368
28.523866
28.472803
28.404408
28.264768
52.881312
52.150604
51.419072
50.687116
49.955102
49.223345
48.492126
47.7617
47.032307
46.304184
45.577568
44.852706
44.129848
43.409254
42.691188
41.975917
41.263712
40.554843
39.84958
39.148189
38.450936
37.758081
37.06988
36.386582
35.708433
35.035668
34.368519
33.707208
33.051949
32.402949
31.760405
31.124505
30.495431
29.873351
29.258428
28.650813
28.050649
27.458067
26.873191
26.296135
25.727002
25.165887
24.612874
24.068038
23.531447
23.003156
22.483215
21.971665
21.46854
20.973869
20.487675
20.009978
19.540793
19.080136
18.628019
18.184454
17.749455
17.323033
16.905199
16.495958
16.095313
15.703257
15.319784
14.944885
14.578573
14.220866
13.871861
13.531723
13.200791
12.87999
12.569802
12.273429
11.994706
11.736776
11.520195
11.363758
11.295655
11.354838
11.589044
12.048923
12.775446
13.778871
15.032089
16.469099
17.99844
19.524007
20.95942
22.244284
23.342909
24.246743
24.963447
25.511243
25.915717
26.196959
26.384208
26.501468
26.565946
26.58462
26.591685
26.54689
52.884632
52.153989
51.422464
50.690453
49.958318
49.226385
48.494945
47.764267
47.034604
46.306204
45.579311
44.854176
44.131054
43.410204
42.691892
41.976384
41.26395
40.554858
39.849378
39.147775
38.450314
37.757252
37.068844
36.38534
35.706982
35.034005
34.366639
33.705105
33.049616
32.400377
31.757582
31.121421
30.49207
29.869699
29.254467
28.646523
28.046008
27.453053
26.867777
26.290293
25.720701
25.159093
24.605552
24.060149
23.522948
22.994004
22.473362
21.961059
21.457125
20.961585
20.474456
19.995751
19.525479
19.063646
18.610254
18.165303
17.728795
17.300726
16.881092
16.469885
16.067092
15.672695
15.286667
14.908982
14.539609
14.178521
13.825699
13.481147
13.144907
12.817134
12.498021
12.188174
11.888642
11.600774
11.328778
11.073672
10.851274
10.67855
10.579527
10.589215
10.752628
11.120637
11.738909
12.628162
13.77038
15.108017
16.553111
18.009155
19.388389
20.627129
21.689143
22.562388
23.256127
23.783839
24.173765
24.444505
24.627039
24.741777
24.821665
24.848926
52.888036
52.157472
51.425975
50.693934
49.961712
49.229637
48.498013
47.76712
47.037222
46.308576
45.581436
44.856057
44.132697
43.411619
42.693087
41.977369
41.264735
40.555451
39.849787
39.148008
38.450375
37.757147
37.068578
36.384915
35.7064
35.033268
34.365746
33.704056
33.048408
32.399007
31.756048
31.119716
30.49019
29.867635
29.252211
28.644066
28.043338
27.450158
26.864644
26.286907
25.717045
25.155149
24.6013
24.055568
23.518015
22.988693
22.467645
21.954907
21.450506
20.954463
20.466793
19.987503
19.516599
19.054079
18.599941
18.154176
17.716775
17.287727
16.867017
16.454626
16.050529
15.654698
15.267096
14.887682
14.516413
14.153239
13.798114
13.450991
13.111833
12.780625
12.457376
12.14217
11.835218
11.536883
11.248064
10.969664
10.704819
10.456787
10.233367
10.0516
9.9322263
9.9067014
10.017288
10.314454
10.846571
11.642377
12.691495
13.94269
15.311323
16.700926
18.023523
19.213185
20.234144
21.071446
21.735178
22.238684
22.611347
22.871002
23.061457
23.177615
52.891496
52.161018
51.429561
50.697509
49.96522
49.23303
48.501249
47.770166
47.040058
46.31119
45.583823
44.858219
44.134639
43.413348
42.694612
41.978701
41.265881
40.556422
39.850591
39.148653
38.450869
37.757497
37.068789
36.384992
35.706347
35.033089
34.365444
33.703632
33.047865
32.398344
31.755265
31.118813
30.489163
29.866484
29.250931
28.642653
28.041788
27.448465
26.862801
26.284906
25.714878
25.152806
24.598771
24.052841
23.515077
22.98553
22.464243
21.951249
21.446574
20.950237
20.462251
19.982621
19.511348
19.048429
18.593856
18.147616
17.709695
17.280075
16.858733
16.445644
16.040776
15.644091
15.255547
14.875094
14.502677
14.13824
13.781722
13.433058
13.092188
12.759051
12.433594
12.115781
11.805603
11.5031
11.208424
10.921825
10.643958
10.375843
10.119507
9.8792747
9.6584479
9.4728034
9.3408353
9.2909348
9.3629485
9.6063445
10.071261
10.79193
11.764061
12.941263
14.241695
15.569027
16.835693
17.974321
18.949441
19.746361
20.377245
20.854941
21.223754
21.473482
52.894993
52.164603
51.433194
50.70114
49.968802
49.236515
48.504597
47.773347
47.043048
46.313976
45.586398
44.860582
44.136794
43.4153
42.69637
41.980273
41.267277
40.557651
39.851663
39.149575
38.45165
37.758143
37.069308
36.38539
35.70663
35.033261
34.36551
33.703596
33.047728
32.39811
31.754936
31.118389
30.488646
29.865873
29.250227
28.641854
28.040892
27.44747
26.861705
26.283704
25.713567
25.151382
24.597228
24.051173
23.513277
22.983592
22.462158
21.949008
21.444168
20.947655
20.45948
19.979649
19.508159
19.045005
18.590177
18.14366
17.705434
17.275479
16.853768
16.44027
16.034949
15.637763
15.248663
14.867594
14.494496
14.129305
13.771954
13.422369
13.080479
12.74621
12.419486
12.100238
11.788399
11.483916
11.186762
10.896942
10.614549
10.339799
10.073158
9.8156451
9.5686036
9.3355979
9.1201461
8.9346436
8.795936
8.7300294
8.7746423
8.9781277
9.3916775
10.053256
10.963207
12.078423
13.319103
14.588714
15.799953
16.885463
17.813156
18.567897
19.181023
19.63697
52.898512
52.168211
51.436851
50.704804
49.972427
49.240059
48.508021
47.77662
47.046147
46.316885
45.589109
44.863092
44.139104
43.417416
42.698298
41.982021
41.268853
40.559065
39.852923
39.15069
38.452628
37.758993
37.070036
36.386004
35.707135
35.033663
34.365814
33.703807
33.04785
32.398147
31.754889
31.118263
30.488442
29.865593
29.249871
28.641424
28.040389
27.446892
26.861052
26.282976
25.712762
25.150498
24.596262
24.050123
23.512141
22.982365
22.460837
21.947589
21.442645
20.946023
20.457732
19.977778
19.506157
19.042863
18.587883
18.141201
17.702796
17.272644
16.850716
16.436978
16.031391
15.633909
15.244481
14.863048
14.489547
14.12391
13.766063
13.415931
13.073435
12.738493
12.411023
12.090942
11.778166
11.472616
11.174215
10.882897
10.598616
10.321358
10.051172
9.7882399
9.5328993
9.2859513
9.0485888
8.8237232
8.6152656
8.4323646
8.2910901
8.215313
8.2412076
8.4159076
8.7914704
9.407999
10.269583
11.33432
12.523219
13.73873
14.896994
15.929237
16.828347
17.550115
52.902044
52.171828
51.440519
50.708483
49.976076
49.243638
48.511494
47.779955
47.049322
46.319883
45.59192
44.865711
44.141532
43.419655
42.700354
41.9839
41.270564
40.560616
39.854322
39.151946
38.45375
37.759988
37.070912
36.386767
35.707793
35.034221
34.366279
33.704182
33.048142
32.398358
31.755025
31.118326
30.488435
29.865519
29.249733
28.641223
28.040126
27.446569
26.860669
26.282534
25.712261
25.149937
24.595642
24.049443
23.511399
22.98156
22.459968
21.946653
21.441641
20.944948
20.456585
19.976553
19.504851
19.041471
18.586399
18.139618
17.701106
17.270837
16.84878
16.4349
16.029155
15.631498
15.241875
14.860226
14.486486
14.120582
13.762441
13.411983
13.069125
12.733783
12.405869
12.085295
11.77197
11.465805
11.166709
10.874595
10.589379
10.310984
10.039351
9.7744492
9.5162976
9.265021
9.0208902
8.7845537
8.5571344
8.3409818
8.1406321
7.9620803
7.8211321
7.7401556
7.7540385
7.9092033
8.2583449
8.8427801
9.6687704
10.693125
11.839195
13.004975
14.136678
15.130139
52.905578
52.175444
51.444186
50.712164
49.979733
49.247234
48.514994
47.783331
47.052549
46.322944
45.594805
44.868413
44.144048
43.421988
42.702508
41.98588
41.272378
40.562271
39.855827
39.153309
38.454978
37.76109
37.071895
36.387638
35.708559
35.03489
34.366854
33.704671
33.048548
32.398688
31.755282
31.118513
30.488557
29.865579
29.249733
28.641166
28.040014
27.446404
26.860453
26.282268
25.711946
25.149574
24.595231
24.048985
23.510895
22.981009
22.45937
21.946008
21.440949
20.944208
20.455795
19.975713
19.50396
19.040525
18.585397
18.138555
17.699978
17.269638
16.847504
16.433539
16.0277
15.629938
15.240199
14.858421
14.484536
14.118474
13.760156
13.409502
13.066427
12.730844
12.402664
12.081795
11.768143
11.461614
11.162112
10.869541
10.583807
10.304816
10.032476
9.7667062
9.5074345
9.2546157
9.0082459
8.7684099
8.5353359
8.3095545
8.0921827
7.8850766
7.6923173
7.5196716
7.3814848
7.2991327
7.3066492
7.4503465
7.7835841
8.3476217
9.1514254
10.145512
11.285925
12.418902
52.909108
52.179052
51.447842
50.715836
49.983386
49.250833
48.518507
47.786729
47.05581
46.32605
45.597743
44.871176
44.146633
43.424394
42.704738
41.98794
41.274273
40.564009
39.857414
39.154754
38.456289
37.762274
37.072959
36.388591
35.709406
35.035638
34.36751
33.70524
33.049036
32.399099
31.755621
31.118785
30.488765
29.865726
29.249823
28.641202
28.039999
27.44634
26.860342
26.282112
25.711746
25.149333
24.59495
24.048664
23.510535
22.980612
22.458936
21.945539
21.440444
20.943669
20.455222
19.975106
19.503318
19.039848
18.584684
18.137805
17.699188
17.268805
16.846625
16.432609
16.026713
15.628888
15.239079
14.857222
14.483251
14.117092
13.758667
13.407894
13.064688
12.72896
12.400619
12.079571
11.765722
11.458973
11.159228
10.866386
10.580348
10.301016
10.028288
9.7620669
9.5022582
9.2487724
9.0015311
8.7604771
8.525591
8.2969283
8.0746923
7.8593205
7.6517854
7.4537856
7.2690361
7.1031523
6.9694394
6.8886961
6.8948079
7.0340948
7.3623835
7.9178505
8.7426102
9.7213013
52.912629
52.182646
51.451482
50.719492
49.987025
49.254424
48.52202
47.790137
47.05909
46.329184
45.600718
44.873983
44.149268
43.426856
42.707028
41.990062
41.276233
40.565811
39.859067
39.156264
38.457664
37.763521
37.074087
36.389605
35.710314
35.036446
34.368225
33.705867
33.049581
32.399567
31.756017
31.119113
30.48903
29.865931
29.249972
28.641298
28.040045
27.446339
26.860297
26.282024
25.711619
25.149167
24.594747
24.048427
23.510264
22.98031
22.458603
21.945176
21.440054
20.943251
20.454779
19.974638
19.502826
19.039333
18.584145
18.137243
17.698602
17.268194
16.845986
16.431939
16.026009
15.628147
15.238295
14.856391
14.482368
14.11615
13.757659
13.406814
13.063528
12.72771
12.399271
12.078114
11.764144
11.457262
11.157368
10.864362
10.578142
10.298605
10.025649
9.7591707
9.4990678
9.2452393
8.9975866
8.7560163
8.5204445
8.2908058
8.0670705
7.8492727
7.6375776
7.4323681
7.2345176
7.045618
6.8691317
6.7106152
6.5827961
6.5062229
6.5161337
6.6582008
7.0160619
7.5727614
52.916134
52.186219
51.455098
50.723123
49.990643
49.257999
48.525523
47.793544
47.062377
46.332334
45.603716
44.876821
44.15194
43.42936
42.709365
41.992233
41.278242
40.567665
39.860772
39.157826
38.45909
37.764819
37.075263
36.390667
35.711269
35.0373
34.368984
33.706537
33.050168
32.400076
31.756453
31.119481
30.489334
29.866175
29.25016
28.641434
28.040131
27.446379
26.860293
26.281979
25.711535
25.149047
24.594592
24.048239
23.510046
22.980063
22.458329
21.944877
21.439731
20.942907
20.454414
19.974254
19.502425
19.038916
18.583712
18.136795
17.698139
17.267715
16.845491
16.431426
16.025477
15.627592
15.237716
14.855784
14.481728
14.115474
13.756944
13.406055
13.062719
12.726847
12.398347
12.077123
11.763078
11.456114
11.156129
10.863022
10.57669
10.297029
10.023934
9.7573018
9.4970258
9.2430013
8.9951242
8.753291
8.5174012
8.2873584
8.0630752
7.8444804
7.6315346
7.4242564
7.2227839
7.0274629
6.8390987
6.6592185
6.4911523
6.3404774
6.2200566
6.1503163
6.1816961
6.3304236
52.91962
52.189767
51.458686
50.726726
49.994234
49.26155
48.529009
47.796939
47.065661
46.335488
45.606727
44.879679
44.154638
43.431895
42.711735
41.994441
41.280292
40.56956
39.862518
39.15943
38.460557
37.766157
37.076479
36.391767
35.71226
35.038189
34.369777
33.70724
33.050786
32.400615
31.756918
31.119877
30.489665
29.866446
29.250374
28.641594
28.040242
27.446443
26.860314
26.281959
25.711477
25.148953
24.594465
24.04808
23.509858
22.979848
22.458089
21.944614
21.439447
20.942604
20.454093
19.973919
19.502076
19.038555
18.583341
18.136414
17.697749
17.267316
16.845083
16.431009
16.025048
15.627151
15.23726
14.855312
14.481237
14.114962
13.756408
13.405491
13.062125
12.72622
12.397682
12.076417
11.762327
11.455311
11.15527
10.862101
10.5757
10.295962
10.022782
9.7560547
9.4956731
9.2415307
8.993521
8.7515376
8.515475
8.2852289
8.060697
7.8417816
7.6283928
7.4204551
7.2179225
7.0208026
6.8292157
6.6434832
6.4643746
6.293387
6.1339147
5.9916276
5.8847228
5.8228807
52.923081
52.193286
51.462241
50.730295
49.997791
49.265071
48.532468
47.800314
47.068932
46.338637
45.609741
44.882546
44.157351
43.43445
42.71413
41.996677
41.282371
40.571487
39.864296
39.161065
38.462057
37.767526
37.077725
36.392897
35.71328
35.039105
34.370595
33.707966
33.051427
32.401175
31.757403
31.120291
30.490013
29.866732
29.250603
28.641769
28.040367
27.446521
26.860348
26.281952
25.711431
25.148872
24.594351
24.047936
23.509685
22.979648
22.457866
21.944369
21.439182
20.942322
20.453797
19.973609
19.501755
19.038225
18.583003
18.13607
17.6974
17.266963
16.844725
16.430646
16.02468
15.626777
15.236879
14.854921
14.480836
14.114549
13.75598
13.405048
13.061663
12.725738
12.397177
12.075887
11.761768
11.454722
11.154646
10.861438
10.574994
10.295208
10.021976
9.7551896
9.4947427
9.2405276
8.9924367
8.7503626
8.5141979
8.2838356
8.0591697
7.8400953
7.62651
7.418315
7.2154189
7.017744
6.8252398
6.6379074
6.4558571
6.2793974
6.1093125
5.9471161
5.7977811
5.6639346
52.926514
52.196771
51.46576
50.733825
50.001311
49.268556
48.535897
47.803664
47.072183
46.341774
45.612748
44.885413
44.16007
43.437016
42.716541
41.998932
41.284472
40.573436
39.866098
39.162726
38.463581
37.76892
37.078995
36.394049
35.714321
35.04004
34.371432
33.70871
33.052083
32.401749
31.7579
31.120717
30.490372
29.867028
29.25084
28.641952
28.040498
27.446605
26.860387
26.28195
25.711391
25.148796
24.594241
24.047796
23.509517
22.979454
22.457648
21.944131
21.438925
20.942049
20.45351
19.97331
19.501447
19.037909
18.582682
18.135744
17.697071
17.266632
16.844393
16.430313
16.024345
15.62644
15.236539
14.854577
14.480487
14.114193
13.755617
13.404676
13.061281
12.725343
12.39677
12.075464
11.761328
11.454263
11.154166
10.860934
10.574464
10.294649
10.021384
9.7545612
9.4940737
9.2398135
8.9916724
8.7495422
8.5133147
8.2828821
8.0581369
7.8389722
7.6252819
7.4169615
7.2139086
7.0160243
6.8232168
6.6354074
6.4525435
6.2746225
6.1017576
5.9342651
5.7733334
5.6197316
52.929915
52.200219
51.469238
50.737313
50.004787
49.272
48.539288
47.806981
47.075408
46.34489
45.615741
44.888272
44.162787
43.439585
42.718959
42.001198
41.286586
40.575402
39.867918
39.164404
38.465123
37.770332
37.080282
36.395218
35.715377
35.04099
34.372281
33.709465
33.052749
32.402333
31.758405
31.121149
30.490735
29.867327
29.25108
28.642136
28.04063
27.446688
26.860425
26.281947
25.711348
25.148717
24.594129
24.047653
23.509346
22.979258
22.457428
21.94389
21.438667
20.941774
20.453222
19.973012
19.50114
19.037596
18.582364
18.135424
17.696749
17.26631
16.844071
16.429992
16.024026
15.626121
15.23622
14.854258
14.480166
14.11387
13.75529
13.404344
13.060944
12.725
12.396419
12.075105
11.76096
11.453883
11.153773
10.860528
10.574041
10.294209
10.020924
9.7540791
9.4935668
9.2392787
8.9911065
8.7489415
8.5126752
8.2821992
8.0574053
7.8381858
7.6244337
7.4160425
7.2129069
7.0149228
6.8219886
6.634006
6.4508836
6.2725425
6.0989304
5.9300515
5.766109
5.6073125
52.93328
52.203627
51.472671
50.740755
50.008218
49.2754
48.542636
47.81026
47.0786
46.347978
45.618713
44.891116
44.165495
43.44215
42.721377
42.003468
41.288707
40.577376
39.869749
39.166095
38.466678
37.771757
37.081582
36.396398
35.716444
35.04195
34.37314
33.710228
33.053422
32.40292
31.758914
31.121582
30.491099
29.867626
29.251318
28.642317
28.040758
27.446767
26.860458
26.281937
25.711299
25.148631
24.59401
24.047502
23.509167
22.979053
22.4572
21.943642
21.4384
20.941492
20.452927
19.972707
19.500827
19.037277
18.582042
18.1351
17.696425
17.265987
16.843749
16.429672
16.023709
15.625807
15.235908
14.853947
14.479856
14.11356
13.75498
13.404032
13.06063
12.724684
12.396099
12.07478
11.76063
11.453548
11.153431
10.860178
10.573683
10.29384
10.020543
9.7536854
9.4931583
9.2388535
8.9906625
8.7484763
8.5121862
8.2816835
8.0568597
7.8376066
7.6238167
7.4153828
7.2121987
7.0141589
6.8211591
6.6330964
6.4498701
6.2713829
6.0975439
5.9282811
5.763552
5.6034124
52.936605
52.20699
51.476057
50.744146
50.011598
49.27875
48.545938
47.813496
47.081753
46.351034
45.621657
44.893938
44.168185
43.444703
42.723788
42.005734
41.290829
40.579353
39.871584
39.167791
38.468239
37.773188
37.082888
36.397584
35.717516
35.042914
34.374001
33.710993
33.054096
32.403508
31.759421
31.122014
30.49146
29.867921
29.25155
28.642491
28.040879
27.446837
26.860482
26.281917
25.711239
25.148534
24.593878
24.047339
23.508975
22.978835
22.45696
21.94338
21.438121
20.941198
20.45262
19.97239
19.500502
19.036947
18.581709
18.134766
17.696092
17.265655
16.84342
16.429347
16.023387
15.625488
15.235592
14.853634
14.479544
14.11325
13.75467
13.403723
13.060321
12.724374
12.395789
12.074469
11.760317
11.453232
11.153113
10.859856
10.573357
10.293509
10.020207
9.7533418
9.4928066
9.2384925
8.9902908
8.7480925
8.5117885
8.2812699
8.0564281
7.8371547
7.6233418
7.4148821
7.2116686
7.0135956
6.8205579
6.6324512
6.4491726
6.2706203
6.0966964
5.9273044
5.7623509
5.6018478
52.939888
52.210305
51.479391
50.747485
50.014924
49.282047
48.549189
47.816684
47.084862
46.35405
45.624567
44.896731
44.170853
43.447237
42.726185
42.007991
41.292944
40.581326
39.873417
39.169487
38.469802
37.77462
37.084196
36.398773
35.71859
35.043879
34.374863
33.711757
33.054767
32.404093
31.759923
31.12244
30.491813
29.868207
29.251773
28.642655
28.040988
27.446896
26.860492
26.281883
25.711165
25.148422
24.593731
24.047161
23.508768
22.978602
22.456703
21.943103
21.437826
20.940888
20.452297
19.972057
19.500162
19.036602
18.581361
18.134418
17.695744
17.26531
16.843079
16.42901
16.023054
15.625157
15.235264
14.853308
14.479222
14.11293
13.754353
13.403408
13.060008
12.724062
12.395478
12.074159
11.760007
11.452923
11.152804
10.859546
10.573046
10.293197
10.019892
9.7530244
9.4924857
9.2381673
8.9899604
8.7477557
8.5114443
8.280917
8.0560652
7.8367801
7.6229539
7.4144788
7.2112479
7.0131551
6.8200947
6.6319621
6.4486538
6.2700668
6.0960994
5.9266527
5.7616238
5.6010093
52.943123
52.213569
51.482671
50.750767
50.018192
49.285286
48.552384
47.819819
47.087922
46.357021
45.627438
44.89949
44.173491
43.449748
42.728562
42.010232
41.295046
40.58329
39.875243
39.171178
38.47136
37.77605
37.085501
36.399958
35.719661
35.044841
34.375721
33.712516
33.055433
32.40467
31.760418
31.122857
30.492157
29.868482
29.251984
28.642807
28.041084
27.446939
26.860487
26.281834
25.711073
25.148292
24.593567
24.046964
23.508542
22.978349
22.456427
21.942806
21.437511
20.940558
20.451955
19.971705
19.499803
19.036239
18.580995
18.134051
17.695379
17.264948
16.84272
16.428656
16.022704
15.624812
15.234923
14.852972
14.478889
14.112601
13.754027
13.403085
13.059688
12.723745
12.395163
12.073846
11.759697
11.452614
11.152496
10.85924
10.572741
10.292892
10.019588
9.7527202
9.4921809
9.2378614
8.9896527
8.7474456
8.511131
8.2805997
8.0557429
7.8364518
7.6226184
7.4141349
7.2108942
7.0127899
6.8197164
6.6315687
6.4482429
6.269636
6.0956444
5.9261694
5.7611101
5.6004551
52.946307
52.216779
51.485893
50.753988
50.0214
49.288465
48.555519
47.822897
47.090929
46.359943
45.630263
44.902208
44.176093
43.452227
42.730913
42.01245
41.29713
40.585238
39.877056
39.172857
38.472909
37.777471
37.086798
36.401136
35.720725
35.045795
34.37657
33.713266
33.056089
32.405238
31.760902
31.123261
30.492488
29.868743
29.25218
28.642942
28.041162
27.446965
26.860464
26.281765
25.710963
25.148143
24.593382
24.046746
23.508294
22.978075
22.456129
21.942488
21.437175
20.940206
20.451591
19.971332
19.499423
19.035854
18.580608
18.133664
17.694994
17.264566
16.842342
16.428282
16.022335
15.624449
15.234565
14.852619
14.478542
14.112258
13.753689
13.402751
13.059357
12.723418
12.39484
12.073527
11.75938
11.452301
11.152186
10.858932
10.572436
10.292589
10.019287
9.7524211
9.4918832
9.2375647
8.9893565
8.7471496
8.5108346
8.2803024
8.055444
7.8361507
7.6223142
7.4138268
7.2105812
7.012471
6.8193904
6.6312343
6.4478986
6.2692804
6.0952753
5.9257852
5.7607065
5.6000289
52.949437
52.21993
51.489054
50.757147
50.024543
49.291579
48.558592
47.825914
47.093877
46.36281
45.633038
44.904881
44.178655
43.45467
42.733232
42.014641
41.299189
40.587166
39.878851
39.174521
38.474443
37.77888
37.088084
36.402303
35.721777
35.046738
34.377408
33.714004
33.056733
32.405792
31.761371
31.123651
30.492803
29.868988
29.252359
28.643059
28.041222
27.446971
26.860421
26.281675
25.71083
25.147971
24.593174
24.046505
23.508024
22.977778
22.455808
21.942145
21.436814
20.939831
20.451203
19.970934
19.499019
19.035445
18.580197
18.133253
17.694585
17.264161
16.841942
16.427886
16.021945
15.624065
15.234187
14.852247
14.478175
14.111897
13.753333
13.402401
13.059012
12.723078
12.394504
12.073196
11.759054
11.451978
11.151867
10.858618
10.572125
10.292282
10.018983
9.7521206
9.4915856
9.2372698
8.989064
8.7468591
8.5105458
8.2800148
8.0551572
7.8358642
7.6220274
7.4135391
7.210292
7.0121795
6.8190958
6.6309359
6.4475953
6.2689711
6.094959
5.9254603
5.7603715
5.5996808
52.952509
52.223019
51.49215
50.760238
50.027618
49.294626
48.561597
47.828865
47.096763
46.365618
45.635758
44.907502
44.181169
43.457071
42.735513
42.016797
41.301219
40.589066
39.880623
39.176164
38.475959
37.78027
37.089353
36.403454
35.722815
35.047666
34.378231
33.714728
33.057361
32.40633
31.761824
31.124023
30.493099
29.869213
29.252518
28.643156
28.04126
27.446955
26.860354
26.281562
25.710674
25.147775
24.592941
24.046239
23.507728
22.977455
22.45546
21.941777
21.436428
20.939429
20.45079
19.970511
19.498588
19.035011
18.579761
18.132818
17.694152
17.263731
16.841517
16.427466
16.021532
15.623659
15.233788
14.851855
14.477789
14.111518
13.75296
13.402033
13.058651
12.722722
12.394154
12.07285
11.758713
11.451643
11.151537
10.858293
10.571804
10.291966
10.018672
9.7518134
9.4912826
9.2369708
8.9887687
8.7465673
8.5102572
8.2797291
8.054874
7.8355831
7.6217481
7.4132611
7.2100149
7.0119028
6.8188188
6.630658
6.447316
6.2686896
6.0946746
5.9251718
5.7600791
5.5993817
52.955519
52.226042
51.495177
50.763259
50.030621
49.2976
48.564531
47.831747
47.099581
46.368362
45.638417
44.910067
44.183632
43.459424
42.737751
42.018915
41.303213
40.590935
39.882365
39.17778
38.47745
37.781639
37.090601
36.404585
35.723832
35.048574
34.379036
33.715432
33.05797
32.406848
31.762257
31.124375
30.493374
29.869417
29.252654
28.643229
28.041275
27.446915
26.860263
26.281423
25.710491
25.147552
24.592682
24.045946
23.507404
22.977104
22.455085
21.941381
21.436013
20.939
20.450348
19.97006
19.498131
19.034549
18.579298
18.132355
17.693691
17.263274
16.841066
16.427021
16.021093
15.623228
15.233364
14.851438
14.47738
14.111115
13.752564
13.401644
13.058268
12.722345
12.393783
12.072485
11.758355
11.45129
11.15119
10.857951
10.571469
10.291636
10.018347
9.7514943
9.4909687
9.2366619
8.9884647
8.746268
8.5099623
8.2794384
8.0545873
7.8353001
7.6214685
7.4129846
7.209741
7.0116312
6.8185491
6.6303897
6.4470486
6.2684226
6.0944077
5.9249042
5.7598114
5.5991113
52.958463
52.228996
51.498133
50.766206
50.03355
49.3005
48.567391
47.834556
47.102329
46.371038
45.641011
44.912572
44.186038
43.461724
42.739939
42.020988
41.305166
40.592766
39.884073
39.179365
38.478912
37.78298
37.091823
36.405692
35.724827
35.04946
34.379817
33.716113
33.058556
32.407344
31.762666
31.124703
30.493626
29.869596
29.252765
28.643277
28.041263
27.446847
26.860144
26.281257
25.710281
25.147301
24.592393
24.045624
23.507051
22.976724
22.454681
21.940955
21.43557
20.938541
20.449877
19.96958
19.497644
19.034058
18.578806
18.131863
17.693202
17.26279
16.840587
16.426549
16.020628
15.62277
15.232914
14.850995
14.476945
14.110687
13.752143
13.40123
13.057861
12.721945
12.393389
12.072099
11.757974
11.450916
11.150823
10.857591
10.571114
10.291288
10.018006
9.7511588
9.4906394
9.2363386
8.9881473
8.7459563
8.5096561
8.2791376
8.0542916
7.8350094
7.6211824
7.4127029
7.2094635
7.0113574
6.8182789
6.6301227
6.4467844
6.2681608
6.0941481
5.9246461
5.7595557
5.5988561
52.961336
52.231876
51.501011
50.769073
50.036398
49.303319
48.57017
47.837286
47.105
46.37364
45.643535
44.915008
44.18838
43.463965
42.742073
42.023009
41.307072
40.594554
39.885741
39.180912
38.48034
37.784288
37.093015
36.406769
35.725793
35.050319
34.380572
33.716769
33.059116
32.407813
31.763049
31.125004
30.49385
29.869747
29.252848
28.643296
28.041222
27.446751
26.859995
26.28106
25.71004
25.147019
24.592074
24.045271
23.506667
22.976312
22.454245
21.940498
21.435094
20.93805
20.449375
19.969068
19.497126
19.033537
18.578283
18.131341
17.692683
17.262275
16.840078
16.426047
16.020134
15.622283
15.232435
14.850525
14.476482
14.110232
13.751696
13.40079
13.057428
12.72152
12.392972
12.071688
11.757571
11.45052
11.150434
10.857209
10.570739
10.29092
10.017645
9.7508049
9.4902924
9.2359983
8.9878137
8.7456292
8.5093355
8.2788232
8.0539833
7.834707
7.6208857
7.4124117
7.2091775
7.0110765
6.8180027
6.629851
6.446517
6.2678973
6.0938885
5.9243899
5.7593038
5.5986066
52.964125
52.234668
51.5038
50.77185
50.039154
49.306045
48.572858
47.839926
47.107582
46.376156
45.645976
44.917366
44.190647
43.466134
42.744139
42.024967
41.308918
40.596286
39.887356
39.182411
38.481721
37.785553
37.094166
36.407808
35.726722
35.051141
34.381292
33.717389
33.059642
32.408249
31.763399
31.125272
30.494041
29.869865
29.252898
28.643281
28.041147
27.44662
26.859813
26.280829
25.709764
25.146702
24.59172
24.044883
23.506248
22.975865
22.453774
21.940006
21.434585
20.937526
20.448838
19.968523
19.496575
19.032982
18.577727
18.130787
17.692132
17.261729
16.839538
16.425514
16.019609
15.621766
15.231927
14.850025
14.475991
14.10975
13.751222
13.400325
13.056971
12.72107
12.39253
12.071254
11.757145
11.450102
11.150024
10.856806
10.570344
10.290533
10.017265
9.7504328
9.4899277
9.235641
8.9874637
8.7452864
8.5089997
8.2784944
8.0536612
7.8343915
7.6205767
7.412109
7.2088809
7.0107858
6.8177177
6.6295715
6.4462427
6.2676281
6.0936244
5.9241305
5.7590509
5.5983565
52.966808
52.237354
51.506481
50.77452
50.041803
49.308665
48.575441
47.842463
47.110064
46.378574
45.648323
44.919633
44.192828
43.468222
42.746128
42.026853
41.310697
40.597954
39.888912
39.183853
38.48305
37.786769
37.095269
36.408801
35.727607
35.051922
34.381971
33.717971
33.06013
32.408647
31.763712
31.125504
30.494196
29.869948
29.252912
28.643231
28.041038
27.446455
26.859595
26.280564
25.709454
25.146352
24.591332
24.044461
23.505796
22.975386
22.453271
21.939482
21.434043
20.93697
20.448271
19.967947
19.495993
19.032397
18.577142
18.130203
17.691552
17.261154
16.83897
16.424954
16.019057
15.621224
15.231394
14.849501
14.475476
14.109244
13.750725
13.399837
13.056492
12.7206
12.392068
12.070801
11.7567
11.449665
11.149595
10.856385
10.569932
10.290129
10.016869
9.7500447
9.4895475
9.2352687
8.9870991
8.7449294
8.5086502
8.2781523
8.0533264
7.8340638
7.620256
7.4117951
7.2085736
7.010485
6.8174232
6.6292831
6.4459604
6.2673516
6.0933536
5.9238656
5.7587928
5.5981011
248.72815
138.01944
97.986102
79.208392
68.980674
62.875481
59.009406
56.477578
54.979457
80.501913
248.72815
138.01903
97.986134
79.208527
68.980866
62.875651
59.009916
56.476293
54.955516
60.810054
248.72815
138.01883
97.986106
79.208576
68.980993
62.875746
59.010233
56.474594
54.941744
55.315421
248.72815
138.01869
97.986073
79.2086
68.981088
62.875847
59.010532
56.474172
54.929285
54.167227
248.72815
138.01856
97.986044
79.208621
68.981172
62.875967
59.010821
56.473836
54.92367
53.928233
248.72815
138.01843
97.986016
79.208646
68.981258
62.876115
59.011072
56.473377
54.913289
53.87051
248.72815
138.0183
97.985988
79.208678
68.981355
62.876291
59.011342
56.472991
54.895006
53.840892
248.72815
138.01817
97.985962
79.208716
68.981467
62.876498
59.011673
56.472695
54.869822
53.811605
248.72815
138.01804
97.985937
79.208761
68.981596
62.87674
59.012069
56.472554
54.841819
53.781422
248.72815
138.0179
97.985913
79.208815
68.981744
62.877022
59.012535
56.472604
54.81651
53.754275
248.72815
138.01776
97.985892
79.208878
68.981912
62.877345
59.013077
56.472861
54.797055
53.730348
248.72815
138.01762
97.985873
79.20895
68.982102
62.877713
59.0137
56.473335
54.7837
53.696164
248.72815
138.01748
97.985857
79.209034
68.982317
62.87813
59.01441
56.474026
54.775312
53.654923
248.72815
138.01734
97.985844
79.209129
68.982558
62.878598
59.015209
56.47493
54.770554
53.625295
248.72815
138.01721
97.985836
79.209238
68.982827
62.87912
59.016101
56.476039
54.768295
53.608971
248.72815
138.01707
97.985834
79.209361
68.983127
62.8797
59.017088
56.47734
54.767709
53.601151
248.72815
138.01694
97.985837
79.2095
68.983459
62.88034
59.018171
56.47882
54.768235
53.59807
248.72815
138.01681
97.985847
79.209656
68.983827
62.881043
59.019352
56.480466
54.769508
53.597598
248.72815
138.01669
97.985866
79.20983
68.984233
62.881812
59.02063
56.482263
54.77129
53.598597
248.72815
138.01658
97.985893
79.210026
68.984679
62.882649
59.022006
56.4842
54.773428
53.600461
248.72815
138.01647
97.985932
79.210243
68.985168
62.883556
59.023478
56.486262
54.775823
53.602852
248.72815
138.01638
97.985982
79.210485
68.985702
62.884534
59.025045
56.48844
54.778408
53.605578
248.72815
138.0163
97.986045
79.210753
68.986283
62.885586
59.026704
56.490723
54.781138
53.608526
248.72815
138.01623
97.986124
79.21105
68.986915
62.886713
59.028454
56.4931
54.78398
53.611624
248.72815
138.01618
97.986219
79.211376
68.9876
62.887915
59.030292
56.495564
54.786912
53.614828
248.72815
138.01614
97.986333
79.211735
68.988338
62.889193
59.032215
56.498106
54.789915
53.618107
248.72815
138.01613
97.986467
79.212129
68.989133
62.890546
59.034218
56.500718
54.792977
53.62144
248.72815
138.01614
97.986624
79.21256
68.989987
62.891975
59.036298
56.503394
54.796087
53.624812
248.72815
138.01618
97.986805
79.213029
68.9909
62.893478
59.038452
56.506126
54.799234
53.62821
248.72815
138.01624
97.987013
79.21354
68.991874
62.895055
59.040674
56.508908
54.802412
53.631626
248.72815
138.01633
97.987249
79.214094
68.992911
62.896704
59.04296
56.511734
54.805612
53.63505
248.72815
138.01646
97.987517
79.214694
68.99401
62.898422
59.045306
56.514597
54.80883
53.638478
248.72815
138.01662
97.987818
79.21534
68.995172
62.900208
59.047707
56.517493
54.812058
53.641902
248.72815
138.01682
97.988154
79.216035
68.996397
62.902059
59.050158
56.520414
54.815292
53.645318
248.72815
138.01707
97.988528
79.21678
68.997685
62.903971
59.052653
56.523357
54.818525
53.648721
248.72815
138.01736
97.988942
79.217576
68.999034
62.905942
59.055188
56.526315
54.821755
53.652106
248.72815
138.0177
97.989398
79.218425
69.000444
62.907967
59.057757
56.529283
54.824975
53.65547
248.72815
138.01809
97.989897
79.219326
69.001914
62.910042
59.060355
56.532256
54.828181
53.658808
248.72815
138.01853
97.990442
79.220282
69.00344
62.912162
59.062976
56.535228
54.831369
53.662115
248.72815
138.01904
97.991034
79.221291
69.005021
62.914324
59.065614
56.538195
54.834533
53.665389
248.72815
138.0196
97.991674
79.222352
69.006654
62.916522
59.068265
56.541151
54.837671
53.668625
248.72815
138.02024
97.992362
79.223467
69.008335
62.918751
59.070922
56.544092
54.840776
53.67182
248.72815
138.02094
97.9931
79.224633
69.01006
62.921005
59.07358
56.547011
54.843846
53.674968
248.72815
138.02171
97.993887
79.225848
69.011827
62.923279
59.076232
56.549904
54.846874
53.678067
248.72815
138.02256
97.994721
79.227111
69.013629
62.925566
59.078874
56.552765
54.849858
53.681113
248.72815
138.02349
97.995602
79.228418
69.015462
62.927861
59.081498
56.55559
54.852792
53.6841
248.72815
138.0245
97.996526
79.229766
69.01732
62.930157
59.084098
56.558372
54.855671
53.687026
248.72815
138.02558
97.997488
79.231151
69.019196
62.932445
59.086668
56.561105
54.858489
53.689884
248.72815
138.02672
97.998473
79.232554
69.021073
62.934711
59.089191
56.563776
54.861233
53.692661
248.72815
138.02788
97.999432
79.233927
69.022906
62.936913
59.091635
56.566354
54.863879
53.695336
248.72815
138.02892
98.000431
79.235392
69.024871
62.939274
59.094244
56.5691
54.86669
53.698175
248.72815
138.0296
98.001523
79.237268
69.027379
62.942195
59.097411
56.572393
54.870039
53.701544
248.72815
138.02995
98.00286
79.239283
69.030046
62.94532
59.100803
56.575922
54.873628
53.705154
248.72815
138.03019
98.004654
79.241793
69.033227
62.948961
59.104702
56.579944
54.877697
53.709234
248.72815
138.03048
98.006732
79.244832
69.037015
62.953229
59.109224
56.584578
54.88237
53.71391
248.72815
138.0309
98.009286
79.248748
69.041787
62.95849
59.11472
56.590162
54.88797
53.719496
248.72815
138.03161
98.012216
79.253158
69.047054
62.964207
59.120633
56.596136
54.893942
53.725442
248.72815
138.03267
98.015476
79.25787
69.052542
62.970052
59.1266
56.602109
54.899875
53.731324
248.72815
138.03407
98.018905
79.2626
69.057912
62.975671
59.132268
56.607742
54.905444
53.736827
248.72815
138.0355
98.022133
79.266909
69.062691
62.980579
59.13715
56.61254
54.910149
53.741448
248.72815
138.03692
98.02494
79.270452
69.066482
62.984366
59.140835
56.6161
54.913594
53.744795
248.72815
138.03797
98.026902
79.272802
69.068879
62.98666
59.142982
56.618104
54.915474
53.746578
248.72815
138.03856
98.027874
79.27381
69.069731
62.987297
59.143413
56.618361
54.915595
53.746593
248.72815
138.03859
98.027864
79.27363
69.069335
62.986693
59.142631
56.617436
54.914558
53.745471
248.72815
138.03814
98.026964
79.272268
69.067573
62.984613
59.140309
56.614931
54.911915
53.742723
248.72815
138.03753
98.025792
79.270608
69.0655
62.982204
59.137632
56.612051
54.908885
53.739585
248.72815
138.03618
98.023193
79.267055
69.061273
62.977508
59.13261
56.606798
54.903464
53.734042
248.72815
138.03789
98.025342
79.269225
69.063345
62.979467
59.134472
56.608582
54.905188
53.735716
52.969655
52.240203
51.509323
50.777347
50.044608
49.311439
48.578174
47.845148
47.112691
46.381136
45.650811
44.92204
44.195145
43.470444
42.748249
42.028868
41.312601
40.599745
39.890588
39.185411
38.48449
37.788092
37.096476
36.409893
35.728587
35.052792
34.382734
33.718631
33.060691
32.409113
31.764086
31.125792
30.494402
29.870076
29.252967
28.643217
28.040959
27.446315
26.8594
26.280316
25.709158
25.146011
24.59095
24.044041
23.505343
22.974903
22.452761
21.938949
21.43349
20.936401
20.447688
19.967354
19.495393
19.031793
18.576536
18.129598
17.69095
17.260557
16.838379
16.42437
16.018481
15.620656
15.230835
14.848951
14.474936
14.108712
13.750202
13.399322
13.055986
12.720103
12.391579
12.07032
11.756228
11.449202
11.14914
10.855939
10.569494
10.289699
10.016447
9.749631
9.489142
9.2348713
8.9867097
8.744548
8.5082766
8.2777864
8.0529682
7.8337131
7.6199126
7.4114589
7.2082446
7.0101629
6.8171079
6.6289745
6.4456582
6.2670559
6.0930644
5.9235831
5.7585184
5.5978303
52.973028
52.243572
51.51268
50.780685
50.047919
49.314714
48.581404
47.848324
47.115804
46.384177
45.653771
44.924911
44.197919
43.473114
42.750808
42.03131
41.314921
40.601939
39.892653
39.187346
38.486293
37.789762
37.098015
36.411301
35.729867
35.053946
34.383766
33.719544
33.061489
32.4098
31.764667
31.126271
30.494783
29.870365
29.253168
28.643336
28.041
27.446283
26.859299
26.280151
25.708933
25.145731
24.590619
24.043664
23.504923
22.974445
22.452269
21.938426
21.432941
20.935829
20.447097
19.966748
19.494775
19.031167
18.575904
18.128964
17.690316
17.259925
16.83775
16.423747
16.017865
15.620047
15.230233
14.848358
14.47435
14.108134
13.749632
13.39876
13.055432
12.719556
12.391041
12.06979
11.755705
11.448687
11.148633
10.855441
10.569004
10.289217
10.015974
9.7491659
9.4886851
9.2344227
8.9862694
8.7441158
8.5078527
8.2773706
8.0525604
7.8333133
7.6195207
7.4110748
7.2078681
7.0097941
6.8167466
6.6286205
6.4453116
6.2667165
6.0927323
5.9232586
5.7582008
5.597518
52.97664
52.247179
51.516275
50.784259
50.051462
49.318218
48.58486
47.851721
47.119134
46.38743
45.656936
44.92798
44.200883
43.475965
42.753539
42.033914
41.317393
40.604274
39.894847
39.189396
38.488198
37.791521
37.099628
36.41277
35.731192
35.055132
34.384815
33.72046
33.062275
32.410462
31.76521
31.1267
30.495104
29.870582
29.253288
28.643363
28.040939
27.446141
26.859081
26.279862
25.708578
25.145315
24.590148
24.043142
23.504355
22.973835
22.451622
21.937747
21.432234
20.935098
20.446347
19.965983
19.493999
19.030384
18.575118
18.128177
17.689531
17.259145
16.836977
16.422982
16.017109
15.619302
15.229499
14.847635
14.473638
14.107434
13.748943
13.398082
13.054764
12.7189
12.390395
12.069155
11.755081
11.448073
11.14803
10.854847
10.568421
10.288645
10.015412
9.7486143
9.4881438
9.2338916
8.9857485
8.743605
8.5073519
8.2768797
8.0520792
7.8328417
7.6190587
7.4106221
7.2074247
7.0093597
6.8163212
6.628204
6.4449038
6.2663174
6.092342
5.9228776
5.7578293
5.5971527
52.980716
52.251242
51.520317
50.788271
50.055435
49.322142
48.588724
47.855515
47.122848
46.391053
45.660458
44.931392
44.204175
43.479128
42.756565
42.036796
41.320124
40.606849
39.897261
39.191646
38.490282
37.793438
37.101376
36.414352
35.73261
35.056386
34.38591
33.7214
33.063065
32.411106
31.765714
31.12707
30.495345
29.870702
29.253292
28.643257
28.040732
27.445837
26.858686
26.279384
25.708023
25.144688
24.589456
24.04239
23.503549
22.972981
22.450726
21.936814
21.43127
20.934108
20.445337
19.964956
19.492961
19.029339
18.574071
18.127131
17.688491
17.258112
16.835955
16.421973
16.016114
15.618321
15.228534
14.846686
14.472705
14.106517
13.748043
13.397198
13.053896
12.718047
12.389558
12.068333
11.754274
11.447282
11.147254
10.854087
10.567676
10.287914
10.014696
9.7479138
9.4874581
9.2332205
8.9850919
8.7429627
8.5067237
8.2762654
8.0514787
7.8322546
7.6184849
7.4100614
7.2068768
7.0088244
6.8157983
6.6276933
6.4444052
6.2658307
6.0918673
5.9224152
5.7573793
5.596712
52.985384
52.255893
51.524942
50.792861
50.059979
49.32663
48.593147
47.859861
47.127106
46.395212
45.664508
44.935321
44.207974
43.482787
42.760074
42.040147
41.323311
40.609864
39.900099
39.194302
38.492753
37.795721
37.103471
36.416258
35.734328
35.057919
34.38726
33.72257
33.064061
32.411932
31.766375
31.127573
30.495696
29.870908
29.253359
28.643194
28.040544
27.445533
26.858273
26.278868
25.707412
25.14399
24.588676
24.041536
23.502628
22.972
22.449691
21.935733
21.430147
20.932951
20.444152
19.96375
19.491738
19.028105
18.572831
18.12589
17.687253
17.256881
16.834734
16.420764
16.014919
15.617142
15.227371
14.84554
14.471578
14.105408
13.746951
13.396124
13.05284
12.717009
12.388538
12.067331
11.75329
11.446316
11.146305
10.853156
10.566763
10.287019
10.013819
9.7470542
9.4866162
9.2323961
8.9842849
8.7421731
8.5059512
8.2755099
8.05074
7.8315326
7.6177792
7.409372
7.2062034
7.0081668
6.8151562
6.6270666
6.4437937
6.2652343
6.0912862
5.9218499
5.7568295
5.5961752
52.99095
52.26143
51.530442
50.798313
50.065375
49.33196
48.598399
47.865025
47.132171
46.400168
45.669344
44.940026
44.212537
43.487198
42.764325
42.044228
41.327213
40.61358
39.903624
39.19763
38.495878
37.798642
37.106185
36.418764
35.736626
35.060009
34.389145
33.724254
33.065546
32.413223
31.767478
31.128493
30.496441
29.871483
29.253772
28.643452
28.040655
27.445504
26.858113
26.278584
25.707012
25.143482
24.588068
24.040837
23.501845
22.97114
22.448762
21.934742
21.429103
20.93186
20.443021
19.962586
19.490549
19.026896
18.571608
18.124659
17.686017
17.255646
16.833503
16.419541
16.013706
15.615941
15.226184
14.844367
14.470419
14.104264
13.745823
13.395011
13.051743
12.715928
12.387473
12.066282
11.752257
11.445298
11.145304
10.852171
10.565795
10.286068
10.012884
9.7461356
9.4857142
9.2315107
8.983416
8.7413207
8.5051153
8.2746903
8.0499367
7.8307454
7.6170081
7.4086167
7.2054638
7.0074428
6.8144477
6.6263735
6.443116
6.264572
6.0906396
5.9212194
5.756215
5.5955737
52.996867
52.267311
51.536277
50.804093
50.071091
49.3376
48.603954
47.870485
47.137525
46.405404
45.674453
44.944996
44.21736
43.491862
42.768821
42.048547
41.331346
40.617521
39.907364
39.201164
38.499201
37.80175
37.109075
36.421434
35.739075
35.062238
34.391155
33.726046
33.067125
32.414592
31.768643
31.129458
30.497212
29.872068
29.254178
28.643686
28.040725
27.445419
26.85788
26.278213
25.706512
25.14286
24.587334
24.039999
23.500911
22.97012
22.447664
21.933575
21.427874
20.930579
20.441695
19.961222
19.489155
19.02548
18.570175
18.123217
17.684571
17.254201
16.832063
16.418109
16.012285
15.614534
15.224793
14.842993
14.469063
14.102927
13.744505
13.393713
13.050465
12.714669
12.386234
12.065063
11.751058
11.44412
11.144146
10.851033
10.564676
10.28497
10.011806
9.7450784
9.4846773
9.2304941
8.9824196
8.7403444
8.5041589
8.2737538
8.0490198
7.829848
7.6161299
7.4077576
7.2046236
7.0066213
6.8136447
6.6255888
6.4423495
6.2638238
6.0899099
5.9205084
5.7555226
5.5948969
53.002706
52.273099
51.542005
50.809754
50.076675
49.343099
48.609359
47.875786
47.142713
46.41047
45.679386
44.949788
44.221999
43.496341
42.77313
42.052678
41.335291
40.621271
39.910913
39.204506
38.502332
37.804663
37.111768
36.423903
35.74132
35.064258
34.39295
33.727617
33.068474
32.415724
31.76956
31.130167
30.497717
29.872376
29.254296
28.643621
28.040485
27.445012
26.857316
26.277499
25.705657
25.141875
24.586227
24.038779
23.499589
22.968704
22.446164
21.932
21.426234
20.928882
20.43995
19.959439
19.48734
19.023642
18.568322
18.121354
17.682706
17.252338
16.830209
16.416267
16.01046
15.612728
15.223007
14.84123
14.467324
14.101213
13.742817
13.392052
13.04883
12.713061
12.384652
12.063508
11.74953
11.442619
11.142673
10.849587
10.563258
10.283579
10.010443
9.7437418
9.4833678
9.2292117
8.9811641
8.7391156
8.5029567
8.2725779
8.04787
7.8287241
7.6150316
7.4066845
7.2035756
7.005598
6.8126459
6.6246143
6.4413992
6.2628975
6.0890078
5.9196306
5.7546689
5.5940644
53.008158
52.278491
51.547332
50.815007
50.081847
49.348182
48.614343
47.880665
47.147477
46.41511
45.683894
44.954155
44.226217
43.500401
42.777023
42.056396
41.338827
40.624618
39.914064
39.207455
38.505072
37.807191
37.114079
36.425995
35.743189
35.065903
34.394371
33.728814
33.069449
32.416478
31.770097
31.13049
30.497832
29.872287
29.25401
28.643145
28.039826
27.444178
26.856315
26.276341
25.70435
25.140428
24.58465
24.037083
23.497783
22.966797
22.444167
21.929922
21.424086
20.926673
20.437689
19.957136
19.485005
19.021281
18.565945
18.118968
17.680318
17.249956
16.827836
16.41391
16.008122
15.610413
15.220718
14.83897
14.465094
14.099015
13.740651
13.389919
13.046731
12.710996
12.382622
12.061513
11.74757
11.440694
11.140783
10.847732
10.561438
10.281794
10.008694
9.7420281
9.4816892
9.227568
8.9795552
8.7375413
8.5014166
8.2710718
8.0463976
7.827285
7.6136256
7.4053112
7.2022346
7.004289
6.8113686
6.6233684
6.4401844
6.2617138
6.0878551
5.9185088
5.7535777
5.5930013
53.012716
52.282981
51.551747
50.819342
50.086094
49.352335
48.618396
47.88461
47.151307
46.418819
45.687474
44.957598
44.229517
43.503551
42.780016
42.059225
41.341486
40.6271
39.916363
39.209566
38.50699
37.808911
37.115597
36.427308
35.744295
35.0668
34.395056
33.729289
33.069713
32.416533
31.769945
31.130134
30.497275
29.871534
29.253066
28.642016
28.038519
27.442699
26.854672
26.274542
25.702404
25.138343
24.582436
24.034749
23.495339
22.964254
22.441533
21.927208
21.421302
20.923828
20.434794
19.9542
19.482037
19.018291
18.56294
18.115958
17.677309
17.246954
16.824849
16.410943
16.00518
15.6075
15.217838
14.836124
14.462286
14.096246
13.737923
13.387233
13.044087
12.708396
12.380066
12.059001
11.745103
11.438271
11.138404
10.845399
10.559149
10.27955
10.006494
9.7398726
9.4795779
9.2255007
8.9775316
8.735561
8.4994794
8.2691773
8.0445454
7.8254747
7.6118567
7.4035833
7.2005471
7.0026416
6.8097609
6.6217999
6.4386549
6.260223
6.0864028
5.9170948
5.752201
5.5916599
53.015994
52.286186
51.554874
50.822385
50.089049
49.355196
48.621159
47.887268
47.153856
46.421253
45.689787
44.959786
44.231574
43.50547
42.781793
42.060854
41.342961
40.628416
39.917516
39.210551
38.507803
37.809548
37.116054
36.427582
35.744383
35.066701
34.394769
33.728812
33.069047
32.415678
31.768901
31.128904
30.495862
29.86994
29.251296
28.640074
28.036411
27.440431
26.852249
26.271972
25.699695
25.135504
24.579474
24.031672
23.492156
22.960975
22.438168
21.923767
21.417793
20.920262
20.43118
19.950547
19.478356
19.014589
18.559227
18.112241
17.673597
17.243255
16.821168
16.407286
16.001552
15.603907
15.214283
14.832612
14.458819
14.092826
13.734553
13.383913
13.04082
12.705182
12.376905
12.055894
11.74205
11.435274
11.135462
10.842512
10.556317
10.276773
10.003772
9.7372057
9.4769656
9.2229426
8.9750275
8.7331105
8.4970821
8.2668327
8.0422529
7.8232339
7.6096669
7.4014441
7.1984579
7.0006019
6.80777
6.6198575
6.4367604
6.258376
6.084603
5.9153415
5.7504933
5.5899959
53.017707
52.287826
51.556438
50.82387
50.090451
49.356512
48.622385
47.8884
47.15489
46.422185
45.690614
44.960503
44.232177
43.505955
42.782156
42.061091
41.343068
40.62839
39.917353
39.210247
38.507354
37.808952
37.115309
36.426684
35.743331
35.065492
34.393402
33.727286
33.067361
32.413833
31.766898
31.126744
30.493546
29.867471
29.248676
28.637307
28.0335
27.437381
26.849066
26.26866
25.696261
25.131954
24.575815
24.027913
23.488304
22.957037
22.434153
21.919683
21.413649
20.916067
20.426942
19.946276
19.474059
19.010276
18.554906
18.107919
17.669282
17.238954
16.816888
16.403033
15.997333
15.599725
15.210143
14.828518
14.454775
14.088835
13.730616
13.380034
13.036999
12.701421
12.373206
12.052257
11.738475
11.431762
11.132013
10.839126
10.552996
10.273515
10.000577
9.7340741
9.473897
9.2199368
8.972084
8.730229
8.4942621
8.2640736
8.0395543
7.8205951
7.6070874
7.3989231
7.1959949
6.9981962
6.805421
6.6175646
6.4345231
6.2561937
6.0824751
5.9132671
5.7484712
5.5880243
53.017649
52.287694
51.556231
50.823585
50.090087
49.356067
48.621857
47.887788
47.154191
46.421396
45.689733
44.959529
44.231106
43.504785
42.780884
42.059716
41.341587
40.6268
39.915652
39.208433
38.505426
37.806907
37.113144
36.424399
35.740924
35.062962
34.390748
33.724509
33.064459
32.410806
31.763747
31.123469
30.490148
29.863953
29.24504
28.633555
28.029635
27.433406
26.844986
26.264479
25.691984
25.127585
24.571361
24.023379
23.483696
22.952363
22.429418
21.914894
21.408814
20.911193
20.422037
19.941347
19.469113
19.005321
18.549949
18.102968
17.664344
17.234034
16.811994
16.398171
15.992508
15.594942
15.205408
14.823834
14.450145
14.084263
13.726106
13.375587
13.032617
12.697106
12.368959
12.04808
11.734369
11.427727
11.12805
10.835235
10.549177
10.269769
9.9969033
9.7304724
9.4703673
9.2164788
8.9686973
8.7269132
8.4910166
8.2608979
8.0364477
7.817557
7.6041171
7.39602
7.1931582
6.9954252
6.802715
6.6149228
6.4319448
6.2536782
6.0800215
5.9108744
5.7461381
5.5857493
53.016469
52.286455
51.554931
50.822225
50.088666
49.354584
48.62031
47.886177
47.152514
46.419652
45.687921
44.957646
44.229151
43.502758
42.778783
42.057538
41.339332
40.624466
39.913237
39.205936
38.502845
37.804242
37.110393
36.421562
35.737998
35.059948
34.387644
33.721314
33.061174
32.40743
31.76028
31.119911
30.486501
29.860216
29.241215
28.629643
28.025638
27.429327
26.840827
26.260245
25.687676
25.123209
24.56692
24.018876
23.479136
22.947749
22.424756
21.910188
21.404069
20.906414
20.41723
19.936517
19.464266
19.000464
18.545087
18.098106
17.659489
17.229192
16.807169
16.39337
15.987734
15.590202
15.200705
14.819173
14.44553
14.079698
13.721592
13.371128
13.028216
12.692765
12.364679
12.043863
11.730217
11.42364
11.12403
10.831282
10.545291
10.265951
9.9931541
9.7267919
9.4667556
9.2129358
8.9652229
8.7235072
8.4876788
8.2576279
8.0332452
7.8144215
7.6010481
7.393017
7.1902207
6.9925525
6.7999066
6.6121781
6.4292631
6.2510588
6.0774636
5.9083769
5.7436998
5.5833686
53.013645
52.283557
51.551962
50.819187
50.085559
49.35141
48.617071
47.882872
47.149146
46.416221
45.684427
44.95409
44.225534
43.499079
42.775043
42.053738
41.335472
40.620547
39.909259
39.201899
38.49875
37.800088
37.106181
36.417291
35.73367
35.055561
34.383199
33.716811
33.056613
32.402812
31.755605
31.115181
30.481715
29.855376
29.236321
28.624697
28.02064
27.424278
26.835728
26.255096
25.682479
25.117966
24.561634
24.013552
23.473779
22.942365
22.41935
21.904766
21.398638
20.900978
20.411796
19.93109
19.458853
18.995068
18.539714
18.092762
17.654176
17.223916
16.801935
16.388179
15.982592
15.585112
15.19567
14.814195
14.440612
14.074841
13.716799
13.366401
13.023556
12.688172
12.360156
12.039409
11.725833
11.419327
11.119788
10.827111
10.541192
10.261923
9.9891968
9.7229054
9.4629395
9.2091899
8.9615467
8.7199003
8.4841406
8.2541581
8.0298431
7.8110867
7.59778
7.3898149
7.1870841
6.9894808
6.7968992
6.6092344
6.4263824
6.2482404
6.0747066
5.9056806
5.7410632
5.5807909
53.01044
52.280292
51.548639
50.81581
50.082132
49.347934
48.613548
47.879304
47.145533
46.412565
45.680729
44.95035
44.221753
43.495257
42.77118
42.049834
41.331527
40.616559
39.905228
39.197825
38.494633
37.795927
37.101977
36.413044
35.729379
35.051226
34.37882
33.712387
33.052145
32.398298
31.751046
31.110575
30.477064
29.850679
29.23158
28.619912
28.015814
27.419412
26.830824
26.250158
25.677508
25.112964
24.556603
24.008493
23.468693
22.937253
22.414213
21.899607
21.393458
20.895782
20.406585
19.925869
19.453624
18.989837
18.534485
18.08754
17.648966
17.218723
16.796764
16.383036
15.977483
15.580039
15.190639
14.809209
14.435674
14.069955
13.711969
13.361628
13.018844
12.683523
12.355572
12.034892
11.721384
11.414947
11.115478
10.822873
10.537025
10.257827
9.9851731
9.7189534
9.4590592
9.2053808
8.9578085
8.7162324
8.4805425
8.2506291
8.0263826
7.8076937
7.5944539
7.386555
7.1838895
6.9863506
6.7938325
6.6062303
6.4234401
6.2453588
6.0718848
5.9029174
5.7383573
5.5781407
53.004814
52.274591
51.542871
50.80998
50.076246
49.341998
48.607566
47.87328
47.139471
46.406468
45.674599
44.944189
44.215563
43.48904
42.764938
42.043567
41.325234
40.610243
39.898887
39.191458
38.488239
37.789506
37.095528
36.406564
35.722868
35.044683
34.372245
33.705779
33.045502
32.39162
31.744332
31.103826
30.470277
29.843855
29.224716
28.613008
28.008868
27.412425
26.823794
26.243083
25.670391
25.105803
24.549399
24.001247
23.461407
22.929927
22.40685
21.892208
21.386025
20.888315
20.399088
19.918342
19.44607
18.982258
18.526882
18.079916
17.641324
17.211065
16.789091
16.375351
15.969787
15.57234
15.18294
14.801517
14.427994
14.062293
13.704329
13.354016
13.011265
12.675983
12.348075
12.027444
11.713989
11.407611
11.108204
10.815666
10.529889
10.250767
9.9781921
9.712055
9.4522467
9.1986575
8.9511773
8.709696
8.4741035
8.2442898
8.0201452
7.8015602
7.5884259
7.3806341
7.1780769
6.9806476
6.7882399
6.6007489
6.4180703
6.240101
6.0667391
5.8978838
5.7334358
5.5733315
53.006448
52.27617
51.544385
50.811419
50.0776
49.34326
48.608729
47.874339
47.14042
46.407303
45.675316
44.944786
44.216036
43.489387
42.765156
42.043655
41.325192
40.610069
39.898582
39.191021
38.487669
37.788803
37.094691
36.405594
35.721764
35.043445
34.370872
33.704272
33.04386
32.389845
31.742423
31.101782
30.468101
29.841546
29.222275
28.610436
28.006167
27.409595
26.820836
26.239999
25.667181
25.102469
24.545942
23.997668
23.457708
22.92611
22.402916
21.888159
21.381863
20.884044
20.394709
19.913859
19.441487
18.977577
18.522109
18.075054
17.636378
17.20604
16.783993
16.370185
15.964558
15.56705
15.177594
14.796118
14.422547
14.056801
13.698798
13.348451
13.00567
12.670362
12.342434
12.021786
11.708321
11.401936
11.102529
10.809994
10.524226
10.245117
9.9725598
9.7064453
9.446664
9.1931062
8.9456616
8.7042199
8.4686709
8.2389042
8.01481
7.7962786
7.5832009
7.3754684
7.172973
6.9756077
6.7832662
6.5958429
6.4132335
6.2353345
6.0620437
5.8932598
5.728883
5.5688491
)
;

boundaryField
{
    inlet
    {
        type            fixedValue;
        value           uniform 750;
    }
    top
    {
        type            zeroGradient;
    }
    outlet
    {
        type            zeroGradient;
    }
    slipsurface
    {
        type            slip;
    }
    bottom
    {
        type            omegaWallFunction;
        blending        binomial;
        n               2;
        value           nonuniform List<scalar> 
100
(
7569.1057
7590.8149
7571.1118
7538.1553
7512.5644
7498.0756
7491.1185
7487.7285
7485.8493
7484.6257
7483.6804
7482.8696
7482.1631
7481.5518
7481.0217
7480.5599
7480.1564
7479.802
7479.4868
7479.2043
7478.9506
7478.7216
7478.5133
7478.3235
7478.1501
7477.991
7477.8445
7477.7093
7477.5845
7477.469
7477.3619
7477.2627
7477.1707
7477.0854
7477.0063
7476.933
7476.8653
7476.8028
7476.7453
7476.6928
7476.6451
7476.6022
7476.564
7476.5305
7476.5019
7476.4787
7476.4605
7476.4482
7476.4417
7476.4407
7476.4452
7476.4549
7476.4692
7476.4873
7476.5082
7476.5313
7476.5552
7476.5778
7476.5973
7476.612
7476.6219
7476.627
7476.6279
7476.625
7476.6193
7476.6114
7476.602
7476.5916
7476.5805
7476.5692
7476.5576
7476.5461
7476.5346
7476.5232
7476.512
7476.501
7476.4901
7476.479
7476.4676
7476.4562
7476.4446
7476.4331
7476.4215
7476.4098
7476.398
7476.3861
7476.3742
7476.3622
7476.3501
7476.3381
7476.326
7476.3139
7476.3019
7476.2898
7476.2778
7476.2653
7476.2544
7476.2387
7476.2299
7476.2059
)
;
    }
    frontandback
    {
        type            empty;
    }
}


// ************************************************************************* //
