/*--------------------------------*- C++ -*----------------------------------*\
| =========                 |                                                 |
| \\      /  F ield         | OpenFOAM: The Open Source CFD Toolbox           |
|  \\    /   O peration     | Version:  2206                                  |
|   \\  /    A nd           | Website:  www.openfoam.com                      |
|    \\/     M anipulation  |                                                 |
\*---------------------------------------------------------------------------*/
FoamFile
{
    version     2.0;
    format      ascii;
    arch        "LSB;label=32;scalar=64";
    class       volScalarField;
    location    "300";
    object      p;
}
// * * * * * * * * * * * * * * * * * * * * * * * * * * * * * * * * * * * * * //

dimensions      [0 2 -2 0 0 0 0];

internalField   nonuniform List<scalar> 
7480
(
0.054592155
0.042339988
0.028220454
0.016414994
0.0058102562
0.00036551986
-0.00088825873
0.00012964189
0.0016842957
0.0027162729
0.0031934174
0.0033980646
0.003490822
0.0035214061
0.0035249648
0.0035310914
0.0035410767
0.0035371171
0.0035226013
0.003506684
0.0034881951
0.0034629609
0.0034338203
0.0034041252
0.0033726041
0.0033368545
0.0032982882
0.0032584516
0.0032164583
0.0031715027
0.0031246966
0.0030768053
0.0030272114
0.0029757251
0.002923208
0.0028702615
0.0028169269
0.0027638707
0.0027123326
0.0026633301
0.0026177039
0.0025770181
0.0025437888
0.0025204061
0.0025111774
0.0025199682
0.0025516105
0.0026052522
0.0026796162
0.0027754681
0.0028910844
0.0030236101
0.0031685754
0.0033196793
0.003474726
0.0036272985
0.0037593147
0.003857969
0.0039151496
0.0039339299
0.0039165823
0.003869464
0.0038016234
0.0037201492
0.0036301661
0.0035356676
0.0034399972
0.0033444248
0.0032498509
0.0031568181
0.0030654409
0.002975222
0.0028861839
0.0027983038
0.0027107918
0.0026242286
0.0025376977
0.0024490736
0.002358778
0.0022669359
0.0021743555
0.002080636
0.0019846145
0.0018873631
0.0017879807
0.0016871071
0.0015845699
0.0014804253
0.0013753129
0.0012688231
0.0011622616
0.0010553271
0.00094983687
0.00084517662
0.0007481607
0.00064535219
0.00059359334
0.00031131263
0.00083786961
-0.00087513545
0.049615074
0.039104129
0.027154664
0.016266011
0.00641085
0.0011665179
-0.00018146489
0.00059913699
0.0019111576
0.0028401529
0.0032711219
0.0034572528
0.003541643
0.0035654066
0.0035650426
0.003569802
0.0035736289
0.0035641709
0.0035466111
0.0035283191
0.0035076615
0.0034804608
0.0034497042
0.0034186196
0.0033858232
0.0033489154
0.0033093476
0.003268615
0.0032257865
0.0031800666
0.0031325786
0.0030840621
0.0030338817
0.0029818529
0.0029288375
0.0028754244
0.0028216474
0.0027681734
0.0027162384
0.0026668525
0.0026208526
0.0025798029
0.0025462167
0.0025224785
0.0025129766
0.0025217072
0.0025527395
0.0026059069
0.0026799578
0.0027755089
0.0028908556
0.0030231482
0.0031679192
0.0033188785
0.0034738389
0.003626377
0.0037584141
0.0038571694
0.0039145023
0.0039334449
0.0039163067
0.0038693653
0.0038016679
0.0037203066
0.0036304049
0.0035359613
0.0034403248
0.0033447704
0.0032502033
0.0031571695
0.0030657861
0.0029755578
0.0028865084
0.0027986156
0.0027110908
0.0026245152
0.0025379781
0.0024493533
0.0023590545
0.0022672063
0.0021746192
0.0020808934
0.0019848663
0.0018876096
0.0017882223
0.0016873437
0.0015848015
0.0014806517
0.0013755338
0.0012690385
0.0011624712
0.001055531
0.00095003512
0.00084536914
0.00074834877
0.00064553255
0.0005938381
0.00031229259
0.00084008732
-0.00087464676
0.045555634
0.037423435
0.026791418
0.016540293
0.0077853762
0.0026949531
0.00099135222
0.0012609223
0.002247525
0.0030244697
0.0033920734
0.0035581272
0.003629787
0.0036385143
0.0036291825
0.0036269261
0.0036220703
0.0036052521
0.0035829079
0.0035609135
0.0035366533
0.003506077
0.0034727771
0.0034395625
0.0034047232
0.0033659759
0.0033249323
0.0032829313
0.0032388991
0.0031920822
0.0031436607
0.0030943069
0.0030433326
0.0029905772
0.0029369152
0.0028829053
0.002828564
0.0027745698
0.0027221547
0.0026723121
0.0026258702
0.0025843982
0.0025504062
0.0025262704
0.0025164355
0.0025252379
0.0025557207
0.0026081349
0.0026818118
0.0027769825
0.0028919692
0.0030239211
0.0031683698
0.0033190425
0.0034737868
0.0036261575
0.0037580509
0.003856768
0.003914193
0.0039332359
0.0039163166
0.0038695691
0.0038020386
0.003720818
0.0036310203
0.0035366462
0.003441051
0.0033455139
0.0032509476
0.0031579029
0.0030665003
0.0029762474
0.0028871709
0.0027992491
0.0027116944
0.0026250897
0.0025385235
0.0024498765
0.0023595614
0.0022676956
0.0021750912
0.002081349
0.001985307
0.0018880375
0.0017886379
0.0016877478
0.0015851944
0.0014810335
0.0013759046
0.0012693983
0.0011628203
0.0010558692
0.00095036301
0.00084568617
0.00074865846
0.00064582562
0.00059423724
0.00031386851
0.00084401557
-0.00087404427
0.042834862
0.036121905
0.026436615
0.016839826
0.0090716056
0.0041575131
0.0020730005
0.0019546953
0.0026394185
0.0032619243
0.0035740115
0.00371569
0.0037642196
0.0037433051
0.0037134406
0.0036993226
0.0036838616
0.003656559
0.0036276175
0.0036013143
0.0035726012
0.0035374907
0.0035009896
0.003465201
0.0034277439
0.0033865697
0.0033437302
0.0033002723
0.0032548181
0.0032067145
0.0031572877
0.0031070731
0.0030552679
0.0030017698
0.002947492
0.0028929335
0.0028380809
0.0027836516
0.0027308781
0.0026807175
0.0026339801
0.0025922525
0.0025580395
0.0025337088
0.0025236359
0.0025329277
0.0025632951
0.0026148472
0.0026882238
0.0027830452
0.0028976254
0.0030291229
0.0031730566
0.0033231808
0.0034774045
0.0036292412
0.0037605939
0.0038587933
0.0039160173
0.0039348395
0.0039178571
0.0038711281
0.0038036394
0.0037224741
0.0036327188
0.0035383654
0.0034427694
0.0033472078
0.0032526006
0.003159503
0.0030680388
0.0029777182
0.0028885722
0.0028005796
0.0027129532
0.0026262784
0.0025396112
0.0024508652
0.0023604935
0.0022685804
0.0021759324
0.0020821493
0.0019860699
0.0018887681
0.0017893385
0.0016884216
0.0015858426
0.0014816578
0.0013765063
0.001269978
0.0011633793
0.0010564077
0.00095088254
0.00084618606
0.00074914457
0.00064628469
0.00059485092
0.00031636239
0.00085044941
-0.00087299398
0.040365704
0.034528269
0.025811822
0.017192036
0.010139348
0.0053638314
0.0031118215
0.0027232729
0.0031156498
0.0035608422
0.0037958928
0.0038869511
0.0039034701
0.0038646549
0.0038238219
0.0038000044
0.0037716512
0.0037286569
0.0036887728
0.0036556371
0.0036204724
0.0035790198
0.003538279
0.0034993748
0.0034586761
0.003414314
0.0033691477
0.0033238142
0.0032764594
0.0032266248
0.0031759104
0.0031246305
0.0030717951
0.0030174095
0.0029624612
0.002907345
0.0028519839
0.0027971719
0.0027441618
0.0026938411
0.0026469832
0.0026052024
0.0025709942
0.0025466962
0.0025366926
0.0025466317
0.0025770025
0.0026279422
0.0027010198
0.002795418
0.0029094531
0.0030402836
0.0031834015
0.0033326088
0.0034859508
0.0036369399
0.0037673051
0.0038643849
0.0039210444
0.003939209
0.0039217322
0.0038747686
0.0038071275
0.0037258719
0.0036360437
0.0035416158
0.0034459382
0.003350278
0.0032555611
0.0031623452
0.003070755
0.0029803037
0.0028910292
0.002802908
0.0027151526
0.0026283514
0.0025415192
0.0024526119
0.0023621317
0.0022701234
0.0021773883
0.0020835236
0.0019873693
0.0018900018
0.0017905115
0.0016895404
0.001586911
0.0014826797
0.0013774848
0.0012709151
0.0011642781
0.0010572696
0.00095171028
0.00084697965
0.00074991181
0.00064701176
0.00059579191
0.00032006613
0.00085996239
-0.00087094312
0.03805209
0.032935903
0.025223413
0.017503721
0.01102405
0.0064607972
0.0041109218
0.0034707066
0.0036134709
0.0038834869
0.0040304952
0.0040693941
0.0040549919
0.0040018915
0.0039477102
0.0039053445
0.0038615232
0.0038087158
0.0037620374
0.0037229861
0.0036802542
0.0036309079
0.0035842565
0.0035411388
0.0034963632
0.0034481104
0.0034002481
0.0033528303
0.0033033079
0.0032514651
0.0031993002
0.0031468287
0.0030928235
0.0030374866
0.0029819525
0.0029264607
0.002870708
0.0028155579
0.0027623879
0.0027120216
0.0026651832
0.0026235273
0.0025895387
0.0025654962
0.0025558453
0.0025661985
0.0025963663
0.0026469401
0.002719487
0.0028131904
0.0029264171
0.0030562986
0.0031982671
0.0033461848
0.0034983027
0.0036480672
0.0037769449
0.0038724491
0.0039283426
0.0039455703
0.0039273127
0.0038800195
0.003812149
0.0037307371
0.003640773
0.0035462111
0.0034503977
0.0033545864
0.0032597098
0.0031663268
0.0030745597
0.0029839291
0.0028944838
0.0028061919
0.002718264
0.0026312918
0.0025442739
0.0024551929
0.0023645655
0.0022724138
0.0021795453
0.0020855549
0.0019892834
0.001891812
0.001792225
0.0016911672
0.0015884572
0.0014841518
0.0013788884
0.0012722536
0.0011655566
0.0010584911
0.00095287934
0.00084809756
0.00075098657
0.00064803458
0.00059709713
0.00032510558
0.00087266751
-0.00086743962
0.035950818
0.03145718
0.02467058
0.017733009
0.011781899
0.0074589626
0.0050469895
0.0041790557
0.0040978544
0.0042144645
0.0042763618
0.0042652006
0.0042187499
0.0041475844
0.0040759357
0.0040147791
0.0039570704
0.0038961794
0.0038414182
0.0037926753
0.0037415367
0.0036869552
0.0036362116
0.0035891695
0.0035397825
0.0034871254
0.0034359889
0.0033858797
0.0033336693
0.0032794693
0.0032256966
0.0031719419
0.0031166467
0.0030602841
0.0030041864
0.0029483654
0.0028922597
0.0028368686
0.0027837135
0.0027335196
0.0026869481
0.0026457239
0.0026123462
0.0025891232
0.0025796538
0.0025894252
0.0026193523
0.0026698155
0.0027419282
0.0028349474
0.0029472377
0.0030758735
0.0032163308
0.0033627014
0.003512496
0.0036592966
0.0037860045
0.0038800201
0.0039355302
0.0039520263
0.0039331339
0.0038857402
0.003817815
0.0037363731
0.0036463541
0.0035517079
0.0034557871
0.003359834
0.0032647967
0.0031712388
0.0030792818
0.0029884544
0.0028988187
0.0028103332
0.0027222057
0.0026350335
0.0025478068
0.0024585325
0.0023677301
0.0022753995
0.0021823606
0.0020882066
0.0019917806
0.0018941703
0.0017944529
0.0016932772
0.0015904574
0.0014860508
0.001380694
0.0012739707
0.0011671925
0.0010600501
0.00095436739
0.00084951755
0.00075234535
0.00064933188
0.00059874256
0.00033142454
0.00088821745
-0.00086235662
0.034052052
0.030075192
0.024103687
0.017876378
0.012428465
0.0083501002
0.0059097632
0.0048565358
0.004580168
0.0045554683
0.0045323682
0.0044699239
0.0043892762
0.0042966666
0.0042071536
0.0041292738
0.0040581574
0.0039878091
0.0039233015
0.0038645902
0.0038062196
0.0037469835
0.0036914649
0.0036388477
0.0035846622
0.0035288475
0.0034751469
0.0034223565
0.0033671746
0.0033103366
0.0032546986
0.0031994135
0.0031424125
0.0030845527
0.003027525
0.0029710183
0.0029142743
0.0028585227
0.002805372
0.0027554025
0.0027091946
0.0026685732
0.0026360727
0.0026140242
0.0026047855
0.0026136967
0.0026432714
0.0026937092
0.0027655136
0.0028579048
0.0029691566
0.0030962488
0.0032349604
0.0033798478
0.0035263621
0.0036687111
0.0037928703
0.0038857735
0.0039413661
0.003957524
0.0039383642
0.0038912135
0.0038235046
0.0037422478
0.0036523382
0.0035577303
0.0034617888
0.003365749
0.0032705879
0.0031768802
0.0030847505
0.0029937327
0.0029039031
0.0028152144
0.0027268722
0.0026394819
0.0025520244
0.0024625353
0.0023715384
0.0022790048
0.0021857686
0.0020914219
0.0019948111
0.0018970329
0.0017971563
0.0016958356
0.0015928799
0.0014883476
0.0013828747
0.0012760417
0.001169163
0.0010619253
0.00095615399
0.00085122009
0.00075396861
0.00065088583
0.00060069508
0.00033889826
0.00090608287
-0.00085583538
0.032331278
0.028783606
0.023529083
0.017955516
0.012978427
0.0091409748
0.0067037886
0.0055056239
0.0050589524
0.0049026953
0.0047959893
0.0046814309
0.0045656832
0.0044499768
0.0043418374
0.0042474102
0.0041624194
0.0040815193
0.0040074364
0.0039397179
0.0038742022
0.0038094991
0.0037484442
0.0036902277
0.0036317976
0.0035729203
0.0035161036
0.0034599716
0.0034019626
0.0033431323
0.0032858917
0.0032289412
0.0031700144
0.0031104711
0.0030523232
0.0029949297
0.0029373236
0.0028808754
0.0028272679
0.0027770504
0.0027307592
0.0026903255
0.0026583249
0.0026369856
0.002628286
0.0026371128
0.0026663082
0.0027163351
0.0027875314
0.0028791123
0.0029892613
0.0031148669
0.0032519722
0.0033954509
0.0035391815
0.0036773343
0.0037985802
0.0038903257
0.003945894
0.003961919
0.0039428055
0.0038961388
0.0038288341
0.0037479533
0.003658331
0.0035638977
0.0034680411
0.0033719972
0.0032767788
0.0031829715
0.003090705
0.0029995239
0.002909521
0.0028206405
0.0027320863
0.0026444767
0.0025567798
0.0024670656
0.0023758661
0.002283118
0.0021896704
0.0020951138
0.0019982984
0.0019003326
0.0018002762
0.0016987905
0.0015956788
0.0014910015
0.0013853938
0.0012784335
0.001171438
0.0010640889
0.00095821355
0.00085318156
0.00075583383
0.00065267586
0.00060291186
0.00034737855
0.0009256792
-0.00084793344
0.030767885
0.027583752
0.022958183
0.017980527
0.013439705
0.009838476
0.0074311515
0.0061227288
0.0055289307
0.0052522881
0.0050655144
0.0048992995
0.0047479409
0.004607764
0.004480345
0.0043690163
0.0042699605
0.0041779128
0.0040937957
0.0040171979
0.0039443019
0.0038736151
0.0038071134
0.0037437405
0.0036810287
0.0036185912
0.0035583658
0.0034990285
0.0034384366
0.0033775795
0.0033182806
0.0032592573
0.0031986122
0.0031378261
0.0030786803
0.003020288
0.0029616631
0.0029043131
0.0028500493
0.0027993492
0.0027526479
0.0027119678
0.0026799255
0.0026585855
0.0026499253
0.002658574
0.0026872875
0.0027366361
0.002806991
0.0028976148
0.0030066677
0.0031309934
0.0032666801
0.0034086861
0.0035505368
0.0036859493
0.0038046955
0.0038943891
0.0039489203
0.0039649277
0.0039460935
0.0039000306
0.0038333055
0.0037530306
0.0036638941
0.0035697609
0.0034741097
0.0033781815
0.0032829973
0.0031891607
0.0030968205
0.0030055328
0.002915404
0.0028263667
0.0027376253
0.0026498146
0.0025618875
0.0024719548
0.0023805597
0.0022875994
0.0021939406
0.0020991708
0.0020021443
0.001903983
0.0018037368
0.0017020754
0.0015987958
0.0014939611
0.0013882061
0.0012811057
0.0011739809
0.0010665082
0.00096051628
0.0008553748
0.00075791562
0.0006546788
0.00060534446
0.00035671986
0.00094643473
-0.00083858083
0.029344435
0.026473357
0.02239592
0.017956237
0.013819546
0.010449483
0.0080932938
0.0067050986
0.0059870228
0.0056021263
0.0053397321
0.0051227893
0.0049355273
0.0047698143
0.0046224909
0.0044940003
0.0043805763
0.0042769616
0.0041826737
0.0040970533
0.0040166803
0.0039397526
0.0038674293
0.003798859
0.0037318076
0.0036655692
0.0036019507
0.0035395993
0.0034763606
0.0034131611
0.0033516777
0.0032907586
0.0032285587
0.0031664858
0.0031060014
0.0030463982
0.0029868525
0.0029287593
0.0028739299
0.0028227104
0.0027754922
0.0027343743
0.0027020293
0.0026803372
0.0026712097
0.0026792121
0.0027071355
0.0027554918
0.0028246258
0.0029139052
0.0030215267
0.0031443241
0.0032784035
0.0034188203
0.0035591519
0.0036929971
0.0038101895
0.0038979936
0.0039516074
0.0039676032
0.0039483475
0.0039024591
0.0038365376
0.0037570999
0.0036685719
0.0035748728
0.0034796039
0.0033839463
0.0032888842
0.0031951013
0.0031027861
0.0030114711
0.0029212763
0.002832134
0.0027432489
0.0026552721
0.0025671421
0.002477017
0.0023854504
0.0022922956
0.0021984419
0.0021034712
0.0020062408
0.0019078893
0.0018074552
0.001705618
0.0016021678
0.0014971714
0.0013912635
0.0012840157
0.0011767542
0.0010691495
0.00096303205
0.00085777258
0.00076018874
0.00065687171
0.00060794328
0.00036678826
0.0009678142
-0.0008276477
0.028045694
0.025447527
0.021846023
0.017889058
0.014126486
0.010981234
0.0086925348
0.0072512892
0.0064308213
0.0059499369
0.0056168891
0.0053506669
0.0051276477
0.0049357566
0.0047680482
0.0046222249
0.0044941949
0.004378687
0.0042740751
0.0041792878
0.0040912191
0.00400782
0.0039295675
0.003855711
0.0037842062
0.003714179
0.0036469083
0.0035812953
0.0035154509
0.0034498258
0.0033861475
0.0033234041
0.0032595992
0.0031960432
0.0031341581
0.0030734948
0.0030131208
0.0029542566
0.0028986784
0.0028468429
0.0027991722
0.002757634
0.0027249305
0.0027027999
0.0026930977
0.0027002711
0.002727159
0.0027742268
0.0028417579
0.0029292573
0.0030349826
0.003155774
0.0032877937
0.0034262592
0.0035648383
0.0036970071
0.0038127122
0.0038996354
0.0039532274
0.0039694316
0.0039500995
0.0039045628
0.0038394135
0.003760241
0.0036720017
0.0035789443
0.0034842609
0.0033889503
0.0032941007
0.0032005035
0.0031083391
0.0030170643
0.0029268648
0.00283769
0.0027487145
0.0026606179
0.0025723328
0.0024820615
0.0023903632
0.0022970484
0.0022030336
0.0021078891
0.0020104761
0.0019119537
0.0018113458
0.0017093437
0.0016057301
0.001500576
0.0013945168
0.0012871207
0.0011797201
0.0010719794
0.00096573108
0.00086034815
0.00076262857
0.00065923236
0.0006106589
0.00037745892
0.00098930708
-0.00081497271
0.026858302
0.02450046
0.021311837
0.017785758
0.014368349
0.011440233
0.0092314231
0.0077602628
0.0068578896
0.0062932744
0.0058951286
0.0055817128
0.0053235622
0.0051052433
0.004916824
0.0047535457
0.0046107354
0.0044830497
0.0043679394
0.0042638596
0.0041678997
0.0040778382
0.0039935679
0.0039143201
0.0038382199
0.0037642723
0.0036932557
0.0036243148
0.0035557742
0.0034877994
0.0034217959
0.0033569553
0.0032915437
0.0032265147
0.0031632302
0.0031014987
0.0030402614
0.0029805364
0.0029241842
0.0028718274
0.0028237469
0.0027817401
0.0027485844
0.0027259909
0.0027157423
0.002722074
0.0027478473
0.0027934805
0.0028592161
0.0029446866
0.0030482078
0.0031666177
0.003296149
0.0034322087
0.0035685711
0.0036986277
0.0038125616
0.0038986331
0.0039520283
0.0039686893
0.0039503361
0.0039059921
0.0038416959
0.0037628312
0.0036751479
0.0035827978
0.0034882171
0.0033929058
0.0032984302
0.0032051848
0.0031132053
0.0030220207
0.0029319218
0.0028428126
0.002753794
0.0026656398
0.0025772736
0.0024869093
0.0023951295
0.0023017064
0.0022075775
0.002112297
0.0020147362
0.0019160753
0.0018153189
0.0017131734
0.0016094134
0.0015041145
0.0013979132
0.0012903747
0.0011828386
0.0010749628
0.0009685822
0.00086307378
0.00076520985
0.00066173819
0.00061344186
0.0003886089
0.0010103944
-0.0008003781
0.025770494
0.023626035
0.020795772
0.017652503
0.014552155
0.01183255
0.009712835
0.0082314905
0.0072661004
0.0066299082
0.0061727246
0.0058147452
0.0055224953
0.0052778394
0.0050685514
0.0048877624
0.0047300674
0.0045899818
0.0044642192
0.004350742
0.0042467276
0.0041498238
0.004059425
0.00397468
0.0038938525
0.0038158466
0.0037410357
0.0036687075
0.0035973643
0.0035269575
0.0034585581
0.003391568
0.0033245048
0.0032580211
0.0031933245
0.0031303285
0.0030681386
0.0030076089
0.0029504815
0.0028975734
0.0028490558
0.0028065371
0.0027729391
0.0027499259
0.0027391121
0.0027445493
0.0027691331
0.0028132897
0.0028772185
0.0029606019
0.0030617927
0.0031776329
0.0033044351
0.0034377862
0.0035715699
0.0036991238
0.0038109006
0.0038957801
0.003948619
0.0039655947
0.0039483209
0.0039053004
0.0038421446
0.0037644097
0.0036778649
0.0035862375
0.0034917361
0.0033966407
0.0033026202
0.0032092976
0.0031171495
0.0030261719
0.0029363039
0.0028472785
0.0027582751
0.002670174
0.0025818104
0.0024913958
0.0023996019
0.0023061371
0.0022119405
0.0021165698
0.0020189083
0.0019201498
0.0018192787
0.0017170218
0.0016131413
0.001507719
0.0014013934
0.0012937258
0.0011860643
0.00107806
0.00097155078
0.00086591896
0.00076790506
0.00066436492
0.00061624217
0.00040011027
0.0010305051
-0.00078369018
0.024771878
0.022818112
0.020299301
0.017494873
0.014684506
0.012164048
0.010139922
0.0086649415
0.0076536926
0.0069578005
0.0064479936
0.0060485302
0.0057235898
0.0054530215
0.0052229059
0.0050246424
0.0048520354
0.0046993989
0.0045628583
0.0044398954
0.0043276873
0.0042237759
0.0041271384
0.0040368007
0.0039511255
0.0038689358
0.0037902685
0.0037144789
0.0036402276
0.0035672927
0.0034964645
0.0034272953
0.0033585065
0.0032905117
0.003224361
0.0031600547
0.0030968804
0.0030355529
0.0029776551
0.0029240521
0.0028750188
0.0028320184
0.0027979642
0.0027745453
0.0027631202
0.002767598
0.0027909831
0.0028336772
0.0028957892
0.0029770284
0.0030757946
0.0031889898
0.0033130008
0.003443538
0.003574573
0.003699411
0.003808766
0.0038921492
0.0039440812
0.0039610822
0.0039448548
0.0039029284
0.0038409392
0.0037644539
0.0036790231
0.0035882584
0.0034944726
0.0034000975
0.003306512
0.0032130476
0.0031209201
0.0030302006
0.0029401583
0.0028509244
0.0027620663
0.0026741179
0.0025857621
0.002495363
0.0024036645
0.0023102182
0.0022159913
0.0021205971
0.0020228878
0.0019240715
0.0018231271
0.0017207986
0.0016168295
0.0015113138
0.0014048903
0.0012971146
0.0011893451
0.0010812255
0.00097459688
0.00086884867
0.00077068296
0.00066708532
0.00061900914
0.00041182487
0.0010489699
-0.00076475727
0.023853251
0.022070753
0.019823148
0.017317867
0.014771609
0.012440299
0.010515942
0.0090609858
0.0080192453
0.0072750839
0.0067192962
0.0062818137
0.0059259476
0.0056302126
0.0053795212
0.0051639247
0.004976458
0.0048111916
0.0046637818
0.0045312642
0.0044107492
0.004299686
0.0041967063
0.0041006876
0.0040100532
0.0039235612
0.0038409675
0.0037616452
0.0036843884
0.00360884
0.0035355442
0.0034641492
0.0033935547
0.003323989
0.0032563518
0.0031907146
0.003126514
0.0030643451
0.0030056473
0.0029513132
0.0029017316
0.0028582925
0.0028236624
0.002799727
0.002787748
0.0027912719
0.002813428
0.0028546166
0.0029148598
0.0029938994
0.0030902026
0.0032007336
0.0033219233
0.0034495743
0.0035777473
0.0036997859
0.0038066413
0.0038884028
0.0039392733
0.0039561415
0.0039407029
0.0038996371
0.003838661
0.003763288
0.0036788997
0.0035890596
0.0034960938
0.003402379
0.003309272
0.003216172
0.0031245061
0.0030340037
0.0029437297
0.0028544757
0.0027657264
0.002677533
0.0025890038
0.0024987603
0.0024072067
0.0023137869
0.0022196095
0.0021242878
0.0020265718
0.0019277375
0.001826773
0.0017244124
0.0016203906
0.0015148195
0.0014083309
0.0013004744
0.0011926215
0.0010844062
0.00097767384
0.0008718217
0.000773507
0.00066986774
0.00062169162
0.00042360104
0.0010649864
-0.00074346752
0.023006449
0.021378357
0.019367454
0.017125854
0.014819219
0.012666562
0.010844199
0.0094203544
0.0083616914
0.0075800946
0.0069850769
0.0065133551
0.0061286471
0.0058087867
0.005537983
0.0053053118
0.0051031218
0.0049252223
0.0047668951
0.0046247786
0.0044958721
0.0043775369
0.0042681198
0.0041663387
0.0040706433
0.0039797382
0.0038931463
0.0038102239
0.003729871
0.0036516255
0.0035758155
0.003502146
0.0034296728
0.0033584813
0.003289325
0.0032223255
0.0031570467
0.0030939901
0.0030344635
0.0029793795
0.0029292186
0.0028853034
0.0028501041
0.0028255401
0.0028129543
0.0028155856
0.0028364491
0.0028760568
0.0029343948
0.0030112022
0.0031049849
0.0032128115
0.0033311667
0.0034558766
0.0035811284
0.0037003441
0.00380467
0.0038847405
0.0039344841
0.0039511364
0.0039363716
0.0038960683
0.0038360089
0.0037615277
0.0036780476
0.0035890325
0.0034968126
0.0034036857
0.0033110897
0.003218433
0.0031271563
0.0030368954
0.0029468326
0.0028579108
0.0027691888
0.0026807334
0.0025922277
0.0025019798
0.0024101736
0.0023167508
0.0022227649
0.0021275132
0.0020298235
0.0019310529
0.0018301291
0.0017277696
0.0016237457
0.0015181612
0.0014116414
0.0013037356
0.001195829
0.0010875425
0.00098072795
0.00087478973
0.00077633428
0.00067267484
0.00062423874
0.00043527221
0.0010776191
-0.0007197675
0.022224214
0.020735724
0.018931929
0.016922574
0.014832624
0.012847802
0.011128011
0.009744087
0.0086803085
0.0078713884
0.0072438798
0.0067419383
0.0063307482
0.0059880723
0.0056978299
0.0054484703
0.0052317839
0.0050413265
0.0048720841
0.004720355
0.0045830019
0.0044572999
0.0043413618
0.004233745
0.0041328977
0.0040374782
0.0039468169
0.0038602293
0.0037766948
0.0036956702
0.0036172965
0.0035413057
0.0034668857
0.0033940123
0.0033233002
0.0032549039
0.0031884974
0.0031245102
0.0030641268
0.0030082667
0.0029574868
0.0029130511
0.0028772586
0.0028520296
0.002838789
0.0028405027
0.0028600275
0.0028979991
0.0029544
0.003028937
0.0031201594
0.0032252426
0.0033407116
0.0034624235
0.0035846976
0.0037010449
0.0038028251
0.0038811585
0.0039297715
0.0039461912
0.0039320494
0.0038924654
0.0038332644
0.0037596302
0.0036770316
0.0035886567
0.0034970715
0.0034044408
0.0033122707
0.003219966
0.0031290193
0.0030390306
0.0029492331
0.0028605443
0.002771923
0.0026836217
0.0025953636
0.0025049925
0.0024129977
0.0023197348
0.0022256665
0.0021301433
0.0020325716
0.001933948
0.0018330666
0.0017307729
0.0016268264
0.0015212648
0.0014147501
0.001306832
0.001198902
0.0010905723
0.00098370043
0.00087769884
0.00077911598
0.00067546338
0.00062660112
0.00044665827
0.0010858743
-0.00069367915
0.021500092
0.020138086
0.018515974
0.016711171
0.014816636
0.012988687
0.011370666
0.01003347
0.0089746953
0.0081477491
0.0074943643
0.0069663864
0.0065313048
0.0061673642
0.0058585597
0.0055930329
0.0053621719
0.0051593128
0.0049792136
0.0048178932
0.00467207
0.0045389339
0.0044164064
0.0043028911
0.0041968129
0.0040967877
0.0040019875
0.0039116724
0.0038248763
0.0037409939
0.0036600053
0.0035816472
0.0035052152
0.0034306026
0.0033582964
0.0032884685
0.0032208871
0.0031559258
0.0030946546
0.0030379893
0.0029865502
0.0029415526
0.0029051375
0.0028792153
0.0028652672
0.0028660196
0.0028841737
0.002920472
0.0029748979
0.0030471217
0.0031357388
0.0032380233
0.0033505459
0.0034692064
0.0035884547
0.003701905
0.0038011367
0.003877626
0.003925125
0.0039413117
0.0039277133
0.0038888344
0.0038304631
0.0037577706
0.003676045
0.0035882636
0.0034971622
0.0034050589
0.0033132513
0.0032211392
0.0031304141
0.0030406263
0.0029510247
0.0028625153
0.0027740313
0.0026859037
0.0025977657
0.002507444
0.002415671
0.0023226376
0.0022283679
0.0021327253
0.0020352419
0.0019364592
0.0018355123
0.0017334016
0.0016295272
0.0015240261
0.0014175818
0.0013096968
0.0012017742
0.0010934365
0.00098653168
0.00088049503
0.00078180048
0.00067818623
0.00062873349
0.00045757095
0.0010888878
-0.00066530956
0.020828334
0.019581105
0.01811879
0.016494253
0.014775586
0.013093584
0.011575396
0.010289985
0.0092447466
0.0084081945
0.0077353203
0.0071855773
0.0067293786
0.0063459336
0.0060196343
0.0057385994
0.0054939845
0.0052789623
0.0050881259
0.0049172758
0.004762993
0.004622385
0.0044932179
0.0043737536
0.0042623782
0.0041576673
0.0040586623
0.0039645606
0.0038744294
0.0037876142
0.0037039588
0.0036231874
0.0035446812
0.0034682725
0.0033943326
0.0033230379
0.0032542353
0.0031882552
0.0031260631
0.0030685623
0.0030164248
0.002970823
0.0029337544
0.002907105
0.0028923959
0.0028921448
0.0029088994
0.0029434851
0.0029958922
0.0030657595
0.0031517258
0.0032511596
0.0033606839
0.0034762447
0.0035924193
0.0037029336
0.0037995926
0.0038741666
0.0039205429
0.0039364807
0.0039233795
0.0038851927
0.0038276445
0.0037558903
0.0036749853
0.0035879926
0.0034972342
0.0034057215
0.0033142173
0.0032222546
0.0031316828
0.003041984
0.0029524707
0.00286406
0.0027756553
0.002687644
0.0025995883
0.0025093747
0.0024177953
0.0023248806
0.0022306862
0.0021352766
0.0020378067
0.001938862
0.0018380056
0.0017358482
0.0016317455
0.001526392
0.0014200627
0.0013122279
0.0012043715
0.0010960732
0.00098916258
0.00088312989
0.00078433743
0.00068079683
0.00063060071
0.00046782296
0.0010861336
-0.00063484798
0.020203817
0.019060857
0.017739459
0.016273952
0.014713336
0.013166554
0.011745343
0.010515258
0.0094906236
0.0086519764
0.0079656811
0.0073984578
0.0069240514
0.0065230387
0.0061804865
0.0058847388
0.005626892
0.0054000296
0.0051986406
0.0050183674
0.004855672
0.004707586
0.0045717502
0.004446301
0.0043295759
0.0042201111
0.0041168413
0.004018898
0.0039253641
0.0038355459
0.0037491716
0.0036659415
0.0035853021
0.0035070412
0.003431427
0.0033586297
0.0032885603
0.0032215163
0.0031583688
0.0031000011
0.0030471253
0.003000876
0.0029631206
0.002935708
0.0029201857
0.0029188888
0.0029342126
0.0029670445
0.0030173884
0.0030848569
0.003168128
0.0032646607
0.0033711354
0.0034835474
0.0035965986
0.0037041425
0.0037981578
0.0038708175
0.0039160446
0.0039316996
0.0039190431
0.0038815338
0.0038248178
0.0037539985
0.0036739024
0.0035877039
0.0034973656
0.0034063851
0.0033151779
0.0032234406
0.0031329943
0.0030433253
0.0029538616
0.0028654684
0.0027770344
0.0026890476
0.0026010106
0.0025108602
0.0024194231
0.0023266154
0.0022325625
0.002137298
0.0020398873
0.001941093
0.0018404574
0.0017381446
0.0016339605
0.0015286845
0.0014221965
0.0013143707
0.0012066535
0.0010983879
0.00099152763
0.00088554844
0.00078667446
0.00068325026
0.00063218601
0.00047724189
0.0010775168
-0.00060256486
0.019621977
0.018573814
0.017377
0.016051996
0.014633292
0.013211341
0.011883541
0.010711024
0.0097127202
0.0088785735
0.0081845324
0.0076040556
0.0071144365
0.006697935
0.0063405265
0.0060309934
0.0057605386
0.0055222433
0.005310554
0.0051210136
0.0049499916
0.004794455
0.0046519458
0.0045204925
0.0043983799
0.0042841066
0.004176519
0.0040746844
0.0039776871
0.0038848005
0.0037956563
0.003709923
0.0036270948
0.0035469267
0.0034695967
0.0033952604
0.0033238794
0.0032557264
0.0031915875
0.0031323202
0.003078666
0.0030317252
0.002993247
0.0029650341
0.0029486471
0.0029462603
0.0029601198
0.0029911566
0.0030393937
0.0031044214
0.003184953
0.0032785349
0.003381909
0.0034911229
0.0036010026
0.0037055426
0.0037968482
0.0038675905
0.0039116368
0.0039269732
0.0039147063
0.0038778589
0.0038219729
0.003752086
0.0036728179
0.0035873223
0.0034976117
0.0034070609
0.0033161435
0.0032246562
0.0031343358
0.0030447442
0.0029553465
0.0028669113
0.002778394
0.0026903744
0.0026022625
0.0025120815
0.0024207111
0.0023279673
0.0022340254
0.0021388642
0.0020415449
0.0019428979
0.0018423745
0.0017401312
0.0016361732
0.0015308931
0.001424289
0.0013165203
0.001208714
0.0011003326
0.00099361262
0.00088765765
0.0007887392
0.00068548771
0.00063347359
0.00048569119
0.0010633348
-0.00056883808
0.019078742
0.018116812
0.01703042
0.015829764
0.014538437
0.013231378
0.011992897
0.010879083
0.00991163
0.0090876799
0.0083911178
0.007801491
0.0072996907
0.0068698858
0.0064991504
0.0061768822
0.0058945439
0.0056453075
0.0054236397
0.0052250408
0.0050458199
0.0048828954
0.0047337346
0.0045962771
0.0044687561
0.0043496337
0.0042376844
0.0041319148
0.0040314005
0.0039353863
0.0038434229
0.0037551432
0.0036700737
0.0035879453
0.0035088578
0.0034329457
0.0033602093
0.0032909021
0.0032257346
0.0031655337
0.0031110603
0.0030633832
0.0030241445
0.0029950927
0.0029777896
0.0029742671
0.0029866274
0.0030158284
0.003061915
0.0031244597
0.0032022078
0.00329279
0.0033930131
0.0034989806
0.0036056415
0.0037071481
0.0037956993
0.0038644802
0.0039073188
0.0039223083
0.0039103787
0.0038741747
0.003819113
0.0037501549
0.0036717189
0.003586935
0.0034978827
0.0034077409
0.0033171326
0.0032259269
0.0031357241
0.0030461893
0.0029568607
0.0028684076
0.0027798515
0.0026917654
0.0026035159
0.0025132619
0.0024218853
0.0023291164
0.0022352068
0.0021400928
0.0020428376
0.0019443078
0.0018438825
0.0017417692
0.0016379469
0.0015327384
0.0014262956
0.0013186325
0.0012107002
0.0011023436
0.0009955649
0.00088939198
0.00079050469
0.00068742778
0.00063442197
0.00049308029
0.0010440966
-0.00053417916
0.018570481
0.017687019
0.016698737
0.015608351
0.014431363
0.013229787
0.012076169
0.011021274
0.010088112
0.0092791903
0.0085848413
0.0079899858
0.0074790246
0.0070381726
0.0066557479
0.0063219066
0.0060285063
0.0057689035
0.0055376492
0.0053302554
0.0051430075
0.0049727952
0.0048170336
0.0046735935
0.0045406609
0.0044166645
0.0043003201
0.0041905794
0.0040865021
0.0039873072
0.0038924784
0.003801611
0.0037142512
0.0036301116
0.0035492246
0.0034716998
0.0033975651
0.0033270588
0.0032608244
0.0031996547
0.0031443211
0.0030958625
0.0030558234
0.0030258928
0.0030076221
0.0030029171
0.0030137418
0.0030410665
0.0030849589
0.0031449784
0.0032198997
0.0033074341
0.0034044568
0.0035071315
0.0036105213
0.0037089657
0.003794752
0.0038614954
0.0039030948
0.0039177093
0.0039060662
0.003870485
0.0038162413
0.0037482065
0.0036706074
0.0035865481
0.0034981512
0.0034084306
0.0033181462
0.0032272305
0.0031371503
0.0030476934
0.0029584223
0.0028699379
0.0027813443
0.0026931892
0.0026048465
0.0025145292
0.002423091
0.0023302469
0.0022363122
0.0021411606
0.0020438936
0.0019454208
0.001845064
0.0017430654
0.0016393475
0.001534252
0.0014279381
0.0013203545
0.0012125178
0.0011043458
0.00099740821
0.00089116861
0.00079217405
0.0006890396
0.00063501667
0.00049938769
0.0010203017
-0.00049919357
0.01809395
0.017281911
0.016381006
0.015388614
0.01431431
0.013209386
0.012135962
0.011139439
0.010243062
0.0094531816
0.0087652653
0.0081688704
0.0076517117
0.0072021048
0.0068097113
0.0064655559
0.0061620058
0.0058926919
0.0056523127
0.0054364447
0.005241388
0.0050640266
0.0049017464
0.0047523689
0.0046140409
0.0044851622
0.0043644015
0.0042506624
0.0041429846
0.0040405632
0.0039428265
0.0038493326
0.0037596371
0.0036734378
0.0035907102
0.0035115358
0.0034359608
0.003364211
0.0032968705
0.0032346957
0.0031784603
0.0031291744
0.0030882934
0.0030574427
0.0030381532
0.0030322176
0.003041469
0.0030668771
0.0031085318
0.0031659839
0.0032380356
0.0033224752
0.0034162495
0.0035155829
0.0036156713
0.0037108782
0.0037940521
0.0038586805
0.0038989947
0.0039131954
0.0039017846
0.0038667997
0.003813364
0.0037462448
0.0036694872
0.0035861589
0.0034984186
0.0034091357
0.0033191837
0.0032285588
0.0031386114
0.0030492392
0.0029600266
0.0028715123
0.0027829059
0.0026946613
0.0026062076
0.0025158379
0.0024243432
0.0023314572
0.0022374688
0.0021422238
0.0020448981
0.0019464083
0.001846046
0.0017441004
0.0016404486
0.001535456
0.0014292494
0.001321755
0.0012140278
0.0011059404
0.00099902
0.00089295753
0.00079374657
0.00069065995
0.00063548035
0.00050468598
0.00099242131
-0.00046440222
0.017646253
0.016899236
0.016076331
0.015171217
0.0141892
0.013172706
0.012174709
0.011235407
0.010377478
0.0096098925
0.0089321059
0.0083375886
0.0078170973
0.0073610286
0.0069604435
0.0066073137
0.0062946084
0.0060163148
0.0057673406
0.0055433769
0.0053407772
0.005156446
0.0049877622
0.0048325183
0.0046888325
0.0045550812
0.0044298968
0.004312142
0.0042008351
0.0040951495
0.0039944671
0.003898311
0.0038062383
0.003717934
0.0036333253
0.0035524649
0.0034754087
0.0034023716
0.0033338852
0.0032706681
0.0032134892
0.0031633297
0.0031215636
0.00308975
0.0030693906
0.0030621756
0.0030698147
0.0030932659
0.0031326396
0.0031874824
0.0032566223
0.0033379214
0.0034284
0.0035243486
0.0036210838
0.003713022
0.0037935954
0.0038560178
0.0038950072
0.0039087617
0.0038975359
0.003863122
0.0038104835
0.0037442722
0.0036683596
0.0035857681
0.0034986883
0.0034098575
0.0033202447
0.0032299131
0.0031401084
0.0030508228
0.0029616707
0.0028731311
0.0027845146
0.002696179
0.0026076119
0.0025172072
0.0024256459
0.0023326893
0.0022386543
0.0021433592
0.0020459678
0.0019474062
0.0018469926
0.0017450369
0.0016413765
0.0015364283
0.0014302875
0.0013228697
0.001215241
0.0011072232
0.0010003676
0.00089438063
0.00079505244
0.00069224908
0.0006357988
0.00050923651
0.00096135182
-0.00043001237
0.0172248
0.016536987
0.015783867
0.014956669
0.014057677
0.013122006
0.012194673
0.011310962
0.010492437
0.009749703
0.0090852243
0.0084956994
0.0079746044
0.0075143355
0.0071073662
0.0067466641
0.0064258704
0.0061393996
0.0058824257
0.0056508022
0.0054409739
0.0052498936
0.005074956
0.0049139445
0.004764961
0.0046263661
0.0044967656
0.0043749895
0.004260035
0.0041510557
0.0040473959
0.0039485457
0.0038540585
0.0037636073
0.0036770788
0.0035944965
0.0035159197
0.0034415523
0.0033718798
0.0033075823
0.0032494176
0.003198338
0.0031556424
0.0031228219
0.0031013415
0.0030927976
0.0030987842
0.0031202381
0.0031572881
0.00320948
0.0032756666
0.0033537807
0.0034409178
0.0035334377
0.0036267807
0.0037153857
0.0037933711
0.0038535285
0.0038911563
0.003904426
0.0038933339
0.0038594612
0.0038076051
0.0037422928
0.0036672272
0.0035853778
0.0034989621
0.0034105964
0.0033213298
0.0032312951
0.0031416419
0.0030524454
0.0029633552
0.0028747938
0.0027861631
0.0026977396
0.0026090597
0.0025186217
0.0024269908
0.0023339848
0.0022398822
0.0021445135
0.0020470741
0.0019484545
0.0018480023
0.0017459987
0.0016422805
0.001537322
0.001431172
0.0013237739
0.0012162018
0.0011082387
0.0010014433
0.00089550571
0.0007960951
0.00069349712
0.00063578284
0.00051296834
0.00092818211
-0.00039587253
0.016827274
0.016193378
0.01550283
0.014745353
0.013921143
0.013059289
0.012197941
0.011367835
0.010589067
0.0098731124
0.009224617
0.0086428768
0.0081237394
0.0076614694
0.0072499277
0.0068830987
0.0065553437
0.0062615617
0.0059972453
0.0057584538
0.0055417604
0.0053441939
0.0051631881
0.0049965372
0.0048423403
0.0046989514
0.0045649591
0.0044391687
0.004320559
0.0042082663
0.0041016038
0.0040000326
0.003903098
0.003810462
0.0037219769
0.003637638
0.0035575023
0.0034817628
0.0034108639
0.0033454473
0.0032862545
0.003234208
0.0031905372
0.0031566647
0.0031340123
0.0031240896
0.0031283821
0.0031477987
0.0031824825
0.0032319824
0.0032951752
0.0033700609
0.0034538124
0.0035428603
0.0036327812
0.0037179986
0.0037933508
0.0038512293
0.0038874605
0.003900206
0.0038891932
0.0038558265
0.0038047341
0.0037403106
0.0036660924
0.0035849898
0.0034992413
0.0034113528
0.0033224401
0.0032327055
0.0031432124
0.0030541081
0.0029650807
0.002876501
0.0027878532
0.0026993442
0.0026105517
0.0025200753
0.0024283755
0.0023353237
0.0022411497
0.0021457054
0.0020482346
0.0019495442
0.001849032
0.0017469946
0.0016432481
0.0015382524
0.0014320412
0.0013246107
0.0012170219
0.0011090584
0.0010022793
0.00089637136
0.00079686938
0.00069444897
0.00063546183
0.00051570269
0.00089371878
-0.00036196293
0.016451597
0.015866818
0.015232494
0.01453755
0.013780788
0.012986329
0.012186426
0.011407684
0.010668527
0.0099807187
0.0093504033
0.0087789071
0.0082640949
0.0078019326
0.0073876101
0.007016123
0.0066825804
0.006382409
0.0061114638
0.0058660499
0.005642903
0.0054391558
0.0052523043
0.0050801728
0.0049208728
0.0047727611
0.0046344191
0.0045046357
0.0043823753
0.0042667595
0.0041570768
0.0040527629
0.0039533532
0.0038584988
0.003768023
0.0036818944
0.0036001633
0.0035230112
0.0034508458
0.0033842709
0.0033240074
0.0032709472
0.0032262545
0.0031912838
0.0031674084
0.0031560566
0.0031586129
0.0031759518
0.0032082278
0.003254995
0.0033151542
0.00338677
0.0034670924
0.0035526319
0.0036390725
0.0037210636
0.0037935035
0.0038490976
0.00388389
0.0038960942
0.0038851187
0.0038522235
0.0038018741
0.0037383287
0.0036649573
0.0035846054
0.0034995272
0.0034121274
0.0033235764
0.0032341451
0.0031448202
0.0030558114
0.0029668479
0.0028782532
0.0027895862
0.0027009936
0.0026120888
0.0025215696
0.0024298018
0.0023367001
0.0022424551
0.0021469347
0.0020494339
0.00195067
0.0018501151
0.00174803
0.0016442253
0.0015392072
0.0014329733
0.0013254864
0.0012178269
0.0011098169
0.0010029836
0.00089704661
0.00079740349
0.00069513045
0.00063484593
0.00051761226
0.00085860896
-0.00032858406
0.016095911
0.015555887
0.014972189
0.014333462
0.013637621
0.012904687
0.012161874
0.011432084
0.010731986
0.010073198
0.0094628116
0.0089036839
0.0083953515
0.0079352912
0.0075199355
0.0071452633
0.0068071388
0.0065015455
0.0062247361
0.0059732957
0.0057441537
0.0055345737
0.0053421359
0.0051647146
0.0050004483
0.0048477082
0.0047050777
0.0045713382
0.0044454443
0.0043265067
0.004213795
0.0041067235
0.0040048165
0.0039077149
0.0038152176
0.003727268
0.0036439067
0.003565303
0.0034918315
0.0034240592
0.0033626825
0.0033085616
0.0032627998
0.0032266839
0.0032015345
0.0031887033
0.0031894803
0.0032047015
0.0032345285
0.0032785231
0.00333561
0.0034039155
0.0034807681
0.0035627593
0.0036456934
0.0037244172
0.0037938763
0.0038472241
0.0038804702
0.0038921087
0.003881132
0.0038486673
0.0037990351
0.0037363544
0.003663826
0.0035842272
0.0034998215
0.0034129211
0.0033247395
0.0032356145
0.0031464657
0.003057556
0.0029686575
0.0028800512
0.002791363
0.0027026885
0.0026136721
0.002523106
0.0024312705
0.0023381157
0.0022437991
0.0021482015
0.0020506666
0.0019518295
0.0018512353
0.0017490976
0.0016452583
0.0015401944
0.001433908
0.001326389
0.0012186844
0.0011106095
0.001003672
0.00089765677
0.00079779939
0.00069560147
0.00063396177
0.00051890377
0.00082346375
-0.00029616197
0.015758545
0.015259319
0.014721299
0.014133226
0.013492491
0.012815733
0.01212587
0.011442522
0.010780605
0.010151288
0.0095621655
0.0090172015
0.0085172773
0.008061178
0.0076464715
0.0072700721
0.0069285887
0.0066185761
0.0063367105
0.0060798854
0.0058452514
0.0056302277
0.0054325004
0.0052500124
0.0050809448
0.0049236945
0.004776857
0.0046392148
0.0045097188
0.0043874728
0.0042717326
0.0041618957
0.0040574756
0.0039581034
0.0038635574
0.0037737581
0.0036887342
0.0036086417
0.0035338255
0.0034648165
0.0034022842
0.0033470559
0.0033001773
0.0032628685
0.0032363943
0.0032220333
0.0032209874
0.0032340508
0.0032613885
0.0033025715
0.0033565483
0.0034215051
0.0034948486
0.0035732554
0.0036526499
0.0037280605
0.0037945278
0.0038456242
0.0038772169
0.0038882581
0.0038772422
0.0038451633
0.0037962218
0.0037343923
0.0036627019
0.0035838576
0.0035001261
0.0034137348
0.0033259301
0.0032371145
0.0031481494
0.0030593427
0.0029705102
0.0028818957
0.0027931846
0.0027044298
0.0026153025
0.0025246857
0.0024327826
0.0023395718
0.002245183
0.0021495068
0.0020519344
0.0019530246
0.0018523874
0.0017501969
0.0016463271
0.0015412112
0.0014348795
0.0013273312
0.0012195608
0.0011114191
0.0010043979
0.00089829227
0.00079816869
0.00069597775
0.00063288587
0.00051982537
0.00078892441
-0.00026521857
0.015438
0.014975982
0.014479259
0.013936928
0.013346119
0.012720666
0.012079844
0.01144039
0.010815524
0.010215764
0.009648869
0.0091195466
0.0086297255
0.008179295
0.0077668361
0.0073901338
0.0070465165
0.006733111
0.0064470327
0.0061855054
0.005945924
0.0057258855
0.0055232021
0.0053359032
0.0051622278
0.0050006102
0.0048496685
0.0047081951
0.0045751432
0.004449615
0.0043308575
0.0042182555
0.0041113133
0.004009653
0.0039130355
0.0038213609
0.0037346443
0.0036530282
0.0035768296
0.0035065452
0.0034428153
0.0033864332
0.0033383898
0.0032998399
0.0032719904
0.0032560493
0.0032531366
0.0032640023
0.0032888113
0.0033271445
0.0033779749
0.0034395461
0.0035093433
0.0035841312
0.0036599528
0.0037320156
0.0037954864
0.003844235
0.0038741648
0.0038845746
0.0038734725
0.0038417241
0.0037934438
0.00373245
0.0036615899
0.0035834996
0.0035004431
0.0034145694
0.003327149
0.0032386457
0.0031498718
0.0030611721
0.0029724067
0.0028837872
0.0027950519
0.0027062183
0.002616981
0.0025263097
0.0024343389
0.0023410696
0.0022466076
0.0021508518
0.0020532386
0.0019542564
0.0018535729
0.0017513294
0.001647425
0.0015422576
0.0014358811
0.0013283016
0.0012204621
0.0011122667
0.0010051466
0.00089892935
0.00079855681
0.00069635317
0.00063168609
0.00052065
0.00075557356
-0.00023616747
0.015132927
0.014704863
0.014245548
0.013744615
0.013199107
0.012620535
0.012025085
0.011426982
0.010837851
0.010267431
0.0097233927
0.0092108892
0.0087326317
0.0082894141
0.0078807006
0.0075050699
0.0071605307
0.0068447703
0.0065553495
0.0062898369
0.0060458903
0.0058213033
0.0056140327
0.0054222113
0.0052441504
0.0050783342
0.0049234132
0.0047781987
0.0046416534
0.0045128827
0.0043911303
0.0042757728
0.0041663071
0.0040623476
0.0039636409
0.0038700688
0.0037816325
0.0036984602
0.0036208434
0.0035492455
0.0034842765
0.0034266948
0.0033774387
0.0033375993
0.0033083241
0.0032907532
0.0032859296
0.003294558
0.0033167997
0.003352246
0.003399895
0.0034580457
0.0035242615
0.0035953979
0.0036676152
0.0037362979
0.0037967709
0.0038430584
0.0038713309
0.0038810662
0.0038698365
0.0038383603
0.0037907114
0.0037305362
0.003660496
0.0035831573
0.0035007755
0.0034154264
0.0033283971
0.0032402092
0.0031516331
0.0030630447
0.0029743477
0.0028857264
0.0027969657
0.0027080548
0.0026187085
0.0025279792
0.0024359403
0.0023426101
0.0022480738
0.0021522373
0.0020545801
0.0019555255
0.001854793
0.0017524955
0.0016485538
0.0015433343
0.0014369102
0.0013292964
0.0012213865
0.0011131379
0.0010059133
0.00089959004
0.00079895147
0.00069670438
0.00063044482
0.00052173017
0.00072387735
-0.0002094729
0.014842113
0.014445055
0.01401969
0.0135563
0.013051962
0.012516254
0.011962749
0.011403496
0.01084865
0.010307106
0.0097862596
0.0092914731
0.0088260081
0.0083913764
0.0079877925
0.0076145425
0.0072702661
0.0069531886
0.0066613127
0.0063925594
0.0061448624
0.0059162278
0.0057047729
0.0055087492
0.0053265542
0.0051567338
0.0049979813
0.0048491356
0.0047091761
0.0045772172
0.0044525045
0.0043344109
0.0042224286
0.0041161659
0.0040153578
0.0039198703
0.0038296907
0.0037449325
0.0036658634
0.0035929152
0.0035266665
0.0034678401
0.0034173236
0.0033761463
0.0033453956
0.0033261456
0.003319367
0.003325719
0.0033453559
0.0033778797
0.0034223135
0.0034770107
0.0035396123
0.0036070663
0.0036756523
0.0037409137
0.0037983898
0.0038421926
0.0038687331
0.003877712
0.0038663333
0.003835073
0.003788029
0.0037286551
0.0036594231
0.0035828332
0.0035011254
0.0034163073
0.0033296757
0.0032418059
0.0031534343
0.0030649614
0.002976334
0.0028877139
0.002798927
0.0027099403
0.0026204861
0.002529695
0.0024375877
0.0023441941
0.0022495827
0.0021536643
0.0020559599
0.0019568328
0.0018560487
0.0017536961
0.0016497146
0.0015444419
0.0014379678
0.0013303169
0.0012223349
0.0011140277
0.001006694
0.00090026286
0.00079934709
0.00069703782
0.0006291214
0.00052313289
0.00069381912
-0.00018524858
0.014564464
0.014195741
0.013801247
0.013371975
0.012905109
0.012408618
0.011893869
0.011371037
0.010848937
0.010335606
0.0098380324
0.0093616047
0.008909938
0.0084850905
0.0080878961
0.0077182578
0.0073753882
0.0070580193
0.006764583
0.0064933537
0.0062425487
0.0060103983
0.0057951936
0.0055953184
0.0054092692
0.005235665
0.005073252
0.0049209053
0.0047776286
0.0046425512
0.0045149258
0.0043941265
0.0042796434
0.0041710812
0.0040681658
0.0039707497
0.0038788069
0.0037924364
0.0037118833
0.0036375495
0.0035699815
0.0035098664
0.0034580424
0.0034154792
0.0033832037
0.0033622261
0.0033534488
0.0033574857
0.0033744814
0.0034040482
0.0034452349
0.0034964477
0.0035554047
0.0036191484
0.0036840736
0.0037459028
0.0038001693
0.0038417224
0.0038664352
0.0038745243
0.0038629927
0.0038318819
0.0037854125
0.0037268178
0.0036583779
0.0035825315
0.0035014957
0.0034172136
0.0033309861
0.0032434371
0.0031552759
0.003066923
0.0029783664
0.0028897506
0.0028009367
0.0027118754
0.0026223146
0.0025314583
0.002439282
0.0023458227
0.0022511349
0.0021551337
0.0020573789
0.001958179
0.0018573408
0.0017549319
0.0016509082
0.0015455811
0.0014390546
0.0013313638
0.0012233077
0.0011149369
0.00100749
0.00090094369
0.0007997368
0.00069736269
0.00062773991
0.00052448033
0.00066491327
-0.00016325706
0.014298994
0.013956188
0.013589815
0.013191607
0.0127589
0.012298318
0.011819367
0.011330616
0.010839675
0.010353735
0.0098793015
0.0094216439
0.0089845691
0.0085705293
0.0081808533
0.0078159685
0.0074755971
0.0071589384
0.0068648342
0.0065919057
0.0063386565
0.0061035488
0.0058850575
0.0056817106
0.0054921149
0.0053149732
0.005149094
0.0049933975
0.004846919
0.0047088087
0.0045783319
0.0044548687
0.0043379107
0.0042270608
0.004122039
0.0040226866
0.0039289651
0.0038409594
0.0037588935
0.0036831405
0.0036142153
0.0035527686
0.0034995911
0.0034555944
0.0034217457
0.0033989927
0.0033881736
0.0033898574
0.0034041769
0.0034307539
0.0034686633
0.003516363
0.0035716473
0.0036316549
0.0036928939
0.0037512737
0.0038022343
0.0038416165
0.0038644352
0.0038714668
0.003859825
0.0038287954
0.0037828738
0.0037250351
0.0036573691
0.003582258
0.0035018902
0.0034181475
0.0033323293
0.0032451038
0.0031571585
0.0030689299
0.0029804456
0.0028918368
0.0028029956
0.0027138609
0.0026241948
0.0025332701
0.002441024
0.0023474967
0.0022527313
0.0021566462
0.0020588379
0.001959565
0.0018586701
0.0017562036
0.0016521353
0.0015467524
0.0014401714
0.0013324375
0.0012243053
0.0011158662
0.0010083014
0.00090163238
0.00080012184
0.00069767131
0.00062636997
0.00052549157
0.00063676631
-0.00014327312
0.014044811
0.013725731
0.013385024
0.013015153
0.012613631
0.012185956
0.011740066
0.011283158
0.01082177
0.010362283
0.0099106744
0.0094719931
0.0090501058
0.0086477259
0.0082665622
0.0079074751
0.0075706297
0.0072556483
0.0069617564
0.0066879096
0.006432895
0.00619541
0.005974121
0.0057677088
0.0055749008
0.0053944931
0.0052253654
0.0050664915
0.0049169453
0.0047759044
0.0046426522
0.0045165792
0.0043971824
0.004284066
0.004176946
0.0040756555
0.0039801448
0.0038904852
0.0038068807
0.0037296774
0.0036593587
0.0035965392
0.0035419634
0.0034964866
0.0034610172
0.0034364423
0.0034235391
0.0034228328
0.0034344422
0.0034579984
0.0034926023
0.0035367623
0.0035883487
0.0036445958
0.003702131
0.003757015
0.0038048648
0.0038418051
0.0038627115
0.0038684791
0.0038568261
0.0038258132
0.0037804129
0.0037233069
0.0036563989
0.0035820165
0.0035023125
0.0034191114
0.0033337072
0.0032468074
0.0031590832
0.0030709832
0.0029825726
0.0028939734
0.0028051046
0.0027158978
0.0026261275
0.0025351313
0.0024428144
0.002349217
0.0022543728
0.0021582028
0.0020603376
0.0019609914
0.0018600373
0.0017575118
0.0016533965
0.0015479564
0.0014413185
0.0013335384
0.0012253278
0.0011168157
0.001009128
0.00090232847
0.00080050281
0.00069795779
0.00062497582
0.00052603353
0.00060955705
-0.00012507804
0.013801109
0.013503773
0.013186529
0.012842554
0.012469543
0.012072051
0.011656695
0.011229503
0.010796068
0.010362013
0.009932766
0.0095130882
0.0091068018
0.0087167696
0.0083449754
0.0079926262
0.0076602625
0.0073478814
0.0070550603
0.0067810716
0.0065249787
0.006285713
0.0060621365
0.0058530896
0.0056574282
0.0054740501
0.0053019147
0.0051400568
0.0049875962
0.0048437441
0.0047078074
0.0045791919
0.0044574036
0.0043420511
0.0042328495
0.0041296257
0.0040323207
0.0039409928
0.0038558277
0.0037771457
0.0037053997
0.003641168
0.0035851505
0.0035381483
0.003501012
0.00347457
0.0034595416
0.003456409
0.0034652763
0.0034857824
0.0035170546
0.0035576511
0.0036055168
0.0036579826
0.0037117944
0.0037631658
0.0038079438
0.0038423234
0.0038613008
0.0038655802
0.0038540172
0.0038229839
0.0037780628
0.0037216438
0.0036554711
0.0035818089
0.0035027641
0.0034201062
0.0033351209
0.0032485495
0.0031610511
0.0030730841
0.0029847488
0.0028961617
0.0028072653
0.0027179872
0.0026281141
0.0025370434
0.0024446544
0.0023509847
0.0022560602
0.0021598041
0.002061879
0.0019624588
0.0018614431
0.0017588571
0.0016546923
0.0015491936
0.0014424966
0.0013346669
0.0012263756
0.0011177853
0.0010099696
0.00090303181
0.00080087655
0.00069823506
0.00062355855
0.00052605703
0.00058319421
-0.00010845591
0.013567158
0.013289771
0.012994014
0.012673744
0.012326836
0.011957054
0.011569902
0.011170415
0.01076336
0.010353656
0.0099461905
0.009545389
0.0091549523
0.0087777992
0.0084160971
0.008071318
0.0077443123
0.0074354011
0.0071444789
0.0068711126
0.0066146293
0.0063741904
0.0061488538
0.0059376236
0.0057394902
0.0055534604
0.0053785803
0.005213953
0.0050587507
0.0049122242
0.0047737094
0.0046426322
0.0045185118
0.004400964
0.0042897058
0.0041845608
0.0040854623
0.0039924571
0.0039057135
0.0038255278
0.0037523229
0.0036866421
0.0036291415
0.0035805701
0.0035417223
0.0035133695
0.003496176
0.0034905826
0.0034966773
0.0035141061
0.0035420226
0.003579034
0.0036231594
0.0036718256
0.0037218974
0.003769743
0.0038113998
0.0038432505
0.0038602072
0.003862885
0.0038512962
0.0038203214
0.0037758652
0.003720072
0.0036546017
0.0035816457
0.0035032519
0.0034211366
0.0033365736
0.0032503328
0.0031630646
0.0030752349
0.0029869764
0.0028984038
0.0028094798
0.0027201314
0.0026301566
0.0025390083
0.0024465457
0.0023528015
0.002257795
0.0021614515
0.0020634631
0.0019639681
0.0018628884
0.0017602403
0.0016560234
0.0015504644
0.0014437058
0.0013358232
0.0012274488
0.0011187752
0.001010826
0.00090374109
0.00080124552
0.00069848173
0.00062211921
0.00052567315
0.00055749245
-9.3486384e-05
0.013342297
0.013083231
0.012807185
0.01250865
0.012185674
0.011841354
0.01148026
0.011106586
0.010724376
0.010337911
0.0099515548
0.0095693726
0.0091948873
0.0088309992
0.0084799806
0.0081434949
0.0078226385
0.0075180065
0.0072297727
0.0069577726
0.006701581
0.0064605811
0.0062340241
0.0060210793
0.0058208753
0.0056325334
0.0054551927
0.0052880307
0.0051302784
0.0049812319
0.0048402614
0.0047068173
0.0045804362
0.0044607446
0.0043474643
0.0042404181
0.0041395335
0.0040448473
0.003956512
0.0038748012
0.0038001093
0.0037329449
0.0036739221
0.0036237397
0.0035831377
0.0035528323
0.0035334355
0.0035253482
0.0035286416
0.0035429683
0.0035675076
0.0036009153
0.0036412834
0.0036861346
0.0037324531
0.0037767546
0.003815255
0.0038444737
0.0038595801
0.0038607326
0.0038483947
0.0038177111
0.0037737844
0.0037185779
0.0036537848
0.0035815237
0.0035037735
0.0034222001
0.0033380628
0.003252155
0.0031651216
0.0030774339
0.0029892547
0.0029006993
0.0028117485
0.0027223309
0.0026322558
0.0025410274
0.0024484897
0.0023546687
0.0022595786
0.0021631462
0.0020650913
0.0019655205
0.0018643741
0.001761662
0.0016573905
0.0015517694
0.0014449468
0.0013370076
0.0012285474
0.0011197852
0.0010116967
0.00090445622
0.00080160444
0.00069872055
0.00062070632
0.00052481185
0.00053241487
-8.0160223e-05
0.013125924
0.012883704
0.012625768
0.012347193
0.012046188
0.011725288
0.011388276
0.011038639
0.010679791
0.01031544
0.0099494506
0.0095855223
0.009226961
0.0088765904
0.0085367211
0.0082091428
0.0078951392
0.0075955295
0.007310728
0.0070408103
0.00678558
0.0065446304
0.0063174002
0.0061032226
0.0059013667
0.0057110715
0.0055315742
0.0053621321
0.0052020404
0.005050646
0.0049073581
0.0047716567
0.0046430993
0.0045213267
0.0044060686
0.0042971495
0.0041944934
0.0040981288
0.0040081936
0.0039249407
0.0038487369
0.0037800576
0.0037194762
0.0036676434
0.0036252465
0.0035929488
0.0035713124
0.0035607
0.0035611656
0.0035723675
0.0035935107
0.0036232987
0.0036598958
0.0037009195
0.0037434741
0.003784212
0.0038195476
0.0038458527
0.0038595594
0.0038593404
0.003845426
0.0038151921
0.0037718258
0.0037171646
0.0036530222
0.0035814423
0.0035043273
0.0034232936
0.0033395848
0.0032540126
0.0031672185
0.003079678
0.0029915809
0.0029030461
0.0028140701
0.0027245851
0.0026344117
0.0025431012
0.0024504869
0.0023565873
0.002261412
0.0021648895
0.0020667647
0.0019671168
0.0018659013
0.0017631233
0.0016587945
0.0015531093
0.0014462199
0.0013382205
0.0012296716
0.0011208152
0.0010125815
0.00090517574
0.00080195554
0.00069892404
0.00061917325
0.00052340424
0.00050825613
-6.7942742e-05
0.01291749
0.01269078
0.012449508
0.012189292
0.011908483
0.011609145
0.011294402
0.010967139
0.01063023
0.010286868
0.0099404564
0.0095943294
0.0092515532
0.0089148312
0.0085864588
0.008268295
0.0079617573
0.0076678418
0.0073871642
0.0071200105
0.0068663913
0.0066260954
0.0063987411
0.0061838214
0.0059807453
0.0057888718
0.0056075396
0.0054360901
0.0052738876
0.0051203344
0.0049748835
0.0048370488
0.0047064128
0.0045826338
0.0044654525
0.0043546977
0.0042502926
0.0041522585
0.0040607211
0.0039759138
0.0038981775
0.0038279557
0.0037657824
0.0037122624
0.0036680328
0.0036337057
0.0036097957
0.003596629
0.0035942428
0.0036022999
0.0036200309
0.0036461863
0.0036790017
0.003716189
0.0037549708
0.0037921339
0.003824273
0.0038476343
0.0038600211
0.003858508
0.0038429136
0.0038129701
0.0037700487
0.0037158667
0.0036523377
0.0035814171
0.0035049237
0.0034244245
0.0033411442
0.0032559086
0.0031693572
0.0030819684
0.0029939564
0.0029054452
0.0028164455
0.002726895
0.0026366252
0.0025452309
0.0024525386
0.0023585586
0.0022632963
0.0021666824
0.0020684845
0.0019687582
0.001867471
0.0017646249
0.0016602359
0.0015544845
0.0014475258
0.0013394622
0.0012308215
0.0011218652
0.0010134798
0.00090589913
0.00080229538
0.00069909397
0.00061737911
0.00052129325
0.00048602249
-5.5491711e-05
0.0127165
0.012504084
0.012278169
0.01203486
0.011772638
0.011493169
0.011199025
0.010892584
0.010576256
0.010252774
0.0099251183
0.0095962714
0.0092690471
0.0089459978
0.0086293608
0.0083210169
0.0080224691
0.0077348468
0.007458929
0.0071951813
0.0069437979
0.0067047469
0.0064778147
0.0062626485
0.0060587944
0.0058657318
0.0056829025
0.0055097356
0.0053456681
0.0051901621
0.0050427187
0.0049028894
0.0047702858
0.004644587
0.0045255477
0.004413004
0.0043068801
0.0042071928
0.0041140568
0.0040276877
0.0039484027
0.0038766143
0.0038128194
0.0037575786
0.003711481
0.0036750899
0.0036488749
0.0036331273
0.0036278673
0.0036327624
0.003647068
0.0036695811
0.0036986073
0.0037319522
0.0037669547
0.0038005377
0.003829448
0.0038499913
0.0038607569
0.0038579984
0.0038410605
0.0038110696
0.0037684343
0.0037146849
0.0036517396
0.0035814569
0.0035055713
0.0034256003
0.003342748
0.0032578495
0.0031715434
0.0030843101
0.0029963854
0.0029079002
0.0028188781
0.0027292633
0.0026388986
0.0025474187
0.0024546466
0.002360584
0.0022652331
0.0021685261
0.0020702518
0.0019704455
0.0018690841
0.0017661676
0.0016617154
0.0015558956
0.0014488646
0.0013407328
0.001231997
0.001122935
0.0010143912
0.00090662511
0.00080262447
0.00069920665
0.00061545124
0.00051865932
0.00046592487
-4.1668539e-05
0.012522496
0.012323274
0.012111536
0.011883822
0.011638729
0.011377589
0.011102509
0.010815445
0.010518403
0.010213717
0.0099039769
0.0095918346
0.0092798482
0.0089703991
0.0086656339
0.0083674157
0.0080772919
0.0077964847
0.0075259007
0.0072661544
0.0070175994
0.0067803646
0.0065543918
0.0063394739
0.0061352897
0.0059414373
0.0057574622
0.005582883
0.0054172124
0.0052599757
0.0051107259
0.0049690558
0.0048346093
0.0047070901
0.0045862695
0.0044719938
0.0043641905
0.0042628739
0.0041681497
0.0040802179
0.0039993731
0.0039259989
0.0038605566
0.0038035652
0.0037555679
0.0037170816
0.003688533
0.0036701806
0.0036620282
0.0036637472
0.0036746173
0.0036934817
0.003718715
0.0037482149
0.0037794354
0.0038094344
0.0038351
0.0038529482
0.0038615355
0.0038576635
0.0038397051
0.003809424
0.0037669644
0.003713623
0.0036512354
0.0035815674
0.0035062748
0.0034268253
0.0033443995
0.0032598384
0.0031737798
0.0030867053
0.0029988701
0.0029104129
0.0028213694
0.0027316914
0.002641233
0.0025496655
0.0024568115
0.0023626644
0.0022672227
0.002170421
0.0020720672
0.001972179
0.0018707408
0.0017677516
0.0016632334
0.0015573427
0.0014502366
0.0013420325
0.001233198
0.0011240242
0.0010153152
0.00090735263
0.00080294103
0.00069925654
0.00061347019
0.00051571467
0.00044779355
-2.6772068e-05
0.012335046
0.01214801
0.011949371
0.011736058
0.011506769
0.011262555
0.011005134
0.010736103
0.010457128
0.010170187
0.009877523
0.0095814755
0.0092843524
0.0089883524
0.0086955078
0.0084076327
0.0081262837
0.0078527399
0.0075880021
0.0073328044
0.007087635
0.0068527643
0.006628275
0.0064140955
0.0062100312
0.0060157953
0.0058310363
0.0056553627
0.0054883652
0.0053296348
0.005178779
0.0050354358
0.0048992846
0.0047700564
0.0046475422
0.0045316011
0.0044221666
0.0043192524
0.0042229572
0.0041334673
0.0040510567
0.0039760818
0.0039089705
0.0038502023
0.0038002767
0.003759667
0.0037287593
0.0037077809
0.0036967198
0.0036952513
0.0037026791
0.0037178914
0.0037393311
0.0037649868
0.0037924249
0.0038188397
0.003841257
0.0038564529
0.0038626019
0.0038575381
0.0038387373
0.0038080492
0.003765679
0.0037127089
0.0036508417
0.003581758
0.0035070398
0.0034281023
0.0033461003
0.003261876
0.0031760663
0.0030891536
0.0030014098
0.0029129826
0.0028239188
0.0027341786
0.0026436278
0.002551971
0.0024590333
0.0023647994
0.0022692653
0.0021723671
0.0020739306
0.0019739589
0.0018724414
0.0017693771
0.0016647901
0.0015588261
0.0014516419
0.0013433613
0.0012344244
0.0011251326
0.0010162512
0.00090808064
0.00080324313
0.00069924467
0.00061144262
0.00051247448
0.00043187431
-1.1700383e-05
0.012153837
0.011978073
0.011791549
0.011591543
0.011376845
0.011148266
0.010907201
0.010654948
0.01039288
0.010122665
0.0098462336
0.0095656394
0.0092829483
0.0090001717
0.008719212
0.0084418099
0.0081695018
0.0079035931
0.007645148
0.0073949921
0.0071537243
0.0069217361
0.0066992356
0.0064862752
0.0062827788
0.0060885698
0.0059033971
0.0057269589
0.0055589242
0.0053989515
0.0052467058
0.0051018723
0.004964169
0.004833357
0.00470925
0.0045917222
0.0044807155
0.0043762452
0.0042784051
0.0041873699
0.0041033947
0.004026811
0.0039580149
0.003897449
0.0038455719
0.0038028152
0.0037695272
0.0037459056
0.0037319237
0.0037272603
0.0037312429
0.0037428041
0.0037604534
0.0037822695
0.0038059292
0.0038287612
0.0038479324
0.0038604176
0.003864317
0.0038577114
0.0038381053
0.0038069592
0.0037646044
0.0037119584
0.0036505704
0.0035820387
0.0035078738
0.0034294367
0.0033478534
0.0032639637
0.0031784033
0.0030916546
0.0030040039
0.0029156085
0.0028265257
0.0027367247
0.0026460829
0.0025543356
0.0024613121
0.0023669898
0.0022713613
0.0021743653
0.0020758431
0.0019757859
0.0018741867
0.0017710449
0.001666386
0.0015603462
0.0014530809
0.0013447194
0.0012356763
0.00112626
0.0010171985
0.00090880799
0.00080352941
0.00069916968
0.00060936198
0.00050897967
0.00041796711
2.9605338e-06
0.011978365
0.011813057
0.011637779
0.01145011
0.011248918
0.011034818
0.010808933
0.01057231
0.010326072
0.010071617
0.0098105996
0.0095448112
0.0092760892
0.0090062584
0.0087370817
0.008470209
0.0082071332
0.0079491596
0.007697389
0.0074527128
0.0072158172
0.0069871949
0.0067671633
0.0065558858
0.0063533957
0.0061596206
0.0059744058
0.0057975372
0.0056287621
0.0054678075
0.0053143972
0.0051682662
0.0050291733
0.0048969125
0.0047713222
0.0046522946
0.0045397822
0.0044338042
0.0043344515
0.004241889
0.0041563554
0.0040781589
0.0040076665
0.0039452857
0.0038914371
0.0038465132
0.0038108266
0.0037845474
0.0037676353
0.0037597726
0.00376031
0.003768224
0.0037820897
0.0038000737
0.0038199619
0.0038392143
0.0038551301
0.0038649082
0.0038665898
0.0038581605
0.0038377762
0.0038061448
0.0037637382
0.0037113664
0.0036504195
0.0035824095
0.003508777
0.0034308281
0.0033496578
0.0032661003
0.0031807893
0.0030942067
0.0030066513
0.0029182899
0.0028291898
0.0027393297
0.0026485987
0.0025567601
0.0024636493
0.0023692368
0.0022735123
0.0021764168
0.0020778061
0.0019776614
0.001875978
0.0017727562
0.0016680224
0.001561904
0.0014545543
0.0013461074
0.0012369536
0.0011274063
0.0010181568
0.0009095336
0.00080379854
0.00069902952
0.00060722436
0.00050527905
0.00040513341
1.7123431e-05
0.011808492
0.011652835
0.011487945
0.011311675
0.011122959
0.010922246
0.010710432
0.010488352
0.010256916
0.010017289
0.009770878
0.0095192381
0.0092639922
0.0090067834
0.0087492302
0.0084928794
0.0082391621
0.0079893615
0.0077445912
0.0075057849
0.0072736937
0.0070488923
0.0068317903
0.0066226489
0.0064216005
0.0062286689
0.006043791
0.0058668375
0.0056976326
0.0055359718
0.0053816386
0.0052344193
0.0050941155
0.0049605561
0.0048336071
0.0047131806
0.0045992419
0.0044918165
0.0043909944
0.0042969328
0.0042098561
0.0041300514
0.0040578587
0.0039936534
0.00393782
0.0038907148
0.0038526171
0.0038236717
0.0038038251
0.0037927638
0.0037898613
0.0037941369
0.0038042302
0.0038183944
0.0038345219
0.003850201
0.0038628632
0.0038698864
0.0038692546
0.0038591245
0.0038378748
0.0038056772
0.0037631325
0.0037109691
0.0036504163
0.0035828911
0.0035097649
0.0034322877
0.0033515216
0.0032682917
0.0031832287
0.0030968132
0.0030093542
0.0029210284
0.0028319126
0.0027419947
0.0026511759
0.0025592453
0.0024660455
0.002371541
0.0022757188
0.0021785222
0.0020798201
0.0019795858
0.0018778159
0.0017745113
0.0016696995
0.0015634996
0.0014560621
0.0013475251
0.0012382562
0.0011285709
0.0010191251
0.00091025607
0.0008040488
0.00069882253
0.00060502606
0.0005014136
0.00039334823
3.0617616e-05
0.011643975
0.011497322
0.011342101
0.011176413
0.010999258
0.010810948
0.01061219
0.010403645
0.010186041
0.0099603436
0.0097277428
0.0094895802
0.009247282
0.0090023174
0.0087561609
0.0085102485
0.0082659363
0.0080244676
0.0077869492
0.0075543356
0.007327423
0.0071068486
0.006893098
0.0066865162
0.0064873231
0.0062956302
0.0061114599
0.0059347634
0.0057654393
0.0056033507
0.0054483409
0.0053002482
0.0051589188
0.0050242183
0.0048960419
0.0047743239
0.0046590447
0.0045502379
0.0044479948
0.0043524672
0.0042638672
0.0041824631
0.0041085701
0.0040425339
0.0039847059
0.0039354087
0.0038948907
0.0038632731
0.0038404907
0.0038262344
0.0038199
0.0038205493
0.0038268847
0.0038372442
0.0038496248
0.0038617388
0.0038711474
0.0038753808
0.0038723765
0.0038606632
0.0038383572
0.0038055251
0.0037627828
0.0037107701
0.0036505666
0.0035834908
0.0035108445
0.003433822
0.0033534507
0.0032705432
0.003185726
0.0030994778
0.0030121162
0.0029238271
0.0028346965
0.002744722
0.0026538166
0.0025617931
0.0024685024
0.0023739039
0.0022779823
0.002180683
0.0020818866
0.0019815605
0.0018797013
0.0017763112
0.0016714182
0.0015651337
0.001457605
0.001348973
0.0012395841
0.0011297536
0.0010201028
0.00091097442
0.00080427891
0.00069854799
0.00060276427
0.00049740625
0.00038187179
4.3438678e-05
0.011484063
0.011345792
0.011199593
0.01104376
0.010877352
0.010700569
0.010513961
0.010318041
0.010113386
0.0099007874
0.0096812472
0.0094559172
0.0092260436
0.0089929325
0.0087579176
0.0085223207
0.0082874144
0.0080543885
0.0078243261
0.007598185
0.0073767875
0.0071608162
0.0069508162
0.0067472023
0.0065502701
0.0063602095
0.006177121
0.0060010311
0.0058319096
0.0056696851
0.0055142601
0.0053655251
0.0052233715
0.0050877031
0.0049584462
0.0048355589
0.0047190388
0.0046089298
0.0045053264
0.0044083772
0.0043182841
0.0042352991
0.0041597148
0.0040918499
0.0040320254
0.0039805326
0.0039375918
0.0039033024
0.0038775891
0.0038601471
0.0038503948
0.0038474351
0.0038500326
0.0038566076
0.0038652593
0.0038738207
0.0038799781
0.0038813985
0.0038760919
0.0038625883
0.0038391322
0.0038056604
0.0037626841
0.0037107688
0.0036508698
0.0035842077
0.0035120145
0.0034354293
0.0033554426
0.003272852
0.0031882781
0.0031021973
0.0030149339
0.0029266826
0.0028375384
0.0027475086
0.0026565179
0.0025644008
0.0024710175
0.0023763234
0.0022803006
0.002182897
0.0020840037
0.0019835836
0.0018816328
0.0017781546
0.0016731772
0.001566805
0.0014591815
0.0013504496
0.0012409358
0.0011309529
0.0010210883
0.00091168648
0.00080448649
0.00069820471
0.00060043732
0.00049327247
0.00037104027
5.4953329e-05
0.011572174
0.012476968
0.01355219
0.015012557
0.017000348
0.019637291
0.023128281
0.028190968
0.035478092
0.050405019
0.01157199
0.012476771
0.013551933
0.015011935
0.016998762
0.01963314
0.023116024
0.028137929
0.03526108
0.04771506
0.011571687
0.012476419
0.01355144
0.015010745
0.016995721
0.019624978
0.023093169
0.028033297
0.034883456
0.044768046
0.011571228
0.01247587
0.013550653
0.015008864
0.016990933
0.019612071
0.023056976
0.027881029
0.034337201
0.042261098
0.011570614
0.012475102
0.013549545
0.015006226
0.016984235
0.019594103
0.023004814
0.027686986
0.033660585
0.040132022
0.011569844
0.012474097
0.013548086
0.015002766
0.016975473
0.019570623
0.022936568
0.027454073
0.032909092
0.03821134
0.011568916
0.012472835
0.013546243
0.014998411
0.016964476
0.019541195
0.022852655
0.027184399
0.0321294
0.036437112
0.011567827
0.012471292
0.013543981
0.014993082
0.016951057
0.019505472
0.022752827
0.026882266
0.031335388
0.034788781
0.011566576
0.012469445
0.013541261
0.014986698
0.016935031
0.019463111
0.022637018
0.026551485
0.030532545
0.033255953
0.01156516
0.012467268
0.013538042
0.014979171
0.016916207
0.019413786
0.022505349
0.026195324
0.029727025
0.031829967
0.011563573
0.012464733
0.01353428
0.014970412
0.016894391
0.019357209
0.022358059
0.025816994
0.028924537
0.030502496
0.011561813
0.012461811
0.013529928
0.014960324
0.016869388
0.019293126
0.022195506
0.025419646
0.028129879
0.029265819
0.011559874
0.012458471
0.013524935
0.014948808
0.016841002
0.019221319
0.022018169
0.025006309
0.027347058
0.02811292
0.01155775
0.012454679
0.013519248
0.014935762
0.016809041
0.019141615
0.021826633
0.024579873
0.026579398
0.027037387
0.011555436
0.0124504
0.013512811
0.014921078
0.016773316
0.019053883
0.02162158
0.024143074
0.025829603
0.026033337
0.011552923
0.012445595
0.013505564
0.014904647
0.016733643
0.018958039
0.021403782
0.023698493
0.02509982
0.025095355
0.011550205
0.012440226
0.013497442
0.014886355
0.016689846
0.018854045
0.02117408
0.023248536
0.024391695
0.02421846
0.011547272
0.01243425
0.013488379
0.014866087
0.016641758
0.018741916
0.020933381
0.022795439
0.023706432
0.023398059
0.011544115
0.01242762
0.013478303
0.014843727
0.016589226
0.018621711
0.02068264
0.022341252
0.023044848
0.022629918
0.011540723
0.012420291
0.01346714
0.014819156
0.016532109
0.018493542
0.020422851
0.021887847
0.022407425
0.021910125
0.011537085
0.01241221
0.013454814
0.014792255
0.016470281
0.018357567
0.020155033
0.021436912
0.021794359
0.021235067
0.011533188
0.012403324
0.013441241
0.014762906
0.016403634
0.018213994
0.019880216
0.020989958
0.021205601
0.020601401
0.011529019
0.012393577
0.013426337
0.014730993
0.01633208
0.018063073
0.019599436
0.020548318
0.020640901
0.020006038
0.011524564
0.012382909
0.013410015
0.0146964
0.01625555
0.017905098
0.019313717
0.020113157
0.020099843
0.019446117
0.011519807
0.012371256
0.013392184
0.014659015
0.016173999
0.017740403
0.019024066
0.019685477
0.019581879
0.018918991
0.01151473
0.012358554
0.01337275
0.014618731
0.016087404
0.017569358
0.018731463
0.019266127
0.019086353
0.018422213
0.011509317
0.012344731
0.013351617
0.014575445
0.015995766
0.017392365
0.018436852
0.018855809
0.018612535
0.017953518
0.011503546
0.012329715
0.013328688
0.014529061
0.015899111
0.017209855
0.018141134
0.018455094
0.018159634
0.017510813
0.011497399
0.012313428
0.013303864
0.01447949
0.015797491
0.017022282
0.017845165
0.018064428
0.01772682
0.017092167
0.011490852
0.012295791
0.013277044
0.014426651
0.015690982
0.01683012
0.017549746
0.017684144
0.017313242
0.016695795
0.011483883
0.012276718
0.013248128
0.014370473
0.015579685
0.016633857
0.017255623
0.017314472
0.016918035
0.016320054
0.011476467
0.012256121
0.013217017
0.014310895
0.015463728
0.016433993
0.016963482
0.016955553
0.016540337
0.015963428
0.011468577
0.01223391
0.013183613
0.014247867
0.015343259
0.016231031
0.016673952
0.016607446
0.016179294
0.015624522
0.011460187
0.012209988
0.013147819
0.014181351
0.015218452
0.016025475
0.016387598
0.016270138
0.015834069
0.015302055
0.011451267
0.012184256
0.013109543
0.014111324
0.015089499
0.015817827
0.016104927
0.015943557
0.015503845
0.014994846
0.011441788
0.012156611
0.013068697
0.014037774
0.014956614
0.01560858
0.015826386
0.015627576
0.015187831
0.014701813
0.011431717
0.012126948
0.013025199
0.013960703
0.014820029
0.015398218
0.015552365
0.015322024
0.014885266
0.01442196
0.011421023
0.012095157
0.012978974
0.013880129
0.01467999
0.015187207
0.015283197
0.015026694
0.01459542
0.014154374
0.01140967
0.012061126
0.012929956
0.013796084
0.014536758
0.014975998
0.015019163
0.014741348
0.014317594
0.013898216
0.011397625
0.012024741
0.012878091
0.013708612
0.014390603
0.014765022
0.014760496
0.014465722
0.014051123
0.013652718
0.01138485
0.011985888
0.012823335
0.013617773
0.014241807
0.014554687
0.01450738
0.014199537
0.013795375
0.013417172
0.011371308
0.011944449
0.012765662
0.013523638
0.014090657
0.014345376
0.014259958
0.013942495
0.013549753
0.01319093
0.011356961
0.011900312
0.012705061
0.013426291
0.013937443
0.01413745
0.014018333
0.013694293
0.01331369
0.012973397
0.011341767
0.011853369
0.012641542
0.013325825
0.01378246
0.01393124
0.013782571
0.013454618
0.013086651
0.012764021
0.011325684
0.011803521
0.012575138
0.013222339
0.013626
0.013727053
0.013552706
0.013223161
0.012868137
0.012562298
0.011308666
0.011750686
0.012505904
0.013115938
0.013468363
0.013525168
0.013328734
0.0129996
0.012657685
0.012367801
0.011290658
0.011694815
0.012433928
0.013006719
0.013309842
0.013325856
0.013110634
0.012783589
0.012454778
0.012179987
0.011271599
0.01163591
0.012359334
0.012894783
0.013150684
0.013129373
0.012898457
0.012574964
0.012259174
0.011998657
0.011251407
0.011574057
0.01228223
0.012780344
0.012991045
0.012935696
0.012691908
0.012373218
0.012070328
0.011823375
0.011229934
0.011509755
0.012202359
0.012663994
0.012831618
0.01274526
0.012491038
0.012178077
0.011887764
0.011653529
0.011205729
0.011442682
0.012114436
0.012540438
0.012665825
0.012550441
0.012287769
0.011981699
0.011704275
0.011482691
0.01117397
0.011372976
0.01200656
0.012394802
0.012476266
0.012331477
0.01206166
0.011764203
0.011500925
0.011292707
0.011128871
0.011304393
0.011873195
0.012217437
0.012253126
0.012078524
0.011803474
0.011517307
0.011270456
0.011077269
0.011068372
0.011230369
0.01171402
0.012003412
0.011991719
0.011788919
0.011511524
0.011239345
0.01101078
0.010833765
0.010990199
0.011136063
0.01152629
0.011747526
0.011688122
0.011461599
0.011186042
0.010930442
0.010721391
0.010561116
0.010889007
0.01101345
0.0113082
0.011450319
0.01134524
0.011102546
0.010834713
0.010598941
0.010411131
0.010268485
0.010759229
0.01085494
0.011050346
0.011107322
0.010960602
0.010710027
0.010454875
0.010239805
0.010072335
0.0099464982
0.010593192
0.01065226
0.010749063
0.010723512
0.010543278
0.010295014
0.010059295
0.0098679125
0.0097217636
0.009612757
0.010382027
0.010398821
0.010403507
0.01030472
0.010100399
0.0098619307
0.0096484459
0.0094797491
0.0093527598
0.0092589506
0.010116948
0.010090277
0.010015173
0.0098584384
0.0096417097
0.009420193
0.009232074
0.0090867122
0.0089784722
0.0088990825
0.0097911085
0.0097262592
0.0095892958
0.0093942451
0.0091775808
0.0089780932
0.0088158053
0.0086921809
0.0086006287
0.0085338611
0.0094031261
0.0093108655
0.0091346702
0.0089222947
0.0087160164
0.0085398796
0.008400977
0.0082962477
0.0082191194
0.0081632339
0.008960339
0.0088546186
0.0086634022
0.0084541854
0.0082691312
0.0081202096
0.0080052989
0.007918711
0.007854682
0.007808214
0.0084814476
0.0083761819
0.0081902559
0.0079956403
0.0078309685
0.0077024428
0.007604814
0.0075318393
0.0074781988
0.007439492
0.007997138
0.0079044405
0.0077451801
0.0075854683
0.007454925
0.0073536236
0.007274916
0.0072141065
0.0071677933
0.0071331401
0.0075469998
0.0074697553
0.0073370286
0.0072074172
0.007107209
0.0070353364
0.0069841582
0.0069469167
0.0069182341
0.0068946594
0.0071718402
0.0071313214
0.0070573312
0.0069872097
0.0069353345
0.0069012882
0.0068790371
0.0068620785
0.0068476216
0.0068342581
0.0068803765
0.0068054532
0.0067173595
0.0066446133
0.0065821043
0.0065262105
0.0064758343
0.0064300401
0.0063878913
0.0063490746
0.011323043
0.011192864
0.011055357
0.010909036
0.010752999
0.01058734
0.010412473
0.010228781
0.010036709
0.0098368919
0.0096301632
0.0094175
0.0091999792
0.0089787498
0.0087550045
0.0085299469
0.0083047563
0.0080805568
0.0078583928
0.0076392092
0.0074238386
0.0072129935
0.0070072652
0.0068071263
0.0066129385
0.0064249631
0.0062433731
0.0060682674
0.0058996851
0.0057376201
0.0055820348
0.0054328737
0.0052900755
0.0051535844
0.0050233605
0.0048993884
0.0047816854
0.004670308
0.0045653564
0.0044669777
0.0043753656
0.0042907574
0.004213425
0.0041436615
0.004081759
0.0040279792
0.0039825155
0.0039454469
0.0039166886
0.0038959413
0.0038826462
0.0038759489
0.0038746765
0.0038773336
0.0038821227
0.0038869981
0.0038897733
0.0038882544
0.0038805141
0.0038650638
0.0038403796
0.0038062041
0.0037629154
0.0037110265
0.0036513859
0.00358511
0.0035133554
0.0034372027
0.0033576024
0.0032753332
0.0031910078
0.0031050994
0.0030179375
0.0029297257
0.0028405677
0.0027504806
0.0026594017
0.0025671861
0.0024737042
0.0023789083
0.002282778
0.0021852637
0.0020862666
0.0019857459
0.001883697
0.0017801239
0.0016750551
0.001568588
0.0014608618
0.0013520205
0.0012423709
0.0011322213
0.0010221243
0.0009124225
0.00080467996
0.00069777683
0.0005979535
0.00048885299
0.00036067857
6.5171383e-05
0.011143288
0.011021867
0.010893806
0.010757728
0.010612782
0.010458981
0.010296612
0.010125943
0.0099472919
0.0097611498
0.0095681864
0.0093692081
0.0091651226
0.0089569168
0.0087456342
0.0085323473
0.0083181267
0.0081040136
0.0078909954
0.0076799863
0.0074718124
0.0072672018
0.0070667795
0.0068710671
0.0066804864
0.0064953662
0.0063159517
0.0061424153
0.0059748688
0.0058133758
0.0056579642
0.0055086384
0.0053653908
0.0052282122
0.0050971022
0.0049720777
0.0048531802
0.0047404828
0.0046340948
0.0045341643
0.0044408785
0.0043544608
0.0042751628
0.0042032516
0.0041389899
0.0040826092
0.0040342753
0.0039940466
0.0039618295
0.0039373317
0.0039200202
0.0039090882
0.003903433
0.003901652
0.0039020626
0.0039027524
0.0039016753
0.0038967805
0.0038862214
0.0038685263
0.0038423573
0.0038072858
0.0037635507
0.0037116079
0.0036521954
0.0035863094
0.0035150167
0.0034393306
0.0033601541
0.0032782413
0.0031941941
0.0031084804
0.0030214344
0.0029332683
0.0028440958
0.002753945
0.0026627669
0.0025704385
0.0024768423
0.0023819282
0.0022856735
0.0021880311
0.0020889124
0.0019882741
0.0018861102
0.0017824255
0.0016772482
0.0015706686
0.0014628205
0.0013538477
0.001244036
0.0011336863
0.0010233116
0.00091324828
0.00080486521
0.0006971952
0.00059504472
0.00048366877
0.00034904552
7.5194402e-05
0.01093923
0.010827189
0.010709199
0.010584083
0.010451026
0.010309945
0.010161012
0.010004384
0.0098402637
0.009669
0.0094911029
0.0093072089
0.0091180531
0.0089244523
0.0087272888
0.0085274872
0.0083259897
0.0081237314
0.007921619
0.0077205118
0.0075212067
0.0073244265
0.0071308123
0.0069409205
0.0067552223
0.0065741077
0.0063978907
0.0062268172
0.0060610743
0.0059008002
0.0057460945
0.0055970291
0.005453658
0.005316027
0.0051841833
0.0050581831
0.0049380993
0.0048240274
0.0047160904
0.0046144411
0.004519263
0.004430767
0.004349185
0.0042747581
0.0042077189
0.004148268
0.0040965428
0.0040525813
0.0040162819
0.0039873619
0.0039653194
0.0039494024
0.0039385891
0.0039315838
0.003926835
0.0039225814
0.0039169365
0.0039080056
0.0038940483
0.0038736373
0.0038455712
0.0038093039
0.0037649248
0.0037128061
0.0036535657
0.0035880624
0.0035172547
0.0034420757
0.0033633708
0.0032818607
0.003198131
0.0031126422
0.003025731
0.0029376183
0.0028484286
0.0027582028
0.0026669077
0.002574444
0.0024807083
0.00238565
0.0022892436
0.0021914452
0.0020921768
0.0019913936
0.0018890876
0.0017852641
0.001679951
0.0015732305
0.0014652292
0.0013560895
0.0012460736
0.0011354703
0.0010247465
0.00091422414
0.00080504847
0.00069638632
0.00059150739
0.00047733841
0.0003365823
8.4822734e-05
0.010707783
0.010605722
0.010498463
0.010385007
0.01026457
0.010136982
0.010002309
0.009860613
0.0097119901
0.009556662
0.0093949899
0.0092274496
0.0090546087
0.0088771148
0.0086956838
0.0085110825
0.0083241085
0.0081355711
0.0079462721
0.0077569903
0.0075684662
0.007381391
0.0071963975
0.0070140548
0.0068348653
0.0066592652
0.0064876267
0.0063202625
0.0061574316
0.0059993468
0.005846182
0.0056980811
0.0055551659
0.0054175443
0.0052853186
0.0051585922
0.0050374766
0.0049220968
0.0048125953
0.0047091353
0.0046119004
0.0045210927
0.0044369269
0.00435962
0.004289376
0.0042263657
0.0041706995
0.0041223969
0.0040813506
0.0040472914
0.004019754
0.0039980496
0.0039812481
0.0039681742
0.0039574233
0.0039474027
0.0039364027
0.0039226992
0.0039046825
0.0038809932
0.0038505318
0.0038126849
0.0037673892
0.0037149034
0.0036557175
0.0035905423
0.0035202094
0.0034455561
0.0033673575
0.0032862902
0.0032029157
0.0031176823
0.0030309264
0.0029428764
0.0028536682
0.0027633568
0.0026719268
0.0025793035
0.0024854007
0.0023901685
0.0022935798
0.0021955938
0.0020961432
0.0019951833
0.0018927034
0.0017887091
0.0016832271
0.0015763312
0.0014681388
0.0013587882
0.0012485158
0.0011375921
0.0010264301
0.00091532585
0.00080517401
0.00069523718
0.0005872223
0.00046966988
0.00032322796
9.3467858e-05
0.01044763
0.010356166
0.010260295
0.010159079
0.010051794
0.0099382365
0.0098183925
0.0096922405
0.0095597882
0.0094211488
0.0092765554
0.0091263403
0.0089709182
0.0088107773
0.0086464715
0.0084786079
0.008307832
0.0081348127
0.0079602279
0.0077847511
0.0076090395
0.0074337235
0.0072593979
0.0070866159
0.0069158843
0.006747662
0.0065823594
0.0064203399
0.0062619225
0.0061073865
0.0059569758
0.005810905
0.0056693651
0.0055325297
0.0054005612
0.0052736164
0.0051518522
0.0050354296
0.0049245181
0.004819297
0.0047199565
0.0046266953
0.0045397158
0.0044592154
0.0043853739
0.0043183362
0.00425819
0.0042049401
0.0041584785
0.0041185548
0.0040847469
0.0040564377
0.004032799
0.0040127883
0.0039951626
0.0039785118
0.0039613193
0.0039420452
0.0039192308
0.0038916095
0.0038581634
0.0038182459
0.0037716548
0.0037185149
0.0036591809
0.0035942085
0.0035242854
0.0034501351
0.0033724479
0.0032918428
0.0032088469
0.0031238903
0.0030373038
0.0029493211
0.0028600889
0.0027696772
0.0026780901
0.0025852778
0.0024911733
0.0023957305
0.0022989213
0.0022007083
0.0021010346
0.0019998574
0.0018971631
0.0017929566
0.0016872627
0.0015801462
0.0014717129
0.0013620937
0.0012514964
0.0011401659
0.0010284522
0.00091660966
0.00080525961
0.00069370697
0.00058215521
0.00046076664
0.00030947178
0.0001005283
0.010167699
0.010086433
0.010001478
0.0099121395
0.0098177098
0.0097179025
0.0096126367
0.009501838
0.0093854488
0.0092634935
0.0091360963
0.0090034667
0.0088658849
0.0087236952
0.0085773012
0.0084271567
0.0082737555
0.0081176203
0.0079592925
0.0077993226
0.0076382607
0.0074766484
0.0073150119
0.0071538559
0.0069936593
0.006834872
0.0066779132
0.0065231704
0.0063710002
0.0062217293
0.006075657
0.0059330576
0.0057941844
0.0056592729
0.0055285447
0.0054022115
0.0052804786
0.0051635482
0.005051622
0.0049449023
0.0048435923
0.0047478944
0.004658006
0.0045741121
0.0044963756
0.0044249228
0.0043598261
0.0043010826
0.0042485911
0.0042021269
0.004161319
0.0041256299
0.0040943429
0.0040665587
0.004041206
0.0040170694
0.0039928361
0.0039671629
0.0039387582
0.0039064709
0.0038693585
0.0038267644
0.0037783753
0.003724178
0.0036643846
0.003599392
0.0035297317
0.0034559961
0.003378775
0.0032986151
0.0032159964
0.0031313212
0.0030449081
0.0029569916
0.0028677269
0.002777199
0.0026854314
0.0025923994
0.0024980561
0.0024023624
0.0023052905
0.002206807
0.0021068647
0.0020054237
0.0019024682
0.001798001
0.0016920441
0.0015846523
0.0014759176
0.0013659586
0.0012549515
0.0011431068
0.0010307018
0.00091792894
0.00080512101
0.00069156809
0.00057611811
0.00045077777
0.00029541074
0.00010531931
0.0098582546
0.0097876029
0.0097139563
0.0096366614
0.0095551154
0.0094690496
0.0093783404
0.0092828632
0.0091825098
0.009077242
0.0089671035
0.0088522075
0.0087327259
0.0086088844
0.0084809586
0.008349268
0.0082141687
0.0080760456
0.0079353057
0.0077923713
0.0076476737
0.0075016482
0.0073547287
0.0072073436
0.0070599128
0.0069128443
0.0067665321
0.0066213553
0.0064776762
0.0063358407
0.0061961779
0.0060590005
0.0059246064
0.0057932792
0.00566529
0.0055408991
0.0054203575
0.0053039081
0.0051917873
0.0050842246
0.0049814426
0.0048836548
0.0047910623
0.0047038475
0.0046221665
0.004546138
0.0044758294
0.0044112414
0.0043522889
0.004298783
0.0042504121
0.0042067267
0.0041671289
0.0041308694
0.0040970559
0.0040646729
0.0040326185
0.003999754
0.0039649668
0.0039272393
0.003885711
0.0038397354
0.0037889226
0.003733134
0.0036724393
0.0036070779
0.0035374208
0.0034639168
0.0033870398
0.0033072484
0.0032249613
0.0031405407
0.0030542837
0.0029664182
0.002877104
0.0027864381
0.0026944629
0.0026011765
0.0025065526
0.0024105616
0.0023131784
0.0022143737
0.0021141088
0.0020123481
0.0019090737
0.0018042854
0.0016980005
0.001590263
0.0014811482
0.0013707569
0.0012592298
0.0011467333
0.0010334614
0.00091952244
0.00080495832
0.00068899292
0.00056939569
0.00044016167
0.00028157013
0.00010777797
0.0095364976
0.0094755038
0.0094121507
0.0093459602
0.0092763608
0.0092030469
0.009125862
0.0090446601
0.0089593059
0.0088697173
0.0087758795
0.0086778357
0.0085756773
0.0084695392
0.0083595966
0.0082460606
0.0081291723
0.0080091977
0.0078864227
0.0077611491
0.0076336906
0.0075043702
0.0073735171
0.0072414648
0.0071085494
0.0069751079
0.006841477
0.0067079921
0.0065749858
0.0064427872
0.0063117208
0.0061821058
0.0060542552
0.0059284752
0.0058050648
0.0056843154
0.0055665101
0.0054519235
0.0053408209
0.0052334577
0.0051300771
0.0050309084
0.0049361633
0.0048460309
0.0047606715
0.0046802082
0.0046047163
0.0045342122
0.0044686393
0.0044078546
0.0043516149
0.0042995655
0.0042512322
0.0042060186
0.0041632119
0.004121997
0.0040814822
0.0040407355
0.0039988298
0.0039548943
0.0039081639
0.0038580242
0.0038040446
0.0037459888
0.0036837975
0.0036175632
0.0035475008
0.0034739112
0.0033971408
0.0033175466
0.0032354704
0.0031512208
0.0030650614
0.0029772038
0.0028878049
0.0027969689
0.002704753
0.0026111752
0.0025162278
0.0024198927
0.0023221494
0.002222973
0.0021223318
0.0020201949
0.0019165426
0.0018113704
0.0017046892
0.0015965301
0.0014869489
0.0013760222
0.0012638505
0.0011505457
0.001036209
0.00092084368
0.00080421694
0.00068546196
0.00056164094
0.00042871106
0.00026796791
0.00010747452
0.0091939025
0.0091422571
0.0090888214
0.009033178
0.0089748441
0.0089135324
0.0088490639
0.0087812699
0.0087099965
0.0086351366
0.0085566392
0.0084745013
0.0083887597
0.008299487
0.0082067878
0.0081107946
0.0080116628
0.0079095661
0.0078046934
0.0076972453
0.0075874327
0.0074754748
0.0073615986
0.0072460386
0.007129037
0.0070108432
0.0068917146
0.0067719161
0.0066517199
0.0065314052
0.0064112571
0.0062915657
0.0061726246
0.0060547298
0.0059381774
0.0058232623
0.0057102763
0.0055995061
0.0054912311
0.0053857212
0.0052832343
0.0051840133
0.0050882824
0.0049962427
0.0049080666
0.004823892
0.0047438139
0.0046678763
0.0045960627
0.0045282859
0.0044643789
0.0044040867
0.0043470599
0.0042928534
0.004240929
0.0041906651
0.0041413737
0.0040923247
0.0040427769
0.0039920145
0.0039393829
0.003884324
0.0038264027
0.0037653222
0.0037009235
0.0036331736
0.0035621475
0.0034880051
0.003410963
0.0033312675
0.0032491716
0.0031649171
0.0030787211
0.0029907666
0.0029011978
0.0028101184
0.0027175936
0.0026236561
0.0025283135
0.0024315587
0.0023333773
0.0022337489
0.0021326477
0.0020300462
0.0019259236
0.0018202698
0.0017130867
0.0016043908
0.0014942149
0.0013826054
0.0012696171
0.0011552981
0.0010396506
0.00092255965
0.00080355774
0.0006817046
0.00055375841
0.00041748243
0.0002557314
0.00010539653
0.008844392
0.0088011886
0.0087566718
0.0087105101
0.0086622748
0.0086116813
0.0085585372
0.0085026662
0.0084439092
0.0083821486
0.0083173148
0.0082493799
0.0081783503
0.008104262
0.0080271768
0.0079471774
0.007864363
0.0077788445
0.0076907418
0.0076001811
0.0075072936
0.0074122149
0.0073150854
0.0072160511
0.0071152648
0.0070128879
0.0069090914
0.0068040577
0.006697981
0.0065910682
0.0064835389
0.0063756247
0.0062675687
0.0061596235
0.0060520499
0.0059451147
0.0058390882
0.0057342414
0.0056308434
0.0055291586
0.0054294427
0.0053319402
0.0052368799
0.0051444709
0.005054898
0.0049683167
0.0048848466
0.0048045659
0.0047275044
0.0046536363
0.0045828737
0.0045150609
0.00444997
0.004387299
0.0043266734
0.0042676516
0.004209735
0.0041523838
0.0040950367
0.0040371346
0.0039781457
0.0039175911
0.0038550655
0.003790253
0.0037229344
0.0036529852
0.0035803689
0.0035051237
0.0034273463
0.003347173
0.0032647624
0.0031802793
0.0030938822
0.0030057133
0.0029158915
0.0028245086
0.002731629
0.0026372909
0.0025415113
0.0024442913
0.0023456219
0.0022454865
0.0021438628
0.0020407257
0.0019360523
0.0018298256
0.0017220366
0.0016126842
0.0015017757
0.0013893218
0.0012753271
0.0011597707
0.0010425557
0.00092345205
0.00080182299
0.00067671443
0.00054495044
0.00040583455
0.00024410327
0.00010122263
0.0084882038
0.0084523726
0.0084156526
0.0083777767
0.0083383688
0.0082971547
0.0082539333
0.0082085212
0.0081607556
0.0081105128
0.0080577123
0.0080023115
0.0079442991
0.0078836899
0.0078205203
0.0077548434
0.0076867238
0.0076162335
0.0075434479
0.0074684436
0.0073912972
0.0073120845
0.0072308813
0.0071477645
0.0070628144
0.0069761166
0.0068877644
0.0067978612
0.0067065223
0.0066138765
0.0065200671
0.0064252524
0.0063296058
0.0062333148
0.0061365801
0.0060396137
0.0059426368
0.0058458775
0.0057495678
0.0056539407
0.0055592271
0.005465652
0.0053734316
0.0052827692
0.0051938511
0.0051068421
0.0050218812
0.004939077
0.0048585021
0.0047801885
0.0047041223
0.0046302395
0.0045584222
0.0044884972
0.0044202357
0.0043533558
0.0042875285
0.0042223864
0.0041575353
0.0040925692
0.0040270861
0.0039607051
0.0038930822
0.0038239236
0.0037529944
0.0036801235
0.0036052028
0.003528183
0.0034490653
0.0033678911
0.00328473
0.0031996692
0.0031128019
0.0030242195
0.0029340036
0.0028422219
0.0027489248
0.002654145
0.0025578989
0.0024601891
0.0023610076
0.0022603382
0.0021581585
0.0020544423
0.0019491621
0.0018422919
0.0017338086
0.0016236908
0.0015119168
0.0013984585
0.0012832678
0.0011662546
0.0010472344
0.00092588623
0.00080148826
0.00067316075
0.0005380569
0.00039672223
0.00023571074
9.796963e-05
0.0081252587
0.008095635
0.0080654658
0.0080345475
0.0080025595
0.0079692472
0.0079344081
0.0078978558
0.0078594266
0.007818992
0.0077764623
0.0077317827
0.0076849279
0.0076358977
0.0075847121
0.007531406
0.0074760233
0.0074186128
0.0073592237
0.0072979032
0.0072346943
0.0071696353
0.0071027603
0.0070341001
0.0069636842
0.0068915436
0.0068177126
0.0067422325
0.0066651533
0.0065865364
0.0065064561
0.0064250012
0.0063422754
0.0062583976
0.0061735015
0.0060877341
0.0060012549
0.0059142326
0.005826844
0.0057392708
0.0056516977
0.0055643094
0.0054772882
0.0053908102
0.005305043
0.0052201419
0.0051362474
0.0050534808
0.0049719407
0.004891698
0.0048127928
0.0047352303
0.0046589777
0.0045839624
0.0045100709
0.0044371495
0.0043650075
0.0042934213
0.0042221415
0.0041509012
0.0040794253
0.0040074414
0.00393469
0.0038609343
0.0037859681
0.0037096218
0.003631765
0.0035523065
0.0034711919
0.0033883989
0.0033039307
0.0032178097
0.0031300702
0.0030407518
0.0029498936
0.0028575298
0.0027636861
0.0026683779
0.0025716099
0.0024733766
0.0023736637
0.0022724497
0.0021697071
0.0020654034
0.0019595031
0.0018519682
0.0017427588
0.0016318305
0.0015191306
0.0014045911
0.001288115
0.0011695496
0.001048645
0.00092503039
0.00079798686
0.00066679128
0.0005290576
0.00038622795
0.00022650979
9.2910929e-05
0.0077766004
0.007751945
0.0077269813
0.0077015652
0.0076754042
0.0076482584
0.0076199357
0.0075902627
0.0075590878
0.0075262919
0.0074917908
0.0074555314
0.0074174876
0.0073776558
0.0073360504
0.0072926986
0.0072476354
0.0072008988
0.0071525253
0.0071025469
0.0070509887
0.0069978679
0.0069431935
0.0068869672
0.0068291854
0.0067698411
0.0067089267
0.0066464366
0.0065823699
0.0065167327
0.0064495405
0.0063808195
0.0063106085
0.0062389603
0.0061659433
0.0060916434
0.0060161595
0.005939598
0.0058620713
0.0057837017
0.0057046251
0.0056249912
0.0055449561
0.0054646724
0.0053842841
0.0053039262
0.0052237258
0.0051437992
0.0050642473
0.0049851513
0.0049065689
0.0048285328
0.0047510491
0.0046740958
0.0045976228
0.0045215521
0.0044457804
0.0043701818
0.0042946114
0.0042189107
0.0041429122
0.004066446
0.0039893454
0.0039114529
0.0038326252
0.0037527378
0.0036716865
0.0035893891
0.0035057839
0.0034208277
0.0033344934
0.0032467665
0.0031576419
0.0030671201
0.0029752032
0.002881892
0.0027871826
0.0026910656
0.0025935245
0.0024945363
0.002394072
0.0022920974
0.0021885736
0.0020834576
0.0019767021
0.0018682556
0.0017580608
0.0016460498
0.001532141
0.0014162327
0.0012981882
0.0011778185
0.0010548427
0.00092888658
0.00079929784
0.00066555545
0.0005257167
0.0003818739
0.00022317705
9.1696768e-05
0.0074132662
0.007392927
0.007372474
0.0073517764
0.0073305693
0.0073086189
0.0072857203
0.0072616837
0.0072363449
0.0072095754
0.0071812855
0.007151421
0.0071199597
0.0070869058
0.0070522845
0.0070161352
0.0069785061
0.0069394487
0.0068990125
0.0068572418
0.0068141725
0.0067698307
0.0067242321
0.0066773821
0.0066292767
0.0065799043
0.0065292486
0.0064772914
0.0064240143
0.0063694005
0.0063134369
0.0062561137
0.0061974247
0.0061373689
0.0060759496
0.0060131586
0.0059489637
0.0058833154
0.0058161661
0.0057474959
0.0056773642
0.0056059314
0.0055333967
0.0054599833
0.0053858968
0.0053113088
0.0052363799
0.0051612473
0.0050860181
0.0050107673
0.0049355389
0.0048603455
0.0047851708
0.0047099732
0.0046346908
0.0045592469
0.0044835537
0.0044075159
0.0043310338
0.0042540062
0.0041763337
0.0040979218
0.0040186843
0.0039385459
0.0038574448
0.003775332
0.0036921689
0.0036079237
0.0035225675
0.0034360729
0.0033484138
0.0032595669
0.0031695107
0.0030782243
0.0029856848
0.0028918664
0.0027967386
0.0027002656
0.0026024053
0.0025031111
0.0024023323
0.0023000154
0.0021961045
0.0020905409
0.0019832627
0.0018742031
0.0017632879
0.0016504325
0.0015355371
0.0014184804
0.0012991063
0.0011772177
0.0010525387
0.00092472924
0.00079323573
0.00065772224
0.00051661477
0.00037238961
0.00021531396
8.6952701e-05
0.0071084219
0.0070886851
0.0070691587
0.0070498437
0.0070304803
0.007010869
0.0069908273
0.0069701589
0.0069486984
0.0069263045
0.0069028396
0.0068781818
0.0068522394
0.0068249475
0.00679626
0.0067661522
0.006734624
0.0067016923
0.0066673823
0.0066317206
0.0065947502
0.0065565406
0.0065171708
0.0064767267
0.0064352936
0.0063929392
0.0063497158
0.0063056735
0.0062608527
0.0062152819
0.0061689301
0.0061217129
0.0060736844
0.0060252462
0.0059768971
0.0059285725
0.0058792242
0.0058271052
0.0057703472
0.0057081589
0.0056422269
0.0055748392
0.0055074486
0.0054406198
0.0053734698
0.0053054099
0.0052366886
0.0051675139
0.0050979849
0.0050281212
0.0049579106
0.004887315
0.0048162634
0.0047446564
0.0046723794
0.0045993177
0.0045253645
0.0044504239
0.0043744109
0.0042972558
0.0042189069
0.0041393343
0.0040585344
0.0039765315
0.0038933776
0.0038091459
0.0037239166
0.0036377564
0.0035507015
0.0034627539
0.003373892
0.0032840832
0.0031932878
0.0031014585
0.0030085385
0.002914465
0.0028191714
0.0027225863
0.0026246344
0.002525238
0.0024243187
0.0023217978
0.0022175973
0.0021116393
0.0020038449
0.0018941327
0.0017824165
0.0016686043
0.0015525912
0.0014342521
0.0013134336
0.0011899461
0.0010635416
0.00093394023
0.00080069139
0.00066361394
0.00052131706
0.00037641229
0.00021886801
8.9322978e-05
0.0068754012
0.0068578598
0.0068372074
0.0068127143
0.0067847245
0.0067537613
0.0067205616
0.0066858805
0.0066503346
0.0066143468
0.0065781476
0.0065418515
0.0065054581
0.0064688163
0.0064316733
0.0063937746
0.006354912
0.0063146139
0.0062716556
0.006225486
0.0061775903
0.0061294656
0.006081961
0.0060359109
0.0059913565
0.0059474174
0.0059037133
0.0058606354
0.0058183011
0.0057769095
0.0057365606
0.0056971392
0.0056585888
0.0056207669
0.0055834586
0.0055464241
0.0055093983
0.0054719809
0.0054338021
0.0053947379
0.0053546983
0.0053134667
0.0052708529
0.0052266872
0.0051808061
0.0051331665
0.0050838331
0.0050328852
0.0049803641
0.0049262631
0.0048705384
0.0048131154
0.0047538926
0.0046927472
0.00462955
0.0045641882
0.0044965886
0.0044266336
0.004354104
0.0042788881
0.004201079
0.004120906
0.0040387264
0.003954902
0.0038697481
0.0037835669
0.0036965806
0.0036089131
0.0035206093
0.0034316968
0.0033422171
0.0032521823
0.0031615502
0.0030702348
0.0029781256
0.0028850969
0.002791015
0.0026957448
0.0025991583
0.0025011376
0.002401573
0.0023003602
0.0021973975
0.0020925846
0.0019858222
0.0018770117
0.0017660543
0.0016528484
0.0015372855
0.0014192449
0.0012985865
0.0011751468
0.001048721
0.00091909468
0.00078591797
0.00064913825
0.00050761283
0.00036414239
0.00020976067
8.4399309e-05
0.0068218455
0.0068098673
0.0067956909
0.0067783829
0.0067574547
0.0067326284
0.0067038092
0.0066710249
0.006634425
0.0065943132
0.0065510047
0.0065047374
0.0064557873
0.006404343
0.0063505995
0.006294725
0.0062368004
0.0061771387
0.006116204
0.0060542208
0.0059908757
0.0059268432
0.0058639043
0.0058031866
0.0057451862
0.0056902071
0.0056380384
0.0055884992
0.0055421313
0.0054993341
0.0054600685
0.0054238826
0.0053899761
0.0053576495
0.0053263403
0.0052954763
0.0052645289
0.0052330765
0.0052008521
0.0051677195
0.0051335674
0.0050984686
0.0050628061
0.0050266582
0.0049897953
0.0049522252
0.0049140452
0.0048754343
0.0048364491
0.0047968321
0.0047563499
0.0047149202
0.0046723288
0.0046280147
0.0045814947
0.0045332979
0.0044834933
0.0044286463
0.0043653131
0.0042939678
0.0042158717
0.0041329413
0.0040475489
0.0039601064
0.003871677
0.0037842453
0.0036984307
0.0036134815
0.003528102
0.0034415917
0.0033540081
0.003265603
0.003176485
0.0030866121
0.0029958727
0.0029041185
0.0028111793
0.0027168856
0.0026210878
0.0025236617
0.0024245033
0.0023235189
0.0022206177
0.0021157082
0.0020086977
0.0018994936
0.0017880044
0.0016741391
0.0015578048
0.0014389021
0.0013173177
0.0011929204
0.0010655415
0.00093500123
0.00080096903
0.00066337267
0.00052091152
0.00037609203
0.00021883095
8.9019921e-05
0.0063129097
0.0062801238
0.0062479983
0.0062160571
0.006183718
0.0061506937
0.0061168455
0.0060820996
0.0060464511
0.0060099283
0.0059725516
0.0059343654
0.005895437
0.0058558248
0.0058155908
0.0057748185
0.0057335817
0.0056919519
0.0056500391
0.0056080213
0.0055661408
0.0055245065
0.0054831375
0.0054421177
0.0054015249
0.0053614515
0.0053220067
0.0052832768
0.0052453108
0.0052081431
0.0051717796
0.0051361886
0.0051013078
0.0050670512
0.0050333116
0.0049999645
0.0049668748
0.0049339051
0.0049009236
0.0048678062
0.0048344395
0.0048007285
0.004766582
0.0047318861
0.0046965161
0.0046603528
0.0046232845
0.004585193
0.0045459269
0.0045053017
0.0044631145
0.0044191389
0.0043730996
0.0043246736
0.0042735278
0.0042193528
0.00416182
0.0041006562
0.0040358677
0.0039676146
0.0038961087
0.0038217953
0.0037453385
0.003667685
0.0035899771
0.00351321
0.0034379654
0.0033641132
0.0032911786
0.0032187709
0.0031460666
0.0030719888
0.0029960737
0.0029184082
0.0028391046
0.0027580997
0.0026752443
0.0025903988
0.0025034565
0.0024143318
0.0023229496
0.0022292406
0.0021331386
0.0020345782
0.0019334936
0.0018298207
0.0017234991
0.0016144738
0.0015026955
0.0013881189
0.0012707014
0.0011504024
0.0010271829
0.00090101144
0.00077186425
0.00063976616
0.00050468978
0.00036720754
0.00022547389
9.6695157e-05
)
;

boundaryField
{
    inlet
    {
        type            zeroGradient;
    }
    top
    {
        type            zeroGradient;
    }
    outlet
    {
        type            fixedValue;
        value           uniform 0;
    }
    slipsurface
    {
        type            slip;
    }
    bottom
    {
        type            zeroGradient;
    }
    frontandback
    {
        type            empty;
    }
}


// ************************************************************************* //
