/*--------------------------------*- C++ -*----------------------------------*\
| =========                 |                                                 |
| \\      /  F ield         | OpenFOAM: The Open Source CFD Toolbox           |
|  \\    /   O peration     | Version:  2206                                  |
|   \\  /    A nd           | Website:  www.openfoam.com                      |
|    \\/     M anipulation  |                                                 |
\*---------------------------------------------------------------------------*/
FoamFile
{
    version     2.0;
    format      ascii;
    arch        "LSB;label=32;scalar=64";
    class       volScalarField;
    location    "1900";
    object      p;
}
// * * * * * * * * * * * * * * * * * * * * * * * * * * * * * * * * * * * * * //

dimensions      [0 2 -2 0 0 0 0];

internalField   nonuniform List<scalar> 
7480
(
0.063010545
0.052122177
0.036724147
0.027334891
0.02201349
0.018806392
0.016775681
0.015220181
0.013856644
0.012720344
0.011818467
0.011109108
0.0105709
0.01017711
0.0098962024
0.0097057871
0.0095853115
0.0095197888
0.0094927915
0.0094863461
0.0095031438
0.0095235024
0.0095379579
0.009548194
0.0095523295
0.0095491333
0.0095393444
0.0095231444
0.0094991023
0.0094677454
0.0094303358
0.0093873839
0.0093393222
0.0092869555
0.0092303382
0.0091695153
0.0091047982
0.0090361752
0.008963872
0.0088883494
0.0088097125
0.0087278619
0.008643334
0.0085562097
0.0084664832
0.0083745392
0.0082801896
0.0081835591
0.0080848394
0.0079838019
0.0078807723
0.0077757164
0.0076686594
0.0075597528
0.0074487844
0.0073359686
0.0072212124
0.0071045301
0.0069859032
0.0068652937
0.0067428058
0.0066183091
0.0064919059
0.0063634887
0.0062330899
0.0061006598
0.0059661696
0.0058295871
0.0056908862
0.0055500617
0.0054070679
0.0052619025
0.00511452
0.0049649321
0.0048130883
0.004659001
0.0045026286
0.0043440052
0.0041831021
0.004019974
0.0038546168
0.0036871096
0.0035175101
0.0033458989
0.0031724512
0.0029972897
0.0028207498
0.0026430266
0.0024648227
0.0022862658
0.0021092717
0.0019326584
0.001763596
0.0015923462
0.0014501039
0.0012835991
0.0012269845
0.0010220938
0.0018364514
-0.0018381171
0.059322603
0.051121099
0.038789463
0.029477449
0.023134359
0.019304495
0.017020381
0.015372359
0.013971903
0.012820009
0.011907242
0.011188217
0.010641795
0.010240196
0.0099517219
0.009754457
0.0096281035
0.009557477
0.0095268369
0.0095220673
0.0095329398
0.0095464797
0.0095585551
0.0095667752
0.0095691043
0.0095643587
0.0095532241
0.0095358204
0.0095107103
0.009478426
0.0094402046
0.009396523
0.0093478047
0.0092948455
0.0092376886
0.0091763779
0.0091112216
0.0090421999
0.0089695312
0.0088936747
0.0088147296
0.0087325946
0.0086478049
0.0085604366
0.0084704834
0.0083783282
0.0082837812
0.0081869672
0.0080880758
0.0079868771
0.0078836968
0.0077784987
0.007671308
0.0075622752
0.0074511875
0.0073382591
0.0072233965
0.0071066136
0.0069878915
0.0068671918
0.0067446182
0.0066200401
0.0064935595
0.0063650686
0.0062345999
0.0061021032
0.0059675497
0.0058309069
0.0056921487
0.0055512695
0.0054082235
0.0052630084
0.0051155785
0.0049659453
0.0048140583
0.0046599298
0.0045035182
0.0043448572
0.0041839183
0.0040207561
0.0038553663
0.003687828
0.0035181988
0.0033465593
0.0031730847
0.0029978975
0.0028213332
0.0026435869
0.0024653611
0.0022867837
0.0021097705
0.0019331393
0.0017640617
0.0015927972
0.0014505461
0.0012840334
0.001227423
0.0010226138
0.0018368635
-0.001837554
0.055558196
0.048817462
0.038029551
0.029248117
0.023396169
0.019814561
0.017517194
0.015774632
0.014290371
0.013088189
0.012138835
0.011389026
0.010818698
0.010396906
0.010090974
0.0098791675
0.0097399729
0.0096577553
0.0096170009
0.0096039873
0.0096038297
0.0096094317
0.009615193
0.0096176661
0.0096149626
0.0096059315
0.0095910788
0.0095702802
0.0095421263
0.0095071962
0.0094666724
0.0094209247
0.0093703509
0.009315717
0.0092570387
0.0091943375
0.0091279287
0.0090577854
0.0089840794
0.0089072783
0.0088274665
0.0087445352
0.0086590174
0.0085709758
0.0084804007
0.00838767
0.0082925861
0.008195276
0.0080959239
0.0079942953
0.0078907158
0.0077851442
0.0076776045
0.0075682446
0.0074568495
0.0073436333
0.0072284995
0.0071114616
0.0069924995
0.0068715739
0.0067487873
0.0066240076
0.0064973368
0.006368666
0.0062380271
0.0061053693
0.0059706631
0.0058338758
0.0056949805
0.0055539713
0.0054108019
0.0052654695
0.0051179282
0.0049681893
0.0048162016
0.0046619775
0.004505475
0.0043467276
0.0041857064
0.0040224659
0.0038570017
0.0036893926
0.003519696
0.0033479925
0.003174457
0.002999212
0.002822593
0.0026447949
0.0024665204
0.0022878969
0.0021108416
0.00193417
0.0017650598
0.0015937604
0.0014514942
0.0012849552
0.0012283723
0.0010235647
0.0018379426
-0.0018368222
0.052653098
0.047111232
0.037783063
0.029564286
0.02397177
0.020367248
0.017976658
0.016183137
0.014666081
0.013434232
0.012451466
0.011666629
0.011067415
0.010620056
0.010290795
0.010058234
0.0098998367
0.0098004012
0.0097445254
0.0097181494
0.0097066408
0.009702559
0.0096996743
0.0096944891
0.0096848956
0.0096697675
0.0096495325
0.0096238159
0.0095912233
0.0095524034
0.0095084328
0.0094595504
0.009406146
0.0093489525
0.0092879365
0.0092230352
0.0091546326
0.0090827118
0.0090073345
0.0089290151
0.0088478088
0.0087635931
0.0086769
0.0085877711
0.0084961919
0.0084025305
0.008306576
0.0082084616
0.0081083623
0.0080060365
0.0079018104
0.0077956344
0.0076875311
0.0075776437
0.007465753
0.0073520736
0.0072365039
0.0071190558
0.006999708
0.0068784203
0.0067552932
0.0066301919
0.0065032179
0.0063742609
0.0062433518
0.0061104382
0.0059754902
0.0058384741
0.0056993623
0.0055581479
0.0054147839
0.0052692671
0.0051215509
0.0049716459
0.0048195006
0.0046651268
0.0045084821
0.0043495997
0.0041884502
0.0040250877
0.0038595076
0.0036917883
0.0035219871
0.0033501841
0.0031765542
0.0030012196
0.0028245157
0.0026466372
0.0024682872
0.0022895922
0.0021124714
0.0019357372
0.0017665749
0.0015952216
0.0014529277
0.0012863471
0.0012297969
0.0010249336
0.0018396067
-0.0018358412
0.049905434
0.045282302
0.037329059
0.029923157
0.024609916
0.020949892
0.018436518
0.016547975
0.014959874
0.013711326
0.012725437
0.011933201
0.011318042
0.010848396
0.010499258
0.010248794
0.010073972
0.0099596579
0.0098883797
0.0098470721
0.0098227798
0.0098071692
0.0097949358
0.0097821178
0.0097657332
0.0097444364
0.0097186697
0.0096878951
0.0096506524
0.009607659
0.0095598663
0.0095074203
0.0094507272
0.0093905267
0.0093267491
0.009259223
0.0091884215
0.0091143344
0.0090369116
0.008956718
0.0088737794
0.0087879599
0.0086997935
0.0086092953
0.0085164472
0.0084216076
0.0083245453
0.008225401
0.0081243417
0.0080211184
0.0079160596
0.0078091034
0.0077002718
0.0075897031
0.0074771726
0.0073628958
0.0072467624
0.0071287835
0.0070089364
0.0068871804
0.0067636135
0.0066380967
0.0065107314
0.0063814051
0.0062501476
0.0061169043
0.0059816444
0.0058443336
0.0057049431
0.0055634648
0.0054198505
0.0052740965
0.0051261556
0.0049760377
0.0048236901
0.0046691244
0.0045122975
0.0043532421
0.0041919283
0.0040284099
0.0038626815
0.0036948214
0.0035248864
0.0033529564
0.0031792059
0.0030037568
0.0028269446
0.0026489633
0.0024705166
0.0022917302
0.002114525
0.0019377106
0.0017684795
0.0015970573
0.0014547204
0.0012880864
0.0012315594
0.001026629
0.0018416751
-0.0018346211
0.047317897
0.043332968
0.036634536
0.030056897
0.025035139
0.021436681
0.018883432
0.016940305
0.015316241
0.014027924
0.013002412
0.012170037
0.011528755
0.011040694
0.010682691
0.010420778
0.010228805
0.010103628
0.010023123
0.0099732789
0.0099414865
0.0099172473
0.0098960606
0.0098745894
0.0098502276
0.0098221353
0.0097909376
0.0097555554
0.0097140951
0.0096673037
0.0096159735
0.009560125
0.0095001898
0.009436957
0.0093703363
0.0093001102
0.0092268146
0.0091504139
0.0090708047
0.0089885873
0.0089037568
0.0088161636
0.0087263559
0.0086343174
0.0085400271
0.0084438458
0.0083455204
0.0082451979
0.0081430375
0.0080387786
0.0079327544
0.0078248898
0.0077152082
0.0076038433
0.0074905653
0.0073755893
0.0072587941
0.0071401916
0.0070197583
0.0068974521
0.0067733674
0.0066473609
0.006519534
0.0063897722
0.0062581042
0.0061244721
0.0059888441
0.0058511858
0.0057114667
0.0055696771
0.0054257678
0.0052797343
0.0051315289
0.0049811602
0.0048285745
0.0046737829
0.0045167416
0.0043574828
0.0041959759
0.004032274
0.0038663714
0.003698346
0.0035282538
0.0033561746
0.0031822825
0.003006699
0.0028297594
0.0026516575
0.002473097
0.002294203
0.0021168977
0.0019399887
0.0017706739
0.0015991706
0.0014567747
0.0012900768
0.0012335556
0.0010285581
0.0018440144
-0.001833203
0.045038599
0.041453025
0.035767763
0.029973834
0.025307847
0.021832885
0.019276162
0.017302223
0.015668223
0.014354968
0.013300727
0.01244078
0.011768467
0.011249644
0.010862901
0.010573917
0.010359363
0.010221312
0.010132821
0.010074979
0.010036143
0.010008305
0.0099853125
0.0099620108
0.0099346956
0.0099019834
0.0098653002
0.0098244268
0.0097779229
0.0097271423
0.009672608
0.0096138463
0.0095511562
0.0094853259
0.0094161761
0.0093434812
0.0092678613
0.0091892367
0.0091074848
0.0090232663
0.0089365351
0.0088471284
0.0087556258
0.0086619772
0.0085661606
0.0084685506
0.0083688743
0.0082672895
0.0081639445
0.0080585623
0.0079514858
0.0078426264
0.0077320087
0.0076197635
0.0075056535
0.0073898964
0.0072723625
0.0071530649
0.0070319772
0.0069090541
0.0067843873
0.006657829
0.0065294814
0.006399228
0.0062670963
0.0061330243
0.0059969798
0.0058589279
0.0057188364
0.005576694
0.0054324505
0.0052861003
0.0051375947
0.0049869413
0.0048340853
0.0046790373
0.0045217527
0.004362263
0.0042005368
0.0040366267
0.0038705264
0.0037023131
0.0035320426
0.0033597939
0.003185741
0.0030100049
0.0028329206
0.0026546815
0.0024759914
0.0022969749
0.0021195549
0.0019425376
0.0017731248
0.0016015287
0.001459057
0.0012922844
0.0012357485
0.0010306792
0.0018465682
-0.0018315924
0.04307106
0.039801629
0.034876775
0.029751296
0.025451678
0.022131704
0.019607847
0.017627882
0.015991018
0.014660078
0.013585498
0.012708474
0.01201441
0.011470676
0.011060758
0.01074738
0.010507878
0.010348406
0.01023919
0.010162901
0.010110363
0.010075167
0.010049136
0.010023656
0.0099962194
0.0099651619
0.0099297835
0.009889367
0.0098413525
0.0097874484
0.0097291906
0.0096667903
0.0096010653
0.0095328653
0.0094616235
0.0093869184
0.0093094143
0.0092289288
0.009145314
0.0090593141
0.0089708412
0.0088797327
0.0087866155
0.0086914053
0.0085940897
0.0084950604
0.008394022
0.0082911541
0.0081865951
0.0080800514
0.0079718821
0.0078619828
0.00775038
0.0076372028
0.007522204
0.0074056087
0.0072872816
0.0071672365
0.0070454424
0.0069218507
0.0067965512
0.0066693919
0.0065404764
0.0064096846
0.0062770433
0.006142488
0.0060059858
0.0058675005
0.0057269981
0.0055844665
0.0054398539
0.0052931537
0.0051443157
0.0049933468
0.0048401911
0.0046848589
0.0045273042
0.0043675581
0.0042055883
0.004041447
0.0038751268
0.0037067048
0.0035362358
0.0033637987
0.0031895667
0.0030136606
0.0028364149
0.0026580228
0.0024791878
0.0023000343
0.0021224852
0.0019453467
0.0017758213
0.0016041208
0.0014615559
0.0012946974
0.0012381238
0.0010329739
0.0018493057
-0.0018297731
0.041334654
0.03837891
0.034071449
0.029496883
0.025523584
0.022359369
0.019888035
0.017918504
0.01628656
0.014947927
0.013859523
0.012967954
0.012254192
0.011690081
0.011257158
0.010922888
0.010665281
0.010485699
0.010357139
0.010263921
0.010196689
0.010147589
0.010109224
0.010073197
0.010039023
0.010006591
0.0099714591
0.0099315757
0.0098865515
0.0098358078
0.00977978
0.0097177171
0.009650421
0.0095796851
0.0095057719
0.0094287408
0.0093494878
0.009267513
0.0091824541
0.0090950886
0.0090052322
0.0089127141
0.008818221
0.008721632
0.0086229585
0.0085226186
0.0084202934
0.0083161975
0.0082104618
0.0081027774
0.0079935257
0.0078825855
0.0077699895
0.0076558657
0.0075399572
0.0074224996
0.0073033501
0.0071825253
0.007059991
0.0069356962
0.0068097292
0.0066819337
0.0065524153
0.006421049
0.0062878618
0.0061527887
0.0060157956
0.005876844
0.0057358987
0.0055929466
0.0054479346
0.0053008551
0.0051516565
0.0050003449
0.0048468634
0.0046912216
0.0045333727
0.0043733471
0.0042111114
0.0040467174
0.0038801569
0.0037115064
0.0035408203
0.0033681766
0.0031937484
0.0030176557
0.0028402328
0.0026616725
0.002482678
0.0023033734
0.0021256814
0.0019484086
0.0017787563
0.00160694
0.0014642637
0.0012973076
0.0012406713
0.0010354298
0.0018521993
-0.0018277221
0.039770778
0.037116301
0.033345102
0.029249405
0.02556858
0.022551961
0.020138786
0.018186559
0.016563032
0.015221661
0.014122989
0.013219047
0.01248861
0.011906243
0.011452203
0.011098649
0.010823559
0.010624243
0.01047806
0.010370119
0.010289173
0.010227007
0.010177781
0.010132503
0.010089943
0.010049781
0.010007236
0.0099613548
0.0099145788
0.0098647435
0.0098103317
0.009751312
0.0096876471
0.0096196955
0.0095470443
0.0094693999
0.0093884584
0.0093045527
0.0092177721
0.0091291427
0.0090382205
0.008944668
0.0088491773
0.008751541
0.0086517869
0.0085503649
0.0084469317
0.0083417515
0.008234953
0.0081262147
0.0080159495
0.0079040195
0.0077904684
0.0076754248
0.0075586226
0.0074403109
0.0073203385
0.0071987277
0.0070754421
0.0069504298
0.006823778
0.0066953262
0.0065651832
0.0064332194
0.0062994628
0.0061638469
0.0060263377
0.0058868946
0.0057454812
0.0056020834
0.0054566471
0.005309164
0.0051595809
0.0050079031
0.0048540731
0.0046980997
0.0045399352
0.0043796091
0.0042170875
0.0040524213
0.0038856017
0.0037167048
0.003545784
0.003372917
0.0031982763
0.0030219815
0.0028443664
0.0026656234
0.0024864553
0.0023069861
0.0021291376
0.0019517179
0.0017819244
0.0016099808
0.0014671743
0.0013001088
0.0012433831
0.0010380366
0.001855223
-0.0018254122
0.038347394
0.035966729
0.032662944
0.028998075
0.025592731
0.022721834
0.020372058
0.018442341
0.016829021
0.015486941
0.014379778
0.013464706
0.012719305
0.012119878
0.011646533
0.011274331
0.010981995
0.010764107
0.010601249
0.010477963
0.010383208
0.010308951
0.010249345
0.010195555
0.01014549
0.010098393
0.010049526
0.0099984518
0.0099467242
0.0098919123
0.0098328503
0.0097716964
0.0097088335
0.0096427793
0.0095728617
0.0094988132
0.0094208076
0.00933855
0.0092516759
0.0091618992
0.0090695627
0.0089747676
0.0088783842
0.0087799827
0.0086794842
0.008577315
0.0084730671
0.0083670535
0.0082593987
0.0081497719
0.0080386301
0.0079258197
0.0078114029
0.0076955121
0.0075778723
0.0074587511
0.0073379885
0.0072156147
0.0070915928
0.0069658713
0.0068385377
0.0067094273
0.006578654
0.0064460841
0.0063117469
0.0061755748
0.0060375339
0.0058975828
0.0057556839
0.0056118224
0.0054659432
0.0053180376
0.005168051
0.0050159881
0.0048617907
0.004705467
0.0045469683
0.0043863238
0.0042234984
0.0040585428
0.0038914473
0.0037222875
0.0035511161
0.0033780103
0.0032031422
0.0030266306
0.0028488092
0.0026698697
0.0024905145
0.0023108679
0.0021328496
0.0019552708
0.0017853217
0.0016132395
0.0014702835
0.0013030964
0.0012462527
0.0010407859
0.0018583515
-0.0018228118
0.037044102
0.034906657
0.032005813
0.028729313
0.025588304
0.022866087
0.020587788
0.018687533
0.017087451
0.015746841
0.014632864
0.013707565
0.01294819
0.012332482
0.011840819
0.01145042
0.011141106
0.010905404
0.010725917
0.010587406
0.010479284
0.010393158
0.010322766
0.010260131
0.010202464
0.010148663
0.010094474
0.010038877
0.0099826387
0.0099235812
0.0098610114
0.009796558
0.0097302421
0.0096606226
0.0095885261
0.0095150944
0.0094389372
0.0093592212
0.009275785
0.0091888587
0.0090981484
0.0090034297
0.0089062089
0.0088067539
0.0087053868
0.0086025967
0.0084977921
0.0083912478
0.0082830285
0.0081727677
0.0080609685
0.0079474578
0.0078323253
0.0077157119
0.0075973361
0.0074774904
0.0073560064
0.0072329256
0.0071082115
0.0069818153
0.0068538261
0.0067240756
0.0065926846
0.006459516
0.0063246014
0.0061878722
0.006049296
0.0059088306
0.0057664378
0.0056221024
0.0054757689
0.0053274282
0.0051770247
0.0050245628
0.0048699834
0.0047132947
0.004554447
0.004393469
0.004230325
0.0040650652
0.0038976789
0.0037282417
0.0035568055
0.0033834469
0.0032083376
0.0030315959
0.0028535549
0.0026744062
0.0024948512
0.0023150146
0.0021368138
0.001959064
0.0017889452
0.0016167134
0.0014735878
0.0013062667
0.001249275
0.0010436704
0.0018615594
-0.001819884
0.035845679
0.033922693
0.031367065
0.028438184
0.02554987
0.022979679
0.020781646
0.018919088
0.01733694
0.016001022
0.014882524
0.013948256
0.013175969
0.012544776
0.012035607
0.011627511
0.011301425
0.011048331
0.010852352
0.010698827
0.010577271
0.010479173
0.010398063
0.010326523
0.010261081
0.010200365
0.010140598
0.010080173
0.010019548
0.0099569412
0.0098914698
0.0098241707
0.0097549165
0.0096826465
0.0096081849
0.0095322289
0.0094532996
0.0093717426
0.0092889176
0.0092037622
0.0091154986
0.0090239874
0.0089293828
0.0088312718
0.0087299322
0.0086264729
0.0085208788
0.0084137642
0.0083051326
0.0081944754
0.008082286
0.0079683256
0.007852698
0.0077355497
0.0076165936
0.0074961553
0.0073740593
0.0072503637
0.0071250341
0.0069980266
0.0068694342
0.0067390853
0.0066071101
0.0064733687
0.0063378964
0.0062006244
0.0060615221
0.0059205477
0.005777663
0.005632853
0.0054860618
0.0053372808
0.0051864536
0.0050335845
0.0048786139
0.00472155
0.0045623424
0.0044010196
0.0042375451
0.004071969
0.0039042799
0.0037345531
0.0035628397
0.003389216
0.0032138534
0.0030368694
0.0028585969
0.002679227
0.0024994603
0.0023194223
0.0021410268
0.0019630945
0.001792792
0.0016203998
0.001477084
0.0013096165
0.0012524449
0.0010466831
0.0018648194
-0.0018165871
0.034739893
0.033005688
0.030745231
0.028125332
0.025476192
0.023059708
0.020949838
0.019133343
0.017574786
0.016247622
0.01512756
0.014186136
0.01340232
0.012756658
0.012230897
0.011805697
0.011463095
0.011193009
0.010980768
0.010812333
0.010677295
0.01056715
0.010475292
0.010394645
0.01032136
0.010253676
0.010188048
0.010122588
0.010057498
0.0099912028
0.0099226007
0.0098524423
0.0097806725
0.0097063617
0.0096299704
0.0095518808
0.009470931
0.0093876264
0.0093028587
0.0092154901
0.0091258877
0.0090350866
0.0089421946
0.0088465072
0.0087480915
0.0086468908
0.0085422405
0.0084350206
0.00832584
0.0082146234
0.0081020704
0.0079878288
0.0078719337
0.0077544849
0.0076351616
0.0075143185
0.0073917689
0.0072675926
0.0071417605
0.0070142373
0.0068851228
0.0067542431
0.0066217406
0.0064874732
0.0063514818
0.0062136979
0.006074094
0.0059326295
0.0057892669
0.005643992
0.0054967494
0.0053475313
0.005196281
0.0050430032
0.004887638
0.0047301941
0.0045706205
0.0044089458
0.0042451328
0.0040792318
0.0039112305
0.0037412044
0.003569204
0.003395305
0.0032196785
0.0030424418
0.0028639272
0.0026843254
0.0025043362
0.0023240859
0.0021454842
0.0019673587
0.0017968586
0.0016242956
0.0014807687
0.0013131422
0.0012557572
0.0010498169
0.0018681021
-0.0018128738
0.033716507
0.032148629
0.030140734
0.027794069
0.025368928
0.023105496
0.021089947
0.019327199
0.017798208
0.016484381
0.015366255
0.014420023
0.013626438
0.012967606
0.012426326
0.011984743
0.011626005
0.011339367
0.01111114
0.010927923
0.010779433
0.010657215
0.010554547
0.01046463
0.010383351
0.010308569
0.010236902
0.010166322
0.010096679
0.010026481
0.0099545751
0.0098814739
0.0098071139
0.0097306137
0.0096522316
0.0095722946
0.0094898633
0.0094051963
0.0093188496
0.0092299494
0.0091389989
0.009046577
0.0089518571
0.0088554713
0.0087579171
0.0086583848
0.008556171
0.0084515062
0.0083440647
0.0082334087
0.0081206328
0.0080059475
0.0078897189
0.0077720582
0.007652542
0.0075315032
0.0074087028
0.0072842277
0.0071580496
0.007030144
0.0069006209
0.0067693065
0.0066363593
0.0065016359
0.0063651849
0.0062269389
0.006086875
0.0059449544
0.0058011415
0.0056554238
0.005507747
0.0053581047
0.0052064406
0.0050527604
0.0048970042
0.0047391816
0.0045792413
0.0044172123
0.0042530572
0.0040868264
0.0039185072
0.0037481752
0.0035758804
0.0034016983
0.0032257998
0.0030483016
0.0028695359
0.002689693
0.0025094717
0.0023289994
0.0021501808
0.001971852
0.0018011411
0.0016283973
0.0014846377
0.0013168398
0.0012592062
0.0010530638
0.0018713749
-0.0018086904
0.032766749
0.031345704
0.029554471
0.027448681
0.02523142
0.023118131
0.021201006
0.019498504
0.018004843
0.016709109
0.015596752
0.014648482
0.013847239
0.01317683
0.012621301
0.012164231
0.011789888
0.01148721
0.011243337
0.011045523
0.010883661
0.01074937
0.010635858
0.010536551
0.010447133
0.010365133
0.010287285
0.01021144
0.010137114
0.010062873
0.0099875506
0.0099114175
0.0098343507
0.0097555271
0.0096750725
0.009593242
0.0095092181
0.0094231285
0.0093354424
0.0092454634
0.009153479
0.0090598367
0.0089639575
0.0088664949
0.0087674592
0.0086664101
0.0085641798
0.0084605467
0.0083547547
0.008246564
0.0081359363
0.0080223823
0.0079063521
0.0077884314
0.0076685988
0.0075473755
0.0074244504
0.0072998547
0.0071735166
0.0070454008
0.006915621
0.0067840015
0.0066507213
0.0065156371
0.0063788088
0.0062401713
0.0060997075
0.005957382
0.0058131619
0.0056670373
0.0055189558
0.0053689135
0.0052168549
0.0050627873
0.0049066517
0.0047484587
0.0045881573
0.0044257776
0.0042612817
0.0040947207
0.0039260817
0.0037554409
0.0035828475
0.0034083772
0.0032322009
0.0030544348
0.0028754109
0.0026953194
0.0025148578
0.002334155
0.00215511
0.0019765687
0.001805634
0.0016327001
0.0014886861
0.0013207043
0.0012627851
0.0010564149
0.0018746014
-0.0018039768
0.031883003
0.030591872
0.028987202
0.027093467
0.025067734
0.023099865
0.021283292
0.019646121
0.018192984
0.016919969
0.015817318
0.014870039
0.014063519
0.013383385
0.012815082
0.012343601
0.011954351
0.011636239
0.011377148
0.011164992
0.010989889
0.010843564
0.010719203
0.010610419
0.010512744
0.010423421
0.01033926
0.010258002
0.010178877
0.010100479
0.01002162
0.0099423477
0.0098624728
0.0097812247
0.0096986131
0.0096148142
0.0095291023
0.0094415197
0.0093524556
0.0092613033
0.0091682553
0.0090736323
0.008976959
0.0088786348
0.0087786107
0.008676653
0.0085735022
0.0084684755
0.008361673
0.0082539234
0.0081445705
0.0080328843
0.0079190353
0.0078026918
0.0076834625
0.0075621802
0.0074390142
0.0073142563
0.007187834
0.0070596515
0.0069297811
0.006798017
0.0066645488
0.0065292293
0.0063921318
0.0062531959
0.006112413
0.0059697521
0.0058251845
0.0056787043
0.0055302615
0.0053798558
0.0052274332
0.0050730037
0.004916509
0.0047579623
0.0045973128
0.0044345921
0.0042697626
0.0041028764
0.0039339203
0.0037629716
0.0035900793
0.0034153191
0.003238862
0.0030608242
0.0028815373
0.0027011915
0.0025204832
0.0023395431
0.0021602632
0.0019815014
0.0018103309
0.0016371982
0.0014929076
0.0013247299
0.0012664862
0.0010598597
0.0018777405
-0.0017986653
0.031058612
0.029882674
0.02843935
0.026732283
0.024882039
0.023053549
0.021337953
0.019769788
0.018361604
0.01711559
0.016026493
0.015083343
0.014274094
0.013586281
0.01300685
0.012522205
0.012118912
0.011786079
0.01151229
0.011286125
0.011097974
0.010939705
0.010804524
0.010686208
0.010580182
0.010483447
0.010392853
0.01030605
0.010222017
0.010139352
0.010056838
0.0099743254
0.0098915558
0.0098077943
0.0097229456
0.0096371056
0.0095496255
0.0094604734
0.0093699619
0.0092775631
0.009183403
0.0090877609
0.0089902032
0.0088910453
0.0087902963
0.0086877272
0.0085838002
0.0084779706
0.0083704524
0.0082617423
0.0081511935
0.0080392949
0.0079261659
0.0078111365
0.0076939674
0.0075744789
0.0074522449
0.0073276675
0.0072011005
0.0070727771
0.0069428481
0.0068110495
0.00667754
0.0065421337
0.0064049037
0.006265789
0.0061247905
0.005981884
0.0058370468
0.0056902786
0.0055415331
0.0053908145
0.005238071
0.0050833161
0.0049264934
0.0047676186
0.0046066423
0.0044435979
0.0042784485
0.0041112479
0.0039419829
0.0037707322
0.0035975447
0.0034224966
0.0032457592
0.0030674487
0.0028878966
0.0027072935
0.002526334
0.0023451514
0.0021656299
0.0019866407
0.0018152231
0.001641884
0.0014972944
0.0013289091
0.0012703003
0.0010633862
0.0018807458
-0.0017926799
0.030287731
0.029214141
0.027911
0.026368388
0.024678266
0.022982235
0.021366656
0.019869888
0.018510258
0.01729506
0.016223146
0.015287241
0.014477887
0.013784562
0.013195784
0.012699362
0.012283033
0.0119363
0.01164843
0.011408668
0.011207728
0.01103766
0.010891728
0.010763862
0.010649419
0.010545197
0.010448067
0.010355603
0.010266562
0.010179522
0.010093241
0.010007392
0.0099216441
0.009835283
0.0097481208
0.0096601758
0.0095708594
0.009480075
0.0093880596
0.0092943515
0.0091990147
0.0091022851
0.0090037828
0.0089037652
0.0088022455
0.0086989833
0.0085943778
0.008488015
0.0083799749
0.0082705849
0.0081593811
0.0080468669
0.0079326886
0.0078168698
0.0077000405
0.0075816174
0.0074610243
0.0073382414
0.0072128458
0.0070849338
0.0069549745
0.0068230579
0.0066895046
0.006554095
0.0064168593
0.0062777013
0.0061366145
0.0059935754
0.0058485671
0.0057015964
0.0055526229
0.0054016564
0.0052486487
0.0050936175
0.0049365088
0.0047773421
0.0046160695
0.0044527272
0.0042872793
0.0041197818
0.0039502221
0.0037786808
0.0036052068
0.0034298771
0.0032528639
0.0030742832
0.0028944669
0.0027136058
0.0025323933
0.0023509651
0.0021711968
0.0019919751
0.0018203001
0.0016467481
0.0015018371
0.001333233
0.0012742163
0.0010669799
0.0018835647
-0.0017859357
0.029565211
0.028582733
0.027401957
0.026004448
0.024459969
0.02288894
0.02137133
0.019947228
0.018638941
0.017457857
0.016406457
0.015480804
0.014673963
0.013977354
0.013381092
0.01287439
0.012446158
0.012086443
0.011785196
0.011532331
0.011318932
0.011137263
0.010980694
0.010843297
0.010720401
0.01060864
0.010504889
0.01040666
0.010312517
0.010221006
0.010130852
0.010041575
0.0099527662
0.0098637217
0.0097741718
0.0096840599
0.0095928425
0.0095003672
0.0094067994
0.0093117291
0.0092151661
0.0091173024
0.0090178056
0.008916871
0.0088145134
0.0087105118
0.0086052171
0.0084982596
0.0083896599
0.0082797498
0.0081681321
0.0080550859
0.0079403362
0.0078240125
0.0077064232
0.007587095
0.007466421
0.0073443648
0.0072202394
0.0070940524
0.0069654273
0.0068341008
0.0067006132
0.0065651261
0.0064278612
0.0062887197
0.0061476525
0.006004603
0.0058595415
0.0057124744
0.0055633657
0.0054122326
0.0052590316
0.0051037864
0.0049464461
0.0047870348
0.0046255067
0.0044619015
0.0042961851
0.004128416
0.0039585827
0.0037867682
0.003613022
0.0034374221
0.0032601418
0.0030812974
0.0029012215
0.0027201051
0.0025386403
0.002356966
0.0021769478
0.0019974903
0.0018255491
0.0016517789
0.001506524
0.0013376907
0.0012782215
0.0010706242
0.0018861365
-0.0017783374
0.028886501
0.027985291
0.026911815
0.025642591
0.024230283
0.022776528
0.021353997
0.020002874
0.018747958
0.017603762
0.016575866
0.015663305
0.014861535
0.014163878
0.013562045
0.013046635
0.012607729
0.012236036
0.011922198
0.011656801
0.011431337
0.011238326
0.011071275
0.010924409
0.010793054
0.010673724
0.010563288
0.010459207
0.010359878
0.010263805
0.01016968
0.010076889
0.0099849396
0.0098931319
0.0098011222
0.0097087823
0.0096156008
0.0095213772
0.0094262091
0.0093297267
0.0092318933
0.0091328576
0.0090323247
0.0089304335
0.0088271981
0.0087224156
0.0086163771
0.0085087628
0.0083995764
0.0082891264
0.0081770273
0.0080634978
0.0079483764
0.007831677
0.0077135851
0.0075937774
0.0074725792
0.007349685
0.0072252309
0.0070994439
0.0069717701
0.0068420452
0.0067099464
0.0065751733
0.0064380704
0.0062988922
0.0061578082
0.0060147892
0.005869766
0.0057227129
0.0055735779
0.0054223771
0.0052690701
0.0051136873
0.0049561826
0.0047965857
0.0046348539
0.0044710311
0.0043050852
0.0041370784
0.0039670003
0.0037949372
0.0036209392
0.0034450862
0.0032675527
0.0030884559
0.0029081288
0.0027267634
0.0025450502
0.0023631321
0.0021828634
0.0020031688
0.0018309541
0.0016569621
0.0015113411
0.001342269
0.0012823006
0.0010742991
0.0018883931
-0.0017697787
0.028247567
0.027418996
0.026440026
0.025284481
0.023991931
0.02264766
0.021316683
0.020038047
0.01883783
0.017732778
0.016731024
0.01583419
0.015039949
0.014343453
0.013737974
0.013215478
0.012767205
0.012384609
0.012059037
0.011781747
0.011544677
0.011340637
0.011163308
0.011007073
0.010867289
0.010740383
0.010623217
0.010513212
0.010408625
0.01030791
0.010209727
0.010113337
0.010018173
0.0099235258
0.0098289869
0.009734359
0.0096391524
0.0095431244
0.0094463087
0.0093483655
0.0092492182
0.0091489733
0.0090473654
0.0089444846
0.0088403409
0.0087347441
0.0086279292
0.0085196232
0.0084098115
0.0082987615
0.008186133
0.0080721178
0.0079565748
0.007839469
0.0077210015
0.0076008851
0.00747928
0.0073559586
0.0072311361
0.0071046192
0.0069763901
0.0068468777
0.0067155901
0.0065821869
0.0064464454
0.0063080596
0.0061672167
0.0060242006
0.0058791745
0.0057321626
0.0055830796
0.0054319109
0.0052785982
0.0051231699
0.0049655822
0.0048058716
0.0046439993
0.0044800147
0.0043138884
0.0041456867
0.0039754011
0.0038031215
0.0036288995
0.0034528167
0.0032750497
0.0030957166
0.0029151515
0.0027335475
0.0025515938
0.0023694373
0.0021889203
0.0020089899
0.0018364963
0.0016622806
0.0015162717
0.0013469522
0.001286436
0.0010779816
0.0018902681
-0.0017601403
0.027644824
0.026881326
0.025985943
0.024931394
0.023747254
0.022504771
0.021261361
0.020054053
0.01890923
0.017845079
0.016871744
0.015993047
0.015208666
0.014515482
0.013908278
0.013380344
0.012924065
0.012531697
0.012195308
0.01190683
0.011658674
0.011443971
0.011256614
0.011091151
0.010943001
0.010808537
0.01068462
0.010568638
0.010458732
0.010353305
0.010250982
0.010150917
0.010052467
0.0099549084
0.0098577734
0.0097607996
0.009663509
0.009565622
0.009467112
0.0093676608
0.0092671569
0.0091656654
0.0090629447
0.0089590424
0.00885396
0.0087475187
0.0086399035
0.0085308799
0.0084204141
0.0083087354
0.0081955471
0.0080810045
0.007964982
0.0078474437
0.0077285829
0.0076081085
0.0074861472
0.0073625557
0.0072373992
0.0071105073
0.0069819647
0.0068518766
0.0067199905
0.0065866084
0.0064515256
0.0063143168
0.0061747843
0.0060326027
0.0058878746
0.0057408981
0.0055918256
0.005440707
0.0052874566
0.0051320733
0.004974495
0.0048147561
0.0046528191
0.0044887399
0.0043224923
0.0041541482
0.0039837013
0.0038112458
0.0036368349
0.0034605528
0.0032825784
0.0031030311
0.0029222464
0.0027404189
0.0025582364
0.0023758507
0.002195091
0.0020149289
0.001842153
0.001667714
0.001521296
0.0013517219
0.0012906072
0.0010816442
0.0018917052
-0.0017492875
0.027075078
0.026370023
0.025548867
0.024584286
0.023498242
0.02235007
0.021189929
0.020052239
0.01896294
0.017940971
0.016997972
0.016139578
0.015367243
0.014679446
0.014072405
0.013540694
0.013077809
0.012676849
0.012330613
0.012031706
0.011773039
0.011548093
0.011350999
0.011176492
0.011020073
0.010878097
0.010747427
0.010625434
0.010510161
0.010399963
0.010293428
0.010189618
0.010087816
0.0099872784
0.0098874836
0.0097881078
0.0096886769
0.0095888777
0.0094886278
0.0093876226
0.00928572
0.0091829455
0.0090790752
0.0089741192
0.0088680685
0.0087607535
0.0086523146
0.0085425483
0.0084314046
0.008319078
0.0082053076
0.008090212
0.0079736833
0.0078556821
0.0077363755
0.0076155022
0.0074931784
0.0073692678
0.0072437883
0.0071166444
0.0069878394
0.0068574146
0.0067252277
0.0065913948
0.0064557372
0.0063184304
0.0061794202
0.0060382588
0.0058947744
0.0057486409
0.0055998994
0.0054488408
0.0052956133
0.0051402875
0.0049827788
0.004823094
0.0046611776
0.0044970828
0.0043307846
0.0041623605
0.0039918076
0.0038192253
0.0036446687
0.0034682252
0.0032900763
0.0031103432
0.0029293632
0.0027473325
0.0025649377
0.0023823364
0.0022013428
0.0020209565
0.0018478978
0.0016732381
0.0015263905
0.0013565561
0.0012947904
0.0010852549
0.00189255
-0.0017370702
0.02653548
0.025883056
0.025128066
0.024243853
0.023246574
0.022185542
0.021104183
0.020033966
0.01899982
0.018020867
0.017109763
0.016273588
0.01551532
0.014834889
0.014229858
0.013696021
0.013227957
0.01281962
0.012464552
0.012156027
0.011887476
0.011652756
0.011446263
0.011262934
0.011098379
0.010948963
0.010811564
0.010683544
0.01056287
0.010447852
0.010337044
0.010229425
0.010124209
0.01002063
0.0099181149
0.0098162831
0.0097146578
0.0096128951
0.0095108606
0.0094082568
0.0093049144
0.0092008209
0.0090957651
0.0089897239
0.0088826757
0.0087744584
0.0086651725
0.0085546389
0.0084427947
0.0083298014
0.0082154282
0.0080997621
0.0079827099
0.0078642248
0.0077444492
0.0076231518
0.007500427
0.0073761481
0.0072503326
0.0071229013
0.0069938124
0.006863135
0.0067307226
0.0065966027
0.0064606662
0.0063229961
0.0061834506
0.0060421246
0.0058990567
0.0057538224
0.0056062511
0.0054560182
0.0053031335
0.0051478838
0.0049904088
0.0048307882
0.0046689469
0.0045049122
0.0043386417
0.0041702109
0.0039996172
0.0038269661
0.0036523154
0.003475756
0.0032974731
0.0031175893
0.0029364445
0.0027542367
0.0025716514
0.0023888524
0.0022076384
0.0020270388
0.0018536996
0.0016788247
0.0015315283
0.0013614293
0.0012989582
0.0010887795
0.0018926706
-0.0017233332
0.026023487
0.025418593
0.024722803
0.023910578
0.022993654
0.022012961
0.021005815
0.020000586
0.019020791
0.018085273
0.017207274
0.016394969
0.015652611
0.014981415
0.01438018
0.013845852
0.013374046
0.012959576
0.012596729
0.012279443
0.012001682
0.011757703
0.011542191
0.011350304
0.011177781
0.011021027
0.010876946
0.010742903
0.010616811
0.010496935
0.010381803
0.010270318
0.010161633
0.010054953
0.0099496611
0.0098453217
0.0097414502
0.0096376744
0.0095338118
0.0094295662
0.0093247438
0.0092192959
0.0091130195
0.0090058619
0.0088977876
0.0087886402
0.0086784839
0.0085671592
0.0084545923
0.0083409134
0.0082259178
0.0081096648
0.007992072
0.0078730864
0.0077528281
0.0076310901
0.0075079436
0.0073832746
0.0072570938
0.0071293248
0.0069999285
0.0068689782
0.0067363088
0.0066019485
0.00646581
0.0063278921
0.0061880916
0.0060464655
0.0059029077
0.0057574761
0.0056102464
0.0054608251
0.0053090373
0.0051545767
0.0049974386
0.0048379028
0.0046761046
0.0045121397
0.0043459478
0.0041775803
0.0040070181
0.0038343657
0.0036596813
0.0034830597
0.0033046901
0.0031246979
0.0029434253
0.0027610725
0.0025783242
0.0023953508
0.0022139341
0.0020331364
0.0018595223
0.0016844409
0.0015366776
0.0013663121
0.0013030793
0.0010921765
0.0018919523
-0.0017078933
0.025536823
0.024974983
0.024332346
0.023584778
0.022740645
0.021833895
0.020896397
0.019953423
0.019026811
0.018134767
0.01729075
0.016503703
0.015778905
0.015118685
0.014522959
0.013989741
0.013515632
0.013096293
0.012726748
0.012401599
0.012115347
0.01186267
0.011638563
0.01143842
0.011258132
0.01109417
0.01094348
0.01080344
0.010671927
0.010547172
0.010427672
0.010312275
0.010200071
0.010090236
0.0099821135
0.0098752174
0.0097690503
0.0096632136
0.0095574804
0.0094515511
0.0093452093
0.0092383723
0.0091308409
0.0090225364
0.0089134078
0.0088033028
0.008692253
0.0085801139
0.0084668025
0.0083524195
0.0082367824
0.0081199262
0.0080017763
0.0078822746
0.0077615205
0.0076393275
0.0075157466
0.0073906743
0.007264111
0.0071359844
0.0070062566
0.0068749892
0.0067420311
0.0066074137
0.0064710406
0.0063328988
0.0061929124
0.0060510683
0.0059072802
0.0057615917
0.0056139163
0.0054642883
0.0053127951
0.0051590876
0.0050029758
0.0048441791
0.0046826986
0.0045188211
0.0043526799
0.0041843864
0.0040139041
0.0038413155
0.0036666641
0.0034900423
0.0033116418
0.0031315903
0.0029502335
0.0027677742
0.0025848961
0.002401777
0.0022201804
0.0020392043
0.0018653248
0.0016900487
0.0015418025
0.0013711705
0.0013071181
0.0010953964
0.0018902848
-0.0016905403
0.025073451
0.024550726
0.023955974
0.023266635
0.022488504
0.021649726
0.020777385
0.019893761
0.019018864
0.018169993
0.017360515
0.016599848
0.015894061
0.01524642
0.014657826
0.014127274
0.013652289
0.013229353
0.012854218
0.012522136
0.012228155
0.011967381
0.011735144
0.011527088
0.011339275
0.011168267
0.011011066
0.010865077
0.010728158
0.010598513
0.010474618
0.010355268
0.010239501
0.010126464
0.010015461
0.0099059622
0.0097974525
0.0096895092
0.0095818641
0.0094742103
0.0093663108
0.0092580505
0.0091492306
0.0090397487
0.0089295381
0.0088184484
0.0087064824
0.008593506
0.0084794284
0.0083643229
0.0082480256
0.0081305499
0.0080118269
0.0078917942
0.0077705311
0.0076478695
0.0075238425
0.0073983549
0.0072713975
0.0071429024
0.0070128287
0.0068812262
0.0067479585
0.006613048
0.0064764038
0.0063380189
0.0061978163
0.0060557642
0.0059118036
0.0057659204
0.0056180378
0.0054681809
0.0053162832
0.0051623752
0.0050065338
0.0048484561
0.0046879347
0.0045247366
0.0043588839
0.0041906758
0.0040202494
0.0038477377
0.0036731658
0.0034966045
0.0033182347
0.0031381807
0.0029567904
0.0027742693
0.0025913006
0.00240807
0.0022263215
0.0020451913
0.0018710599
0.0016956048
0.0015468616
0.0013759657
0.0013110343
0.0010983868
0.0018875628
-0.0016710566
0.024631546
0.024144462
0.023592992
0.022956227
0.022238005
0.021461658
0.02065011
0.01982283
0.018997939
0.018191643
0.017416964
0.016683541
0.015998011
0.015364397
0.014784457
0.014258067
0.013783609
0.01335835
0.012978748
0.012640694
0.01233978
0.012071555
0.011831691
0.011616102
0.01142104
0.01124318
0.011079593
0.010927727
0.010785436
0.010650907
0.0105226
0.010399267
0.010279901
0.010163619
0.010049692
0.0099375464
0.0098266499
0.0097165562
0.0096069592
0.0094975415
0.0093880468
0.0092783296
0.0091681882
0.0090574991
0.0089461791
0.0088340783
0.0087211731
0.0086073368
0.0084924716
0.0083766255
0.0082596495
0.0081415383
0.0080222263
0.0079016476
0.0077798628
0.0076567196
0.007532235
0.0074063205
0.0072789586
0.0071500847
0.0070196545
0.0068877076
0.0067541184
0.0066188986
0.0064819646
0.0063433061
0.0062028491
0.0060605681
0.005916407
0.00577033
0.0056222855
0.0054722529
0.0053201701
0.0051660486
0.0050098408
0.0048515802
0.0046913227
0.0045288284
0.0043638694
0.0041962738
0.0040261003
0.0038536687
0.0036791568
0.0035026717
0.0033243778
0.0031443779
0.0029630105
0.0027804789
0.0025974649
0.0024141626
0.0022322953
0.0020510403
0.0018766748
0.0017010603
0.0015518082
0.0013806533
0.0013147826
0.0011010878
0.0018835769
-0.0016492021
0.024209471
0.023754955
0.023242728
0.02265355
0.021989772
0.021270739
0.020515788
0.019741801
0.018965022
0.018200444
0.017460553
0.016754989
0.016090753
0.015472456
0.014902579
0.014381775
0.013909209
0.01348289
0.013099954
0.01275691
0.012449893
0.012174895
0.011927949
0.011705247
0.011503248
0.01131876
0.011148942
0.010991295
0.010843685
0.010704295
0.010571573
0.010444239
0.010321244
0.010201683
0.010084791
0.0099699592
0.0098566347
0.009744349
0.0096327615
0.009521542
0.0094104155
0.0092992083
0.0091877132
0.0090757873
0.0089633308
0.0088501925
0.0087363256
0.008621607
0.0085059331
0.008389328
0.0082716551
0.0081528924
0.0080329758
0.0079118364
0.0077895172
0.0076658794
0.0075409259
0.0074145733
0.0072867968
0.0071575341
0.0070267379
0.0068944381
0.006760518
0.0066249803
0.0064877465
0.0063488004
0.0062080718
0.006065535
0.0059211352
0.0057748421
0.0056266101
0.0054763968
0.0053241612
0.0051698798
0.0050135078
0.0048550392
0.0046944522
0.0045318008
0.0043671109
0.0042002176
0.0040308716
0.0038589812
0.0036846845
0.0035082699
0.0033300367
0.0031501096
0.0029688089
0.0027863191
0.0026033105
0.002419982
0.0022380343
0.0020566883
0.0018821108
0.0017063603
0.0015565903
0.0013851839
0.0013183123
0.0011034311
0.0018781277
-0.0016247131
0.023805754
0.023381079
0.022904537
0.022358535
0.0217443
0.021077871
0.020375516
0.019651776
0.01892108
0.018197151
0.017491792
0.016814464
0.016172352
0.015570497
0.015011967
0.01449809
0.014028735
0.013602596
0.013217457
0.012870424
0.012558159
0.012277103
0.012023653
0.011794294
0.011585706
0.011394847
0.011218982
0.011055676
0.010902822
0.010758612
0.010621486
0.010490142
0.010363502
0.010240631
0.010120742
0.010003188
0.0098873976
0.0097728811
0.0096592662
0.0095462082
0.0094334145
0.0093206849
0.0092078046
0.0090946126
0.0089809928
0.0088667912
0.0087519398
0.0086363168
0.0085198132
0.008402431
0.008284043
0.0081646126
0.008044076
0.0079223611
0.0077994947
0.0076753497
0.0075499159
0.0074231143
0.0072949132
0.0071652518
0.0070340804
0.0069014195
0.0067671601
0.006631297
0.0064937553
0.0063545138
0.006213505
0.0060707
0.0059260452
0.0057795118
0.0056310548
0.0054806372
0.0053282251
0.0051737754
0.0050172581
0.0048586436
0.0046979135
0.004535051
0.0043700686
0.0042030501
0.0040339842
0.0038628031
0.0036892692
0.0035133187
0.0033352578
0.0031553908
0.0029741464
0.0027917194
0.0026087577
0.0024254502
0.0022434655
0.0020620672
0.0018873042
0.0017114446
0.0015611502
0.0013895019
0.0013215676
0.0011053401
0.0018710094
-0.0015973046
0.023419073
0.023021804
0.022577805
0.022071066
0.021501976
0.020883828
0.02023028
0.019553785
0.018867055
0.01818253
0.01751123
0.016862295
0.016242936
0.015658479
0.01511245
0.014606748
0.014141861
0.013717113
0.013330894
0.012980878
0.012664241
0.012377869
0.012118528
0.011883004
0.011668209
0.011471271
0.01128957
0.011120753
0.010962755
0.010813781
0.01067228
0.010536934
0.010406638
0.01028044
0.010157524
0.010037218
0.0099189279
0.0098021447
0.0096864677
0.0095715364
0.0094570413
0.0093427577
0.0092284612
0.0091139744
0.0089991647
0.0088838742
0.0087680156
0.0086514663
0.0085341119
0.0084159345
0.0082968133
0.0081766993
0.0080555271
0.007933222
0.0078097957
0.0076851305
0.0075592052
0.0074319435
0.0073033078
0.0071732381
0.0070416824
0.0069086521
0.0067740454
0.0066378495
0.0064999926
0.0063604489
0.006219153
0.0060760727
0.0059311556
0.0057843706
0.0056356733
0.005485029
0.0053324041
0.005177761
0.0050210765
0.0048623058
0.0047014369
0.004538441
0.0043733372
0.0042060963
0.0040367769
0.0038655086
0.0036922685
0.0035170372
0.0033396645
0.0031601791
0.002979064
0.0027966829
0.0026137623
0.0024304984
0.0022485139
0.002067104
0.0018921863
0.001716248
0.0015654255
0.0013935467
0.0013244874
0.0011067293
0.0018619992
-0.0015666733
0.023048231
0.022676191
0.022261947
0.021790991
0.021263092
0.020689268
0.020080963
0.019448784
0.018803854
0.018157348
0.017519449
0.016898861
0.016302692
0.01573642
0.01520391
0.014707526
0.014248296
0.013826107
0.013439911
0.01308792
0.012767803
0.01247688
0.012212291
0.011971127
0.011750542
0.011547847
0.011360554
0.011186401
0.011023379
0.010869722
0.010723891
0.010584562
0.010450614
0.010321077
0.010195116
0.010072032
0.0099512125
0.0098321305
0.0097143593
0.0095975218
0.0094812928
0.0093654245
0.0092496818
0.009133872
0.0090178463
0.0089014415
0.0087845531
0.0086670557
0.0085488296
0.0084298386
0.0083099664
0.0081891524
0.0080673291
0.0079444192
0.0078204201
0.0076952221
0.0075687937
0.0074410609
0.0073119805
0.0071814927
0.0070495435
0.0069161358
0.0067811737
0.0066446377
0.0065064586
0.0063666062
0.0062250167
0.0060816551
0.0059364695
0.0057894267
0.0056404823
0.0054896011
0.0053367489
0.005181891
0.0050250045
0.0048660507
0.0047050226
0.0045418823
0.0043766446
0.0042092814
0.0040398639
0.0038683546
0.0036948664
0.003519617
0.0033425897
0.0031637992
0.0029832813
0.002801196
0.0026183574
0.0024351182
0.0022531308
0.0020717312
0.0018966859
0.0017207008
0.0015693496
0.0013972525
0.0013270062
0.0011075042
0.0018508587
-0.0015325009
0.022692149
0.022343379
0.021956407
0.021518131
0.02102787
0.020494751
0.019928348
0.019337655
0.018732342
0.018122369
0.017517053
0.016924584
0.01635186
0.015804393
0.01528628
0.01480025
0.014347786
0.013929274
0.013544177
0.013191209
0.01286851
0.012573823
0.012304654
0.012058403
0.011832478
0.01162438
0.011431767
0.011252482
0.011084582
0.010926342
0.010776244
0.010632968
0.010495383
0.010362506
0.010233489
0.010107608
0.009984236
0.0098628273
0.0097429326
0.0096241589
0.0095061652
0.0093886829
0.0092714651
0.0091543046
0.0090370371
0.0089194931
0.0088015524
0.0086830852
0.0085639668
0.0084441438
0.0083235025
0.0082019723
0.0080794825
0.0079559528
0.0078313679
0.0077056243
0.0075786813
0.0074504662
0.0073209309
0.0071900153
0.0070576633
0.0069238698
0.0067885443
0.0066516609
0.0065131525
0.006372985
0.0062310956
0.006087447
0.0059419872
0.0057946812
0.0056454844
0.0054943605
0.0053412749
0.0051861927
0.0050290903
0.0048699323
0.0047087122
0.0045453984
0.0043800078
0.0042125114
0.0040429629
0.0038713387
0.0036977514
0.0035222599
0.0033450032
0.0031662513
0.0029861343
0.0028046983
0.00262235
0.0024393171
0.0022573396
0.0020759289
0.0019007504
0.0017247355
0.0015728532
0.0014005488
0.0013290546
0.0011075613
0.001837341
-0.0014944622
0.022349846
0.022022579
0.021660659
0.021252287
0.020796463
0.020300745
0.019773127
0.019221207
0.018653339
0.018078339
0.017504659
0.01693992
0.016390725
0.015862525
0.015359547
0.014884792
0.014440116
0.014026338
0.013643381
0.013290419
0.012966035
0.012668381
0.012395322
0.012144568
0.01191378
0.011700664
0.011503033
0.011318846
0.011146239
0.010983538
0.010829256
0.010682085
0.010540891
0.010404687
0.01027261
0.010143922
0.010017979
0.0098942209
0.0097721774
0.0096514402
0.0095316536
0.0094125295
0.0092938091
0.0091752713
0.009056737
0.0089380293
0.008819014
0.0086995555
0.0085795241
0.0084588507
0.0083374224
0.0082151597
0.0080919876
0.0079678234
0.0078426396
0.0077163373
0.0075888681
0.0074601595
0.0073301589
0.0071988055
0.0070660413
0.0069318537
0.0067961565
0.0066589182
0.0065200733
0.0063795841
0.0062373887
0.0060934472
0.0059477077
0.0058001333
0.0056506792
0.0054993078
0.005345984
0.0051906723
0.0050333483
0.0048739772
0.0047125514
0.0045490427
0.0043834686
0.0042158072
0.0040461102
0.0038743608
0.0037006511
0.0035250485
0.0033476702
0.0031686826
0.0029883618
0.0028070084
0.0026251022
0.0024426512
0.0022610232
0.0020797166
0.0019043919
0.0017283212
0.0015758797
0.001403365
0.0013305603
0.001106788
0.0018211984
-0.0014522364
0.022020429
0.021713066
0.021374206
0.02099325
0.020568977
0.020107641
0.019615911
0.019100176
0.018567617
0.018025987
0.01748289
0.016945351
0.016419615
0.015910991
0.015423746
0.014961069
0.014525111
0.014117057
0.013737235
0.013385238
0.013060062
0.012760244
0.012484001
0.012229347
0.011994202
0.011776482
0.011574164
0.011385332
0.011208215
0.011041199
0.010882835
0.010731838
0.010587079
0.01044757
0.010312443
0.010180944
0.010052419
0.0099262939
0.0098020807
0.0096793563
0.0095577512
0.0094369598
0.009316711
0.0091967705
0.009076945
0.0089570501
0.0088369381
0.0087164673
0.0085955024
0.0084739602
0.008351727
0.0082287153
0.0081048454
0.0079800317
0.0078542356
0.0077273618
0.0075993545
0.007470141
0.0073396645
0.0072078633
0.0070746774
0.0069400869
0.0068040097
0.0066664089
0.0065272201
0.0063864024
0.0062438945
0.0060996542
0.0059536295
0.0058057815
0.0056560651
0.0055044417
0.0053508752
0.0051953298
0.0050377799
0.004878191
0.004716554
0.004552842
0.0043870708
0.0042192222
0.0040493482
0.0038774408
0.0037035888
0.0035278618
0.0033503656
0.003171273
0.0029907934
0.002809211
0.0026271197
0.0024447766
0.0022635938
0.0020827653
0.0019075513
0.0017314778
0.0015784284
0.0014056562
0.0013314598
0.0011050673
0.0018021927
-0.0014055292
0.021703084
0.02141417
0.021096578
0.020740799
0.020345471
0.019915765
0.019457233
0.01897523
0.018475897
0.017966012
0.017452366
0.016941378
0.016438892
0.015950008
0.01547896
0.015029046
0.014602639
0.014201224
0.01382548
0.013475375
0.013150283
0.012849106
0.012570396
0.012312466
0.012073494
0.01185161
0.011644962
0.011451771
0.011270364
0.0110992
0.010936878
0.010782142
0.010633878
0.010491101
0.010352941
0.01021864
0.010087529
0.0099590252
0.0098326263
0.009707895
0.0095844494
0.0094619676
0.0093401665
0.0092187995
0.0090976599
0.008976555
0.008855325
0.0087338212
0.0086119027
0.0084894734
0.0083664177
0.0082426403
0.0081180569
0.0079925788
0.0078661571
0.0077386986
0.0076101411
0.0074804112
0.0073494482
0.0072171889
0.0070835715
0.0069485693
0.0068121035
0.0066741323
0.0065345922
0.0063934391
0.0062506121
0.0061060668
0.0059597511
0.0058116241
0.0056616405
0.0055097603
0.0053559468
0.0052001635
0.0050423837
0.0048825731
0.0047207211
0.0045568013
0.0043908276
0.0042227834
0.0040527187
0.00388063
0.0037066066
0.0035307238
0.0033530887
0.0031738677
0.0029932681
0.002811583
0.0026292766
0.0024466684
0.0022653217
0.0020846325
0.0019097182
0.0017339757
0.0015804806
0.0014074312
0.0013317353
0.0011023012
0.001780135
-0.0013541266
0.021397064
0.021125273
0.020827329
0.020494711
0.020125972
0.019725382
0.019297559
0.018846973
0.01837885
0.017899084
0.0174137
0.016928516
0.016448946
0.015979835
0.015525316
0.015088733
0.014672609
0.014278669
0.013907887
0.013560561
0.013236409
0.01293467
0.012654215
0.012393647
0.012151398
0.011925813
0.011715221
0.011517981
0.011332531
0.01115741
0.010991274
0.010832905
0.010681211
0.010535216
0.010394056
0.010256967
0.010123275
0.0099923892
0.0098637942
0.0097370413
0.0096117367
0.0094875445
0.0093641699
0.0092413546
0.0091188792
0.0089965427
0.0088741741
0.0087516174
0.0086287257
0.0085053914
0.0083814955
0.0082569362
0.0081316238
0.0080054661
0.0078784052
0.0077503488
0.0076212291
0.0074909712
0.0073595107
0.007226783
0.0070927241
0.0069573013
0.0068204381
0.0066820885
0.0065421892
0.0064006934
0.0062575405
0.0061126839
0.0059660711
0.0058176596
0.0056674034
0.0055152616
0.0053611966
0.0052051712
0.0050471576
0.0048871216
0.0047250509
0.0045609198
0.0043947399
0.0042264961
0.004056235
0.0038839565
0.0037097472
0.0035336845
0.0033558791
0.0031765
0.0029957587
0.0028139315
0.0026314888
0.0024487404
0.002267106
0.0020861032
0.0019109373
0.0017353363
0.0015816331
0.0014085422
0.0013313932
0.001098416
0.0017550461
-0.0012979977
0.021101682
0.020845806
0.020566041
0.02025476
0.019910475
0.01953671
0.019137294
0.018715947
0.018277097
0.01782584
0.017367492
0.016907284
0.016450189
0.01600076
0.015562983
0.015140182
0.014734972
0.014349258
0.013984257
0.013640552
0.013318167
0.013016651
0.012735173
0.012472613
0.012227654
0.011998855
0.011784724
0.011583771
0.011394548
0.011215684
0.011045901
0.010884024
0.010728992
0.010579845
0.010435728
0.010295878
0.01015962
0.010026355
0.0098955605
0.0097667763
0.0096395989
0.0095136798
0.0093887131
0.0092644299
0.0091405991
0.009017011
0.0088934844
0.0087698555
0.0086459719
0.0085217149
0.0083969617
0.0082716043
0.0081455473
0.0080186953
0.0078909816
0.0077623142
0.0076326198
0.0075018222
0.0073698533
0.0072366465
0.0071021361
0.0069662835
0.0068290139
0.0066902775
0.0065500112
0.0064081653
0.0062646794
0.0061195048
0.0059725886
0.0058238867
0.0056733524
0.0055209439
0.0053666226
0.0052103506
0.0050520991
0.0048918338
0.004729541
0.0045651951
0.0043988057
0.0042303588
0.004059898
0.0038874255
0.0037130244
0.0035367726
0.0033587811
0.0031792189
0.0029983011
0.0028163041
0.0026337011
0.0024507865
0.0022689597
0.0020877258
0.0019121157
0.0017361242
0.0015817318
0.0014085079
0.0013301619
0.0010931231
0.0017273218
-0.0012372976
0.020816308
0.020575236
0.020312317
0.020020721
0.019698956
0.019349919
0.018976786
0.018582636
0.018171206
0.017746881
0.017314321
0.0168782
0.016443049
0.016013105
0.015592164
0.015183484
0.014789718
0.014412895
0.014054425
0.013715132
0.013395306
0.013094778
0.012812992
0.012549093
0.012302001
0.01207049
0.01185325
0.011648942
0.011456241
0.011273871
0.011100627
0.010935388
0.010777126
0.010624909
0.010477892
0.010335321
0.01019652
0.010060888
0.0099278966
0.0097970774
0.0096680181
0.0095403595
0.0094137857
0.0092880179
0.009162814
0.0090379561
0.0089132533
0.0087885344
0.0086636408
0.0085384441
0.0084128172
0.0082866457
0.0081598289
0.0080322678
0.0079038879
0.0077745962
0.007644315
0.0075129658
0.0073804773
0.0072467809
0.0071118087
0.0069755169
0.0068378319
0.0066987002
0.0065580586
0.0064158551
0.0062720287
0.0061265293
0.0059793032
0.0058303047
0.0056794866
0.0055268059
0.0053722232
0.0052156999
0.005057206
0.0048967074
0.0047341885
0.0045696243
0.0044030221
0.004234369
0.0040637052
0.0038910354
0.003716439
0.0035399936
0.0033618097
0.0031820539
0.0030009416
0.0028187483
0.0026359472
0.0024528377
0.0022707889
0.0020893306
0.0019133741
0.0017369965
0.0015816299
0.0014076607
0.0013278098
0.001085815
0.0016965891
-0.0011718296
0.020540355
0.020313071
0.020065781
0.019792372
0.019491367
0.019165147
0.018816337
0.018447475
0.018061701
0.01766277
0.017254747
0.016841779
0.016427964
0.016017209
0.015613095
0.015218769
0.014836877
0.014469522
0.014118261
0.013784111
0.013467597
0.013168795
0.012887406
0.012622817
0.01237418
0.012140475
0.011920573
0.011713288
0.011517425
0.011331808
0.011155311
0.010986874
0.010825512
0.01067032
0.010520476
0.010375234
0.010233924
0.010095947
0.0099607689
0.0098279173
0.0096969727
0.0095675667
0.0094393745
0.0093121083
0.0091855163
0.0090593724
0.0089334771
0.0088076515
0.0086817312
0.0085555787
0.008429062
0.0083020611
0.0081744698
0.0080461852
0.0079171256
0.0077871967
0.0076563164
0.0075244038
0.0073913846
0.0072571877
0.0071217435
0.0069850029
0.0068468931
0.0067073575
0.0065663324
0.0064237633
0.006279589
0.0061337576
0.0059862148
0.0058369133
0.0056858053
0.0055328467
0.0053779971
0.0052212174
0.0050624766
0.00490174
0.004738991
0.0045742047
0.0044073861
0.0042385233
0.0040676534
0.0038947832
0.0037199882
0.0035433459
0.0033649654
0.003185011
0.0030036967
0.0028212946
0.0026382741
0.0024549372
0.002272628
0.0020909146
0.0019145636
0.0017378439
0.0015816036
0.001406757
0.0013249682
0.0010791275
0.0016583603
-0.0011008515
0.020273283
0.020058851
0.01982608
0.019569493
0.019287649
0.018982497
0.018656202
0.018310848
0.017949058
0.017574035
0.017189304
0.016798524
0.016405376
0.016013434
0.01562604
0.015246202
0.014876515
0.014519118
0.014175666
0.013847333
0.013534836
0.013238469
0.012958161
0.012693527
0.012443934
0.012208562
0.011986461
0.011776599
0.011577909
0.011389325
0.011209805
0.011038354
0.010874036
0.010715984
0.010563398
0.010415548
0.010271776
0.010131484
0.0099941387
0.0098592645
0.009726437
0.0095952806
0.009465463
0.0093366883
0.009208696
0.0090812526
0.0089541503
0.008827203
0.0087002406
0.0085731172
0.0084456957
0.0083178507
0.0081894706
0.0080604485
0.0079306961
0.0078001172
0.0076686257
0.007536138
0.0074025768
0.0072678687
0.0071319421
0.0069947432
0.0068561993
0.0067162509
0.0065748337
0.006431891
0.0062873611
0.0061411904
0.0059933238
0.0058437127
0.0056923084
0.0055390659
0.0053839438
0.0052269023
0.0050679094
0.0049069302
0.0047439466
0.0045789338
0.004411895
0.0042428188
0.0040717394
0.0038986653
0.0037236685
0.0035468259
0.0033682453
0.0031880882
0.003006567
0.0028239495
0.0026406997
0.0024571192
0.0022745235
0.0020925133
0.0019157255
0.001738616
0.0015814716
0.0014059973
0.0013218047
0.0010768659
0.001610466
-0.0010254363
0.020014588
0.019812148
0.019592877
0.019351869
0.019087728
0.018802046
0.018496601
0.018173096
0.017833711
0.017481165
0.0171185
0.016748928
0.016375729
0.01600215
0.015631284
0.015265974
0.014908734
0.014561697
0.014226578
0.01390467
0.013596845
0.013303586
0.013025021
0.012760974
0.012511013
0.012274508
0.012050681
0.011838656
0.011637496
0.011446244
0.011263949
0.011089687
0.010922578
0.010761795
0.010606569
0.01045619
0.010310012
0.010167446
0.010027961
0.0098910823
0.0097563809
0.0096234767
0.0094920312
0.0093617419
0.0092323405
0.0091035866
0.0089752651
0.0088471832
0.0087191648
0.0085910567
0.0084627166
0.0083340137
0.0082048312
0.0080750582
0.0079446003
0.007813359
0.0076812442
0.0075481699
0.0074140557
0.0072788258
0.0071424064
0.0070047394
0.006865752
0.006725382
0.006583564
0.0064402395
0.0062953462
0.0061488286
0.0060006311
0.0058507035
0.0056989963
0.0055454636
0.0053900631
0.0052327542
0.0050735037
0.0049122768
0.0047490537
0.00458381
0.0044165466
0.0042472529
0.0040759601
0.0039026784
0.0037274762
0.0035504298
0.0033716455
0.0031912818
0.0030095491
0.002826711
0.002643225
0.0024593914
0.0022764943
0.0020941647
0.001916904
0.0017393516
0.0015812332
0.0014054302
0.0013181444
0.0010783526
0.0015570968
-0.00094858316
0.019763801
0.019572558
0.019365855
0.01913929
0.018891522
0.018623846
0.018337718
0.018034518
0.017716051
0.017384613
0.017042817
0.016693463
0.016339461
0.015983738
0.015629133
0.015278307
0.014933666
0.014597306
0.014270968
0.013956025
0.013653475
0.013363954
0.013087767
0.012824922
0.012575174
0.012338071
0.012113003
0.011899241
0.011695982
0.01150238
0.011317578
0.011140728
0.01097101
0.010807643
0.010649892
0.010497075
0.010348561
0.010203773
0.010062187
0.0099233286
0.0097867694
0.0096521262
0.0095190556
0.0093872499
0.0092564343
0.0091263622
0.008996812
0.0088675845
0.0087384983
0.0086093932
0.0084801217
0.0083505482
0.0082205506
0.0080900141
0.0079588385
0.0078269228
0.0076941733
0.0075605011
0.007425823
0.0072900607
0.0071531382
0.0070149934
0.0068755531
0.0067347524
0.006592525
0.0064488105
0.0063035456
0.0061566736
0.0060081377
0.0058578866
0.0057058698
0.0055520404
0.0053963552
0.0052387729
0.0050792592
0.0049177792
0.0047543115
0.0045888319
0.0044213393
0.0042518236
0.0040803132
0.0039068197
0.0037314082
0.0035541539
0.0033751619
0.0031945875
0.0030126387
0.0028295747
0.0026458459
0.0024617514
0.0022785415
0.0020958781
0.0019181178
0.001740105
0.0015809223
0.0014048101
0.0013142119
0.0010808216
0.0015035691
-0.00087333101
0.019520484
0.019339706
0.019144713
0.018931552
0.018698943
0.018447931
0.018179707
0.017895379
0.017596432
0.017284796
0.016962704
0.016632586
0.016297005
0.015958583
0.015619905
0.015283442
0.014951471
0.014626024
0.014308839
0.014001336
0.013704604
0.013419407
0.013146198
0.012885149
0.012636184
0.012399018
0.012173195
0.011958134
0.011753161
0.011557543
0.011370519
0.011191321
0.011019193
0.010853405
0.010693263
0.010538113
0.010387345
0.010240399
0.010096759
0.0099559558
0.0098175628
0.0096811957
0.0095465086
0.0094131895
0.0092809588
0.0091495642
0.0090187787
0.0088883973
0.0087582334
0.0086281208
0.0084979068
0.0083674512
0.0082366268
0.008105315
0.0079734103
0.0078408088
0.0077074134
0.0075731324
0.0074378798
0.0073015747
0.0071641391
0.0070255069
0.0068856043
0.006744364
0.0066017185
0.0064576055
0.0063119611
0.0061647268
0.006015845
0.0058652631
0.0057129298
0.005558797
0.0054028207
0.0052449588
0.0050851761
0.0049234372
0.0047597196
0.0045939987
0.0044262719
0.0042565293
0.0040847967
0.0039110868
0.0037354615
0.0035579951
0.0033787909
0.0031980011
0.0030158314
0.002832536
0.0026485577
0.0024641944
0.0022806605
0.0020976504
0.0019193677
0.0017408742
0.001580567
0.0014040329
0.0013101651
0.0010830544
0.0014519532
-0.00080113908
0.019284228
0.019113237
0.018929164
0.018728455
0.018509893
0.018274318
0.018022696
0.01775591
0.017475173
0.017182099
0.016878586
0.016566731
0.016248781
0.015927068
0.01560393
0.01528164
0.014962335
0.014647961
0.014340225
0.014040567
0.013750139
0.013469804
0.013200137
0.012941453
0.012693825
0.01245712
0.012231031
0.012015115
0.011808824
0.011611538
0.011422594
0.011241305
0.011066983
0.010898955
0.010736569
0.010579205
0.010426281
0.010277252
0.010131615
0.0099889108
0.0098487158
0.0097106473
0.0095743581
0.0094395341
0.0093058917
0.0091731744
0.0090411503
0.0089096094
0.0087783605
0.0086472318
0.0085160659
0.008384718
0.0082530564
0.0081209586
0.0079883141
0.0078550161
0.0077209644
0.0075860642
0.0074502269
0.007313369
0.0071754104
0.0070362814
0.0068959072
0.0067542183
0.0066111461
0.0064666264
0.0063205942
0.0061729898
0.0060237546
0.0058728346
0.0057201776
0.0055657346
0.0054094606
0.0052513128
0.0050912549
0.0049292511
0.0047652778
0.0045993102
0.0044313438
0.0042613691
0.0040894093
0.003915478
0.0037396341
0.0035619507
0.0033825294
0.0032015192
0.0030191228
0.0028355901
0.0026513552
0.0024667149
0.0022828456
0.002099476
0.0019206482
0.0017416539
0.0015801646
0.0014031376
0.0013060392
0.0010847457
0.0014014723
-0.0007314508
0.019054649
0.018892818
0.018718937
0.018529808
0.018324274
0.01810301
0.01786679
0.017616312
0.017352559
0.017076872
0.016790856
0.016496312
0.016195197
0.015889573
0.015581542
0.015273177
0.014966465
0.01466325
0.014365188
0.014073715
0.013790018
0.01351503
0.013249429
0.012993647
0.01274789
0.012512161
0.012286291
0.012069967
0.011862762
0.011664169
0.011473619
0.011290511
0.011114229
0.010944156
0.01077969
0.010620247
0.010465274
0.010314249
0.010166686
0.010022134
0.0098801777
0.0097404377
0.0096025678
0.009466253
0.0093312073
0.0091971712
0.0090639089
0.0089312061
0.0087988676
0.0086667165
0.0085345912
0.0084023427
0.0082698348
0.0081369414
0.0080035475
0.0078695433
0.0077348253
0.0075992961
0.0074628644
0.007325444
0.0071869529
0.007047318
0.0069064631
0.006764317
0.0066208095
0.0064758746
0.0063294466
0.0061814642
0.0060318679
0.0058806024
0.0057276145
0.0055728544
0.0054162759
0.0052578356
0.0050974963
0.0049352215
0.0047709865
0.0046047663
0.0044365548
0.0042663425
0.0040941501
0.0039199921
0.0037439243
0.0035660186
0.0033863747
0.0032051385
0.0030225096
0.002838733
0.0026542337
0.0024693074
0.0022850909
0.0021013484
0.0019219522
0.0017424378
0.0015797032
0.0014022452
0.0013016355
0.0010858054
0.0013513344
-0.00066338807
0.018831386
0.018678134
0.018513773
0.01833542
0.018141983
0.017933994
0.017712072
0.01747676
0.017228845
0.016969435
0.01669988
0.016421718
0.016136646
0.015846474
0.015553078
0.015258338
0.014964085
0.01467205
0.01438382
0.014100803
0.013824202
0.013554997
0.013293942
0.013041566
0.012798189
0.012563937
0.012338762
0.012122476
0.011914768
0.011715235
0.011523407
0.011338767
0.011160772
0.010988866
0.010822497
0.010661124
0.010504226
0.010351305
0.010201896
0.01005556
0.0099118921
0.0097705186
0.0096310963
0.009493311
0.009356876
0.0092215297
0.0090870335
0.0089531699
0.00881974
0.0086865629
0.0085534729
0.0084203172
0.0082869557
0.0081532585
0.0080191067
0.0078843874
0.0077489942
0.007612827
0.0074757916
0.0073377997
0.007198767
0.0070586172
0.006917273
0.006774661
0.0066307097
0.0064853516
0.0063385197
0.0061901516
0.0060401865
0.005888568
0.005735242
0.0055801577
0.0054232679
0.0052645285
0.0051039012
0.0049413492
0.0047768463
0.0046103676
0.004441905
0.0042714493
0.0040990187
0.0039246283
0.0037483311
0.0035701973
0.003390325
0.0032088566
0.0030259885
0.0028419609
0.0026571887
0.0024719671
0.0022873907
0.0021032609
0.0019232725
0.0017432181
0.0015791727
0.0014013874
0.001296905
0.0010861266
0.0013013815
-0.00059657504
0.018614105
0.018468892
0.018313429
0.018145114
0.017962919
0.017767254
0.017558613
0.017337406
0.017104259
0.01686008
0.016605999
0.01634332
0.016073504
0.015798135
0.015518876
0.015237418
0.014955435
0.014674539
0.014396235
0.014121885
0.013852686
0.013589644
0.013333568
0.013085066
0.012844552
0.012612255
0.012388243
0.012172437
0.011964635
0.011764539
0.01157177
0.011385897
0.01120645
0.011032936
0.010864858
0.010701717
0.010543029
0.010388326
0.010237162
0.010089117
0.009943797
0.0098008366
0.0096598977
0.0095206688
0.0093828641
0.0092462212
0.0091105
0.0089754804
0.0088409608
0.0087067568
0.0085726993
0.0084386319
0.0083044111
0.0081699036
0.0080349868
0.0078995448
0.0077634683
0.0076266547
0.0074890073
0.0073504354
0.0072108524
0.0070701793
0.0069283374
0.0067852512
0.006640848
0.0064950586
0.006347815
0.0061990532
0.0060487118
0.005896733
0.0057430616
0.0055876459
0.005430438
0.0052713927
0.0051104708
0.004947635
0.0047828581
0.0046161146
0.0044473948
0.0042766897
0.0041040151
0.0039293863
0.0037528536
0.0035744857
0.0033943787
0.0032126716
0.0030295572
0.0028452708
0.0026602168
0.0024746895
0.0022897398
0.0021052077
0.0019246021
0.0017439865
0.0015785639
0.0014005131
0.0012916117
0.0010856266
0.0012519593
-0.0005308778
0.018402466
0.018264793
0.018117655
0.017958702
0.017786963
0.01760275
0.01740645
0.01719837
0.016978995
0.016749065
0.016509518
0.016261455
0.016006127
0.015744911
0.015479269
0.015210716
0.014940771
0.01467092
0.014402574
0.014137042
0.013875494
0.013618943
0.013368234
0.013124034
0.012886832
0.012656949
0.012434551
0.012219658
0.012012172
0.011811889
0.011618524
0.011431726
0.011251099
0.011076217
0.010906635
0.010741903
0.010581575
0.010425214
0.010272399
0.010122729
0.0099758262
0.0098313341
0.0096889223
0.0095482838
0.0094091351
0.0092712146
0.0091342818
0.0089981151
0.0088625109
0.0087272822
0.0085922569
0.0084572758
0.0083221921
0.0081868694
0.0080511818
0.0079150106
0.0077782439
0.0076407766
0.0075025096
0.0073633497
0.0072232084
0.0070820042
0.0069396564
0.0067960882
0.0066512251
0.0065049965
0.0063573334
0.0062081706
0.0060574453
0.0059050987
0.0057510747
0.0055953207
0.0054377875
0.0052784295
0.0051172063
0.0049540803
0.0047890228
0.0046220081
0.0044530251
0.0042820643
0.0041091395
0.003934266
0.0037574916
0.0035788832
0.0033985349
0.0032165821
0.0030332137
0.0028486603
0.0026633148
0.0024774709
0.0022921337
0.0021071833
0.0019259342
0.0017447355
0.0015778653
0.0013995998
0.0012854212
0.0010842446
0.0012033626
-0.00046609921
0.017614207
0.018572581
0.019975344
0.021733106
0.023937198
0.026851718
0.030235233
0.03544498
0.04133271
0.057306016
0.01761415
0.01857243
0.019975049
0.021732415
0.023935589
0.026847031
0.03022542
0.035377235
0.041295231
0.055144517
0.017614038
0.01857216
0.019974506
0.021731156
0.023932567
0.026838781
0.030206477
0.035284007
0.041121995
0.052683478
0.01761386
0.018571736
0.019973649
0.02172917
0.023927789
0.02682589
0.030175995
0.035155319
0.040762707
0.050436078
0.01761361
0.018571141
0.019972447
0.021726384
0.023921097
0.026807962
0.030132034
0.03499183
0.040288666
0.048418969
0.017613282
0.018570359
0.019970869
0.02172273
0.023912341
0.026784674
0.030074008
0.034796299
0.039739225
0.046583349
0.017612868
0.018569374
0.01996888
0.021718132
0.023901352
0.026755664
0.030002126
0.034569468
0.039133304
0.044905173
0.01761236
0.018568166
0.019966442
0.021712505
0.02388795
0.02672058
0.029916218
0.034312171
0.038496814
0.043340504
0.017611749
0.018566715
0.019963515
0.021705762
0.023871956
0.026679087
0.029816119
0.034026357
0.037841998
0.041866905
0.017611026
0.018565
0.019960057
0.021697809
0.023853181
0.026630871
0.029701761
0.033714465
0.037172721
0.040477796
0.017610182
0.018562997
0.019956021
0.021688551
0.023831438
0.026575639
0.029573166
0.033378925
0.036492906
0.039169118
0.017609204
0.018560682
0.019951359
0.021677886
0.023806534
0.026513123
0.029430436
0.033022139
0.035806798
0.037937073
0.017608083
0.018558028
0.01994602
0.021665708
0.023778276
0.026443083
0.02927375
0.0326465
0.035118364
0.036777949
0.017606805
0.018555006
0.019939949
0.021651908
0.02374647
0.026365307
0.029103367
0.032254385
0.034431155
0.035687994
0.017605357
0.018551588
0.019933089
0.021636372
0.023710924
0.026279618
0.028919623
0.03184813
0.033748325
0.034663356
0.017603725
0.01854774
0.01992538
0.021618983
0.023671447
0.026185872
0.02872293
0.03143001
0.033072646
0.033700105
0.017601893
0.018543429
0.019916757
0.02159962
0.023627853
0.026083962
0.028513768
0.031002217
0.032406525
0.032794293
0.017599846
0.01853862
0.019907153
0.02157816
0.023579959
0.025973818
0.028292688
0.030566855
0.031752016
0.031942016
0.017597566
0.018533273
0.019896498
0.021554476
0.023527591
0.025855413
0.028060304
0.030125919
0.03111084
0.031139472
0.017595034
0.018527348
0.019884719
0.02152844
0.023470581
0.025728757
0.027817285
0.029681288
0.030484411
0.030383011
0.017592229
0.018520802
0.019871737
0.021499923
0.023408774
0.025593906
0.027564353
0.029234719
0.02987385
0.029669165
0.017589131
0.018513591
0.019857473
0.021468793
0.023342022
0.025450954
0.027302275
0.028787835
0.029280014
0.028994681
0.017585717
0.018505667
0.019841844
0.021434921
0.023270195
0.025300039
0.027031851
0.028342128
0.028703518
0.028356529
0.017581962
0.018496979
0.019824763
0.021398175
0.023193174
0.025141339
0.026753917
0.02789895
0.028144757
0.027751912
0.01757784
0.018487475
0.01980614
0.021358428
0.023110859
0.024975074
0.026469324
0.027459517
0.027603934
0.027178262
0.017573324
0.0184771
0.019785883
0.021315551
0.023023166
0.024801501
0.026178942
0.027024908
0.027081079
0.026633232
0.017568383
0.018465796
0.019763896
0.021269422
0.022930031
0.024620914
0.025883641
0.026596071
0.02657608
0.026114683
0.017562986
0.018453502
0.019740084
0.021219921
0.022831411
0.024433645
0.025584292
0.026173821
0.026088698
0.025620673
0.017557101
0.018440154
0.019714346
0.021166933
0.022727284
0.024240054
0.025281753
0.025758854
0.025618595
0.025149436
0.01755069
0.018425689
0.01968658
0.021110349
0.022617653
0.024040533
0.024976866
0.025351746
0.025165348
0.024699371
0.017543716
0.018410036
0.019656685
0.021050068
0.02250254
0.023835499
0.024670445
0.024952965
0.024728472
0.024269017
0.01753614
0.018393125
0.019624556
0.020985996
0.022381997
0.023625393
0.024363276
0.024562875
0.024307433
0.023857048
0.017527918
0.018374883
0.019590089
0.020918048
0.022256097
0.023410671
0.024056105
0.02418175
0.023901665
0.02346225
0.017519005
0.018355235
0.01955318
0.02084615
0.022124938
0.023191806
0.023749638
0.023809778
0.023510579
0.023083511
0.017509354
0.018334101
0.019513723
0.020770238
0.021988643
0.022969282
0.023444532
0.023447071
0.023133574
0.022719814
0.017498913
0.018311404
0.019471617
0.020690261
0.021847362
0.022743587
0.023141397
0.023093674
0.022770046
0.022370219
0.01748763
0.018287061
0.01942676
0.02060618
0.021701263
0.022515213
0.022840791
0.022749574
0.022419396
0.02203386
0.017475449
0.018260989
0.019379052
0.02051797
0.021550541
0.022284649
0.022543216
0.022414707
0.022081034
0.021709938
0.017462309
0.018233103
0.019328397
0.02042562
0.021395411
0.022052377
0.022249123
0.022088964
0.021754381
0.02139771
0.01744815
0.018203318
0.019274703
0.020329135
0.021236108
0.02181887
0.021958907
0.021772202
0.021438877
0.021096489
0.017432904
0.018171548
0.01921788
0.020228534
0.021072884
0.02158459
0.021672911
0.021464247
0.02113398
0.020805632
0.017416504
0.018137706
0.019157847
0.020123852
0.020906008
0.021349977
0.021391423
0.021164899
0.020839167
0.020524545
0.017398877
0.018101706
0.019094525
0.020015141
0.020735764
0.021115456
0.021114685
0.02087394
0.020553938
0.020252669
0.017379948
0.018063461
0.019027844
0.019902469
0.020562446
0.020881428
0.020842889
0.020591137
0.020277812
0.019989486
0.017359638
0.018022888
0.018957741
0.01978592
0.020386358
0.020648271
0.020576186
0.020316244
0.020010332
0.01973451
0.017337864
0.017979902
0.018884161
0.019665592
0.02020781
0.020416334
0.020314684
0.020049009
0.019751061
0.019487284
0.017314541
0.017934422
0.018807056
0.019541602
0.020027118
0.020185943
0.020058455
0.019789172
0.019499582
0.019247382
0.01728958
0.017886371
0.018726391
0.019414078
0.019844597
0.019957395
0.019807539
0.019536475
0.0192555
0.019014402
0.017262895
0.017835678
0.018642141
0.019283161
0.019660553
0.019730948
0.019561935
0.01929065
0.019018437
0.018787969
0.017234402
0.01778228
0.018554288
0.019149005
0.019475274
0.019506808
0.019321597
0.019051404
0.018787998
0.018567699
0.01720272
0.017723786
0.018459008
0.019006093
0.019281375
0.019276046
0.019076793
0.01880887
0.018554577
0.018344367
0.017163854
0.017653382
0.018345508
0.018839171
0.019059205
0.019016073
0.018803909
0.018539743
0.018295737
0.018096482
0.017113431
0.017564495
0.018203834
0.018635518
0.018794264
0.018711865
0.018488207
0.018229908
0.017998006
0.017811077
0.017047372
0.017452479
0.018027632
0.018388754
0.018481744
0.018360426
0.018127829
0.01787798
0.017660044
0.017486637
0.016959901
0.017311709
0.017810002
0.01809251
0.018117832
0.017960233
0.017722406
0.017483899
0.017281703
0.01712285
0.0168433
0.017135263
0.01754397
0.017741226
0.017700418
0.017511779
0.01727344
0.017049107
0.016863925
0.016720104
0.016688147
0.016914918
0.017222514
0.017330757
0.017229537
0.017017726
0.016784347
0.016576991
0.016410052
0.016281745
0.016483133
0.016641149
0.016839727
0.01685966
0.016707925
0.016482698
0.016259308
0.016070107
0.015920958
0.015807476
0.016215206
0.016303811
0.016391898
0.016329957
0.016140968
0.015913468
0.015706028
0.015537449
0.01540688
0.01530819
0.015870694
0.015893482
0.015878429
0.015747279
0.015535314
0.015313597
0.015122904
0.014972443
0.014857924
0.014772391
0.015437549
0.015403127
0.015301951
0.015120413
0.014902688
0.014699327
0.014532782
0.014403794
0.014306116
0.014233271
0.014908265
0.01483153
0.014668389
0.014454903
0.014237258
0.014047868
0.013897792
0.013784242
0.013699982
0.013638066
0.01428447
0.014183129
0.013989928
0.013776133
0.01358524
0.01342938
0.013306985
0.013213255
0.013143016
0.013091228
0.013579937
0.013469761
0.013262496
0.013042268
0.012855056
0.012709616
0.012600485
0.012519878
0.012460937
0.012418133
0.012822088
0.012730055
0.012566373
0.012406034
0.012275563
0.012171936
0.01208969
0.012025958
0.011978095
0.011942849
0.012041272
0.011932042
0.011741783
0.011560942
0.011427141
0.011333028
0.011264183
0.011212971
0.011175444
0.011148343
0.01133409
0.011336573
0.01128567
0.011210575
0.011134992
0.011067478
0.011011479
0.010967724
0.010934704
0.010910184
0.010518821
0.010331409
0.010125123
0.0099784038
0.0098787425
0.0098057807
0.0097516534
0.0097124998
0.0096845349
0.0096644851
0.018187609
0.018057318
0.017918302
0.017768454
0.017606854
0.01743373
0.01724938
0.017054021
0.016848021
0.016631966
0.016406625
0.016172914
0.015931889
0.015684732
0.015432716
0.015177178
0.014919482
0.014660982
0.014402989
0.014146736
0.013893356
0.013643853
0.013399089
0.013159772
0.012926456
0.012699539
0.012479272
0.012265774
0.012059038
0.011858957
0.011665334
0.011477904
0.011296345
0.011120298
0.010949379
0.010783189
0.010621322
0.010463378
0.010308964
0.010157704
0.010009234
0.0098632145
0.009719323
0.0095772596
0.009436745
0.00929752
0.0091593448
0.0090219975
0.0088852733
0.0087489834
0.0086129531
0.0084770209
0.008341037
0.0082048624
0.0080683679
0.0079314322
0.0077939408
0.0076557861
0.0075168668
0.0073770873
0.007236357
0.0070945918
0.0069517095
0.0068076313
0.0066622814
0.0065155877
0.0063674799
0.0062178915
0.0060667587
0.0059140216
0.005759623
0.0056035091
0.0054456301
0.0052859393
0.0051243953
0.00496096
0.0047956036
0.0046282997
0.0044590358
0.004287802
0.00411461
0.003939475
0.003762442
0.0035835762
0.0034029692
0.0032207529
0.0030371116
0.0028522709
0.0026666111
0.0024804253
0.0022946685
0.0021092654
0.0019273164
0.0017454881
0.00157703
0.0013985288
0.0012782353
0.0010816856
0.0011535815
-0.00039949635
0.017948816
0.017826407
0.017696037
0.017555841
0.017404961
0.017243543
0.017071806
0.016889885
0.016698037
0.016496705
0.016286493
0.016068134
0.015842495
0.015610555
0.015373394
0.015132163
0.014888053
0.014642271
0.014396006
0.014150402
0.013906528
0.01366536
0.013427762
0.013194469
0.012966084
0.012743076
0.012525779
0.012314402
0.012109037
0.011909674
0.011716212
0.011528477
0.011346232
0.011169195
0.010997049
0.010829454
0.010666057
0.010506499
0.010350426
0.010197487
0.010047346
0.0098996773
0.0097541748
0.0096105481
0.0094685248
0.0093278504
0.0091882877
0.009049616
0.0089116303
0.0087741406
0.0086369707
0.0084999566
0.0083629462
0.0082257978
0.008088379
0.0079505659
0.0078122415
0.0076732954
0.0075336238
0.0073931288
0.0072517175
0.007109303
0.0069658012
0.0068211316
0.0066752166
0.0065279824
0.0063793575
0.0062292738
0.0060776664
0.0059244741
0.0057696384
0.0056131046
0.0054548217
0.005294742
0.005132823
0.0049690259
0.0048033194
0.0046356769
0.0044660836
0.0042945297
0.0041210241
0.0039455818
0.0037682448
0.0035890759
0.003408164
0.0032256367
0.0030416728
0.0028564919
0.0026704589
0.0024838668
0.0022976101
0.0021116668
0.0019288817
0.0017463005
0.001575939
0.0013969901
0.0012695175
0.0010769662
0.0010984684
-0.0003254573
0.017673454
0.01755969
0.017438771
0.017309084
0.017169841
0.017021117
0.016863053
0.016695711
0.016519244
0.01633396
0.016140302
0.015938826
0.015730203
0.015515213
0.015294729
0.015069702
0.014841136
0.014610066
0.014377537
0.014144574
0.01391216
0.013681217
0.013452583
0.013227001
0.013005109
0.01278743
0.012574373
0.012366235
0.012163206
0.011965378
0.011772752
0.011585254
0.011402743
0.011225025
0.011051864
0.010882992
0.010718119
0.010556942
0.010399151
0.010244436
0.01009249
0.0099430155
0.0097957253
0.0096503447
0.0095066129
0.0093642838
0.0092231256
0.0090829213
0.0089434677
0.0088045752
0.0086660668
0.0085277772
0.0083895523
0.0082512479
0.008112729
0.0079738689
0.007834548
0.0076946532
0.007554078
0.0074127219
0.0072704896
0.0071272912
0.0069830406
0.006837655
0.0066910551
0.0065431651
0.0063939119
0.006243226
0.006091041
0.005937294
0.0057819253
0.005624879
0.0054661026
0.0053055474
0.0051431696
0.0049789294
0.004812794
0.004644736
0.0044747386
0.0043027912
0.0041288999
0.0039530791
0.0037753672
0.0035958241
0.0034145352
0.0032316226
0.0030472582
0.0028616541
0.002675156
0.0024880553
0.0023011742
0.0021145502
0.0019307218
0.0017471785
0.0015744591
0.001394549
0.0012586652
0.0010684855
0.001036184
-0.00024192776
0.017359804
0.017255289
0.017144459
0.017025942
0.01689903
0.01676374
0.01662014
0.01646823
0.016308073
0.016139855
0.015963871
0.015780514
0.015590267
0.015393715
0.015191525
0.014984444
0.014773276
0.014558872
0.014342108
0.014123867
0.013905017
0.013686395
0.013468786
0.013252912
0.013039415
0.012828855
0.012621696
0.01241831
0.012218975
0.012023881
0.011833132
0.011646759
0.011464722
0.011286927
0.011113229
0.010943444
0.010777358
0.010614735
0.010455324
0.010298864
0.010145092
0.009993744
0.0098445626
0.0096972959
0.009551701
0.0094075457
0.0092646086
0.0091226799
0.0089815616
0.0088410668
0.0087010201
0.0085612565
0.0084216209
0.0082819679
0.0081421604
0.0080020694
0.007861573
0.0077205557
0.0075789085
0.0074365281
0.0072933166
0.0071491816
0.0070040343
0.0068577898
0.0067103668
0.0065616874
0.0064116768
0.0062602637
0.0061073801
0.0059529615
0.0057969468
0.0056392783
0.0054799022
0.0053187685
0.0051558319
0.0049910513
0.0048243924
0.0046558265
0.0044853346
0.0043129049
0.0041385405
0.0039622545
0.0037840812
0.0036040766
0.0034223217
0.0032389319
0.0030540702
0.0028679392
0.002680861
0.0024931226
0.002305461
0.002117975
0.0019328497
0.0017480609
0.0015724485
0.0013909279
0.0012452877
0.0010545275
0.00096670683
-0.0001508451
0.017007413
0.016912592
0.016812292
0.016705374
0.016591217
0.01646979
0.016341106
0.016205112
0.0160618
0.015911255
0.015753646
0.015589218
0.015418291
0.015241265
0.015058618
0.014870894
0.014678702
0.0144827
0.014283583
0.01408207
0.013878891
0.013674767
0.013470398
0.01326645
0.01306354
0.012862226
0.012663003
0.012466291
0.012272439
0.012081718
0.011894326
0.011710394
0.011529986
0.011353107
0.011179712
0.011009711
0.010842976
0.010679352
0.010518657
0.010360694
0.010205255
0.010052122
0.0099010767
0.0097519006
0.0096043776
0.009458297
0.0093134547
0.0091696541
0.0090267071
0.008884434
0.0087426644
0.0086012364
0.0084599965
0.0083187998
0.0081775087
0.0080359933
0.0078941302
0.0077518021
0.007608898
0.0074653124
0.0073209452
0.0071757011
0.0070294894
0.0068822227
0.0067338178
0.0065841946
0.0064332766
0.0062809908
0.0061272672
0.0059720397
0.0058152455
0.0056568253
0.0054967237
0.005334889
0.0051712743
0.0050058372
0.0048385413
0.0046693564
0.0044982611
0.0043252419
0.0041502983
0.0039734414
0.003794701
0.003614128
0.0034317975
0.0032478168
0.0030623374
0.0028755496
0.0026877471
0.0024992072
0.0023105703
0.0021219886
0.0019352563
0.001748841
0.0015697151
0.0013858493
0.0012289141
0.0010336912
0.00089060045
-5.6654029e-05
0.016616257
0.016531303
0.016441693
0.016346479
0.016245134
0.016137601
0.016023851
0.015903795
0.015777373
0.015644591
0.01550552
0.015360282
0.015209061
0.0150521
0.014889705
0.014722243
0.014550136
0.014373853
0.01419391
0.014010854
0.013825256
0.0136377
0.013448771
0.013259046
0.013069077
0.012879388
0.012690462
0.012502736
0.012316595
0.012132365
0.011950318
0.011770666
0.011593564
0.011419113
0.011247366
0.011078328
0.010911965
0.010748208
0.010586958
0.010428092
0.010271468
0.010116928
0.0099643055
0.0098134255
0.0096641104
0.0095161812
0.0093694599
0.0092237715
0.0090789448
0.008934814
0.0087912188
0.0086480051
0.0085050252
0.0083621378
0.0082192079
0.0080761069
0.0079327116
0.0077889047
0.0076445745
0.0074996142
0.0073539222
0.0072074014
0.0070599592
0.0069115066
0.0067619582
0.0066112326
0.0064592515
0.0063059399
0.0061512264
0.0059950432
0.0058373257
0.0056780129
0.0055170477
0.0053543769
0.0051899517
0.0050237278
0.004855667
0.004685737
0.0045139137
0.0043401814
0.0041645357
0.0039869844
0.0038075521
0.0036262833
0.0034432458
0.0032585365
0.0030722926
0.0028846882
0.002695983
0.0025064364
0.0023165822
0.0021266066
0.0019378911
0.0017493465
0.0015660146
0.0013787442
0.001209092
0.0010053398
0.00081022909
3.3348036e-05
0.016189605
0.016114455
0.016035413
0.015951721
0.01586293
0.015768964
0.015669768
0.015565233
0.015455268
0.015339826
0.015218903
0.015092534
0.014960793
0.014823802
0.014681728
0.014534784
0.014383231
0.014227374
0.014067556
0.01390416
0.013737595
0.013568296
0.013396715
0.013223309
0.013048539
0.012872853
0.012696687
0.012520451
0.012344526
0.012169259
0.011994957
0.011821884
0.011650262
0.011480271
0.011312043
0.011145674
0.010981218
0.010818693
0.010658086
0.010499355
0.010342435
0.010187236
0.010033656
0.0098815764
0.009730869
0.0095813984
0.009433024
0.0092856027
0.0091389902
0.0089930427
0.0088476184
0.0087025779
0.0085577852
0.0084131084
0.0082684195
0.0081235951
0.007978516
0.0078330676
0.0076871399
0.007540627
0.0073934276
0.0072454444
0.007096584
0.0069467568
0.0067958766
0.0066438606
0.0064906296
0.0063361074
0.0061802212
0.0060229018
0.0058640831
0.0057037027
0.0055417017
0.0053780252
0.0052126226
0.0050454478
0.0048764601
0.004705625
0.0045329155
0.0043583125
0.0041818076
0.004003404
0.00382312
0.0036409924
0.0034570791
0.0032714644
0.0030842672
0.0028956404
0.0027058038
0.0025149869
0.0023236088
0.0021318573
0.0019406977
0.0017493775
0.0015610628
0.0013690194
0.0011853068
0.0009701643
0.00072978845
0.00011041746
0.015726555
0.015660893
0.015592019
0.015519318
0.015442443
0.015361318
0.015275871
0.015185988
0.01509156
0.014992511
0.014888792
0.014780375
0.014667262
0.014549484
0.014427105
0.014300222
0.014168968
0.01403351
0.013894047
0.013750814
0.013604073
0.013454113
0.013301248
0.013145807
0.012988134
0.012828579
0.012667494
0.012505226
0.012342112
0.012178475
0.012014617
0.011850817
0.011687325
0.011524363
0.011362121
0.011200757
0.011040397
0.010881135
0.010723037
0.010566138
0.010410449
0.010255956
0.010102624
0.0099504018
0.0097992196
0.0096489966
0.0094996408
0.0093510521
0.0092031239
0.0090557452
0.0089088022
0.0087621795
0.0086157612
0.0084694321
0.0083230781
0.0081765871
0.0080298491
0.0078827569
0.0077352062
0.0075870957
0.0074383272
0.007288806
0.0071384405
0.0069871421
0.0068348254
0.0066814081
0.0065268108
0.0063709573
0.0062137743
0.0060551919
0.0058951432
0.0057335645
0.0055703959
0.0054055809
0.0052390672
0.0050708066
0.0049007564
0.0047288792
0.0045551446
0.0043795299
0.0042020217
0.0040226175
0.0038413282
0.0036581804
0.0034732202
0.0032865155
0.0030981631
0.0029082878
0.0027170629
0.0025246731
0.002331416
0.0021374378
0.0019433022
0.0017484387
0.0015543129
0.0013559573
0.0011572283
0.00092901628
0.00065445578
0.00016728365
0.01523807
0.015181288
0.015121905
0.015059449
0.014993623
0.014924349
0.014851556
0.014775133
0.014694971
0.01461098
0.014523087
0.01443123
0.014335365
0.014235465
0.014131526
0.014023563
0.013911619
0.013795756
0.013676065
0.013552662
0.013425685
0.0132953
0.013161691
0.013025067
0.012885651
0.012743683
0.012599414
0.012453103
0.012305012
0.012155403
0.012004536
0.011852659
0.011700013
0.011546821
0.01139329
0.011239608
0.011085941
0.010932433
0.010779204
0.010626351
0.010473951
0.010322055
0.010170695
0.010019885
0.0098696181
0.0097198734
0.0095706151
0.0094217948
0.0092733535
0.0091252235
0.0089773293
0.0088295898
0.0086819195
0.0085342292
0.008386428
0.0082384233
0.008090122
0.0079414312
0.0077922588
0.0076425137
0.0074921063
0.0073409488
0.0071889553
0.0070360423
0.0068821281
0.0067271336
0.0065709819
0.0064135988
0.0062549124
0.0060948535
0.0059333558
0.0057703558
0.0056057929
0.0054396101
0.0052717537
0.0051021741
0.0049308261
0.0047576699
0.0045826715
0.0044058035
0.0042270471
0.0040463926
0.0038638416
0.0036794091
0.0034931257
0.0033050392
0.0031152191
0.002923755
0.0027307652
0.0025363733
0.0023407488
0.0021439496
0.0019461651
0.0017468372
0.0015460115
0.0013398221
0.0011260435
0.00088510421
0.00058828663
0.00020102135
0.014712134
0.014663612
0.014612963
0.014559823
0.014503991
0.014445403
0.014383984
0.014319633
0.01425225
0.014181745
0.014108035
0.014031046
0.01395071
0.013866971
0.013779782
0.013689113
0.013594945
0.013497275
0.013396118
0.013291504
0.013183483
0.013072121
0.012957505
0.012839735
0.012718933
0.012595235
0.01246879
0.012339761
0.012208322
0.012074656
0.011938949
0.011801392
0.011662178
0.011521496
0.01137953
0.011236457
0.011092445
0.010947652
0.010802219
0.010656276
0.010509937
0.010363299
0.010216442
0.010069432
0.0099223178
0.0097751314
0.0096278917
0.0094806035
0.0093332588
0.0091858381
0.0090383115
0.0088906404
0.0087427777
0.0085946699
0.0084462579
0.0082974778
0.0081482622
0.007998541
0.0078482418
0.0076972912
0.0075456149
0.0073931385
0.0072397876
0.0070854886
0.0069301685
0.0067737555
0.006616179
0.00645737
0.006297261
0.0061357863
0.0059728824
0.0058084876
0.0056425429
0.0054749916
0.00530578
0.0051348577
0.0049621778
0.0047876979
0.0046113803
0.0044331931
0.0042531106
0.0040711147
0.0038871963
0.0037013557
0.0035136048
0.003323967
0.0031324784
0.0029391853
0.002744143
0.0025473975
0.0023489848
0.0021488332
0.0019467965
0.0017421942
0.0015340066
0.0013190394
0.0010914039
0.00084097637
0.00053214539
0.00021290458
0.014182028
0.014140771
0.01409782
0.014052913
0.014005872
0.013956631
0.013905129
0.01385128
0.013794996
0.013736195
0.013674796
0.013610722
0.013543901
0.013474263
0.013401744
0.013326289
0.013247847
0.013166378
0.013081851
0.012994244
0.012903546
0.01280976
0.012712899
0.01261299
0.012510071
0.012404196
0.012295428
0.012183846
0.012069538
0.011952604
0.011833153
0.011711303
0.011587178
0.011460909
0.011332629
0.011202472
0.011070575
0.01093707
0.010802088
0.010665753
0.010528182
0.010389486
0.010249767
0.010109114
0.0099676086
0.0098253198
0.0096823058
0.0095386136
0.0093942788
0.0092493263
0.0091037705
0.0089576158
0.0088108577
0.0086634829
0.0085154708
0.0083667935
0.0082174173
0.0080673032
0.0079164076
0.0077646833
0.0076120797
0.007458544
0.0073040211
0.0071484547
0.006991787
0.0068339599
0.0066749146
0.0065145924
0.0063529349
0.0061898842
0.0060253829
0.0058593747
0.0056918046
0.005522619
0.005351766
0.0051791959
0.0050048615
0.0048287187
0.0046507267
0.0044708485
0.0042890518
0.004105309
0.0039195982
0.0037319034
0.0035422144
0.0033505259
0.0031568355
0.002961139
0.002763422
0.0025636409
0.0023616975
0.0021573685
0.0019502269
0.0017394149
0.001523264
0.0012990746
0.0010597015
0.00080226402
0.0004899345
0.00021192795
0.013594902
0.01356036
0.01352443
0.013486912
0.013447705
0.013406761
0.013364022
0.013319413
0.013272862
0.013224296
0.013173644
0.013120835
0.013065799
0.013008466
0.01294877
0.012886645
0.012822029
0.012754866
0.012685102
0.012612687
0.01253758
0.012459743
0.012379148
0.012295772
0.012209602
0.012120632
0.012028866
0.011934316
0.011837004
0.011736961
0.011634226
0.01152885
0.011420887
0.011310403
0.011197469
0.011082163
0.010964566
0.010844766
0.010722851
0.010598913
0.010473042
0.01034533
0.010215865
0.010084732
0.0099520132
0.0098177844
0.0096821171
0.0095450776
0.0094067261
0.0092671152
0.0091262893
0.0089842854
0.008841133
0.0086968538
0.0085514626
0.0084049669
0.008257368
0.0081086608
0.0079588349
0.0078078746
0.0076557595
0.0075024653
0.0073479637
0.0071922231
0.0070352089
0.006876884
0.0067172089
0.0065561421
0.0063936405
0.0062296599
0.0060641548
0.0058970791
0.0057283862
0.005558029
0.005385961
0.0052121358
0.0050365084
0.0048590346
0.0046796717
0.0044983784
0.004315115
0.0041298438
0.0039425288
0.0037531351
0.0035616274
0.0033679681
0.0031721122
0.0029740001
0.0027735446
0.0025706091
0.002364971
0.0021562636
0.0019438583
0.0017267658
0.0015030848
0.0012706363
0.0010226635
0.000760976
0.00045163868
0.000198547
0.013055075
0.013026037
0.012995889
0.012964511
0.012931792
0.012897682
0.012862135
0.012825095
0.0127865
0.01274629
0.012704406
0.012660786
0.012615367
0.012568086
0.012518879
0.012467683
0.012414436
0.012359075
0.012301541
0.012241774
0.012179717
0.012115318
0.012048524
0.011979288
0.011907566
0.01183332
0.011756514
0.01167712
0.011595115
0.011510479
0.011423203
0.011333281
0.011240715
0.011145511
0.011047686
0.010947259
0.010844256
0.010738711
0.01063066
0.010520145
0.010407213
0.010291913
0.010174297
0.010054419
0.0099323351
0.0098081023
0.009681782
0.0095534343
0.0094231163
0.0092908841
0.0091567925
0.009020893
0.0088832327
0.0087438543
0.008602796
0.0084600919
0.0083157712
0.0081698583
0.0080223728
0.0078733296
0.0077227386
0.0075706052
0.0074169301
0.007261709
0.0071049335
0.0069465912
0.0067866661
0.0066251383
0.0064619853
0.0062971811
0.0061306971
0.005962502
0.0057925618
0.0056208403
0.0054472992
0.0052718987
0.0050945985
0.0049153581
0.0047341355
0.0045508873
0.0043655687
0.0041781331
0.0039885315
0.0037967108
0.0036026114
0.0034061637
0.0032072816
0.0030058529
0.0028017247
0.0025946805
0.0023844027
0.0021704261
0.0019520264
0.001728204
0.0014971631
0.0012573385
0.0010030862
0.00073896144
0.0004340896
0.00019264113
0.01238855
0.012365005
0.012340552
0.012315082
0.01228855
0.012260926
0.012232167
0.012202222
0.012171041
0.012138576
0.012104775
0.012069585
0.012032951
0.011994818
0.011955131
0.01191383
0.011870859
0.011826159
0.011779669
0.011731331
0.011681089
0.011628884
0.011574658
0.011518352
0.01145991
0.011399278
0.011336401
0.011271228
0.011203712
0.011133805
0.011061464
0.010986651
0.010909329
0.010829465
0.010747033
0.010662009
0.010574374
0.010484113
0.010391217
0.010295681
0.010197505
0.010096693
0.0099932581
0.0098872088
0.0097784771
0.0096670045
0.0095529099
0.0094363084
0.0093172257
0.0091956721
0.0090716777
0.0089452819
0.0088165238
0.0086854413
0.0085520734
0.0084164602
0.0082786422
0.0081386599
0.0079965533
0.0078523618
0.0077061233
0.0075578735
0.0074076441
0.0072554614
0.0071013462
0.006945314
0.0067873753
0.0066275354
0.0064657954
0.0063021519
0.0061365968
0.0059691173
0.0057996956
0.0056283092
0.0054549319
0.005279535
0.0051020868
0.0049225513
0.0047408866
0.0045570469
0.0043709823
0.0041826378
0.0039919518
0.0037988538
0.0036032616
0.0034050769
0.003204178
0.0030004108
0.0027935736
0.0025833985
0.0023695189
0.0021514394
0.0019284512
0.0016996701
0.0014636097
0.0012193197
0.00096244477
0.00069899
0.00040266006
0.00017441139
0.011918253
0.011898468
0.011877955
0.011856657
0.011834491
0.011811417
0.011787407
0.011762424
0.011736427
0.011709371
0.011681213
0.011651907
0.011621409
0.01158967
0.011556641
0.011522272
0.011486512
0.011449307
0.011410603
0.011370345
0.011328477
0.011284943
0.011239686
0.01119265
0.011143773
0.011092997
0.011040263
0.01098551
0.010928679
0.010869712
0.010808549
0.010745133
0.010679407
0.010611316
0.010540804
0.01046782
0.010392312
0.01031423
0.010233525
0.010150151
0.010064062
0.0099752126
0.0098835592
0.0097890554
0.0096916382
0.009591239
0.0094878268
0.0093814383
0.0092721871
0.0091601901
0.0090454787
0.0089280355
0.0088078593
0.0086849689
0.0085593878
0.0084311398
0.0083002514
0.0081667534
0.0080306795
0.0078920653
0.0077509464
0.0076073571
0.0074613275
0.0073128863
0.0071620628
0.0070088858
0.0068533816
0.0066955746
0.0065354862
0.006373133
0.0062085249
0.0060416657
0.0058725558
0.0057011841
0.0055275218
0.0053515459
0.005173251
0.0049926227
0.0048096263
0.0046242174
0.0044363466
0.0042459579
0.0040529852
0.0038573501
0.0036589588
0.0034576982
0.0032534293
0.0030459793
0.0028351298
0.002620603
0.0024020399
0.0021789844
0.0019508242
0.0017168618
0.0014759363
0.0012275767
0.00096808703
0.00070387377
0.00040845166
0.00017902048
0.011129701
0.011114894
0.011099489
0.011083422
0.011066677
0.011049236
0.011031068
0.011012138
0.010992412
0.010971858
0.010950438
0.010928115
0.010904851
0.010880605
0.010855335
0.010828998
0.010801548
0.01077294
0.010743124
0.010712051
0.010679668
0.01064592
0.010610753
0.01057411
0.010535933
0.010496163
0.010454738
0.010411595
0.01036667
0.010319898
0.010271211
0.010220542
0.010167819
0.010112972
0.01005593
0.0099966178
0.0099349614
0.0098708844
0.0098043093
0.0097351566
0.0096633451
0.0095887915
0.0095114068
0.009431104
0.0093478584
0.0092616332
0.0091722428
0.009079519
0.0089834308
0.0088840153
0.0087812856
0.0086752363
0.0085658756
0.0084532275
0.008337324
0.00821821
0.0080959517
0.0079706341
0.0078423613
0.0077112559
0.0075774879
0.0074412249
0.0073024917
0.0071612498
0.007017485
0.0068712071
0.0067224054
0.0065710515
0.0064171567
0.0062607505
0.0061018332
0.005940388
0.0057763981
0.0056098475
0.0054407168
0.0052689827
0.0050946184
0.0049175916
0.0047378633
0.0045553887
0.0043701162
0.0041819859
0.0039909281
0.0037968611
0.0035996884
0.0033992955
0.0031955454
0.002988273
0.0027772778
0.0025623167
0.0023430917
0.0021192484
0.0018903397
0.0016559168
0.0014152221
0.0011682959
0.00091249914
0.0006548313
0.00037316803
0.00015941819
0.01089294
0.010878986
0.010864541
0.010849572
0.010833998
0.010817785
0.010800918
0.010783369
0.010765107
0.010746101
0.010726318
0.010705725
0.010684286
0.010661964
0.010638722
0.010614518
0.010589312
0.01056306
0.010535718
0.01050724
0.010477576
0.010446677
0.01041449
0.010380959
0.010346031
0.010309648
0.010271752
0.010232282
0.010191176
0.01014837
0.010103801
0.0100574
0.010009101
0.0099588355
0.0099065341
0.0098521268
0.0097955433
0.009736713
0.0096755647
0.009612029
0.0095460378
0.0094775252
0.0094064277
0.0093326854
0.0092562428
0.0091770562
0.0090950813
0.0090102136
0.0089222743
0.0088311065
0.0087366543
0.0086389097
0.0085378498
0.0084334438
0.0083256618
0.008214476
0.0080998832
0.0079819057
0.007860571
0.0077359131
0.0076079901
0.0074768757
0.0073426239
0.0072052841
0.0070649239
0.0069216293
0.0067755137
0.0066266948
0.0064751987
0.0063209763
0.0061639858
0.0060042059
0.0058416176
0.0056761962
0.0055079137
0.0053367411
0.0051626474
0.0049855985
0.0048055564
0.0046224781
0.0044363148
0.0042470114
0.0040545043
0.0038587195
0.0036595707
0.0034569567
0.0032507586
0.0030408353
0.0028270193
0.0026091111
0.0023868704
0.002160016
0.0019281876
0.0016910288
0.0014478472
0.0011986823
0.00094060854
0.00068012085
0.00039271593
0.00017030698
0.0096506849
0.0096397411
0.0096283735
0.0096165292
0.0096041972
0.0095913644
0.009578008
0.0095641029
0.0095496247
0.0095345482
0.0095188472
0.009502494
0.0094854598
0.0094677146
0.0094492273
0.0094299654
0.0094098952
0.0093889817
0.0093671885
0.0093444779
0.0093208107
0.0092961467
0.009270444
0.0092436594
0.0092157486
0.0091866658
0.0091563639
0.0091247948
0.0090919091
0.0090576563
0.0090219851
0.0089848433
0.0089461779
0.0089059356
0.0088640626
0.0088205051
0.0087752093
0.0087281215
0.0086791884
0.0086283584
0.008575582
0.0085208121
0.0084640044
0.008405118
0.0083441172
0.0082809708
0.0082156556
0.0081481512
0.0080784048
0.0080063237
0.0079318113
0.0078547759
0.0077751236
0.0076927568
0.0076075769
0.00751948
0.0074283544
0.0073340826
0.007236542
0.0071356077
0.0070311336
0.006922994
0.0068111943
0.0066958064
0.0065768984
0.0064545323
0.0063287941
0.00619978
0.0060674986
0.0059318844
0.0057928791
0.0056504463
0.0055045532
0.0053551631
0.0052022384
0.0050457425
0.0048856392
0.0047218914
0.0045544611
0.0043833084
0.0042083919
0.0040296681
0.0038470901
0.0036606074
0.0034701647
0.0032757021
0.0030771545
0.0028744512
0.0026675169
0.0024562722
0.0022406347
0.0020205292
0.0017958693
0.0015666509
0.0013326819
0.0010945622
0.00085050516
0.00060730954
0.00034507709
0.00014664345
)
;

boundaryField
{
    inlet
    {
        type            zeroGradient;
    }
    top
    {
        type            zeroGradient;
    }
    outlet
    {
        type            fixedValue;
        value           uniform 0;
    }
    slipsurface
    {
        type            slip;
    }
    bottom
    {
        type            zeroGradient;
    }
    frontandback
    {
        type            empty;
    }
}


// ************************************************************************* //
