/*--------------------------------*- C++ -*----------------------------------*\
| =========                 |                                                 |
| \\      /  F ield         | OpenFOAM: The Open Source CFD Toolbox           |
|  \\    /   O peration     | Version:  2206                                  |
|   \\  /    A nd           | Website:  www.openfoam.com                      |
|    \\/     M anipulation  |                                                 |
\*---------------------------------------------------------------------------*/
FoamFile
{
    version     2.0;
    format      ascii;
    arch        "LSB;label=32;scalar=64";
    class       volScalarField;
    location    "700";
    object      omega;
}
// * * * * * * * * * * * * * * * * * * * * * * * * * * * * * * * * * * * * * //

dimensions      [0 0 -1 0 0 0 0];

internalField   nonuniform List<scalar> 
7480
(
7569.1036
7590.8122
7571.1095
7538.154
7512.5642
7498.0758
7491.1188
7487.7286
7485.8494
7484.6257
7483.6803
7482.8694
7482.1629
7481.5516
7481.0215
7480.5597
7480.1562
7479.8018
7479.4866
7479.204
7478.9504
7478.7213
7478.5131
7478.3233
7478.1499
7477.9908
7477.8443
7477.7091
7477.5843
7477.4688
7477.3617
7477.2625
7477.1705
7477.0852
7477.0061
7476.9329
7476.8651
7476.8026
7476.7452
7476.6926
7476.6449
7476.602
7476.5638
7476.5304
7476.5017
7476.4786
7476.4604
7476.4481
7476.4416
7476.4406
7476.4451
7476.4548
7476.4691
7476.4872
7476.5081
7476.5312
7476.5551
7476.5778
7476.5973
7476.612
7476.6219
7476.6271
7476.6279
7476.625
7476.6193
7476.6114
7476.602
7476.5916
7476.5806
7476.5692
7476.5577
7476.5461
7476.5346
7476.5233
7476.5121
7476.501
7476.4902
7476.479
7476.4677
7476.4562
7476.4446
7476.4331
7476.4215
7476.4098
7476.398
7476.3861
7476.3742
7476.3622
7476.3501
7476.3381
7476.326
7476.3139
7476.3019
7476.2898
7476.2778
7476.2653
7476.2544
7476.2387
7476.2299
7476.2059
1003.2428
1574.4089
1842.5128
1920.8059
1937.0647
1923.891
1863.1815
1797.8229
1744.1949
1704.0038
1673.3606
1647.7027
1624.4835
1603.0728
1583.2795
1564.8967
1547.8495
1532.2294
1517.874
1504.5666
1492.2155
1480.7971
1470.2035
1460.3221
1451.1069
1442.5313
1434.5236
1427.0156
1419.976
1413.3813
1407.1892
1401.3643
1395.8904
1390.751
1385.9219
1381.3847
1377.1303
1373.1472
1369.4217
1365.9457
1362.7177
1359.735
1356.9947
1354.5006
1352.2432
1350.2377
1348.4825
1346.9745
1345.7314
1344.7461
1344.039
1343.6435
1343.4543
1343.4388
1343.5595
1343.778
1344.0517
1344.3211
1344.5276
1344.6218
1344.58
1344.3986
1344.1239
1343.747
1343.2669
1342.707
1342.0889
1341.4331
1340.7555
1340.0678
1339.3788
1338.6955
1338.0213
1337.3595
1336.7126
1336.0803
1335.4655
1334.859
1334.2563
1333.6587
1333.0662
1332.4789
1331.8963
1331.3158
1330.7371
1330.1589
1329.5815
1329.0048
1328.4289
1327.8547
1327.282
1326.7114
1326.1436
1325.5773
1325.017
1324.4457
1323.9012
1323.3377
1322.6621
1322.0508
190.66608
396.63099
585.9581
709.20652
769.25867
785.38462
782.09054
789.21518
803.68322
812.84633
819.32947
823.54723
825.04674
824.15007
821.42261
817.40401
811.9423
805.28907
797.70242
789.40058
780.59601
771.49289
762.23488
752.92592
743.67079
734.56394
725.62135
716.84329
708.24587
699.85262
691.67797
683.73189
676.02798
668.5787
661.3913
654.47371
647.83568
641.47734
635.39588
629.59197
624.07171
618.84276
613.91264
609.29258
604.98977
601.00267
597.34287
593.98191
590.90933
588.11747
585.64303
583.49105
581.55562
579.80252
578.20676
576.71512
575.26569
573.81775
572.36101
570.89506
569.41551
567.90876
566.45724
565.01223
563.55595
562.09109
560.62382
559.16302
557.71701
556.29276
554.89571
553.53032
552.19971
550.90592
549.65077
548.43336
547.25447
546.13629
545.06238
544.01984
543.00203
542.00576
541.02921
540.06878
539.12252
538.18814
537.26439
536.35035
535.44513
534.54874
533.66041
532.7802
531.90823
531.04287
530.18805
529.32732
528.49295
527.65639
526.73791
525.65117
72.002825
121.36433
193.99483
267.72393
324.6258
359.73594
377.80566
386.78079
392.45175
397.56849
404.51904
415.2283
426.20995
437.93391
452.28096
470.55234
485.14306
496.53474
505.30505
511.86418
516.53633
519.61313
521.35371
522.02753
521.95038
521.36853
520.01116
517.82627
514.90183
511.36201
507.32598
502.89755
498.16758
493.21651
488.11893
482.94922
477.75497
472.51919
467.24153
461.93912
456.6382
451.36645
446.14922
441.011
435.98063
431.04837
426.19898
421.39664
416.62941
411.90617
407.24921
402.75745
398.33248
393.98563
389.75242
385.58782
381.45643
377.40289
373.51323
369.85637
366.45196
363.31696
360.48595
357.88378
355.46085
353.18172
351.01935
348.95496
346.97568
345.0728
343.24023
341.47441
339.77321
338.13428
336.55601
335.0358
333.57277
332.19207
330.886
329.639
328.44087
327.28612
326.172
325.0947
324.05133
323.03863
322.05388
321.09475
320.15884
319.24465
318.35026
317.47445
316.61604
315.77308
314.94683
314.12768
313.3245
312.57332
311.72015
310.75998
55.641971
64.532426
83.910706
111.34948
140.42184
165.52897
184.58348
198.13239
207.74312
214.78954
220.4218
225.66458
230.96107
236.83309
244.10041
253.54861
263.34615
273.15015
282.74644
292.00443
300.83073
309.30562
317.72247
326.71453
337.34688
349.83474
359.6946
366.92628
372.20812
375.99042
378.57944
380.19636
381.01958
381.21678
380.97887
380.51728
379.80994
378.46465
376.4777
373.93396
370.92867
367.54438
363.84903
359.90391
355.78272
351.48531
346.94794
342.14831
337.11349
331.88841
326.52191
321.07422
315.6186
310.16502
304.74966
299.32658
293.92129
288.65691
283.65253
278.98745
274.725
270.8796
267.41085
264.26216
261.37986
258.71745
256.23536
253.90252
251.69527
249.59582
247.59138
245.67391
243.83616
242.0723
240.37828
238.75027
237.18717
235.69185
234.26713
232.90896
231.61157
230.3705
229.18313
228.04617
226.95671
225.91137
224.90691
223.94031
223.0084
222.10866
221.23871
220.39631
219.57923
218.78522
218.01374
217.25948
216.51882
215.85077
215.1018
214.28293
53.509868
54.437441
58.088328
65.265559
75.158512
86.041925
96.434248
105.64159
113.54158
120.26102
125.96647
130.87255
135.184
139.11286
142.9419
147.01008
151.41855
156.26954
161.70903
167.81741
174.15603
180.72343
187.52525
194.61362
202.10067
210.06989
218.05228
225.69004
232.80896
239.34801
245.32075
250.80672
255.97691
261.16143
266.97047
274.12427
281.53762
286.10748
288.75375
290.08337
290.45039
290.07193
289.10074
287.68298
285.99877
284.19738
281.83237
278.80922
275.22938
271.20099
266.82412
262.19688
257.41962
252.52381
247.56172
242.60591
237.71095
232.9603
228.43433
224.18383
220.23015
216.58031
213.21728
210.11283
207.2371
204.55976
202.05175
199.68894
197.45115
195.32185
193.28848
191.3428
189.47736
187.68625
185.9652
184.31029
182.72059
181.19102
179.72301
178.31815
176.97551
175.69312
174.46934
173.30177
172.18795
171.12489
170.10953
169.13875
168.20922
167.31805
166.46245
165.63981
164.84753
164.08318
163.34534
162.63061
161.93195
161.30327
160.63184
159.89029
53.224406
52.808843
52.95921
54.085331
56.273394
59.363839
62.973458
66.789356
70.617738
74.355876
77.933648
81.30502
84.448247
87.361272
90.075002
92.658105
95.18075
97.713518
100.3405
103.15231
106.19199
109.5276
113.24205
117.38625
121.86443
126.72594
131.94115
137.42615
143.08418
148.83129
154.59495
160.31804
165.96938
171.55898
177.1424
182.82563
188.52957
193.80479
198.43916
202.38777
205.68721
208.42495
210.75286
212.95023
215.48152
218.48038
219.85638
219.6739
218.49283
216.62655
214.29544
211.69924
209.00552
205.97683
202.55825
199.05357
195.61596
192.29228
189.04192
185.87381
182.81512
179.87976
177.06881
174.38444
171.82699
169.38931
167.06182
164.83768
162.70756
160.6625
158.69544
156.80156
154.97696
153.21892
151.52501
149.89229
148.32044
146.80529
145.34555
143.94288
142.59842
141.3122
140.0838
138.91179
137.79432
136.72909
135.71355
134.74494
133.8201
132.9362
132.0903
131.27978
130.50214
129.75497
129.03654
128.34415
127.67136
127.05887
126.43677
125.73452
53.162268
52.54263
52.020904
51.712798
51.712109
52.046943
52.632982
53.45505
54.479275
55.668302
56.982462
58.383848
59.837213
61.309657
62.775858
64.223236
65.64969
67.060303
68.469476
69.90127
71.381702
72.942063
74.622396
76.468344
78.51644
80.818284
83.430742
86.357683
89.553783
93.017223
96.737644
100.69539
104.86746
109.2343
113.7869
118.52585
123.43123
128.41043
133.35935
138.18169
142.79671
147.14245
151.17569
154.88057
158.27936
161.33808
163.88123
165.76882
167.00121
167.67164
167.93277
167.9847
167.97861
167.24552
165.73313
163.88446
162.05707
160.2764
158.3205
156.29126
154.25119
152.19981
150.1328
148.07208
146.0345
144.02385
142.04647
140.11456
138.22657
136.38303
134.58558
132.8355
131.13345
129.48239
127.88297
126.33365
124.83574
123.3876
121.98725
120.63555
119.33407
118.08398
116.88587
115.73933
114.64321
113.59615
112.5965
111.64217
110.73043
109.85894
109.02509
108.22651
107.46109
106.72661
106.02143
105.34319
104.68724
104.08158
103.48944
102.80759
53.125912
52.475621
51.839143
51.240792
50.710924
50.272366
49.929337
49.684136
49.538892
49.482842
49.493727
49.598108
49.795892
50.077109
50.428215
50.836118
51.290591
51.783469
52.30949
52.867312
53.458741
54.088461
54.76521
55.502339
56.316042
57.227177
58.262326
59.447372
60.803803
62.357467
64.138443
66.149385
68.387576
70.859354
73.576133
76.546774
79.777666
83.26148
86.97554
90.889088
94.966273
99.16662
103.44613
107.75873
112.06443
116.26368
120.21212
123.79817
126.93316
129.56075
131.65424
133.21595
134.27672
134.88323
135.04294
134.79413
134.37533
133.84608
132.996
132.01269
130.99162
129.84548
128.54532
127.16247
125.72263
124.22523
122.69252
121.14329
119.58433
118.02507
116.47484
114.94118
113.42929
111.95153
110.5101
109.10313
107.73521
106.40594
105.11321
103.85825
102.64269
101.46801
100.33542
99.245417
98.197334
97.191187
96.226532
95.302127
94.415737
93.565899
92.750769
91.968441
91.217584
90.496269
89.803222
89.136492
88.493305
87.891818
87.318165
86.648232
53.095893
52.439074
51.783014
51.131571
50.491577
49.870374
49.27348
48.70554
48.171335
47.674635
47.216996
46.802496
46.434724
46.115391
45.829958
45.572534
45.355771
45.185119
45.060776
44.981217
44.944346
44.947728
44.990464
45.07404
45.2019
45.379451
45.614612
45.917295
46.298826
46.772569
47.354763
48.061427
48.909098
49.917238
51.109566
52.492617
54.083291
55.900243
57.955036
60.256474
62.813763
65.633649
68.720324
72.075268
75.698415
79.569124
83.60448
87.702364
91.758579
95.66587
99.318875
102.61918
105.48245
107.85314
109.69268
110.92358
111.55348
111.75995
111.74259
111.56193
111.32341
110.95995
110.41859
109.77055
109.01361
108.09142
107.06753
105.96659
104.79408
103.5715
102.31533
101.04101
99.758915
98.501305
97.262958
96.04135
94.839888
93.66042
92.503133
91.369579
90.261619
89.181049
88.12979
87.109248
86.118905
85.160401
84.235903
83.344943
82.485945
81.658178
80.860742
80.092396
79.353054
78.640941
77.955405
77.29508
76.658732
76.057632
75.492813
74.827813
53.069536
52.409336
51.748107
51.086114
50.424482
49.764755
49.108698
48.458346
47.816103
47.184577
46.566238
45.96364
45.379364
44.815819
44.273721
43.753199
43.255646
42.782854
42.33644
41.917572
41.521872
41.139043
40.773884
40.435892
40.131093
39.862989
39.634202
39.447009
39.303894
39.208944
39.168262
39.189291
39.280758
39.452956
39.718268
40.089271
40.58096
41.21169
42.001471
42.961498
44.111881
45.47463
47.073804
48.935584
51.088493
53.563039
56.377943
59.521543
62.964239
66.653075
70.510548
74.434858
78.303272
81.985563
85.358709
88.281476
90.623683
92.355422
93.518745
94.222314
94.586401
94.755215
94.783979
94.708784
94.544679
94.221829
93.781554
93.223674
92.517961
91.712456
90.827422
89.891655
88.915
87.932073
86.936492
85.92932
84.916348
83.901556
82.888042
81.87964
80.879669
79.89127
78.917881
77.962309
77.026232
76.112027
75.222212
74.35801
73.519739
72.707701
71.921947
71.162218
70.428489
69.720079
69.036956
68.37813
67.743671
67.140141
66.577614
65.912947
53.031534
52.367454
51.702508
51.036457
50.369286
49.701039
49.031978
48.362697
47.694116
47.027378
46.363725
45.704467
45.050983
44.404702
43.766941
43.13888
42.521711
41.916666
41.325002
40.74796
40.186225
39.639411
39.107679
38.592157
38.094466
37.61638
37.158998
36.716526
36.283796
35.869395
35.483735
35.134008
34.825334
34.561722
34.346876
34.185974
34.086073
34.05617
34.107082
34.250289
34.499657
34.872326
35.387898
36.066206
36.935306
38.029685
39.388892
41.051814
43.054472
45.424553
48.174387
51.292545
54.735139
58.421226
62.236156
66.026456
69.604426
72.796827
75.473386
77.596784
79.179044
80.298454
81.053214
81.521432
81.793377
81.934785
81.957261
81.882938
81.675413
81.356545
80.921336
80.392401
79.789548
79.120567
78.393263
77.621119
76.81455
75.979728
75.12311
74.251502
73.370269
72.484454
71.599295
70.718983
69.84693
68.98675
68.141632
67.313974
66.505488
65.717451
64.950811
64.206168
63.484033
62.784504
62.107966
61.453811
60.823125
60.219599
59.658889
58.995649
52.97316
52.293987
51.616302
50.939749
50.263908
49.588274
48.912483
48.236463
47.560433
46.884798
46.210049
45.53672
44.865388
44.196681
43.531268
42.869846
42.213149
41.56195
40.917057
40.279318
39.649558
39.028481
38.416734
37.815017
37.224118
36.644911
36.078287
35.524447
34.983044
34.454677
33.940996
33.444219
32.966497
32.50397
32.049777
31.61377
31.208364
30.841617
30.519138
30.244959
30.024045
29.864074
29.775035
29.768972
29.861285
30.07227
30.427295
30.956404
31.69824
32.698061
34.005857
35.672054
37.740216
40.235656
43.153081
46.441918
49.992124
53.639594
57.187217
60.457929
63.314506
65.687972
67.582689
69.023777
70.071583
70.813801
71.307276
71.623873
71.814168
71.885615
71.858152
71.720637
71.491708
71.181301
70.76989
70.282794
69.733324
69.126334
68.47021
67.774811
67.047818
66.296125
65.527172
64.746893
63.960625
63.173827
62.390804
61.615258
60.85033
60.0984
59.361476
58.641103
57.938518
57.254619
56.590362
55.945677
55.322491
54.722757
54.165471
53.505732
52.922295
52.222263
51.524648
50.829473
50.136528
49.445385
48.755628
48.067032
47.379606
46.693532
46.009067
45.326492
44.646101
43.9682
43.293108
42.621156
41.952692
41.288082
40.627712
39.971988
39.32134
38.676199
38.037006
37.40421
36.778289
36.159745
35.549116
34.946903
34.353518
33.769391
33.195081
32.631323
32.078984
31.538407
31.009161
30.491967
29.988829
29.502369
29.033478
28.572453
28.123705
27.70258
27.318909
26.978883
26.687153
26.450864
26.281137
26.192954
26.206348
26.347907
26.651799
27.160531
27.927535
29.014078
30.48336
32.388829
34.755392
37.557367
40.703597
44.046809
47.405721
50.601923
53.4998
56.007318
58.084477
59.750671
61.035269
61.9854
62.674661
63.147587
63.467366
63.656925
63.736216
63.735312
63.643643
63.468183
63.221188
62.88683
62.474164
61.998729
61.46804
60.888249
60.269952
59.620742
58.947676
58.258718
57.559432
56.855117
56.150645
55.449676
54.75555
54.070908
53.397901
52.738355
52.093913
51.465191
50.854885
50.264002
49.71353
49.060744
52.892339
52.177611
51.464517
50.7534
50.044386
49.337365
48.63215
47.928631
47.226839
46.526934
45.829145
45.133735
44.440974
43.751143
43.064522
42.381395
41.702045
41.026758
40.355817
39.689508
39.028117
38.371925
37.721212
37.076256
36.437329
35.804706
35.17866
34.559466
33.947387
33.342681
32.745614
32.156488
31.575642
31.0034
30.439994
29.885709
29.341009
28.806581
28.283119
27.770141
27.267744
26.777781
26.302964
25.843971
25.389414
24.949139
24.539544
24.170235
23.848178
23.581981
23.386055
23.280813
23.294428
23.465173
23.84305
24.489255
25.474511
26.866233
28.708436
31.000058
33.680457
36.630875
39.697597
42.716967
45.54265
48.074599
50.252695
52.053565
53.501395
54.625109
55.464402
56.07493
56.497202
56.773913
56.946942
57.029481
57.038906
56.96939
56.820951
56.604993
56.310808
55.939749
55.510444
55.028297
54.500715
53.939532
53.350387
52.740572
52.117218
51.485318
50.849946
50.215031
49.583877
48.959469
48.344266
47.739741
47.149366
46.573753
46.035223
45.394306
52.877431
52.154678
51.43267
50.711841
49.992467
49.274634
48.558345
47.843619
47.130549
46.419315
45.710152
45.003329
44.299128
43.597845
42.899776
42.205222
41.514482
40.827855
40.145636
39.468118
38.795588
38.128329
37.466616
36.810717
36.160891
35.51739
34.880451
34.250305
33.627169
33.011245
32.402721
31.801777
31.208585
30.623306
30.046082
29.477047
28.91634
28.364134
27.82063
27.285933
26.760128
26.243483
25.736531
25.239796
24.752421
24.274855
23.809444
23.359317
22.916917
22.481454
22.074281
21.70837
21.393598
21.143162
20.978802
20.931787
21.045433
21.376593
21.992241
22.960888
24.338305
26.146005
28.355654
30.884925
33.607924
36.381174
39.0659
41.545082
43.745021
45.626304
47.176683
48.419802
49.381825
50.094885
50.614916
50.979592
51.216537
51.358965
51.430586
51.432861
51.362826
51.219563
51.015895
50.735189
50.385671
49.986661
49.537724
49.049724
48.532528
47.991647
47.434507
46.866369
46.291983
45.715842
45.141352
44.571096
44.009404
43.456914
42.937178
42.314601
52.870847
52.144021
51.417375
50.691349
49.966258
49.242276
48.519497
47.798012
47.077956
46.359515
45.642925
44.92845
44.216372
43.506986
42.800594
42.097501
41.398013
40.702436
40.011076
39.324235
38.642211
37.965297
37.293782
36.627948
35.968068
35.314409
34.667227
34.02677
33.393274
32.766962
32.148045
31.53672
30.93317
30.33756
29.750039
29.170738
28.599772
28.037238
27.483223
26.937793
26.400989
25.872851
25.353444
24.842863
24.341059
23.848032
23.364047
22.88968
22.424559
21.968318
21.523239
21.092853
20.670192
20.257145
19.878085
19.548313
19.282251
19.103593
19.047261
19.160474
19.502443
20.138308
21.12764
22.509205
24.283017
26.40104
28.77062
31.268618
33.766062
36.146601
38.316851
40.222222
41.836273
43.154021
44.203904
45.010234
45.60545
46.03447
46.33638
46.526348
46.631643
46.67963
46.662658
46.577715
46.427625
46.225758
45.944594
45.607485
45.225454
44.801042
44.345601
43.86485
43.365344
42.853464
42.333573
41.809784
41.28738
40.767437
40.275076
39.678972
52.868656
52.139777
51.41075
50.682008
49.953883
49.226586
48.50026
47.775036
47.051065
46.328537
45.60768
44.888748
44.172012
43.457758
42.746279
42.037873
41.332841
40.631486
39.934107
39.241003
38.552472
37.868804
37.190288
36.517205
35.849833
35.18844
34.533289
33.884635
33.242723
32.607789
31.980061
31.359753
30.74707
30.142202
29.545329
28.956613
28.376203
27.804229
27.240806
26.686031
26.13998
25.602709
25.07426
24.554664
24.043924
23.542025
23.048971
22.564816
22.089548
21.623109
21.165713
20.717951
20.279516
19.850413
19.433676
19.033846
18.637243
18.267205
17.946108
17.691483
17.529063
17.496376
17.642644
18.025475
18.705465
19.73163
21.1255
22.868907
24.8995
27.119731
29.412005
31.661253
33.769094
35.660846
37.299484
38.669294
39.775825
40.648269
41.30773
41.789466
42.129554
42.364576
42.49971
42.571916
42.588101
42.54509
42.438638
42.277463
42.060283
41.777652
41.450594
41.080868
40.677702
40.249435
39.800928
39.338454
38.868164
38.392094
37.937459
37.377839
52.868829
52.13891
51.408639
50.678445
49.948671
49.219555
48.491273
47.763982
47.037848
46.313063
45.589848
44.868447
44.149123
43.432148
42.717806
42.006386
41.298179
40.593477
39.892572
39.195754
38.50331
37.815526
37.132679
36.455046
35.782896
35.116491
34.456089
33.801938
33.154281
32.513352
31.879377
31.252572
30.633146
30.021295
29.417207
28.821058
28.233013
27.653224
27.08183
26.518955
25.964709
25.419188
24.882469
24.354617
23.83568
23.325687
22.824662
22.332625
21.849587
21.375545
20.910521
20.454593
20.00779
19.570131
19.141994
18.724246
18.31596
17.91931
17.539064
17.166657
16.819902
16.523951
16.297957
16.170258
16.18064
16.379208
16.821332
17.562292
18.638412
20.055212
21.777875
23.732166
25.817168
27.920882
29.941957
31.798349
33.434589
34.829309
35.974523
36.886307
37.592529
38.114364
38.486081
38.746116
38.913839
38.992732
39.031544
39.01489
38.942427
38.815144
38.643055
38.407172
38.123531
37.80126
37.443766
37.060615
36.657924
36.239506
35.834798
35.324035
52.870321
52.139881
51.408949
50.67795
49.947235
49.217065
48.487643
47.759149
47.031765
46.305687
45.581134
44.858346
44.137575
43.41909
42.703165
41.990079
41.280115
40.573559
39.870692
39.171798
38.477155
37.787039
37.101721
36.421466
35.746536
35.077186
34.413661
33.756205
33.10505
32.460422
31.82254
31.191613
30.567842
29.95142
29.34253
28.741346
28.148033
27.562743
26.985621
26.416798
25.856396
25.304524
24.761279
24.226746
23.700997
23.184093
22.676087
22.177023
21.686938
21.205867
20.73384
20.270896
19.817072
19.372404
18.936965
18.510919
18.094292
17.687358
17.290929
16.904588
16.530328
16.173227
15.824876
15.508632
15.246573
15.059241
14.977916
15.045109
15.310553
15.82853
16.646885
17.78751
19.239009
20.949472
22.834113
24.789921
26.712622
28.515953
30.133544
31.529105
32.694373
33.63039
34.360905
34.910733
35.308684
35.579121
35.764541
35.867348
35.910288
35.910743
35.861366
35.760877
35.616195
35.422865
35.176622
34.893729
34.576555
34.232454
33.891871
33.445326
52.872581
52.141895
51.410611
50.679149
49.947866
49.217042
48.486904
47.757653
47.029487
46.302609
45.577242
44.853621
44.131997
43.412634
42.695798
41.981766
41.270814
40.563221
39.859263
39.159218
38.463358
37.771951
37.085263
36.403553
35.727074
35.056073
34.390792
33.731462
33.078311
32.431556
31.791406
31.158065
30.531724
29.912569
29.300775
28.696508
28.099927
27.511179
26.930403
26.357727
25.793271
25.237144
24.689443
24.150257
23.619665
23.097735
22.584529
22.080101
21.584498
21.097767
20.619949
20.151087
19.691224
19.240404
18.798677
18.366105
17.942749
17.528686
17.124069
16.728957
16.343639
15.968998
15.604665
15.253526
14.921103
14.599538
14.317493
14.093779
13.952084
13.927121
14.063626
14.41235
15.024681
15.937238
17.155709
18.648967
20.34782
22.1592
23.980527
25.718493
27.303397
28.686732
29.851199
30.797047
31.540406
32.105008
32.514456
32.799539
32.99045
33.106586
33.153713
33.164173
33.130407
33.050907
32.928718
32.76803
32.554002
32.303252
32.042886
31.679069
52.875304
52.144523
51.413058
50.681323
49.949678
49.218419
48.487794
47.758025
47.029322
46.301902
45.575988
44.851819
44.129645
43.409725
42.692325
41.977716
41.266172
40.557968
39.853376
39.152668
38.456114
37.763979
37.076522
36.393998
35.716656
35.044739
34.378481
33.718111
33.063848
32.415905
31.774486
31.139786
30.511992
29.891282
29.277824
28.671779
28.073297
27.48252
26.899578
26.324596
25.757686
25.198951
24.648486
24.106375
23.572693
23.047508
22.530876
22.022852
21.52348
21.032803
20.55086
20.07769
19.613329
19.157817
18.711193
18.273502
17.84479
17.425106
17.0145
16.613017
16.220717
15.837748
15.464177
15.100428
14.747595
14.405527
14.078154
13.766462
13.476873
13.232571
13.052521
12.964888
13.008569
13.230459
13.682145
14.409232
15.431383
16.734831
18.26626
19.940904
21.660874
23.329403
24.869476
26.228319
27.380311
28.323863
29.066615
29.634437
30.048897
30.339966
30.531519
30.653241
30.708188
30.721103
30.69861
30.635069
30.532269
30.393848
30.22982
29.969099
52.878318
52.147526
51.415977
50.684078
49.952193
49.220627
48.489647
47.759493
47.03039
46.302564
45.576246
44.851678
44.12911
43.408799
42.691012
41.976016
41.264083
40.555484
39.850492
39.149375
38.452399
37.759827
37.071916
36.388917
35.711077
35.038635
34.371822
33.710864
33.055976
32.407367
31.765238
31.129778
30.501171
29.879591
29.2652
28.658154
28.058599
27.46667
26.882495
26.306189
25.737862
25.177612
24.625526
24.081685
23.546159
23.019009
22.50029
21.990046
21.488319
20.995144
20.510551
20.03457
19.567226
19.108546
18.658556
18.217285
17.784761
17.361014
16.946073
16.539958
16.14269
15.754293
15.374787
15.004234
14.642822
14.290681
13.94845
13.616803
13.297231
12.994353
12.706097
12.451519
12.248415
12.119159
12.097006
12.225071
12.553258
13.130864
13.990577
15.131267
16.514101
18.063761
19.68534
21.281891
22.771173
24.097306
25.226699
26.15473
26.888375
27.450087
27.862424
28.151795
28.342412
28.463485
28.524359
28.538363
28.525073
28.474142
28.405851
28.266254
52.88152
52.150766
51.41919
50.687193
49.95514
49.223346
48.492092
47.761633
47.03221
46.304058
45.577416
44.852529
44.12965
43.409036
42.690953
41.975667
41.263449
40.55457
39.849298
39.147901
38.450644
37.757786
37.069583
36.386286
35.708138
35.035376
34.36823
33.706923
33.051668
32.402673
31.760133
31.124239
30.495169
29.873094
29.258176
28.650565
28.050404
27.457825
26.872953
26.295899
25.726769
25.165655
24.612644
24.06781
23.53122
23.002931
22.482991
21.971442
21.468319
20.973649
20.487457
20.009761
19.540579
19.079924
18.62781
18.184248
17.749253
17.322835
16.905005
16.495769
16.095127
15.703077
15.319608
14.944716
14.578409
14.220709
13.871709
13.531577
13.200651
12.879854
12.56967
12.273298
11.994581
11.736642
11.520047
11.36359
11.295459
11.354602
11.588768
12.048589
12.77505
13.778397
15.031526
16.468456
17.997729
19.523261
20.958679
22.243593
23.342317
24.246285
24.963161
25.51114
25.91583
26.197272
26.384711
26.502166
26.566848
26.58567
26.592916
26.548254
52.884846
52.154157
51.422588
50.690535
49.958362
49.226391
48.494916
47.764205
47.034512
46.306082
45.579163
44.854003
44.130859
43.409989
42.691659
41.976135
41.263688
40.554585
39.849096
39.147487
38.45002
37.756956
37.068547
36.385042
35.706685
35.033711
34.366348
33.704818
33.049333
32.400098
31.757308
31.121151
30.491806
29.869439
29.254211
28.646271
28.04576
27.452808
26.867535
26.290053
25.720464
25.158858
24.605319
24.059918
23.522719
22.993776
22.473135
21.960833
21.456901
20.961362
20.474235
19.995532
19.525263
19.063432
18.610042
18.165095
17.72859
17.300525
16.880896
16.469694
16.066906
15.672513
15.286492
14.908812
14.539446
14.178364
13.825549
13.481004
13.144771
12.817005
12.497898
12.188057
11.888532
11.600669
11.328674
11.073567
10.851165
10.678434
10.579396
10.589065
10.752458
11.120429
11.738636
12.627837
13.769987
15.107551
16.552579
18.008581
19.38781
20.626587
21.688682
22.562043
23.255938
23.783823
24.173928
24.444875
24.627595
24.742484
24.822577
24.850031
52.888257
52.157646
51.426105
50.694022
49.96176
49.229649
48.497989
47.767062
47.037133
46.308458
45.581291
44.855887
44.132504
43.411406
42.692856
41.977122
41.264474
40.555179
39.849506
39.147719
38.450081
37.75685
37.068279
36.384616
35.706101
35.032971
34.365453
33.703766
33.048122
32.398726
31.755771
31.119444
30.489922
29.867372
29.251952
28.643811
28.043087
27.44991
26.8644
26.286665
25.716805
25.154912
24.601064
24.055334
23.517782
22.988462
22.467415
21.954679
21.450279
20.954238
20.466569
19.987282
19.51638
19.053863
18.599727
18.153965
17.716568
17.287524
16.866819
16.454432
16.050341
15.654515
15.266918
14.887511
14.516248
14.153082
13.797963
13.450848
13.111698
12.780497
12.457256
12.142057
11.835113
11.536785
11.247972
10.969578
10.704737
10.45671
10.233291
10.051521
9.9321434
9.906611
10.017173
10.314327
10.846412
11.64218
12.691242
13.942372
15.310943
16.700501
18.023084
19.212768
20.233792
21.071197
21.735062
22.238739
22.611567
22.871354
23.062003
23.178382
52.891723
52.161198
51.429697
50.697602
49.965274
49.233046
48.501229
47.770113
47.039973
46.311076
45.583682
44.858052
44.134449
43.413137
42.694383
41.978455
41.265621
40.556151
39.85031
39.148365
38.450575
37.757199
37.068489
36.384691
35.706047
35.032791
34.365149
33.70334
33.047576
32.39806
31.754985
31.118538
30.488893
29.866218
29.250669
28.642396
28.041535
27.448214
26.862554
26.284661
25.714636
25.152566
24.598533
24.052604
23.514842
22.985297
22.464011
21.951018
21.446345
20.95001
20.462025
19.982397
19.511127
19.04821
18.59364
18.147403
17.709486
17.27987
16.858532
16.445448
16.040585
15.643906
15.255367
14.87492
14.502511
14.138081
13.781569
13.432913
13.09205
12.758921
12.433473
12.115668
11.805498
11.503003
11.208335
10.921743
10.643884
10.375776
10.119446
9.8792179
9.6583948
9.4727528
9.3407893
9.2908859
9.3628932
9.6062841
10.07118
10.791825
11.763916
12.941065
14.241441
15.568726
16.835368
17.974008
18.949182
19.746206
20.377203
20.854978
21.223962
21.473889
52.895225
52.164789
51.433334
50.701238
49.96886
49.236536
48.504582
47.773297
47.042967
46.313865
45.586259
44.860417
44.136606
43.415091
42.696143
41.980029
41.267018
40.557381
39.851382
39.149286
38.451355
37.757845
37.069007
36.385088
35.706329
35.032961
34.365213
33.703301
33.047438
32.397824
31.754654
31.118112
30.488373
29.865605
29.249962
28.641594
28.040636
27.447217
26.861455
26.283457
25.713323
25.15114
24.596987
24.050934
23.513041
22.983357
22.461924
21.948776
21.443937
20.947426
20.459253
19.979423
19.507935
19.044784
18.589959
18.143445
17.705223
17.275272
16.853565
16.440072
16.034756
15.637575
15.248481
14.867418
14.494327
14.129143
13.771799
13.422222
13.08034
12.746078
12.419363
12.100123
11.788292
11.483818
11.186672
10.89686
10.614475
10.339733
10.0731
9.8155936
9.5685586
9.3355588
9.1201126
8.9346143
8.7959104
8.7300078
8.7746232
8.9781092
9.3916546
10.053225
10.963152
12.078324
13.318954
14.588516
15.799728
16.88526
17.812986
18.567731
19.180976
19.637078
52.89875
52.168401
51.436996
50.704907
49.97249
49.240083
48.50801
47.776574
47.046069
46.316777
45.588973
44.86293
44.138919
43.417209
42.698072
41.981777
41.268596
40.558795
39.852642
39.150402
38.452333
37.758694
37.069734
36.385701
35.706832
35.033362
34.365515
33.70351
33.047557
32.397858
31.754605
31.117983
30.488167
29.865322
29.249604
28.641162
28.04013
27.446637
26.8608
26.282727
25.712515
25.150254
24.59602
24.049883
23.511902
22.982128
22.460601
21.947354
21.442412
20.945791
20.457503
19.97755
19.505932
19.04264
18.587663
18.140984
17.702582
17.272434
16.85051
16.436777
16.031195
15.633719
15.244296
14.86287
14.489376
14.123745
13.765906
13.415781
13.073293
12.738359
12.410897
12.090824
11.778057
11.472515
11.174123
10.882813
10.59854
10.321291
10.051113
9.7881881
9.5328548
9.2859138
9.0485579
8.8236983
8.6152459
8.4323505
8.2910819
8.2153133
8.2412168
8.4159198
8.7914966
9.4080182
10.269597
11.334301
12.523155
13.738638
14.896861
15.929025
16.82818
17.550031
52.902287
52.172023
51.440669
50.70859
49.976143
49.243666
48.511485
47.779913
47.049247
46.319777
45.591787
44.865552
44.141348
43.41945
42.700129
41.983658
41.270307
40.560346
39.854042
39.151658
38.453455
37.759688
37.070609
36.386463
35.707489
35.033918
34.365978
33.703884
33.047847
32.398068
31.754739
31.118044
30.488158
29.865246
29.249464
28.640958
28.039865
27.446311
26.860415
26.282283
25.712012
25.149691
24.595398
24.0492
23.511158
22.981321
22.45973
21.946417
21.441407
20.944715
20.456353
19.976324
19.504624
19.041246
18.586177
18.139399
17.70089
17.270625
16.848572
16.434696
16.028956
15.631305
15.241688
14.860045
14.486311
14.120415
13.762281
13.41183
13.06898
12.733646
12.40574
12.085174
11.771858
11.465701
11.166614
10.874509
10.5893
10.310914
10.039289
9.7743951
9.5162512
9.2649819
9.0208581
8.7845283
8.5571151
8.3409684
8.1406245
7.9620791
7.8211381
7.7401751
7.7540711
7.9092501
8.258411
8.842846
9.6688398
10.693187
11.839205
13.004864
14.136546
15.130006
52.905826
52.175644
51.44434
50.712275
49.979804
49.247265
48.514989
47.783291
47.052477
46.322842
45.594674
44.868256
44.143867
43.421785
42.702285
41.98564
41.272123
40.562003
39.855547
39.153021
38.454683
37.76079
37.071592
36.387334
35.708254
35.034585
34.366552
33.704371
33.048252
32.398395
31.754993
31.11823
30.488278
29.865304
29.249462
28.640899
28.039751
27.446145
26.860197
26.282015
25.711695
25.149326
24.594985
24.048741
23.510652
22.980768
22.45913
21.94577
21.440712
20.943973
20.455562
19.975482
19.503731
19.040299
18.585173
18.138334
17.69976
17.269424
16.847294
16.433333
16.027499
15.629743
15.240009
14.858237
14.484359
14.118304
13.759993
13.409346
13.066279
12.730704
12.402532
12.081671
11.768028
11.461507
11.162013
10.869451
10.583726
10.304742
10.032411
9.7666491
9.5073852
9.2545739
9.0082113
8.7683822
8.5353147
8.3095393
8.0921733
7.8850729
7.6923194
7.5196808
7.3815025
7.299162
7.3066965
7.4504148
7.7836792
8.3477393
9.1515437
10.145546
11.28593
12.418857
52.909361
52.179256
51.448
50.715951
49.98346
49.250868
48.518505
47.786693
47.055741
46.32595
45.597614
44.871021
44.146453
43.424193
42.704517
41.987701
41.274019
40.563741
39.857135
39.154466
38.455993
37.761973
37.072655
36.388285
35.7091
35.035333
34.367206
33.704939
33.048738
32.398804
31.75533
31.118499
30.488483
29.865449
29.24955
28.640933
28.039734
27.446079
26.860084
26.281857
25.711494
25.149083
24.594702
24.048418
23.510291
22.98037
22.458696
21.9453
21.440206
20.943432
20.454987
19.974873
19.503087
19.03962
18.584458
18.137582
17.698968
17.26859
16.846413
16.432401
16.02651
15.628691
15.238887
14.857037
14.483072
14.116919
13.758502
13.407736
13.064537
12.728817
12.400484
12.079444
11.765603
11.458863
11.159126
10.866293
10.580264
10.300939
10.028219
9.7620066
9.5022057
9.2487275
9.0014935
8.7604465
8.525567
8.2969106
8.0746806
7.8593143
7.6517846
7.4537901
7.2690462
7.1031689
6.969465
6.8887351
6.8948673
7.0341875
7.3625029
7.9179383
8.7427178
9.721382
52.912886
52.182854
51.451643
50.71961
49.987103
49.254462
48.522021
47.790104
47.059024
46.329087
45.600592
44.87383
44.149091
43.426656
42.706808
41.989824
41.275979
40.565544
39.858788
39.155976
38.457368
37.76322
37.073782
36.389299
35.710007
35.03614
34.36792
33.705564
33.049281
32.399271
31.755725
31.118826
30.488747
29.865652
29.249698
28.641028
28.039779
27.446076
26.860037
26.281768
25.711365
25.148916
24.594498
24.048179
23.510019
22.980066
22.458361
21.944935
21.439814
20.943014
20.454543
19.974404
19.502594
19.039103
18.583918
18.137018
17.69838
17.267976
16.845772
16.431729
16.025804
15.627947
15.238101
14.856203
14.482186
14.115975
13.757491
13.406653
13.063374
12.727565
12.399133
12.077984
11.764022
11.457148
11.157263
10.864265
10.578054
10.298525
10.025577
9.7591071
9.4990121
9.2451912
8.9975458
8.7559826
8.5204176
8.2907852
8.067056
7.8492638
7.637574
7.4323696
7.2345239
7.045629
6.8691479
6.7106379
6.582828
6.5062723
6.5162039
6.6582722
7.0161678
7.5728868
52.916395
52.18643
51.455263
50.723245
49.990724
49.25804
48.525528
47.793513
47.062313
46.332239
45.603592
44.87667
44.151765
43.429162
42.709146
41.991996
41.277989
40.567399
39.860493
39.157538
38.458795
37.764518
37.074958
36.39036
35.710961
35.036993
34.368678
33.706233
33.049867
32.399779
31.75616
31.119192
30.489049
29.865895
29.249884
28.641162
28.039863
27.446114
26.860032
26.281721
25.711279
25.148794
24.594341
24.04799
23.509799
22.979817
22.458085
21.944635
21.43949
20.942668
20.454176
19.974019
19.502191
19.038684
18.583483
18.136569
17.697916
17.267496
16.845275
16.431215
16.02527
15.627391
15.23752
14.855594
14.481544
14.115297
13.756774
13.405891
13.062563
12.726698
12.398206
12.07699
11.762954
11.455998
11.156021
10.862923
10.576599
10.296946
10.02386
9.757235
9.4969668
9.24295
8.9950803
8.7532542
8.5173712
8.2873349
8.0630578
7.8444688
7.6315284
7.4242551
7.2227873
7.0274707
6.8391107
6.6592348
6.4911735
6.3405058
6.2200936
6.1503592
6.1817564
6.3305053
52.919884
52.189982
51.458854
50.726851
49.994317
49.261594
48.529015
47.79691
47.065599
46.335395
45.606605
44.87953
44.154464
43.431698
42.711518
41.994205
41.28004
40.569294
39.86224
39.159142
38.460262
37.765856
37.076174
36.39146
35.711952
35.037881
34.36947
33.706935
33.050484
32.400317
31.756623
31.119586
30.489378
29.866164
29.250096
28.64132
28.039972
27.446177
26.860051
26.281699
25.71122
25.148698
24.594213
24.04783
23.50961
22.979601
22.457844
21.94437
21.439205
20.942363
20.453855
19.973682
19.501841
19.038322
18.583111
18.136186
17.697524
17.267095
16.844866
16.430795
16.02484
15.626948
15.237063
14.85512
14.481051
14.114783
13.756235
13.405325
13.061967
12.726069
12.397539
12.076282
11.762199
11.455192
11.155159
10.861998
10.575605
10.295876
10.022704
9.7559848
9.495611
9.2414762
8.9934739
8.7514977
8.515442
8.2852023
8.0606767
7.8417671
7.6283837
7.4204512
7.2179232
7.0208078
6.8292249
6.6434963
6.4643913
6.2934078
6.1339396
5.9916549
5.8847553
5.8229234
52.923349
52.193504
51.462413
50.730422
49.997877
49.265117
48.532478
47.800288
47.068873
46.338547
45.609621
44.882399
44.157179
43.434254
42.713914
41.996442
41.28212
40.571221
39.864018
39.160778
38.461762
37.767225
37.07742
36.392589
35.71297
35.038795
34.370287
33.70766
33.051123
32.400875
31.757106
31.119999
30.489725
29.866449
29.250323
28.641494
28.040096
27.446253
26.860083
26.281691
25.711173
25.148616
24.594097
24.047684
23.509436
22.979401
22.457619
21.944124
21.438939
20.94208
20.453557
19.973371
19.501519
19.037991
18.582772
18.135841
17.697174
17.26674
16.844506
16.430431
16.02447
15.626572
15.236679
14.854727
14.480648
14.114367
13.755806
13.40488
13.061503
12.725584
12.397032
12.075749
11.761638
11.4546
11.154532
10.861332
10.574897
10.295119
10.021895
9.7551167
9.4946776
9.2404701
8.9923867
8.7503197
8.5141618
8.2838061
8.0591464
7.840078
7.6264982
7.4183083
7.2154171
7.0177467
6.8252466
6.6379179
6.4558711
6.2794148
6.109333
5.9471387
5.7978062
5.6639632
52.926785
52.196992
51.465934
50.733955
50.001399
49.268604
48.535908
47.80364
47.072126
46.341685
45.61263
44.885267
44.159899
43.436822
42.716326
41.998698
41.284221
40.573171
39.865821
39.162439
38.463286
37.768619
37.078689
36.393741
35.714011
35.03973
34.371123
33.708403
33.051778
32.401448
31.757603
31.120423
30.490082
29.866743
29.250559
28.641675
28.040225
27.446336
26.860121
26.281688
25.711131
25.148538
24.593987
24.047543
23.509266
22.979205
22.457401
21.943885
21.438681
20.941806
20.453268
19.973071
19.501209
19.037674
18.582449
18.135514
17.696844
17.266408
16.844173
16.430096
16.024134
15.626234
15.236338
14.854382
14.480297
14.11401
13.75544
13.404505
13.061118
12.725188
12.396622
12.075324
11.761196
11.454138
11.15405
10.860826
10.574364
10.294557
10.0213
9.7544854
9.4940058
9.2397532
8.9916195
8.7494964
8.5132758
8.2828498
8.0581109
7.8389521
7.6252674
7.4169523
7.2139042
7.0160245
6.8232212
6.6354156
6.4525553
6.2746376
6.1017755
5.9342855
5.7733559
5.6197565
52.930188
52.200443
51.469414
50.737445
50.004878
49.272051
48.539301
47.806959
47.075353
46.344803
45.615624
44.888128
44.162618
43.439392
42.718745
42.000965
41.286337
40.575137
39.867642
39.164118
38.464829
37.770031
37.079976
36.394909
35.715067
35.04068
34.371972
33.709157
33.052444
32.402031
31.758107
31.120854
30.490445
29.867041
29.250798
28.641858
28.040356
27.446418
26.860158
26.281683
25.711087
25.148459
24.593873
24.047399
23.509094
22.979007
22.45718
21.943643
21.438421
20.94153
20.45298
19.972771
19.500901
19.037359
18.58213
18.135192
17.696521
17.266085
16.84385
16.429775
16.023813
15.625914
15.236017
14.854061
14.479975
14.113684
13.755111
13.404172
13.060779
12.724843
12.396269
12.074962
11.760825
11.453756
11.153655
10.860417
10.573939
10.294115
10.020838
9.7540006
9.4934961
9.2392156
8.9910508
8.748893
8.5126336
8.2821641
8.0573766
7.8381631
7.6244166
7.4160308
7.2129001
7.0149207
6.8219907
6.6340121
6.4508933
6.2725555
6.0989464
5.9300702
5.7661299
5.6073359
52.933556
52.203852
51.47285
50.740889
50.00831
49.275452
48.542651
47.81024
47.078546
46.347893
45.618598
44.890973
44.165326
43.441958
42.721164
42.003236
41.288459
40.577113
39.869473
39.165808
38.466383
37.771455
37.081276
36.396089
35.716133
35.041639
34.372829
33.709919
33.053116
32.402617
31.758614
31.121287
30.490807
29.867339
29.251034
28.642037
28.040483
27.446495
26.86019
26.281672
25.711037
25.148371
24.593752
24.047247
23.508914
22.978801
22.456951
21.943393
21.438154
20.941247
20.452684
19.972465
19.500587
19.03704
18.581807
18.134867
17.696196
17.265761
16.843527
16.429454
16.023495
15.625597
15.235703
14.853748
14.479662
14.113372
13.754798
13.403857
13.060462
12.724523
12.395946
12.074635
11.760492
11.453418
11.15331
10.860064
10.573577
10.293743
10.020454
9.7536042
9.4930849
9.2387877
8.9906041
8.7484252
8.512142
8.281646
8.0568285
7.8375815
7.6237972
7.4153688
7.2121897
7.0141546
6.8211592
6.6331005
6.449878
6.2713942
6.0975582
5.9282983
5.7635716
5.6034346
52.936883
52.207217
51.476237
50.744282
50.011692
49.278804
48.545955
47.813477
47.081701
46.350949
45.621543
44.893797
44.168018
43.444512
42.723576
42.005503
41.290581
40.57909
39.871308
39.167505
38.467945
37.772887
37.082582
36.397275
35.717205
35.042603
34.373691
33.710683
33.053789
32.403204
31.75912
31.121717
30.491167
29.867632
29.251265
28.642211
28.040602
27.446564
26.860212
26.28165
25.710975
25.148273
24.59362
24.047083
23.508721
22.978583
22.456709
21.943131
21.437873
20.940952
20.452376
19.972147
19.500262
19.036709
18.581473
18.134532
17.695861
17.265428
16.843197
16.429127
16.023171
15.625276
15.235384
14.853431
14.479347
14.113058
13.754485
13.403545
13.06015
12.724211
12.395633
12.074321
11.760177
11.4531
11.152989
10.85974
10.573249
10.293409
10.020115
9.753258
9.4927307
9.2384243
8.9902301
8.748039
8.5117419
8.2812301
8.0563947
7.8371274
7.6233203
7.414866
7.2116577
7.0135895
6.8205561
6.6324535
6.4491788
6.2706299
6.0967092
5.9273199
5.7623692
5.6018686
52.940167
52.210534
51.479573
50.747622
50.015019
49.282102
48.549207
47.816666
47.084811
46.353967
45.624455
44.896591
44.170687
43.447048
42.725974
42.007761
41.292696
40.581064
39.873142
39.169201
38.469508
37.774319
37.08389
36.398463
35.718279
35.043568
34.374552
33.711447
33.054459
32.403788
31.759622
31.122142
30.49152
29.867917
29.251487
28.642374
28.04071
27.446621
26.860222
26.281616
25.7109
25.14816
24.593472
24.046903
23.508512
22.978348
22.456451
21.942853
21.437577
20.940641
20.452052
19.971814
19.499921
19.036363
18.581124
18.134183
17.695513
17.265082
16.842854
16.428788
16.022836
15.624944
15.235055
14.853105
14.479024
14.112738
13.754167
13.403229
13.059835
12.723897
12.39532
12.074009
11.759865
11.452788
11.152677
10.859428
10.572936
10.293094
10.019798
9.7529383
9.4924074
9.2380967
8.9898973
8.7476999
8.5113955
8.2808751
8.0560297
7.8367508
7.6229304
7.4144608
7.2112351
7.0131471
6.8200912
6.6319629
6.4486584
6.2700749
6.0961109
5.926667
5.7616406
5.6010275
52.943403
52.213799
51.482855
50.750905
50.018289
49.285343
48.552403
47.819803
47.087873
46.35694
45.627326
44.899351
44.173326
43.449559
42.728353
42.010003
41.2948
40.583029
39.874969
39.170893
38.471066
37.775749
37.085195
36.399649
35.71935
35.044529
34.375409
33.712205
33.055125
32.404365
31.760116
31.122558
30.491863
29.868191
29.251698
28.642524
28.040805
27.446664
26.860216
26.281565
25.710808
25.148029
24.593306
24.046705
23.508285
22.978095
22.456174
21.942555
21.437261
20.94031
20.451709
19.971461
19.499561
19.035998
18.580757
18.133816
17.695147
17.264719
16.842495
16.428433
16.022485
15.624598
15.234714
14.852768
14.478691
14.112408
13.75384
13.402905
13.059514
12.723578
12.395004
12.073695
11.759553
11.452478
11.152368
10.85912
10.572628
10.292788
10.019492
9.7526319
9.4921004
9.2377885
8.9895873
8.7473875
8.51108
8.2805555
8.0557052
7.8364204
7.6225928
7.4141149
7.2108795
7.0127801
6.8197111
6.6315677
6.4482459
6.2696426
6.0956546
5.9261825
5.7611263
5.6004722
52.946589
52.21701
51.486078
50.754128
50.021498
49.288523
48.55554
47.822882
47.09088
46.359863
45.630153
44.90207
44.17593
43.45204
42.730705
42.012222
41.296884
40.584978
39.876783
39.172573
38.472616
37.777171
37.086493
36.400827
35.720414
35.045483
34.376258
33.712955
33.055781
32.404932
31.760599
31.122962
30.492192
29.868452
29.251893
28.642659
28.040883
27.446689
26.860192
26.281496
25.710696
25.147879
24.59312
24.046487
23.508037
22.97782
22.455875
21.942235
21.436924
20.939957
20.451344
19.971086
19.499179
19.035612
18.580369
18.133427
17.69476
17.264335
16.842115
16.428058
16.022116
15.624234
15.234355
14.852414
14.478342
14.112064
13.753501
13.40257
13.059183
12.723251
12.39468
12.073374
11.759235
11.452163
11.152056
10.85881
10.572321
10.292483
10.019189
9.7523306
9.4918005
9.2374896
8.9892889
8.7470892
8.5107813
8.2802559
8.055404
7.8361169
7.6222863
7.4138045
7.2105643
7.012459
6.819383
6.6312313
6.4478997
6.2692852
6.0952836
5.9257966
5.7607207
5.6000453
52.94972
52.220161
51.489239
50.757287
50.024641
49.291638
48.558613
47.8259
47.093829
46.362731
45.632929
44.904744
44.178492
43.454484
42.733024
42.014413
41.298945
40.586906
39.878579
39.174238
38.474151
37.77858
37.087779
36.401994
35.721466
35.046426
34.377096
33.713694
33.056424
32.405486
31.761068
31.123351
30.492507
29.868696
29.252071
28.642775
28.040941
27.446694
26.860147
26.281405
25.710563
25.147706
24.592911
24.046245
23.507765
22.977521
22.455553
21.941892
21.436563
20.939581
20.450955
19.970688
19.498774
19.035203
18.579957
18.133016
17.69435
17.263929
16.841714
16.427662
16.021725
15.62385
15.233977
14.852042
14.477975
14.111703
13.753145
13.402219
13.058837
12.72291
12.394343
12.073042
11.758907
11.451839
11.151736
10.858494
10.572009
10.292174
10.018883
9.7520282
9.4915009
9.2371926
8.9889942
8.7467965
8.5104901
8.2799659
8.0551147
7.8358279
7.6219971
7.4135144
7.2102726
7.0121652
6.8190862
6.6309307
6.4475942
6.2689738
6.0949653
5.9254699
5.7603839
5.5996956
52.952792
52.223251
51.492335
50.760379
50.027717
49.294685
48.561619
47.828852
47.096716
46.36554
45.635649
44.907366
44.181008
43.456886
42.735306
42.016571
41.300975
40.588808
39.880351
39.175881
38.475667
37.779971
37.089048
36.403146
35.722504
35.047353
34.377919
33.714416
33.057052
32.406023
31.76152
31.123723
30.492803
29.86892
29.252229
28.642871
28.040979
27.446677
26.86008
26.281291
25.710405
25.147509
24.592677
24.045978
23.507468
22.977197
22.455205
21.941523
21.436175
20.939178
20.45054
19.970264
19.498343
19.034768
18.57952
18.132579
17.693916
17.263498
16.841288
16.427242
16.021312
15.623443
15.233577
14.851649
14.477589
14.111323
13.752771
13.401851
13.058475
12.722552
12.393991
12.072695
11.758565
11.451503
11.151405
10.858168
10.571687
10.291857
10.01857
9.7517193
9.4911961
9.2368917
8.9886969
8.7465026
8.5101994
8.2796779
8.0548293
7.8355446
7.6217155
7.4132341
7.2099932
7.0118861
6.8188069
6.6306505
6.4473126
6.2686901
6.0946787
5.9251794
5.7600896
5.5993946
52.955802
52.226275
51.495363
50.7634
50.030721
49.29766
48.564554
47.831735
47.099535
46.368285
45.63831
44.909933
44.183472
43.45924
42.737545
42.01869
41.30297
40.590677
39.882094
39.177498
38.477159
37.78134
37.090297
36.404277
35.723522
35.048262
34.378724
33.71512
33.05766
32.406541
31.761952
31.124074
30.493077
29.869123
29.252364
28.642943
28.040992
27.446636
26.859987
26.281151
25.710222
25.147285
24.592417
24.045684
23.507144
22.976845
22.454829
21.941126
21.43576
20.938748
20.450098
19.969812
19.497885
19.034305
18.579056
18.132115
17.693455
17.263041
16.840836
16.426796
16.020872
15.62301
15.233151
14.851231
14.477178
14.110919
13.752374
13.40146
13.05809
12.722174
12.393619
12.072329
11.758205
11.451148
11.151056
10.857825
10.57135
10.291525
10.018244
9.7513985
9.4908805
9.2365811
8.9883912
8.7462015
8.5099027
8.2793855
8.0545408
7.8352597
7.621434
7.4129556
7.2097174
7.0116125
6.8185352
6.6303802
6.4470433
6.2684212
6.0944099
5.9249098
5.75982
5.5991225
52.958746
52.229228
51.498318
50.766347
50.033649
49.30056
48.567414
47.834544
47.102283
46.370961
45.640905
44.912438
44.185878
43.461541
42.739735
42.020764
41.304925
40.59251
39.883803
39.179084
38.478622
37.782682
37.09152
36.405385
35.724517
35.049149
34.379506
33.715802
33.058247
32.407037
31.762362
31.124402
30.493328
29.869302
29.252475
28.64299
28.04098
27.446568
26.859868
26.280984
25.710011
25.147033
24.592128
24.045361
23.50679
22.976464
22.454423
21.940699
21.435315
20.938288
20.449626
19.969331
19.497397
19.033813
18.578563
18.131623
17.692965
17.262555
16.840356
16.426322
16.020405
15.622551
15.2327
14.850786
14.476741
14.110489
13.751951
13.401044
13.057681
12.721772
12.393224
12.07194
11.757823
11.450773
11.150687
10.857462
10.570994
10.291176
10.017901
9.7510616
9.4905497
9.2362563
8.9880723
8.7458883
8.5095951
8.2790832
8.0542436
7.8349675
7.6211464
7.4126724
7.2094383
7.0113373
6.8182634
6.6301116
6.4467775
6.2681578
6.0941487
5.9246502
5.759563
5.5988659
52.961617
52.232107
51.501195
50.769214
50.036497
49.303379
48.570193
47.837274
47.104954
46.373564
45.643429
44.914875
44.188221
43.463782
42.741869
42.022786
41.306831
40.594298
39.885472
39.180632
38.48005
37.783991
37.092712
36.406462
35.725483
35.050008
34.38026
33.716458
33.058807
32.407506
31.762745
31.124703
30.493552
29.869453
29.252557
28.643008
28.040938
27.44647
26.859718
26.280786
25.709769
25.14675
24.591808
24.045007
23.506405
22.976052
22.453986
21.940241
21.434839
20.937797
20.449123
19.968818
19.496878
19.033291
18.578039
18.1311
17.692445
17.26204
16.839846
16.425819
16.019909
15.622063
15.232219
14.850314
14.476276
14.110032
13.751502
13.400603
13.057247
12.721346
12.392804
12.071528
11.757418
11.450375
11.150297
10.857079
10.570618
10.290806
10.017539
9.7507063
9.4902013
9.2359147
8.9877373
8.7455599
8.5092731
8.2787675
8.053934
7.8346638
7.6208484
7.41238
7.2091511
7.0110551
6.817986
6.6298387
6.4465089
6.2678931
6.0938879
5.9243928
5.7593101
5.5986153
52.964405
52.234899
51.503983
50.771991
50.039253
49.306105
48.572881
47.839914
47.107537
46.37608
45.645871
44.917234
44.190489
43.465953
42.743937
42.024745
41.308679
40.596031
39.887089
39.182132
38.481433
37.785257
37.093864
36.407502
35.726413
35.050831
34.380981
33.717079
33.059333
32.407942
31.763094
31.124971
30.493743
29.869571
29.252607
28.642993
28.040863
27.446339
26.859535
26.280555
25.709492
25.146433
24.591453
24.044618
23.505985
22.975604
22.453515
21.939748
21.434329
20.937272
20.448586
19.968272
19.496326
19.032735
18.577483
18.130545
17.691893
17.261493
16.839305
16.425285
16.019384
15.621546
15.231711
14.849814
14.475785
14.10955
13.751028
13.400137
13.056789
12.720896
12.392362
12.071094
11.756992
11.449956
11.149885
10.856675
10.570222
10.290418
10.017158
9.7503329
9.4898352
9.235556
8.9873859
8.7452157
8.5089359
8.2784372
8.0536105
7.8343469
7.620538
7.4120759
7.2088531
7.010763
6.8176997
6.6295579
6.4462334
6.2676227
6.0936226
5.9241322
5.7590561
5.5983642
52.967085
52.237581
51.506661
50.774656
50.041898
49.308721
48.57546
47.842447
47.110015
46.378495
45.648214
44.919498
44.192667
43.468038
42.745923
42.026629
41.310455
40.597697
39.888643
39.183572
38.48276
37.786471
37.094966
36.408494
35.727297
35.051611
34.38166
33.71766
33.059821
32.40834
31.763407
31.125202
30.493897
29.869653
29.252621
28.642943
28.040753
27.446173
26.859317
26.280289
25.709182
25.146082
24.591064
24.044195
23.505533
22.975124
22.453011
21.939224
21.433787
20.936715
20.448018
19.967696
19.495744
19.03215
18.576897
18.129961
17.691313
17.260918
16.838737
16.424725
16.018832
15.621003
15.231177
14.84929
14.47527
14.109043
13.75053
13.399648
13.056309
12.720424
12.391899
12.070639
11.756545
11.449518
11.149455
10.856253
10.569808
10.290012
10.01676
9.7499431
9.4894534
9.2351819
8.9870195
8.7448569
8.5085846
8.2780933
8.0532738
7.8340173
7.6202154
7.4117601
7.208544
7.0104604
6.8174035
6.6292679
6.4459493
6.2673445
6.0933503
5.9238657
5.7587962
5.5981075
248.72815
138.01943
97.986084
79.208367
68.98064
62.875434
59.009352
56.477502
54.979467
80.508592
248.72815
138.01904
97.986181
79.208586
68.980925
62.875697
59.00996
56.476302
54.955651
60.811276
248.72815
138.01885
97.986181
79.20868
68.981104
62.875849
59.010326
56.474665
54.941821
55.315331
248.72815
138.01871
97.986164
79.208729
68.98123
62.875985
59.010658
56.474278
54.929375
54.167293
248.72815
138.01858
97.986145
79.208766
68.981334
62.876128
59.010968
56.473962
54.923773
53.928315
248.72815
138.01846
97.986125
79.208804
68.981436
62.876292
59.011236
56.47352
54.913404
53.870596
248.72815
138.01833
97.986106
79.208848
68.981547
62.876484
59.011521
56.473147
54.895132
53.840986
248.72815
138.0182
97.986088
79.208898
68.981673
62.876705
59.011867
56.472865
54.869961
53.811709
248.72815
138.01807
97.98607
79.208955
68.981815
62.876962
59.012277
56.472737
54.841971
53.781538
248.72815
138.01793
97.986055
79.20902
68.981976
62.877257
59.012756
56.4728
54.816674
53.754401
248.72815
138.0178
97.986041
79.209094
68.982158
62.877594
59.013311
56.47307
54.79723
53.730485
248.72815
138.01766
97.98603
79.209178
68.982361
62.877975
59.013948
56.473556
54.783888
53.696312
248.72815
138.01752
97.986022
79.209273
68.982589
62.878405
59.01467
56.474259
54.775511
53.655082
248.72815
138.01739
97.986018
79.20938
68.982842
62.878886
59.015482
56.475175
54.770763
53.625464
248.72815
138.01725
97.986018
79.2095
68.983123
62.879421
59.016386
56.476295
54.768515
53.60915
248.72815
138.01712
97.986023
79.209634
68.983435
62.880013
59.017384
56.477607
54.76794
53.60134
248.72815
138.01699
97.986034
79.209783
68.98378
62.880665
59.018479
56.479098
54.768476
53.598269
248.72815
138.01686
97.986052
79.20995
68.984159
62.881379
59.019671
56.480755
54.769758
53.597805
248.72815
138.01674
97.986078
79.210135
68.984576
62.882159
59.02096
56.482562
54.77155
53.598814
248.72815
138.01663
97.986113
79.210341
68.985033
62.883007
59.022346
56.484508
54.773697
53.600686
248.72815
138.01653
97.986159
79.210568
68.985533
62.883924
59.023828
56.48658
54.776101
53.603085
248.72815
138.01643
97.986216
79.21082
68.986077
62.884913
59.025404
56.488767
54.778695
53.60582
248.72815
138.01635
97.986287
79.211097
68.986669
62.885975
59.027073
56.491058
54.781433
53.608775
248.72815
138.01629
97.986373
79.211403
68.98731
62.887111
59.028832
56.493444
54.784283
53.611881
248.72815
138.01624
97.986475
79.211738
68.988004
62.888322
59.030679
56.495916
54.787222
53.615092
248.72815
138.0162
97.986595
79.212106
68.988751
62.889608
59.032609
56.498466
54.790233
53.618378
248.72815
138.01619
97.986736
79.212507
68.989555
62.89097
59.03462
56.501086
54.793302
53.621718
248.72815
138.0162
97.986898
79.212946
68.990416
62.892407
59.036708
56.503768
54.796418
53.625096
248.72815
138.01624
97.987085
79.213423
68.991337
62.893917
59.038868
56.506507
54.799572
53.6285
248.72815
138.01631
97.987299
79.213941
68.992319
62.895501
59.041097
56.509295
54.802755
53.631921
248.72815
138.0164
97.987541
79.214502
68.993362
62.897156
59.04339
56.512127
54.805961
53.63535
248.72815
138.01653
97.987813
79.215107
68.994467
62.898881
59.045742
56.514995
54.809184
53.638783
248.72815
138.01669
97.988119
79.215759
68.995635
62.900672
59.048148
56.517896
54.812416
53.642212
248.72815
138.01689
97.98846
79.216459
68.996865
62.902528
59.050603
56.520822
54.815655
53.645632
248.72815
138.01714
97.988839
79.217209
68.998158
62.904445
59.053103
56.523769
54.818893
53.649038
248.72815
138.01743
97.989256
79.21801
68.999512
62.90642
59.055642
56.526731
54.822126
53.652427
248.72815
138.01777
97.989716
79.218863
69.000927
62.908449
59.058215
56.529703
54.825349
53.655794
248.72815
138.01816
97.990219
79.219769
69.002399
62.910527
59.060816
56.532679
54.828558
53.659134
248.72815
138.0186
97.990767
79.220727
69.003929
62.912651
59.06344
56.535654
54.831748
53.662445
248.72815
138.01911
97.991361
79.221739
69.005512
62.914816
59.066081
56.538623
54.834915
53.665721
248.72815
138.01967
97.992004
79.222803
69.007147
62.917016
59.068734
56.541581
54.838054
53.668958
248.72815
138.02031
97.992695
79.223919
69.00883
62.919246
59.071392
56.544523
54.841162
53.672154
248.72815
138.02101
97.993434
79.225087
69.010557
62.921502
59.074051
56.547443
54.844232
53.675304
248.72815
138.02178
97.994223
79.226303
69.012325
62.923777
59.076705
56.550337
54.847261
53.678404
248.72815
138.02263
97.995059
79.227566
69.014127
62.926065
59.079347
56.553199
54.850245
53.681449
248.72815
138.02356
97.995941
79.228874
69.01596
62.92836
59.081971
56.556024
54.853179
53.684437
248.72815
138.02456
97.996866
79.230223
69.017818
62.930655
59.084571
56.558806
54.856057
53.687362
248.72815
138.02564
97.997829
79.231606
69.019693
62.932943
59.08714
56.561538
54.858875
53.690219
248.72815
138.02679
97.998815
79.233009
69.021568
62.935208
59.089662
56.564208
54.861618
53.692996
248.72815
138.02794
97.999771
79.234375
69.023397
62.937409
59.092105
56.566785
54.864261
53.695667
248.72815
138.02898
98.000701
79.235845
69.025404
62.939796
59.094726
56.56953
54.867063
53.69849
248.72815
138.02966
98.001836
79.237723
69.027876
62.942682
59.097867
56.572806
54.870402
53.701852
248.72815
138.03002
98.003175
79.239734
69.030535
62.945799
59.101252
56.576327
54.873984
53.705455
248.72815
138.03028
98.004986
79.242256
69.033724
62.949447
59.105155
56.580352
54.878054
53.709534
248.72815
138.03058
98.007075
79.245313
69.037536
62.953742
59.109706
56.585016
54.882756
53.71424
248.72815
138.031
98.009627
79.249224
69.042305
62.959003
59.115203
56.590602
54.888359
53.71983
248.72815
138.0317
98.01255
79.253623
69.047561
62.964709
59.121105
56.596565
54.89432
53.725766
248.72815
138.03276
98.015798
79.258319
69.053032
62.970537
59.127055
56.602521
54.900237
53.731632
248.72815
138.03412
98.019196
79.263019
69.058374
62.976128
59.132698
56.60813
54.905783
53.737113
248.72815
138.03552
98.022395
79.267293
69.063116
62.981
59.137543
56.612892
54.910453
53.741699
248.72815
138.03693
98.02516
79.270782
69.066848
62.984728
59.14117
56.616395
54.913842
53.744994
248.72815
138.03793
98.027043
79.273045
69.069157
62.986935
59.143233
56.618318
54.915647
53.746705
248.72815
138.03844
98.02792
79.273953
69.069911
62.987477
59.143572
56.618489
54.915685
53.746644
248.72815
138.03848
98.027851
79.273681
69.069412
62.986771
59.142694
56.617477
54.914571
53.745454
248.72815
138.0381
98.026882
79.272154
69.067431
62.984449
59.140125
56.614731
54.911701
53.742497
248.72815
138.03759
98.025682
79.270424
69.06531
62.982044
59.137521
56.611995
54.908883
53.739636
248.72815
138.0363
98.02305
79.266781
69.060968
62.977234
59.132403
56.606679
54.903446
53.734131
248.72815
138.03777
98.025048
79.268833
69.062909
62.979011
59.134008
56.608116
54.904722
53.735253
52.969911
52.240404
51.509475
50.777453
50.044671
49.311463
48.578162
47.845101
47.112613
46.381029
45.650676
44.92188
44.194962
43.47024
42.748026
42.028627
41.312345
40.599475
39.890306
39.18512
38.484191
37.787787
37.096166
36.40958
35.728272
35.052477
34.38242
33.718318
33.06038
32.408805
31.763782
31.125491
30.494104
29.869782
29.252677
28.642931
28.040676
27.446036
26.859124
26.280043
25.708888
25.145744
24.590685
24.043779
23.505083
22.974644
22.452504
21.938694
21.433237
20.936148
20.447438
19.967105
19.495146
19.031548
18.576293
18.129357
17.690712
17.260322
16.838147
16.424142
16.018256
15.620436
15.230619
14.84874
14.474729
14.108511
13.750007
13.399133
13.055803
12.719926
12.391409
12.070157
11.756072
11.449053
11.148998
10.855805
10.569367
10.28958
10.016336
9.7495269
9.4890452
9.2347817
8.9866273
8.7444725
8.5082079
8.2777243
8.0529124
7.8336634
7.6198689
7.4114208
7.2082118
7.0101352
6.817085
6.6289562
6.4456442
6.2670459
6.0930582
5.9235804
5.7585188
5.5978338
52.973279
52.24377
51.512831
50.780791
50.047983
49.31474
48.581394
47.84828
47.11573
46.384074
45.65364
44.924755
44.197741
43.472914
42.750589
42.031074
41.314671
40.601675
39.892378
39.187061
38.486
37.789464
37.097711
36.410995
35.729558
35.053637
34.383457
33.719236
33.061182
32.409496
31.764366
31.125973
30.494489
29.870074
29.252882
28.643053
28.04072
27.446006
26.859025
26.27988
25.708666
25.145466
24.590356
24.043403
23.504664
22.974188
22.452013
21.938172
21.432688
20.935577
20.446847
19.9665
19.494529
19.030922
18.575662
18.128723
17.690078
17.259689
16.837518
16.423518
16.017639
15.619826
15.230016
14.848145
14.474142
14.107932
13.749435
13.398569
13.055247
12.719377
12.390869
12.069624
11.755547
11.448536
11.148489
10.855303
10.568874
10.289094
10.015858
9.7490577
9.4885842
9.2343289
8.9861826
8.7440359
8.5077795
8.2773039
8.0525
7.8332589
7.6194722
7.4110319
7.2078306
7.0097616
6.8167189
6.6285975
6.4452929
6.2667018
6.0927215
5.9232514
5.758197
5.5975172
52.976885
52.247372
51.51642
50.784359
50.051522
49.318239
48.584845
47.851673
47.119055
46.387321
45.656801
44.92782
44.200701
43.475762
42.753317
42.033675
41.317139
40.604007
39.894569
39.189109
38.487904
37.791221
37.099324
36.412463
35.730884
35.054823
34.384506
33.720152
33.06197
32.41016
31.764911
31.126404
30.494811
29.870293
29.253002
28.643081
28.040661
27.445866
26.858809
26.279593
25.708312
25.145051
24.589886
24.042882
23.504097
22.973578
22.451367
21.937493
21.431982
20.934847
20.446098
19.965735
19.493753
19.030139
18.574875
18.127936
17.689293
17.258909
16.836745
16.422753
16.016884
15.61908
15.229281
14.847421
14.473429
14.10723
13.748745
13.397889
13.054577
12.718719
12.39022
12.068987
11.754919
11.447918
11.147882
10.854707
10.568288
10.288519
10.015293
9.7485023
9.4880389
9.2337937
8.9856574
8.7435207
8.5072742
8.2768083
8.0520141
7.8327826
7.6190053
7.4105743
7.2073822
7.0093222
6.8162885
6.6281759
6.44488
6.2662977
6.0923263
5.9228654
5.7578207
5.5971472
52.980958
52.251431
51.520457
50.788364
50.055486
49.322153
48.588698
47.855455
47.122755
46.390931
45.660309
44.931217
44.203977
43.478909
42.756327
42.036541
41.319855
40.606566
39.896968
39.191345
38.489973
37.793124
37.101059
36.414032
35.732289
35.056066
34.385591
33.721083
33.062751
32.410795
31.765407
31.126767
30.495047
29.870407
29.253002
28.642972
28.04045
27.445559
26.858412
26.279113
25.707755
25.144424
24.589193
24.04213
23.503291
22.972725
22.450472
21.936562
21.431019
20.933858
20.445088
19.96471
19.492717
19.029096
18.57383
18.126892
17.688254
17.257878
16.835724
16.421745
16.015889
15.6181
15.228317
14.846473
14.472497
14.106314
13.747844
13.397005
13.053709
12.717866
12.389383
12.068164
11.754112
11.447126
11.147105
10.853945
10.567541
10.287787
10.014575
9.7477998
9.487351
9.2331202
8.9849982
8.7428757
8.506643
8.276191
8.0514103
7.8321922
7.6184281
7.41001
7.2068306
7.0087832
6.8157618
6.6276613
6.4443775
6.265807
6.0918475
5.922399
5.7573665
5.5967024
52.985656
52.256111
51.52511
50.792982
50.060056
49.326666
48.593144
47.859822
47.127032
46.395106
45.664373
44.935158
44.207785
43.482575
42.759841
42.039895
41.323042
40.60958
39.899802
39.193995
38.492437
37.795399
37.103144
36.415928
35.733996
35.057586
34.386928
33.72224
33.063733
32.411607
31.766055
31.127256
30.495384
29.8706
29.253056
28.642895
28.04025
27.445243
26.857987
26.278586
25.707134
25.143714
24.588404
24.041267
23.502362
22.971736
22.449429
21.935473
21.42989
20.932695
20.443898
19.963498
19.491489
19.027858
18.572586
18.125648
17.687013
17.256644
16.8345
16.420533
16.014692
15.616919
15.227153
14.845326
14.471368
14.105203
13.746752
13.39593
13.052652
12.716827
12.388362
12.067161
11.753127
11.446159
11.146156
10.853013
10.566627
10.286891
10.013697
9.7469393
9.4865081
9.2322948
8.9841902
8.7420848
8.5058693
8.2754341
8.0506702
7.8314686
7.6177208
7.4093188
7.2061553
7.0081236
6.8151177
6.6270325
6.4437637
6.2652084
6.0912641
5.9218312
5.7568142
5.5961629
52.991226
52.261652
51.530614
50.798439
50.065457
49.332
48.5984
47.86499
47.132101
46.400065
45.669211
44.939864
44.21235
43.486987
42.764091
42.043974
41.326942
40.613294
39.903324
39.197319
38.495558
37.798315
37.105852
36.418427
35.736287
35.05967
34.388806
33.723915
33.06521
32.41289
31.767149
31.128168
30.49612
29.871166
29.25346
28.643145
28.040352
27.445205
26.857818
26.278294
25.706726
25.143199
24.587789
24.04056
23.501571
22.970869
22.448494
21.934476
21.428839
20.931599
20.442762
19.962329
19.490295
19.026644
18.571359
18.124412
17.685774
17.255406
16.833267
16.419308
16.013477
15.615716
15.225963
14.844151
14.470208
14.104058
13.745622
13.394817
13.051555
12.715746
12.387296
12.066112
11.752094
11.445142
11.145155
10.852029
10.565659
10.285939
10.012762
9.7460207
9.4856061
9.2314093
8.9833212
8.7412324
8.5050332
8.2746143
8.0498666
7.830681
7.6169492
7.408563
7.2054152
7.007399
6.8144085
6.6263386
6.4430852
6.2645452
6.0906165
5.9211997
5.7561986
5.5955603
52.997134
52.267524
51.536441
50.804211
50.071164
49.337633
48.603948
47.870443
47.137449
46.405297
45.674315
44.944831
44.217169
43.491648
42.768585
42.048291
41.331074
40.617233
39.907063
39.200852
38.498881
37.801423
37.108742
36.421097
35.738736
35.061898
34.390815
33.725708
33.066788
32.414259
31.768312
31.129132
30.49689
29.87175
29.253864
28.643377
28.04042
27.445118
26.857583
26.27792
25.706222
25.142574
24.587051
24.039719
23.500634
22.969846
22.447392
21.933305
21.427607
20.930314
20.441432
19.960963
19.488898
19.025225
18.569924
18.122967
17.684325
17.253958
16.831824
16.417874
16.012054
15.614308
15.224571
14.842776
14.468851
14.10272
13.744304
13.393518
13.050275
12.714486
12.386057
12.064893
11.750895
11.443963
11.143996
10.85089
10.564541
10.284841
10.011685
9.7449635
9.4845692
9.2303927
8.9823247
8.7402559
8.5040767
8.2736776
8.0489495
7.8297833
7.6160707
7.4077036
7.2045746
7.006577
6.8136049
6.6255533
6.4423181
6.2637963
6.089886
5.9204879
5.7555054
5.5948827
53.002957
52.273296
51.542154
50.809857
50.076735
49.343119
48.609341
47.875733
47.142626
46.410352
45.679238
44.949613
44.2218
43.496119
42.772886
42.052415
41.335012
40.620978
39.910607
39.20419
38.502006
37.804331
37.111431
36.423563
35.740977
35.063915
34.392607
33.727276
33.068135
32.415388
31.769227
31.129838
30.497392
29.872055
29.253979
28.643309
28.040177
27.444708
26.857016
26.277203
25.705365
25.141586
24.585941
24.038497
23.49931
22.968428
22.44589
21.931728
21.425965
20.928615
20.439686
19.959177
19.487081
19.023385
18.568068
18.121104
17.682459
17.252095
16.829969
16.416031
16.010228
15.612501
15.222785
14.841013
14.467112
14.101007
13.742616
13.391857
13.048641
12.712879
12.384476
12.063339
11.749368
11.442464
11.142524
10.849445
10.563123
10.283451
10.010322
9.7436277
9.4832605
9.229111
8.9810699
8.7390278
8.502875
8.2725022
8.0478
7.8286596
7.6149725
7.4066306
7.2035265
7.0055535
6.8126059
6.6245785
6.4413673
6.2628694
6.0889833
5.9196094
5.7546509
5.5940494
53.008388
52.27867
51.547462
50.815093
50.081891
49.348186
48.614312
47.880598
47.147378
46.414981
45.683736
44.953971
44.226009
43.500171
42.776773
42.056128
41.338543
40.62432
39.913754
39.207134
38.504743
37.806856
37.113739
36.425651
35.742843
35.065556
34.394024
33.728469
33.069106
32.416138
31.76976
31.130156
30.497502
29.871962
29.253689
28.642828
28.039514
27.44387
26.85601
26.27604
25.704053
25.140135
24.58436
24.036796
23.497498
22.966516
22.443888
21.929646
21.423813
20.926402
20.437421
19.956871
19.484742
19.021022
18.565689
18.118716
17.680069
17.249711
16.827595
16.413673
16.00789
15.610185
15.220496
14.838752
14.464882
14.098809
13.740451
13.389725
13.046543
12.710815
12.382448
12.061345
11.747409
11.44054
11.140636
10.847592
10.561305
10.281668
10.008575
9.7419158
9.4815836
9.227469
8.9794626
8.7374549
8.5013363
8.2709973
8.0463288
7.8272216
7.6135674
7.405258
7.2021861
7.004245
6.8113289
6.6233327
6.4401526
6.2616856
6.0878304
5.9184874
5.7535593
5.5929858
53.012913
52.283128
51.551848
50.819399
50.086111
49.352315
48.618341
47.884522
47.151188
46.418671
45.687299
44.957399
44.229295
43.503307
42.779753
42.058945
41.341191
40.626792
39.916044
39.209236
38.506653
37.808568
37.11525
36.426957
35.743942
35.066446
34.394704
33.728938
33.069364
32.416187
31.769602
31.129795
30.49694
29.871203
29.252739
28.641694
28.0382
27.442385
26.854362
26.274235
25.702101
25.138044
24.582141
24.034457
23.495049
22.963967
22.44125
21.926928
21.421024
20.923553
20.434522
19.953931
19.481771
19.018029
18.562682
18.115703
17.677058
17.246708
16.824607
16.410705
16.004947
15.607272
15.217615
14.835907
14.462075
14.096041
13.737724
13.38704
13.043902
12.708217
12.379894
12.058836
11.744944
11.43812
11.13826
10.845262
10.559019
10.279427
10.006377
9.739763
9.479475
9.2254042
8.9774414
8.735477
8.4994013
8.2691049
8.0444784
7.8254129
7.6117999
7.4035313
7.2004997
7.0025985
6.8097218
6.6217647
6.4386234
6.260195
6.0863781
5.9170732
5.7521824
5.5916441
53.016141
52.286285
51.554929
50.8224
50.089027
49.355139
48.62107
47.887149
47.153709
46.42108
45.68959
44.959566
44.231332
43.50521
42.781515
42.06056
41.342654
40.628097
39.917187
39.210213
38.507458
37.809198
37.1157
36.427226
35.744026
35.066343
34.394412
33.728457
33.068693
32.415327
31.768554
31.128561
30.495522
29.869605
29.250965
28.639747
28.036088
27.440111
26.851934
26.271661
25.699387
25.135199
24.579172
24.031374
23.491861
22.960683
22.437879
21.92348
21.41751
20.919982
20.430903
19.950274
19.478085
19.014323
18.558965
18.111983
17.673343
17.243005
16.820923
16.407046
16.001318
15.603678
15.21406
14.832395
14.458608
14.092622
13.734355
13.383722
13.040635
12.705004
12.376735
12.055731
11.741895
11.435125
11.135321
10.842378
10.556191
10.276654
10.003659
9.7370995
9.476866
9.2228494
8.9749404
8.7330294
8.4970067
8.2667628
8.0421883
7.8231742
7.6096121
7.4013938
7.1984119
7.0005599
6.8077319
6.619823
6.4367293
6.2583483
6.0845784
5.9153197
5.7504743
5.5899795
53.017786
52.287861
51.556434
50.823829
50.090377
49.356407
48.62225
47.888239
47.154704
46.421976
45.690383
44.960252
44.231907
43.505669
42.781854
42.060776
41.342741
40.628053
39.917007
39.209893
38.506996
37.808589
37.114943
36.426317
35.742963
35.065124
34.393036
33.726922
33.067
32.413475
31.766544
31.126393
30.493199
29.867129
29.248338
28.636973
28.03317
27.437055
26.848744
26.268343
25.695947
25.131643
24.575508
24.027609
23.488003
22.95674
22.433859
21.919392
21.413361
20.915782
20.426662
19.945999
19.473786
19.010007
18.554641
18.10766
17.669027
17.238704
16.816644
16.402794
15.997099
15.599498
15.209923
14.828304
14.454567
14.088634
13.730422
13.379846
13.036819
12.701248
12.37304
12.052098
11.738324
11.431618
11.131877
10.838997
10.552874
10.2734
10.000469
9.7339725
9.4738019
9.2198479
8.972001
8.7301517
8.4941902
8.2640069
8.0394925
7.8205379
7.6070346
7.3988745
7.1959503
6.9981552
6.8053836
6.6175305
6.4344921
6.2561657
6.0824499
5.9132445
5.7484512
5.5880067
53.017659
52.287666
51.556167
50.82349
50.089962
49.355915
48.621678
47.887585
47.153965
46.421149
45.689466
44.959243
44.230803
43.504467
42.780552
42.059371
41.341232
40.626436
39.91528
39.208055
38.505043
37.80652
37.112756
36.42401
35.740535
35.062574
34.390362
33.724125
33.064078
32.410429
31.763374
31.1231
30.489784
29.863593
29.244684
28.633203
28.029288
27.433064
26.844647
26.264145
25.691653
25.127258
24.571037
24.023058
23.483379
22.952049
22.429108
21.914588
21.408513
20.910896
20.421745
19.941059
19.468831
19.005044
18.549678
18.102703
17.664084
17.233781
16.811747
16.397931
15.992274
15.594715
15.205188
14.823622
14.44994
14.084066
13.725916
13.375405
13.032443
12.69694
12.368801
12.047929
11.734227
11.427592
11.127923
10.835115
10.549064
10.269662
9.9968036
9.7303791
9.4702801
9.2163974
8.9686214
8.7268424
8.4909507
8.2608367
8.0363908
7.8175042
7.6040681
7.3959746
7.1931162
6.9953863
6.802679
6.6148897
6.4319143
6.2536502
6.0799958
5.910851
5.7461169
5.5857301
53.01642
52.286376
51.554825
50.822092
50.088508
49.354402
48.620105
47.885948
47.152264
46.419382
45.687631
44.957337
44.228826
43.502417
42.778427
42.057169
41.338951
40.624076
39.912839
39.20553
38.502434
37.803826
37.109975
36.421141
35.737578
35.059528
34.387226
33.720898
33.060761
32.407021
31.759875
31.119511
30.486105
29.859825
29.240829
28.629262
28.025262
27.428956
26.840459
26.25988
25.687314
25.122848
24.566561
24.018519
23.478782
22.947398
22.424409
21.909846
21.403732
20.906083
20.416906
19.9362
19.463957
19.000162
18.544793
18.097821
17.659212
17.228924
16.80691
16.393119
15.987493
15.58997
15.200483
14.81896
14.445326
14.079503
13.721407
13.370952
13.02805
12.692607
12.364531
12.043724
11.730086
11.423518
11.123915
10.831175
10.545192
10.265859
9.9930689
9.7267129
9.4666823
9.2128679
8.96516
8.7234489
8.4876246
8.2575776
8.0331984
7.8143779
7.6010075
7.3929791
7.1901852
6.9925193
6.7998756
6.6121491
6.4292359
6.2510334
6.0774399
5.9083549
5.7436794
5.5833498
53.013407
52.283308
51.551701
50.818912
50.085271
49.351108
48.616755
47.882542
47.148802
46.415864
45.684058
44.953709
44.225143
43.498679
42.774635
42.053324
41.335052
40.620122
39.908831
39.201469
38.498319
37.799658
37.105753
36.416866
35.733249
35.055146
34.382792
33.716412
33.056224
32.402433
31.755237
31.114824
30.481371
29.855044
29.236002
28.624392
28.02035
27.424003
26.835467
26.254851
25.68225
25.117753
24.561435
24.013366
23.473604
22.942199
22.419191
21.904612
21.398487
20.90083
20.411648
19.930942
19.458702
18.994915
18.539558
18.092602
17.654013
17.223749
16.801764
16.388005
15.982415
15.584931
15.195486
14.814008
14.440423
14.074651
13.716608
13.366209
13.023364
12.687981
12.359966
12.03922
11.725645
11.419141
11.119603
10.826928
10.54101
10.261742
9.9890175
9.7227274
9.4627629
9.2090145
8.9613727
8.7197276
8.4839693
8.2539882
8.0296749
7.8109201
7.5976154
7.3896524
7.186924
6.9893233
6.7967445
6.6090828
6.4262342
6.2480959
6.0745662
5.9055444
5.7409315
5.5806639
53.010541
52.280436
51.548822
50.816026
50.082378
49.348206
48.613843
47.879621
47.145869
46.412919
45.681099
44.950736
44.222153
43.49567
42.771605
42.05027
41.331972
40.617013
39.90569
39.198293
38.495104
37.796401
37.102451
36.413516
35.729848
35.051691
34.37928
33.712841
33.052592
32.398738
31.751479
31.111001
30.477482
29.85109
29.231984
28.62031
28.016206
27.419799
26.831207
26.250536
25.677885
25.11334
24.55698
24.008872
23.469076
22.937641
22.414607
21.900008
21.393865
20.896194
20.407002
19.926289
19.454046
18.990258
18.534904
18.087954
17.649375
17.219124
16.797155
16.383415
15.977847
15.580387
15.19097
14.809523
14.43597
14.070233
13.712229
13.361869
13.019066
12.683726
12.355755
12.035055
11.721527
11.415069
11.115579
10.822953
10.537084
10.257866
9.9851914
9.7189515
9.4590373
9.2053395
8.9577484
8.7161542
8.480447
8.250517
8.0262549
7.8075515
7.5942982
7.3863868
7.18371
6.986161
6.7936341
6.6060241
6.4232273
6.2451407
6.0716625
5.9026919
5.7381298
5.5779121
53.005015
52.274893
51.543267
50.810462
50.076807
49.342631
48.608265
47.874039
47.140285
46.407331
45.675505
44.945133
44.216539
43.490043
42.765961
42.044605
41.326282
40.611295
39.89994
39.192507
38.48928
37.790534
37.096538
36.407555
35.723835
35.045624
34.373156
33.706658
33.046348
32.392431
31.745107
31.104562
30.470975
29.844514
29.225337
28.61359
28.009412
27.412931
26.824263
26.243516
25.670787
25.106166
24.549729
24.001545
23.461674
22.930166
22.407063
21.892396
21.386191
20.888464
20.399221
19.918463
19.446182
18.982363
18.526983
18.080014
17.64142
17.211161
16.789189
16.375452
15.969892
15.572447
15.183049
14.801626
14.428101
14.062397
13.70443
13.354112
13.011356
12.676068
12.348154
12.027516
11.714054
11.407668
11.108255
10.815709
10.529925
10.250797
9.978216
9.7120735
9.4522604
9.198667
8.9511833
8.7096991
8.4741044
8.2442892
8.0201435
7.8015581
7.5884238
7.3806324
7.1780762
6.980648
6.7882419
6.6007525
6.4180757
6.2401084
6.0667485
5.8978952
5.7334492
5.573347
53.00599
52.275721
51.543946
50.810993
50.077189
49.342866
48.608353
47.873983
47.140085
46.40699
45.675026
44.94452
44.215794
43.48917
42.764963
42.043487
41.325049
40.60995
39.898487
39.19095
38.487622
37.78878
37.094691
36.405617
35.721811
35.043515
34.370965
33.704386
33.043997
32.390003
31.742602
31.101982
30.46832
29.841785
29.222533
28.610712
28.00646
27.409903
26.82116
26.240337
25.667531
25.102831
24.546315
23.99805
23.458097
22.926505
22.403315
21.88856
21.382264
20.884443
20.395105
19.91425
19.44187
18.977952
18.522475
18.075409
17.636721
17.206371
16.784311
16.37049
15.96485
15.56733
15.177863
14.796377
14.422797
14.057043
13.699032
13.348677
13.005889
12.670576
12.342642
12.02199
11.70852
11.402132
11.102721
10.810183
10.524412
10.2453
9.9727406
9.7066237
9.44684
9.1932799
8.9458329
8.704389
8.4688376
8.2390685
8.0149719
7.7964381
7.5833579
7.3756228
7.1731249
6.9757569
6.7834126
6.5959866
6.4133743
6.2354724
6.0621786
5.8933917
5.7290117
5.5689747
)
;

boundaryField
{
    inlet
    {
        type            fixedValue;
        value           uniform 750;
    }
    top
    {
        type            zeroGradient;
    }
    outlet
    {
        type            zeroGradient;
    }
    slipsurface
    {
        type            slip;
    }
    bottom
    {
        type            omegaWallFunction;
        blending        binomial;
        n               2;
        value           nonuniform List<scalar> 
100
(
7569.1036
7590.8122
7571.1095
7538.154
7512.5642
7498.0758
7491.1188
7487.7286
7485.8494
7484.6257
7483.6803
7482.8694
7482.1629
7481.5516
7481.0215
7480.5597
7480.1562
7479.8018
7479.4866
7479.204
7478.9504
7478.7213
7478.5131
7478.3233
7478.1499
7477.9908
7477.8443
7477.7091
7477.5843
7477.4688
7477.3617
7477.2625
7477.1705
7477.0852
7477.0061
7476.9329
7476.8651
7476.8026
7476.7452
7476.6926
7476.6449
7476.602
7476.5638
7476.5304
7476.5017
7476.4786
7476.4604
7476.4481
7476.4416
7476.4406
7476.4451
7476.4548
7476.4691
7476.4872
7476.5081
7476.5312
7476.5551
7476.5778
7476.5973
7476.612
7476.6219
7476.6271
7476.6279
7476.625
7476.6193
7476.6114
7476.602
7476.5916
7476.5806
7476.5692
7476.5577
7476.5461
7476.5346
7476.5233
7476.5121
7476.501
7476.4902
7476.479
7476.4677
7476.4562
7476.4446
7476.4331
7476.4215
7476.4098
7476.398
7476.3861
7476.3742
7476.3622
7476.3501
7476.3381
7476.326
7476.3139
7476.3019
7476.2898
7476.2778
7476.2653
7476.2544
7476.2387
7476.2299
7476.2059
)
;
    }
    frontandback
    {
        type            empty;
    }
}


// ************************************************************************* //
