/*--------------------------------*- C++ -*----------------------------------*\
| =========                 |                                                 |
| \\      /  F ield         | OpenFOAM: The Open Source CFD Toolbox           |
|  \\    /   O peration     | Version:  2206                                  |
|   \\  /    A nd           | Website:  www.openfoam.com                      |
|    \\/     M anipulation  |                                                 |
\*---------------------------------------------------------------------------*/
FoamFile
{
    version     2.0;
    format      ascii;
    arch        "LSB;label=32;scalar=64";
    class       volScalarField;
    location    "1500";
    object      p;
}
// * * * * * * * * * * * * * * * * * * * * * * * * * * * * * * * * * * * * * //

dimensions      [0 2 -2 0 0 0 0];

internalField   nonuniform List<scalar> 
7480
(
0.062915037
0.052012077
0.036611996
0.027240514
0.021941434
0.018754402
0.01674085
0.015200113
0.013849229
0.012723364
0.01183001
0.011127796
0.010595419
0.010206336
0.0099293506
0.009742044
0.009624019
0.0095606454
0.0095338705
0.0095288692
0.0095478107
0.009569233
0.0095843469
0.009595268
0.0096000347
0.0095974538
0.0095882706
0.0095726628
0.0095492099
0.0095184589
0.0094816625
0.0094393049
0.0093918483
0.0093400814
0.009284023
0.0092237843
0.0091596165
0.0090914643
0.0090196455
0.0089445971
0.0088664007
0.0087849576
0.0087008059
0.0086140281
0.0085246146
0.0084329505
0.0083388494
0.0082424336
0.0081439002
0.0080430115
0.0079400993
0.0078351315
0.0077281301
0.0076192541
0.0075082796
0.0073954296
0.007280613
0.0071638386
0.0070450936
0.0069243328
0.0068016686
0.0066769614
0.0065503177
0.00642163
0.0062909258
0.0061581575
0.0060232918
0.0058862974
0.0057471441
0.0056058262
0.0054622935
0.0053165426
0.0051685231
0.005018245
0.0048656521
0.0047107548
0.0045535058
0.0043939361
0.0042320109
0.0040677821
0.0039012378
0.0037324558
0.0035614817
0.0033884026
0.0032133779
0.0030365301
0.0028581879
0.0026785453
0.0024982959
0.0023175758
0.0021382808
0.0019592753
0.0017876546
0.0016138065
0.0014688818
0.0012994181
0.0012410922
0.0010361941
0.0018330027
-0.0018231125
0.059225641
0.051007883
0.038676091
0.029382991
0.023062425
0.019252809
0.016985754
0.015352394
0.01396456
0.012823063
0.011918802
0.011206915
0.010666304
0.010269401
0.0099848478
0.0097906844
0.0096667854
0.0095981839
0.0095688895
0.0095654265
0.0095776245
0.0095921565
0.0096049231
0.0096138321
0.0096167921
0.0096126623
0.0096021333
0.0095853214
0.0095608002
0.009529122
0.0094915135
0.0094484259
0.0094003128
0.0093479533
0.0092913556
0.0092306295
0.0091660227
0.0090974726
0.0090252891
0.0089499072
0.0088714033
0.0087896765
0.0087052637
0.0086182427
0.0085286032
0.0084367287
0.0083424309
0.0082458323
0.0081471279
0.0080460787
0.0079430164
0.0078379072
0.0077307726
0.0076217708
0.0075106776
0.0073977155
0.0072827928
0.0071659182
0.0070470784
0.0069262278
0.0068034782
0.0066786897
0.0065519689
0.0064232078
0.0062924339
0.0061595992
0.0060246703
0.0058876159
0.0057484052
0.0056070328
0.005463448
0.0053176475
0.0051695807
0.0050192573
0.0048666213
0.0047116829
0.0045543946
0.0043947874
0.0042328265
0.0040685635
0.0039019866
0.0037331736
0.0035621697
0.0033890623
0.0032140107
0.0030371373
0.0028587707
0.0026791049
0.0024988337
0.002318093
0.0021387791
0.0019597556
0.0017881198
0.0016142569
0.0014693237
0.001299852
0.0012415308
0.0010367148
0.0018334162
-0.0018225505
0.055459365
0.048699097
0.037912736
0.02915098
0.02332348
0.019763472
0.017483478
0.015755258
0.014283394
0.013091374
0.012150397
0.011407695
0.010843137
0.010426025
0.010124023
0.0099153069
0.0097785701
0.0096984047
0.0096593924
0.0096473198
0.0096483663
0.0096550448
0.0096615251
0.0096646848
0.0096626119
0.0096542012
0.009639956
0.0096197488
0.0095921844
0.0095578619
0.0095179513
0.0094727969
0.0094228283
0.0093687935
0.0093106757
0.0092485582
0.0091826977
0.0091130287
0.009039809
0.008963483
0.008884113
0.0088015909
0.0087164512
0.0086287581
0.0085384978
0.008446049
0.0083512156
0.0082541222
0.0081549583
0.0080534805
0.0079500202
0.0078445386
0.0077370561
0.0076277284
0.0075163286
0.0074030797
0.0072878867
0.0071707579
0.0070516788
0.006930603
0.006807641
0.0066826516
0.0065557411
0.0064268005
0.0062958569
0.0061628614
0.0060277802
0.0058905815
0.0057512341
0.0056097319
0.0054660238
0.0053201063
0.0051719283
0.0050214993
0.0048687627
0.0047137288
0.0045563496
0.0043966561
0.004234613
0.0040702718
0.0039036205
0.0037347367
0.0035636655
0.0033904941
0.0032153816
0.0030384505
0.0028600292
0.0026803116
0.0024999917
0.0023192049
0.0021398489
0.0019607851
0.0017891167
0.0016152189
0.0014702709
0.0013007726
0.0012424801
0.0010376681
0.0018344973
-0.0018218178
0.052554942
0.04698619
0.037661828
0.029464658
0.023898402
0.020316193
0.017943042
0.016163957
0.014659538
0.013437786
0.012463185
0.011685377
0.011091841
0.01064912
0.010323789
0.010094282
0.0099383374
0.009840979
0.0097868018
0.0097613469
0.0097510836
0.0097481116
0.0097459623
0.0097414646
0.0097325017
0.0097180015
0.0096983773
0.0096732519
0.00964125
0.0096030399
0.0095596825
0.0095113926
0.0094585938
0.0094019976
0.0093415448
0.0092772217
0.0092093636
0.009137924
0.0090630328
0.0089851881
0.0089044238
0.008820618
0.0087343038
0.0086455244
0.008554261
0.0084608825
0.0083651799
0.0082672836
0.0081673739
0.0080652
0.0079610946
0.0078550099
0.0077469651
0.0076371111
0.0075252169
0.007411506
0.0072958782
0.0071783403
0.0070588765
0.0069374394
0.0068141378
0.0066888275
0.0065616145
0.0064323884
0.0063011752
0.0061679245
0.0060326019
0.0058951749
0.0057556114
0.0056139044
0.0054700021
0.0053239003
0.0051755476
0.0050249528
0.0048720588
0.0047168753
0.0045593542
0.0043995257
0.0042373543
0.0040728913
0.0039061242
0.0037371302
0.0035659544
0.0033926836
0.0032174767
0.0030404559
0.0028619498
0.0026821518
0.0025017564
0.0023208982
0.0021414767
0.0019623503
0.00179063
0.0016166783
0.0014717031
0.0013021628
0.0012439044
0.00103904
0.0018361638
-0.0018208346
0.049821793
0.045157301
0.037201998
0.029820491
0.024536441
0.020899736
0.018403759
0.01652943
0.014953865
0.013715139
0.01273726
0.011951982
0.011342362
0.010877364
0.010532222
0.010284817
0.010112466
0.01000021
0.0099305655
0.0098902492
0.0098671695
0.0098526599
0.0098411899
0.0098290658
0.0098133084
0.0097926485
0.009767496
0.0097373127
0.0097006621
0.0096582801
0.0096110996
0.0095592435
0.0095031562
0.009443551
0.0093803384
0.009313384
0.0092431228
0.0091695227
0.0090925846
0.0090128644
0.0089303673
0.0088449575
0.0087571703
0.0086670219
0.0085744899
0.0084799339
0.0083831241
0.0082841987
0.0081833299
0.0080802595
0.0079753224
0.0078684587
0.0077596869
0.0076491527
0.0075366198
0.0074223126
0.0073061222
0.0071880545
0.0070680924
0.0069461881
0.0068224475
0.0066967225
0.006569119
0.0064395244
0.0063079634
0.0061743837
0.0060387497
0.0059010285
0.0057611868
0.0056192162
0.005475064
0.0053287254
0.0051801483
0.0050293408
0.0048762447
0.0047208695
0.0045631663
0.004403165
0.0042408295
0.0040762105
0.0039092953
0.0037401606
0.0035688511
0.0033954532
0.0032201258
0.0030429906
0.0028643761
0.0026844755
0.0025039834
0.0023230338
0.0021435279
0.0019643213
0.0017925323
0.0016185117
0.001473494
0.0013039001
0.0012456658
0.001040738
0.0018382353
-0.001819611
0.047271454
0.043227687
0.036509966
0.029953962
0.02496224
0.021387615
0.018851873
0.016922757
0.015310903
0.014032316
0.013014777
0.012189278
0.011553343
0.011069829
0.01071565
0.010456622
0.010267225
0.010144139
0.010065273
0.010016535
0.0099859137
0.009962734
0.0099423218
0.0099215403
0.0098977891
0.0098703432
0.0098397646
0.0098049742
0.0097641077
0.0097179298
0.0096672093
0.0096119458
0.0095526157
0.0094899756
0.0094239185
0.0093542604
0.0092815017
0.0092055885
0.0091264623
0.0090447163
0.0089603261
0.0088731417
0.0087837123
0.0086920232
0.0085980485
0.0085021506
0.0084040777
0.0083039743
0.0082020049
0.0080978993
0.0079919974
0.0078842261
0.007774605
0.0076632756
0.007549996
0.0074349905
0.0073181392
0.0071994488
0.0070789014
0.0069564477
0.0068321902
0.0067059763
0.006577912
0.0064478826
0.0063159117
0.0061819438
0.0060459424
0.0059078743
0.0057677044
0.005625423
0.0054809761
0.0053343584
0.0051855171
0.005034459
0.0048811251
0.0047255242
0.0045676068
0.0044074023
0.0042448737
0.0040800715
0.0039129821
0.0037436821
0.0035722155
0.0033986685
0.0032231995
0.0030459299
0.0028671881
0.0026871668
0.002506561
0.0023255039
0.0021458979
0.0019665967
0.0017947241
0.0016206224
0.0014755461
0.0013058881
0.0012476601
0.0010426689
0.0018405778
-0.0018181882
0.045037643
0.041394226
0.035666398
0.029880491
0.02523924
0.021786409
0.019246617
0.017286267
0.015664012
0.014360147
0.013313525
0.012460255
0.011793391
0.011279209
0.010896234
0.01061006
0.010398084
0.01026205
0.010174936
0.01011813
0.010080546
0.010053804
0.01003163
0.010009047
0.009982326
0.0099502428
0.0099141618
0.0098738656
0.0098279535
0.0097777921
0.0097238662
0.0096656834
0.0096035977
0.0095383567
0.0094697666
0.0093976364
0.0093225498
0.0092444105
0.0091631393
0.0090793892
0.0089930958
0.0089040959
0.00881297
0.0087196693
0.0086241672
0.0085268398
0.0084274153
0.0083260491
0.0082228949
0.0081176659
0.0080107118
0.0079019459
0.0077913891
0.0076791801
0.0075650689
0.0074492829
0.0073316935
0.0072123088
0.0070911078
0.0069680379
0.0068431991
0.0067164339
0.0065878496
0.0064573292
0.0063248954
0.0061904881
0.0060540707
0.0059156095
0.0057750677
0.005632434
0.0054876533
0.0053407193
0.0051915781
0.0050402356
0.0048866316
0.0047307746
0.0045726141
0.0044121788
0.0042494311
0.0040844208
0.0039171337
0.003747646
0.0035760011
0.0034022848
0.003226655
0.0030492328
0.0028703462
0.0026901878
0.0025094523
0.0023282727
0.0021485521
0.0019691428
0.0017971722
0.0016229777
0.0014778259
0.0013080932
0.0012498503
0.0010447907
0.0018431347
-0.0018165717
0.043101066
0.039794746
0.034818196
0.029683115
0.025395774
0.022091854
0.01958218
0.017614385
0.01598834
0.014666254
0.013599018
0.012728502
0.012039781
0.01150044
0.011094148
0.010783627
0.0105469
0.010389546
0.010281546
0.010206284
0.010154967
0.010120849
0.010095526
0.010070684
0.010043914
0.010013517
0.0099787569
0.0099389058
0.0098914535
0.0098381545
0.0097804925
0.0097186572
0.009653536
0.009585923
0.0095152367
0.0094410937
0.0093641193
0.0092841163
0.0092009789
0.0091154433
0.0090274046
0.0089366999
0.0088439568
0.0087490923
0.008652089
0.0085533407
0.0084525528
0.0083499024
0.0082455334
0.008139142
0.0080310947
0.0079212887
0.0078097467
0.0076966059
0.0075816058
0.007464982
0.0073465999
0.007226468
0.0071045613
0.0069808232
0.0068553523
0.0067279867
0.006598835
0.0064677768
0.0063348338
0.0061999438
0.0060630694
0.0059241752
0.005783223
0.0056402004
0.005495051
0.0053477673
0.0051982941
0.0050466364
0.004892733
0.0047365919
0.0045781616
0.0044174701
0.004254479
0.0040892375
0.0039217307
0.0037520343
0.0035801911
0.0034062863
0.0032304775
0.0030528852
0.0028738374
0.002693526
0.0025126456
0.002331329
0.0021514793
0.0019719487
0.0017998657
0.0016255668
0.001480322
0.0013105035
0.001252222
0.001047085
0.0018458751
-0.0018147455
0.041379471
0.038406663
0.034054957
0.029462596
0.025489247
0.022332187
0.019869895
0.017909614
0.016286688
0.014955847
0.013874186
0.012988722
0.012280034
0.011720148
0.011290795
0.010959423
0.010704417
0.010526855
0.010399633
0.010307588
0.010241577
0.010193424
0.010155697
0.010120318
0.010086884
0.010055052
0.010020484
0.0099812256
0.0099367687
0.0098866288
0.0098311939
0.0097696754
0.0097029602
0.0096327911
0.0095594182
0.0094829448
0.0094042194
0.0093227253
0.0092381412
0.0091512358
0.0090618098
0.0089696919
0.0088755694
0.0087793231
0.0086809588
0.0085808974
0.0084788206
0.0083749403
0.0082693934
0.0081618598
0.0080527291
0.0079418815
0.0078293457
0.0077152582
0.0075993481
0.0074818618
0.0073626574
0.007241746
0.0071190994
0.0069946585
0.0068685205
0.006740519
0.0066107648
0.0064791326
0.0063456442
0.0062102368
0.0060728719
0.0059335119
0.0057921172
0.0056486744
0.005503126
0.0053554634
0.0052056298
0.0050536297
0.0048994008
0.0047429504
0.004584226
0.0044232551
0.0042599983
0.0040945042
0.0039267572
0.0037568325
0.0035847721
0.0034106609
0.0032346558
0.0030568771
0.0028776521
0.0026971724
0.0025161325
0.0023346649
0.0021546723
0.0019750074
0.0018027976
0.0016283828
0.0014830266
0.001313111
0.0012547651
0.0010495391
0.0018487712
-0.0018126864
0.03982142
0.037160722
0.033356477
0.029244512
0.025557713
0.022541132
0.020131754
0.018185097
0.016567995
0.015232702
0.01413968
0.013241107
0.01251528
0.011936867
0.011486226
0.011135458
0.010862805
0.010665457
0.010520654
0.010413907
0.010334185
0.010273011
0.010224491
0.010179784
0.010137878
0.010098271
0.010056314
0.010011116
0.0099649265
0.0099156458
0.0098617921
0.0098033601
0.0097402917
0.0096729104
0.0096007805
0.0095236693
0.0094432354
0.0093597978
0.0092734869
0.0091853142
0.0090948199
0.0090016648
0.0089065416
0.0088092448
0.0087097964
0.0086086499
0.0085054622
0.0084004952
0.0082938836
0.008185294
0.0080751484
0.0079633098
0.0078498179
0.0077348099
0.0076180052
0.0074996645
0.0073796371
0.0072579396
0.0071345417
0.0070093833
0.0068825606
0.0067539029
0.0066235244
0.0064912951
0.0063572375
0.0062212878
0.006083407
0.0059435559
0.0058016934
0.0056578054
0.005511833
0.0053637671
0.0052135493
0.0050611833
0.004906606
0.0047498242
0.0045907844
0.0044295133
0.0042659706
0.0041002045
0.0039321985
0.0037620274
0.0035897324
0.0034153979
0.0032391805
0.0030611996
0.0028817824
0.00270112
0.0025199066
0.0023382743
0.0021581252
0.0019783135
0.0018059623
0.0016314203
0.0014859337
0.0013159094
0.0012574714
0.0010521427
0.001851797
-0.0018103674
0.038399871
0.036017457
0.032689084
0.029012627
0.025600727
0.022726483
0.020377091
0.018449894
0.016840432
0.01550249
0.014399575
0.013488862
0.012747387
0.012151455
0.011681188
0.011311572
0.011021526
0.010805516
0.010643984
0.010521848
0.010428288
0.010355024
0.010296176
0.010243018
0.01019358
0.010146965
0.010098681
0.010048274
0.0099971131
0.0099428395
0.0098843436
0.0098238167
0.0097615333
0.0096960378
0.0096266772
0.0095531748
0.0094756788
0.0093938761
0.0093074503
0.0092181107
0.0091261894
0.009031786
0.0089357679
0.0088377042
0.0087375087
0.0086356125
0.0085316075
0.0084258042
0.0083183341
0.0082088534
0.0080978293
0.0079851085
0.0078707496
0.0077548935
0.00763725
0.007518099
0.0073972807
0.0072748198
0.0071506854
0.0070248176
0.0068973132
0.0067679968
0.006636988
0.0065041528
0.0063695147
0.006233009
0.0060945969
0.005954238
0.0058118903
0.0056675388
0.0055211238
0.0053726356
0.0052220145
0.0050692637
0.0049143192
0.0047571874
0.0045978135
0.0044362241
0.0042723778
0.0041063225
0.0039380406
0.0037676067
0.0035950612
0.0034204879
0.003244043
0.0030658455
0.0028862219
0.0027053631
0.0025239625
0.0023421527
0.0021618338
0.0019818629
0.0018093562
0.0016346757
0.001489039
0.0013188941
0.0012603346
0.0010548873
0.0018549269
-0.0018077566
0.037096849
0.03495891
0.03203888
0.028754854
0.025608844
0.022882613
0.020603246
0.018703758
0.017105683
0.015767584
0.014656517
0.013734503
0.012978253
0.012365452
0.011876436
0.011488341
0.011181108
0.010947131
0.010768922
0.010631525
0.0105245
0.010439292
0.010369658
0.010307723
0.010250699
0.010197348
0.010143722
0.010088756
0.010033061
0.0099745485
0.009912548
0.0098487051
0.009782946
0.00971388
0.0096423652
0.0095694786
0.0094938394
0.0094146108
0.0093316366
0.009245148
0.0091548414
0.0090604957
0.0089636235
0.0088644963
0.0087634271
0.0086609082
0.0085563451
0.0084500096
0.0083419733
0.008231856
0.0081201725
0.0080067496
0.0078916732
0.0077750932
0.007656712
0.0075368355
0.007415295
0.0072921264
0.0071672994
0.0070407563
0.0069125962
0.0067826393
0.0066510127
0.0065175787
0.0063823633
0.0062453007
0.0061063533
0.0059654803
0.0058226388
0.0056778137
0.0055309446
0.0053820215
0.0052309837
0.0050778341
0.0049225079
0.0047650111
0.0046052884
0.0044433657
0.0042792009
0.0041128413
0.0039442689
0.0037735577
0.0036007473
0.0034259213
0.0032492353
0.0030708075
0.0028909644
0.0027098963
0.0025282959
0.0023462962
0.0021657948
0.0019856528
0.0018129762
0.0016381462
0.0014923393
0.0013220615
0.0012633494
0.0010577656
0.0018581355
-0.0018048173
0.035898213
0.033974605
0.031403187
0.028469351
0.025577744
0.023004061
0.020804793
0.018942382
0.017361243
0.01602677
0.014910166
0.013978263
0.013208345
0.012579456
0.012072471
0.011666345
0.011342081
0.011090521
0.010895736
0.010743256
0.010622715
0.01052549
0.010445108
0.010374234
0.010309405
0.010249166
0.010189939
0.01013013
0.010070057
0.010007967
0.0099430467
0.0098763395
0.0098076422
0.0097359276
0.009662032
0.009586601
0.0095081837
0.0094271277
0.0093447731
0.0092600736
0.00917224
0.0090811141
0.0089868581
0.0088890652
0.0087880073
0.0086848052
0.0085794449
0.0084725365
0.0083640875
0.0082535724
0.0081414978
0.0080276236
0.0079120505
0.0077949344
0.007675971
0.0075555005
0.007433347
0.0073095626
0.0071841194
0.0070569643
0.0069282006
0.0067976448
0.0066654338
0.0065314268
0.0063956535
0.006258048
0.0061185746
0.0059771927
0.0058338594
0.0056885598
0.0055412331
0.0053918698
0.0052404085
0.0050868518
0.0049311345
0.0047732627
0.0046131802
0.0044509128
0.0042864176
0.0041197419
0.0039508666
0.0037798659
0.0036067784
0.0034316874
0.003254748
0.003076078
0.0028960033
0.002714714
0.0025329019
0.0023507005
0.0021700044
0.0019896799
0.0018168194
0.001641829
0.0014958312
0.0013254083
0.0012665107
0.0010607705
0.0018613955
-0.0018015075
0.034792171
0.033056744
0.030782797
0.028159308
0.025508031
0.023088755
0.020977996
0.019161695
0.017603806
0.016277563
0.01515878
0.014219067
0.013437028
0.012793154
0.012269149
0.011845587
0.011504538
0.011235783
0.011024622
0.010857146
0.010723037
0.010613713
0.010522544
0.010442525
0.010369825
0.01030262
0.010237497
0.01017265
0.010108123
0.010042311
0.0099742466
0.0099046635
0.009833436
0.0097596702
0.0096838313
0.0096062614
0.00952582
0.009443005
0.0093586948
0.0092717751
0.0091826052
0.0090922045
0.0089996854
0.0089043378
0.0088062149
0.0087052718
0.0086008442
0.0084938166
0.0083848089
0.0082737287
0.008161289
0.0080471335
0.0079312923
0.0078138752
0.0076945429
0.0075736664
0.0074510582
0.007326792
0.0072008456
0.0070731739
0.0069438875
0.0068128
0.0066800613
0.0065455281
0.0064092355
0.0062711179
0.0061311427
0.0059892707
0.0058454595
0.005699695
0.005551917
0.0054021167
0.0052502323
0.005096267
0.0049401552
0.0047819035
0.0046214551
0.0044588359
0.0042940023
0.0041270017
0.0039578143
0.0037865143
0.0036131397
0.0034377735
0.0032605703
0.0030816475
0.0029013306
0.0027198094
0.0025377747
0.002355361
0.0021744586
0.0019939408
0.0018208826
0.0016457214
0.0014995113
0.0013289312
0.0012698133
0.0010638946
0.0018646774
-0.0017977799
0.033768631
0.032198863
0.030179228
0.027829624
0.025402934
0.023137185
0.021121093
0.019358807
0.017830502
0.01651745
0.015400327
0.014455428
0.013663232
0.013005812
0.012465945
0.012025717
0.011668288
0.011382791
0.011155523
0.010973172
0.010825526
0.010704067
0.010602048
0.010512727
0.010432005
0.010357693
0.010286515
0.010216519
0.010147417
0.010077693
0.01000632
0.0099337782
0.0098599392
0.0097839679
0.0097061271
0.0096267023
0.0095447683
0.0094605826
0.0093746882
0.0092862289
0.0091956986
0.0091036692
0.0090093171
0.0089132682
0.0088160276
0.0087167814
0.0086148058
0.0085103406
0.0084030716
0.0082925411
0.0081798663
0.0080652595
0.0079490821
0.0078314532
0.0077119272
0.007590855
0.0074679956
0.0073434297
0.0072171366
0.0070890814
0.0069593858
0.0068278626
0.0066946787
0.0065596889
0.0064229363
0.0062843565
0.006143921
0.0060015928
0.0058573312
0.0057111239
0.0055629115
0.0054126871
0.0052603889
0.0051060212
0.0049495185
0.0047908882
0.0046300731
0.0044670997
0.004301924
0.0041345937
0.0039650884
0.0037934825
0.0036198135
0.0034441641
0.0032666889
0.0030875046
0.0029069366
0.0027251742
0.0025429073
0.0023602714
0.0021791522
0.0019984309
0.0018251615
0.0016498196
0.0015033755
0.0013326259
0.0012732512
0.00106713
0.0018679485
-0.0017935806
0.032818847
0.031395325
0.029593816
0.027485392
0.0252668
0.023151414
0.021233899
0.01953207
0.018039221
0.016744298
0.015632883
0.014685776
0.013885714
0.013216485
0.012662137
0.012206209
0.01183298
0.011531285
0.011288262
0.01109123
0.010930132
0.010796539
0.010683636
0.010584895
0.010496009
0.010414467
0.010337096
0.010261803
0.010187996
0.010114223
0.010039417
0.009963822
0.0098872634
0.0098089554
0.0097290295
0.0096476993
0.0095641574
0.0094785379
0.0093912973
0.0093017518
0.0092101812
0.0091169249
0.0090214047
0.0089242671
0.0088255412
0.0087247717
0.0086227856
0.0085193748
0.0084137735
0.0083057231
0.0081952008
0.0080817194
0.0079657308
0.0078478344
0.0077279872
0.0076067298
0.0074837461
0.0073590598
0.0072326064
0.0071043403
0.0069743876
0.0068425583
0.0067090408
0.0065736898
0.0064365594
0.0062975877
0.0061567521
0.0060140188
0.0058693496
0.0057227353
0.0055741182
0.0054234936
0.0052708009
0.0051160459
0.0049591636
0.0048001629
0.0046389868
0.0044756626
0.0043101462
0.0041424857
0.0039726606
0.0038007458
0.0036267782
0.0034508407
0.0032730876
0.0030936354
0.0029128091
0.002730798
0.0025482907
0.0023654242
0.0021840784
0.0020031445
0.0018296511
0.0016541191
0.0015074189
0.0013364878
0.0012768179
0.0010704676
0.0018711724
-0.0017888494
0.03193519
0.030641113
0.02902745
0.027131245
0.025104219
0.023134318
0.021317322
0.019680882
0.018228637
0.016956504
0.015854821
0.014908656
0.014103233
0.013424162
0.012856904
0.012386429
0.011998158
0.011680911
0.011422584
0.011211141
0.011036735
0.010891057
0.01076727
0.010659024
0.010561858
0.010472984
0.010389286
0.010308555
0.01022993
0.010151993
0.010073633
0.0099948796
0.0099155008
0.0098347542
0.0097526541
0.0096693412
0.0095840991
0.009496975
0.0094083464
0.0093176176
0.0092249733
0.0091307279
0.0090344075
0.0089364058
0.0088366847
0.0087349968
0.0086320831
0.0085272725
0.0084206493
0.0083130562
0.008203836
0.0080922349
0.0079784375
0.0078621209
0.0077428692
0.0076215432
0.0074983132
0.0073734631
0.0072469259
0.007118593
0.00698855
0.0068565756
0.0067228697
0.006587283
0.0064498829
0.0063106124
0.0061694573
0.0060263882
0.0058813714
0.0057344012
0.0055854226
0.0054344345
0.0052813777
0.0051262606
0.0049690193
0.0048096648
0.0046481406
0.0044844754
0.0043186253
0.0041506396
0.0039804974
0.0038082747
0.0036340081
0.0034577807
0.0032797467
0.0031000226
0.0029189333
0.0027366678
0.0025539137
0.0023708097
0.0021892289
0.0020080743
0.0018343446
0.0016586139
0.0015116351
0.0013405108
0.0012805052
0.0010738968
0.0018743078
-0.0017835183
0.031110981
0.029931745
0.028480566
0.026771142
0.024919573
0.023089062
0.021372905
0.01980539
0.018398085
0.017152976
0.016064875
0.015122831
0.014314658
0.013627863
0.013049413
0.012565699
0.0121633
0.011831259
0.011558176
0.011332674
0.011145168
0.010987506
0.010852872
0.010735072
0.010629537
0.010533242
0.010443101
0.010356804
0.010273257
0.010191046
0.010109016
0.010027006
0.00994472
0.0098614465
0.0097770933
0.0096917262
0.0096047042
0.0095159984
0.0094259109
0.009333924
0.0092401566
0.0091448814
0.0090476683
0.0089488266
0.0088483722
0.0087460685
0.0086423761
0.0085367545
0.0084294059
0.0083208497
0.0082104266
0.0080986156
0.0079855567
0.0078705682
0.0077533898
0.0076338629
0.0075115607
0.0073868838
0.007260196
0.0071317194
0.0070016178
0.0068696092
0.0067358625
0.0066001892
0.0064626563
0.0063232068
0.0061818357
0.0060385207
0.0058932339
0.0057459754
0.0055966939
0.0054453927
0.0052920148
0.0051365722
0.0049790027
0.0048193201
0.0046574689
0.00449348
0.00432731
0.0041590098
0.0039885587
0.0038160339
0.003641472
0.0034649566
0.0032866423
0.0031066454
0.0029252908
0.0027427678
0.0025597624
0.0023764157
0.0021945931
0.0020132109
0.0018392337
0.0016632966
0.0015160165
0.0013446877
0.001284304
0.0010774053
0.0018773084
-0.0017775112
0.030340353
0.029263212
0.027953224
0.026408357
0.02471686
0.023018816
0.021402509
0.019906224
0.01854738
0.017333046
0.016262116
0.015327301
0.014519013
0.013826693
0.013238868
0.012743343
0.012327864
0.011981883
0.011694686
0.011455557
0.011255229
0.011085738
0.010940334
0.010812968
0.010699003
0.010595218
0.010498534
0.010406559
0.010317992
0.010231401
0.010145592
0.010060232
0.0099749573
0.0098890724
0.0098023918
0.0097149081
0.009626039
0.0095356897
0.0094440876
0.0093507806
0.0092558259
0.0091594528
0.0090612856
0.0089615747
0.0088603393
0.0087573354
0.0086529592
0.0085467976
0.0084389254
0.008329686
0.0082185992
0.0081061679
0.0079920529
0.0078762612
0.0077594395
0.0076410042
0.0075203497
0.0073974736
0.0072719574
0.0071438863
0.0070137485
0.0068816182
0.0067478275
0.0066121517
0.0064746135
0.0063351208
0.0061936613
0.0060502135
0.0059047553
0.0057572942
0.0056077843
0.005456235
0.0053025927
0.0051468736
0.004989018
0.0048290434
0.0046668957
0.0045026088
0.0043361402
0.0041675431
0.0039967972
0.0038239817
0.0036491331
0.0034723361
0.0032937458
0.0031134786
0.0029318596
0.0027490785
0.0025658198
0.0023822274
0.0022001577
0.0020185428
0.0018443077
0.0016681577
0.0015205535
0.0013490095
0.0012882031
0.0010809787
0.0018801215
-0.0017707429
0.029618135
0.028631942
0.027445199
0.026045539
0.024499638
0.022926622
0.021408131
0.019984312
0.018676669
0.017496357
0.016445881
0.015521273
0.014715475
0.014019857
0.013424535
0.012918714
0.012491309
0.01213233
0.011831742
0.011579495
0.011366687
0.011185579
0.011029526
0.01089262
0.010770194
0.01065887
0.010555561
0.010457809
0.010364132
0.010273066
0.010183376
0.010094577
0.010006233
0.0099176552
0.0098285753
0.0097389148
0.0096481353
0.0095560854
0.0094629216
0.0093682429
0.0092720525
0.0091745361
0.0090753654
0.008974729
0.0088726467
0.0087688951
0.0086638209
0.0085570558
0.0084486186
0.008338852
0.0082273475
0.0081143833
0.0079996897
0.0078833842
0.0077658025
0.0076464545
0.0075257213
0.0074035893
0.0072793527
0.0071530171
0.0070242178
0.0068926727
0.0067589411
0.0066231843
0.0064856161
0.0063461404
0.0062047009
0.0060612431
0.0059157316
0.005768174
0.0056185286
0.0054668125
0.0053129767
0.0051570434
0.004998956
0.0048387366
0.0046763333
0.0045117834
0.0043450461
0.0041761772
0.0040051577
0.0038320688
0.0036569478
0.0034798806
0.003301023
0.003120492
0.0029386132
0.0027555766
0.0025720654
0.0023882266
0.0022059068
0.0020240557
0.0018495538
0.0016731856
0.0015252346
0.0013534654
0.0012921897
0.0010845999
0.0018826862
-0.0017631179
0.028939757
0.028034747
0.026956063
0.025684795
0.024271028
0.022815332
0.0213918
0.020040761
0.018786326
0.01764278
0.016615716
0.015704125
0.01490335
0.014206656
0.013605744
0.013091202
0.01265311
0.012282146
0.011968963
0.011704179
0.011479297
0.011286837
0.011120298
0.010973918
0.010843031
0.010724139
0.010614144
0.010510532
0.010411664
0.010316035
0.01022237
0.010130047
0.010038557
0.0099472087
0.0098556599
0.0097637633
0.0096710122
0.0095772062
0.0094824345
0.0093863357
0.0092888669
0.0091901707
0.0090899564
0.0089883559
0.0088853881
0.0087808482
0.0086750222
0.008567593
0.0084585623
0.0083482453
0.008236253
0.0081228022
0.0080077303
0.0078910479
0.0077729599
0.0076531227
0.0075318639
0.0074088884
0.007284318
0.0071583968
0.0070305632
0.0069006271
0.0067682883
0.0066332423
0.0064958308
0.006356315
0.0062148575
0.0060714305
0.0059259578
0.0057784146
0.0056287429
0.0054769591
0.0053230171
0.0051669461
0.005008694
0.0048482889
0.0046856817
0.0045209141
0.0043539471
0.0041848403
0.0040135759
0.0038402382
0.0036648652
0.0034875448
0.0033084339
0.0031276502
0.00294552
0.0027622342
0.0025784744
0.0023943914
0.0022118209
0.0020297324
0.0018549562
0.0016783663
0.0015300456
0.0013580423
0.0012962484
0.0010882489
0.0018849341
-0.0017545295
0.028301167
0.027468783
0.026485252
0.025327771
0.024033741
0.022687587
0.021355525
0.020076792
0.018876894
0.017772358
0.016771324
0.015875365
0.01508205
0.014386471
0.013781883
0.013260235
0.012812761
0.012430887
0.012105969
0.011829292
0.011592801
0.011389307
0.011212489
0.011056739
0.010917423
0.010790958
0.010674235
0.010564695
0.010460566
0.010360295
0.010262568
0.010166641
0.010071932
0.0099777387
0.0098836538
0.0097894635
0.0096946815
0.0095990651
0.0095026399
0.0094050741
0.0093062852
0.0092063732
0.0091050778
0.0090024821
0.0088985995
0.0087932392
0.0086866306
0.0085785038
0.0084688417
0.0083579175
0.0082453892
0.0081314452
0.0080159432
0.0078988497
0.0077803805
0.0076602309
0.0075385629
0.0074151539
0.0072902107
0.0071635563
0.007035155
0.0069054431
0.0067739372
0.006640264
0.0065042182
0.0063654933
0.0062242725
0.0060808447
0.0059353677
0.0057878657
0.0056382466
0.0054864953
0.0053325476
0.0051764312
0.005018096
0.004857577
0.0046948291
0.0045298995
0.0043627519
0.0041934501
0.004021978
0.0038484237
0.0036728263
0.0034952761
0.0033159315
0.0031349112
0.0029525429
0.0027690182
0.0025850175
0.0024006958
0.0022178768
0.002035552
0.0018604961
0.0016836824
0.00153497
0.0013627246
0.0013003614
0.0010919025
0.0018867998
-0.001744858
0.027698769
0.026931507
0.02603211
0.024975731
0.023790103
0.022545804
0.021301259
0.020093698
0.018949041
0.017885273
0.016912539
0.016034611
0.015251073
0.014558746
0.013952388
0.013425272
0.01296977
0.012578114
0.012242377
0.011954509
0.01170693
0.011492772
0.011305925
0.011140949
0.010993267
0.010859249
0.010735776
0.010620256
0.010510807
0.010405825
0.010303956
0.010204351
0.010106353
0.010009245
0.0099125595
0.0098160192
0.0097191494
0.0096216697
0.0095235462
0.0094244677
0.0093243175
0.0092231544
0.0091207416
0.0090171198
0.0089122938
0.0088060844
0.0086986707
0.0085898217
0.0084795011
0.0083679427
0.0082548493
0.0081403715
0.0080243843
0.0079068527
0.0077879814
0.0076674671
0.0075454384
0.0074217541
0.0072964746
0.0071694399
0.007040716
0.0069104299
0.0067783189
0.0066446705
0.0065093002
0.0063717556
0.0062318507
0.0060892576
0.0059440751
0.0057966049
0.0056469947
0.0054952934
0.0053414084
0.0051853374
0.0050270117
0.0048664643
0.0047036518
0.0045386273
0.0043713584
0.004201914
0.0040302803
0.0038565499
0.0036807633
0.0035030136
0.0033234613
0.0031422266
0.0029596385
0.00277589
0.0025916602
0.0024071089
0.0022240467
0.0020414898
0.0018661508
0.0016891138
0.0015399879
0.0013674937
0.001304508
0.0010955328
0.0018882286
-0.0017339684
0.027129359
0.026420641
0.025595933
0.024629625
0.023542097
0.022392182
0.021230878
0.020092808
0.019003536
0.017981825
0.017039308
0.016181575
0.015409993
0.014722982
0.014116734
0.013585799
0.013123662
0.012723397
0.012377805
0.012079503
0.011821408
0.011597005
0.011400422
0.011226401
0.011070452
0.010928926
0.010798703
0.010677169
0.010562352
0.0104526
0.010346518
0.010243165
0.010141814
0.010041725
0.0099423755
0.0098434306
0.0097444179
0.0096450232
0.0095451574
0.0094445218
0.0093429698
0.0092405206
0.0091369551
0.0090322768
0.0089264792
0.0088193928
0.0087111521
0.0086015572
0.0084905557
0.0083783455
0.0082646661
0.008149631
0.0080331336
0.0079151347
0.0077958111
0.0076748921
0.0075524943
0.007428483
0.0073028751
0.0071755828
0.0070465947
0.0069159684
0.0067835464
0.0066494484
0.0065134972
0.0063758565
0.006236487
0.0060949171
0.0059509843
0.0058043584
0.0056550762
0.0055034315
0.0053495677
0.0051935541
0.0050352984
0.0048748056
0.0047120136
0.0045469735
0.0043796538
0.0042101294
0.0040383894
0.003864532
0.0036885995
0.0035106882
0.0033309613
0.0031495404
0.0029667566
0.0027828047
0.0025983623
0.0024135947
0.0022302985
0.0020475167
0.0018718939
0.0016946362
0.0015450759
0.001372328
0.0013086642
0.0010991074
0.0018890626
-0.00172171
0.026590081
0.025934139
0.025175986
0.024290143
0.023291399
0.022228697
0.021146169
0.020075468
0.019041228
0.018062417
0.017151682
0.01631606
0.015558452
0.014878732
0.014274433
0.013741326
0.013273972
0.012866307
0.012511868
0.012203939
0.011935953
0.01170177
0.011495785
0.011312943
0.011148857
0.010999893
0.010862943
0.01073538
0.010615161
0.010500589
0.010390233
0.010283069
0.010178303
0.01007517
0.0099730978
0.0098716951
0.0097704863
0.0096691264
0.0095674747
0.0094652387
0.009362245
0.0092584752
0.0091537224
0.0090479574
0.0089411603
0.0088331698
0.0087240802
0.0086137162
0.0085020126
0.0083891331
0.0082748486
0.0081592403
0.0080422167
0.0079237311
0.0078039341
0.0076825871
0.0075597831
0.0074353981
0.0073094485
0.00718186
0.0070525831
0.0069216995
0.0067890474
0.0066546577
0.0065184201
0.0063804172
0.0062405067
0.0060987727
0.0059552668
0.0058095424
0.0056614366
0.0055106196
0.0053570962
0.0052011553
0.0050429317
0.0048825029
0.0047197864
0.0045548067
0.0043875149
0.0042179836
0.0040462028
0.0038722763
0.0036962493
0.0035182221
0.0033383607
0.003156789
0.00297384
0.0027897105
0.0026050773
0.0024201116
0.0022365944
0.0020535988
0.0018776943
0.0017002214
0.0015502068
0.0013772019
0.0013128027
0.0011025923
0.0018891682
-0.0017079275
0.026078388
0.025470156
0.024771533
0.023957768
0.023039408
0.022057117
0.02104881
0.020043017
0.019063023
0.018127544
0.017249809
0.016437954
0.015696163
0.0150256
0.014425033
0.013891382
0.013420246
0.013006419
0.01264418
0.012327475
0.012050269
0.011806819
0.011591811
0.011400407
0.011228352
0.01107205
0.010928417
0.010794828
0.010669188
0.01054976
0.010435077
0.010324045
0.010215807
0.010109572
0.01000472
0.0099008086
0.0097973523
0.0096939782
0.0095904977
0.0094866189
0.0093821443
0.0092770195
0.0091710453
0.0090641636
0.0089563397
0.0088474184
0.0087374578
0.0086263022
0.0085138755
0.0084003093
0.0082854012
0.0081692048
0.0080516393
0.0079326519
0.0078123695
0.0076905794
0.0075673507
0.0074425722
0.007316253
0.0071883216
0.0070587318
0.0069275682
0.0067946518
0.0066600155
0.0065235721
0.0063853167
0.0062451445
0.0061031115
0.0059591101
0.0058131883
0.0056654327
0.0055154289
0.0053630084
0.0052078588
0.00504997
0.004889623
0.004726948
0.0045620381
0.004394825
0.0042253572
0.004053608
0.0038796802
0.003703619
0.0035255296
0.0033455813
0.0031639007
0.0029808236
0.0027965489
0.0026117522
0.0024266115
0.0022428911
0.0020596969
0.0018835162
0.0017058365
0.0015553493
0.0013820862
0.0013168918
0.0011059452
0.0018884305
-0.0016924373
0.025592003
0.02502703
0.02438184
0.023632817
0.022787286
0.021879011
0.020940369
0.019996771
0.019069873
0.018177774
0.017333924
0.016547229
0.01582291
0.015163246
0.014568121
0.014035526
0.013562042
0.013143312
0.012774351
0.012449764
0.012164053
0.011911894
0.011688283
0.011488618
0.011308794
0.011145282
0.010995038
0.010855448
0.010724384
0.010600073
0.010481021
0.010366073
0.010254313
0.010144921
0.010037236
0.009930766
0.0098250127
0.0097195767
0.0096142252
0.009508662
0.0094026677
0.0092961539
0.0091889247
0.0090808963
0.0089720184
0.0088621398
0.0087512863
0.0086393167
0.0085261461
0.0084118759
0.0082963263
0.0081795266
0.008061404
0.0079419007
0.0078211212
0.007698875
0.0075752104
0.0074500268
0.0073233227
0.0071950307
0.007065106
0.0069336196
0.0068004092
0.0066655097
0.006528824
0.0063903381
0.0062499757
0.0061077198
0.0059634819
0.0058173041
0.0056690975
0.0055188865
0.0053667681
0.0052123727
0.0050555158
0.00489591
0.0047335508
0.0045687255
0.0044015616
0.0042321678
0.0040604986
0.0038866347
0.0037106064
0.0035325168
0.0033525373
0.0031707971
0.0029876355
0.0028032538
0.0026183269
0.0024330399
0.0022491391
0.0020657657
0.0018893182
0.0017114438
0.001560467
0.0013869469
0.0013208957
0.0011091164
0.0018867405
-0.0016750279
0.02512889
0.024603251
0.02400619
0.023315473
0.022535989
0.021695757
0.020822297
0.019938007
0.01906275
0.018213744
0.017404344
0.01664394
0.015938548
0.015291385
0.014703326
0.014173341
0.013698934
0.013276571
0.012901992
0.01257045
0.012276992
0.012016723
0.011784972
0.011577385
0.01139003
0.011219469
0.011062709
0.010917165
0.01078069
0.010651487
0.010528035
0.010409129
0.010293803
0.010181205
0.010070637
0.0099615615
0.0098534637
0.0097459196
0.0096386556
0.0095313673
0.009423815
0.0093158781
0.0092073607
0.0090981559
0.0089881968
0.0088773345
0.0087655659
0.0086527602
0.008538825
0.0084238334
0.0083076246
0.0081902065
0.0080715118
0.0079514785
0.0078301901
0.0077074756
0.0075833647
0.0074577654
0.0073306665
0.0072020044
0.0070717321
0.0069399074
0.0068063842
0.006671187
0.006534225
0.00639549
0.0062549035
0.0061124328
0.0059680177
0.00582164
0.0056732202
0.0055227811
0.0053702532
0.0052156567
0.0050590769
0.0049001907
0.0047387959
0.0045746517
0.0044077745
0.0042384636
0.0040668491
0.0038930619
0.0037171131
0.0035390842
0.0033591352
0.0031773923
0.0029941968
0.0028097529
0.002624735
0.0024393357
0.0022552826
0.0020717543
0.0018950534
0.0017169998
0.0015655188
0.0013917453
0.0013247739
0.0011120531
0.0018839959
-0.0016554811
0.024687226
0.024197456
0.023643888
0.023005817
0.022286292
0.021508563
0.020695926
0.01986795
0.019042641
0.018236139
0.01746146
0.016728217
0.016043
0.015409792
0.014830322
0.014304442
0.013830514
0.013405788
0.013026713
0.012689174
0.012388763
0.012121026
0.011881636
0.011666507
0.011471895
0.011294474
0.011131324
0.010979897
0.010838043
0.010703951
0.010576082
0.010453188
0.010334258
0.010218411
0.010104914
0.0099931881
0.0098827009
0.0097730042
0.0096637871
0.0095547339
0.0094455858
0.0093361921
0.0092263535
0.0091159425
0.0090048751
0.0088930028
0.0087802969
0.008666633
0.0085519124
0.0084361818
0.008319296
0.0082012443
0.0080819626
0.0079613853
0.0078395762
0.0077163813
0.0075918138
0.0074657884
0.0073382856
0.0072092446
0.0070786156
0.006946445
0.0068125988
0.00667709
0.0065398351
0.0064008224
0.0062599764
0.0061172708
0.0059726473
0.0058260688
0.0056774822
0.0055268619
0.0053741426
0.0052193336
0.0050623826
0.004903313
0.0047421886
0.0045787484
0.0044127696
0.0042440724
0.004072709
0.0038989996
0.0037231096
0.0035451569
0.0033652838
0.0031835948
0.003000422
0.0028159673
0.0026309037
0.002445432
0.0022612595
0.0020776055
0.0019006688
0.0017224556
0.0015704579
0.0013964373
0.0013284808
0.0011146949
0.0018799847
-0.001633556
0.024265379
0.023808403
0.023294264
0.022703846
0.02203882
0.021318474
0.020562468
0.019787767
0.019010524
0.018245682
0.017505721
0.016800261
0.016136263
0.015518302
0.014948831
0.014428481
0.013956397
0.013530571
0.013148128
0.012805574
0.012499037
0.012224511
0.011978023
0.01175577
0.01155421
0.011370154
0.011200766
0.01104355
0.01089637
0.01075741
0.010625119
0.010498217
0.010375654
0.010256521
0.010140054
0.010025638
0.0099127192
0.0098008274
0.0096896178
0.009578761
0.00946798
0.0093570961
0.0092459038
0.0091342566
0.0090220538
0.0089091454
0.0087954795
0.0086809353
0.0085654083
0.0084489211
0.0083313406
0.0082126397
0.0080927559
0.0079716205
0.0078492789
0.0077255914
0.007600557
0.0074740953
0.0073461794
0.0072167505
0.0070857566
0.0069532331
0.006819056
0.0066832286
0.0065456727
0.0064063703
0.0062652499
0.0061222847
0.0059774174
0.0058306169
0.0056818347
0.0055310267
0.0053781494
0.0052231747
0.0050660532
0.0049067767
0.004745318
0.0045817206
0.0044160176
0.0042480224
0.0040774907
0.003904323
0.0037286459
0.0035507621
0.0033709487
0.0031893322
0.0030062261
0.002821813
0.0026367543
0.0024512558
0.0022670022
0.0020832564
0.0019061058
0.0017277563
0.0015752323
0.0014009735
0.0013319656
0.0011169731
0.0018745063
-0.0016089879
0.023861878
0.023434961
0.022956674
0.022409495
0.02179407
0.021126396
0.020423021
0.019698559
0.018967365
0.018243122
0.017537632
0.01686034
0.016218396
0.015616811
0.015058625
0.014545147
0.014076226
0.013650539
0.01326586
0.012919287
0.01260748
0.012326875
0.012073868
0.011844945
0.011636785
0.011446349
0.011270904
0.01110802
0.010955589
0.010811801
0.010675099
0.010544181
0.010417964
0.010295516
0.010176045
0.010058901
0.0099435119
0.0098293854
0.0097161455
0.0096034476
0.0094909975
0.0093785903
0.0092660122
0.0091530992
0.0090397338
0.008925763
0.0088111144
0.0086956677
0.0085793133
0.0084620514
0.0083437582
0.0082243926
0.0081038915
0.0079821837
0.0078592974
0.0077351052
0.0076095931
0.0074826848
0.0073543466
0.007224521
0.0070931539
0.0069602702
0.006825755
0.0066896029
0.0065517393
0.0064121411
0.0062707396
0.0061275043
0.0059823796
0.0058353351
0.0056863229
0.0055353047
0.0053822429
0.0052270925
0.0050698204
0.004910392
0.0047487835
0.0045849763
0.0044189762
0.0042508562
0.0040806116
0.0039081525
0.0037332405
0.0035558213
0.0033761788
0.0031946205
0.0030115698
0.0028272192
0.0026422072
0.002456729
0.0022724379
0.0020886388
0.0019113007
0.0017328419
0.0015797842
0.0014052984
0.001335172
0.0011188105
0.0018673545
-0.0015814906
0.023475405
0.023076103
0.022630508
0.022122652
0.021552428
0.020933102
0.020278573
0.019601355
0.018914101
0.018229221
0.017557739
0.016908779
0.016289525
0.015705275
0.015159532
0.014654175
0.014189673
0.013765336
0.013379542
0.013029957
0.012713753
0.012427811
0.012168896
0.011933793
0.011719414
0.011522888
0.011341598
0.011173194
0.011015609
0.010867049
0.010725964
0.010591035
0.010461155
0.010335371
0.010212868
0.010092965
0.0099750707
0.0098586727
0.0097433669
0.0096287923
0.0095146382
0.0094006752
0.0092866796
0.0091724715
0.0090579164
0.0089428572
0.0088272027
0.0087108314
0.0085936283
0.0084755735
0.0083565496
0.0082365031
0.0081153694
0.0079930747
0.0078696312
0.0077449219
0.0076189213
0.0074915558
0.007362786
0.0072325546
0.0071008057
0.0069675545
0.0068326941
0.0066962108
0.0065580334
0.0064181339
0.0062764457
0.006132935
0.0059875471
0.0058402494
0.0056909945
0.0055397461
0.0053864666
0.005231117
0.0050736695
0.0049140773
0.0047523246
0.0045883778
0.0044222492
0.0042539084
0.0040834061
0.0039108601
0.0037362488
0.0035595481
0.0033805968
0.0031994203
0.0030164966
0.00283219
0.0026472181
0.0024617827
0.0022774913
0.0020936798
0.0019161849
0.001737647
0.0015840513
0.0014093516
0.0013380387
0.001120121
0.0018583056
-0.001550759
0.023104766
0.022730887
0.022315181
0.021843166
0.021314191
0.020739254
0.020130007
0.01949711
0.018851639
0.018204747
0.017566621
0.016945955
0.016349833
0.015783709
0.015251429
0.014755339
0.014296447
0.013874628
0.013488822
0.013137231
0.01281752
0.012527007
0.012262825
0.012022065
0.011801883
0.011599588
0.011412695
0.011238945
0.011076327
0.010923075
0.01077765
0.010638729
0.010505189
0.010376058
0.010250501
0.010127814
0.010007384
0.0098886821
0.0097712773
0.0096547926
0.0095389009
0.0094233508
0.0093079071
0.0091923747
0.0090766031
0.0089604296
0.0088437462
0.0087264279
0.008608355
0.0084894887
0.0083697158
0.0082489721
0.0081271903
0.0080042939
0.0078802806
0.0077550414
0.007628541
0.0075007076
0.0073714963
0.0072408499
0.0071087106
0.0069750844
0.0068398713
0.0067030503
0.0065645527
0.0064243464
0.006282366
0.0061385751
0.0059929194
0.0058453639
0.0056958613
0.0055443745
0.0053908653
0.0052352974
0.0050776431
0.0049178619
0.0047559419
0.0045918429
0.0044255748
0.0042571053
0.0040864973
0.0039137124
0.003738857
0.0035621335
0.0033835258
0.003203049
0.0030207256
0.0028367142
0.0026518219
0.002466409
0.0022821137
0.0020983114
0.0019206868
0.0017421019
0.0015879668
0.0014130674
0.0013404998
0.0011208096
0.0018471205
-0.0015164732
0.022748884
0.022398454
0.022010141
0.021570861
0.02107958
0.020545412
0.019978106
0.019386707
0.018780842
0.018170458
0.017564878
0.016972285
0.016399555
0.015852184
0.015334249
0.014848463
0.014396291
0.013978108
0.013593365
0.013240767
0.012918447
0.012624146
0.012355364
0.012109502
0.011883964
0.011676254
0.01148403
0.011305136
0.011137629
0.010979785
0.010830083
0.010687206
0.01055002
0.010417542
0.01028892
0.010163429
0.010040439
0.0099194037
0.0097998701
0.0096814443
0.0095637839
0.0094466165
0.0093296951
0.0092128102
0.0090957957
0.0089784823
0.0088607467
0.0087424594
0.0086234952
0.0085037987
0.0083832586
0.008261801
0.0081393553
0.0080158422
0.007891246
0.0077654641
0.0076384524
0.0075101401
0.0073804772
0.0072494061
0.0071168674
0.0069828582
0.0068472847
0.0067101192
0.006571295
0.006430776
0.0062884981
0.0061444221
0.0059984938
0.0058506762
0.0057009221
0.0055491926
0.0053954496
0.005239656
0.0050817835
0.0049217946
0.0047596777
0.0045953991
0.00442897
0.0042603592
0.0040896145
0.0039167087
0.0037417523
0.003564783
0.0033859452
0.0032055081
0.0030235838
0.0028402256
0.0026558255
0.0024706173
0.0022863297
0.0021025144
0.0019247537
0.0017461389
0.0015914612
0.001416375
0.0013424853
0.0011207725
0.001833551
-0.0014783056
0.022406779
0.022078016
0.021714864
0.021305543
0.020848753
0.020352046
0.019823566
0.019270953
0.01870253
0.018127102
0.017553127
0.016988223
0.016438977
0.015910824
0.015407975
0.014933416
0.014488989
0.0140755
0.013692861
0.013340237
0.013016206
0.012718914
0.012446222
0.012195837
0.011965422
0.01175268
0.011555425
0.011371617
0.011199393
0.011037077
0.010883181
0.0107364
0.010595596
0.01045978
0.010328091
0.010199784
0.010074216
0.0099508246
0.0098291363
0.0097087416
0.0095892834
0.0094704704
0.0093520431
0.0092337785
0.0091154954
0.0089970171
0.0088782064
0.0087589279
0.0086390513
0.0085185056
0.0083971799
0.0082749918
0.0081518662
0.0080277212
0.0079025287
0.0077761911
0.0076486563
0.0075198536
0.0073897288
0.0072582231
0.0071252756
0.0069908753
0.0068549332
0.006717416
0.0065782584
0.0064374205
0.0062948393
0.006150473
0.0060042674
0.0058561834
0.0057061736
0.0055541979
0.0054002175
0.0052441946
0.0050861001
0.0049258968
0.0047635719
0.0045990949
0.0044324773
0.0042636953
0.0040927938
0.0039197551
0.0037446686
0.0035675816
0.0033886228
0.0032079462
0.0030258168
0.0028425436
0.0026585837
0.0024739598
0.0022900224
0.0021063097
0.0019283988
0.0017497272
0.001594478
0.0014192031
0.0013439225
0.001119897
0.0018173481
-0.0014359326
0.022077561
0.021768847
0.021428856
0.021047002
0.020621817
0.02015955
0.019666998
0.019150587
0.018617474
0.018075403
0.017531988
0.01699425
0.016468422
0.015959801
0.01547264
0.015010115
0.014574364
0.01416656
0.01378702
0.01343533
0.013110479
0.012810998
0.012535101
0.012280798
0.012046009
0.011828649
0.011626694
0.011438229
0.011261482
0.01109484
0.010936852
0.010786234
0.010641856
0.010502727
0.010367977
0.010236852
0.010108694
0.0099829281
0.0098590636
0.0097366759
0.009615394
0.0094949093
0.0093749497
0.0092552793
0.0091357028
0.0090160355
0.0088961272
0.0087758359
0.0086550259
0.0085336121
0.0084114824
0.0082885467
0.0081647252
0.0080399329
0.0079141306
0.0077872239
0.0076591539
0.0075298493
0.0073992519
0.0072673014
0.0071339355
0.0069991353
0.0068628165
0.00672494
0.0065854416
0.0064442784
0.0063013877
0.0061567254
0.0060102374
0.0058618823
0.0057116126
0.005559387
0.0054051657
0.0052489103
0.0050905908
0.0049301699
0.0047676334
0.0046029517
0.0044361346
0.0042671617
0.0040960781
0.003922875
0.0037476368
0.0035704184
0.0033913345
0.0032105447
0.0030282581
0.0028447522
0.002660606
0.002476093
0.0022925988
0.0021093665
0.0019315644
0.0017528885
0.0015970169
0.0014215063
0.0013447467
0.0011180664
0.0017982718
-0.0013890561
0.021760414
0.021470281
0.021151647
0.020795021
0.020398833
0.01996825
0.019508936
0.019026278
0.018526395
0.018016063
0.01750208
0.016990865
0.016488252
0.015999332
0.015528326
0.015078523
0.014652282
0.01425108
0.013875583
0.013525754
0.013200958
0.012900094
0.012621707
0.012364109
0.012125476
0.011903936
0.011697638
0.011504801
0.011323752
0.01115295
0.010990994
0.010836626
0.010688732
0.010546325
0.010408534
0.010274597
0.010143845
0.010015693
0.0098896364
0.0097652357
0.0096421076
0.0095199277
0.0093984116
0.0092773112
0.0091564178
0.0090355381
0.0089145103
0.0087931851
0.0086714211
0.0085491204
0.0084261686
0.0083024683
0.0081779348
0.0080524799
0.007926054
0.0077985646
0.0076699471
0.0075401288
0.0074090477
0.0072766421
0.0071428478
0.0070076389
0.0068709345
0.0067326908
0.0065928443
0.0064513487
0.0063081421
0.0061631779
0.0060164017
0.0058677706
0.0057172363
0.0055647564
0.0054102905
0.0052537993
0.0050952517
0.0049346104
0.0047718598
0.0046069705
0.0044399505
0.0042707805
0.0040995038
0.0039261154
0.0037507
0.0035733196
0.0033940873
0.0032131617
0.0030307477
0.0028471305
0.0026627711
0.002477996
0.0022943324
0.0021112357
0.001933734
0.0017553918
0.0015990608
0.0014232939
0.0013449403
0.0011151835
0.0017761309
-0.0013374581
0.021454593
0.021181701
0.020882797
0.020549379
0.020179829
0.019778416
0.01934985
0.018898629
0.018429966
0.017949749
0.017464015
0.01697858
0.016498853
0.01602967
0.015575157
0.015138646
0.014722651
0.014328887
0.013958319
0.013611238
0.013287354
0.012985902
0.012705748
0.012445492
0.012203564
0.011978308
0.01176805
0.01157115
0.011386046
0.011211275
0.011045494
0.010887483
0.010736148
0.010590513
0.010449712
0.010312978
0.010179637
0.010049095
0.0099208352
0.0097944063
0.0096694133
0.0095455178
0.0094224236
0.009299871
0.0091776387
0.0090555247
0.0089333564
0.0088109768
0.0086882388
0.0085650328
0.0084412409
0.0083167593
0.0081914977
0.0080653647
0.0079383012
0.0078102158
0.0076810381
0.0075506942
0.0074191183
0.0072862468
0.007152014
0.0070163872
0.0068792883
0.0067406691
0.0066004665
0.0064586314
0.0063151018
0.0061698293
0.006022759
0.0058738463
0.0057230424
0.0055703037
0.0054155889
0.0052588581
0.005100079
0.0049392144
0.0047762469
0.0046111476
0.0044439222
0.0042745528
0.0041030792
0.0039294992
0.003753895
0.0035763308
0.0033969222
0.0032158317
0.0030332662
0.0028494991
0.0026649964
0.0024800772
0.0022961227
0.0021127113
0.0019349553
0.0017567523
0.0016002015
0.0014244171
0.0013445106
0.0011111754
0.0017509449
-0.0012811027
0.021159412
0.020902537
0.020621887
0.020309852
0.019964805
0.019590265
0.019190143
0.018768184
0.018328805
0.017877099
0.017418391
0.016957914
0.016500637
0.016051107
0.015613301
0.015190536
0.01478542
0.014399848
0.014035028
0.013691538
0.013369393
0.013068139
0.012786939
0.012524671
0.012280014
0.012051526
0.011837715
0.011637088
0.011448198
0.011269672
0.011100231
0.010938701
0.010784017
0.01063522
0.010491452
0.010351949
0.010216033
0.010083104
0.0099526361
0.0098241691
0.009697297
0.0095716692
0.0094469781
0.0093229534
0.0091993621
0.0090759936
0.008952665
0.0088292116
0.0087054803
0.008581351
0.0084567015
0.008331422
0.0082054165
0.0080785901
0.0079508751
0.00782218
0.0076924297
0.0075615479
0.007429466
0.0072961177
0.0071614359
0.0070253818
0.0068878791
0.006748876
0.0066083091
0.0064661268
0.0063222671
0.0061766795
0.0060293088
0.0058801086
0.0057290295
0.0055760269
0.0054210586
0.0052640839
0.0051050696
0.0049439781
0.0047807906
0.0046154786
0.0044480455
0.0042784742
0.0041068016
0.0039330276
0.0037572307
0.0035794757
0.0033998779
0.0032185996
0.0030358512
0.0028519071
0.0026672343
0.0024821394
0.0022979844
0.0021143407
0.0019361347
0.0017575409
0.0016002874
0.0014243908
0.0013431835
0.0011057512
0.0017231099
-0.0012201353
0.020874237
0.020632259
0.020368522
0.020076217
0.019753734
0.019403971
0.019030169
0.018635431
0.018223484
0.017798714
0.017365788
0.016929384
0.01649403
0.016063958
0.015642959
0.015234283
0.014840578
0.014463864
0.014105545
0.013766436
0.013446823
0.013146531
0.012865001
0.012601372
0.012354564
0.012123348
0.011906411
0.011702415
0.011510032
0.011327988
0.011155074
0.010990169
0.010832245
0.010680367
0.010533689
0.010391455
0.010252987
0.010117683
0.0099850108
0.0098545017
0.0097257413
0.0095983683
0.009472065
0.0093465512
0.009221583
0.0090969414
0.0089724341
0.0088478886
0.0087231459
0.008598076
0.008472552
0.0083464583
0.0082196934
0.0080921585
0.0079637782
0.00783446
0.0077041243
0.0075726927
0.0074400931
0.0073062572
0.0071711158
0.0070346247
0.006896709
0.0067573132
0.0066163735
0.0064738362
0.0063296388
0.0061837291
0.0060360512
0.0058865572
0.005735197
0.005581925
0.0054266981
0.0052694748
0.0051102208
0.0049488985
0.0047854876
0.0046199596
0.0044523159
0.0042825402
0.0041106663
0.0039366961
0.0037607041
0.0035827557
0.0034029643
0.0032214902
0.0030385438
0.0028543982
0.0026695201
0.0024842216
0.0022998347
0.0021159564
0.0019373932
0.0017584151
0.001600175
0.0014235496
0.0013407241
0.0010982973
0.0016922296
-0.0011543329
0.020598485
0.020370376
0.020122329
0.019848253
0.019546574
0.019219671
0.018870227
0.018500802
0.018114527
0.017715158
0.017306766
0.016893504
0.016479469
0.016068564
0.015664365
0.015270015
0.014888153
0.014520877
0.014169736
0.013835743
0.013519415
0.013220825
0.012939667
0.012675328
0.012426955
0.012193527
0.011973912
0.011766924
0.011571366
0.01138606
0.011209881
0.011041767
0.01088073
0.010725867
0.010576351
0.010431436
0.01029045
0.010152792
0.010017926
0.009885377
0.0097547246
0.0096255982
0.0094976712
0.0093706543
0.0092442939
0.009118363
0.0089926602
0.0088670058
0.0087412346
0.0086152077
0.0084887931
0.0083618697
0.0082343303
0.0081060722
0.0079770129
0.0078470583
0.0077161247
0.0075841311
0.0074510024
0.0073166678
0.0071810563
0.0070441184
0.00690578
0.0067659825
0.0066246616
0.0064817611
0.0063372183
0.006190979
0.006042987
0.0058931925
0.005741545
0.0055879977
0.0054325066
0.0052750295
0.0051155311
0.0049539736
0.0047903351
0.0046245874
0.0044567297
0.0042867467
0.0041146687
0.0039404997
0.0037643104
0.0035861662
0.0034061786
0.0032245053
0.0030413552
0.0028569982
0.0026718962
0.0024863641
0.0023017089
0.0021175649
0.0019385956
0.0017592675
0.0016001334
0.001422649
0.0013377701
0.0010915212
0.0016537433
-0.001082946
0.020331613
0.020116428
0.019882956
0.019625742
0.019343265
0.019037472
0.018710578
0.018364685
0.018002409
0.017626957
0.017241858
0.016850778
0.016457395
0.016065283
0.015677782
0.015297894
0.01492821
0.014570864
0.014227504
0.0138993
0.013586963
0.013290783
0.013010684
0.012746279
0.01249693
0.012261817
0.012039986
0.011830405
0.011632006
0.01144372
0.011264504
0.011093363
0.01092936
0.010771625
0.010619356
0.010471824
0.010328366
0.010188384
0.010051342
0.0099167636
0.0097842214
0.0096533384
0.0095237803
0.00939525
0.0092674852
0.0091402509
0.0090133381
0.0088865596
0.0087597443
0.0086327451
0.0085054247
0.0083776565
0.0082493281
0.0081203327
0.0079905811
0.0078599771
0.0077284332
0.0075958656
0.0074621964
0.0073273521
0.0071912599
0.0070538653
0.0069150946
0.0067748864
0.0066331754
0.0064899035
0.0063450072
0.0061984309
0.0060501174
0.0059000157
0.0057480743
0.0055942454
0.0054384842
0.0052807478
0.0051209997
0.004959202
0.0047953314
0.0046293598
0.0044612843
0.0042910901
0.0041188049
0.0039444341
0.0037680445
0.0035897019
0.0034095153
0.0032276399
0.0030442828
0.0028597093
0.0026743758
0.0024885961
0.0023036489
0.0021192012
0.0019397832
0.0017600667
0.001599981
0.0014219088
0.0013344904
0.0010892364
0.0016054747
-0.0010070629
0.020073117
0.019869987
0.019650067
0.01940847
0.019143735
0.018857451
0.01855144
0.018227419
0.017887567
0.017534601
0.017171572
0.016801695
0.016428252
0.016054488
0.015683494
0.015318112
0.01496085
0.014613837
0.014278784
0.013956979
0.013649289
0.013356193
0.013077815
0.012813975
0.012564239
0.012327974
0.012104402
0.011892641
0.011691756
0.011500788
0.011318785
0.01114482
0.010978014
0.010817536
0.010662616
0.010512544
0.010366671
0.010224406
0.010085217
0.0099486249
0.0098142016
0.0096815644
0.0095503727
0.0094203226
0.0092911442
0.0091625956
0.0090344604
0.0089065445
0.0087786711
0.0086506856
0.0085224452
0.0083938184
0.0082646873
0.008134941
0.0080044841
0.0078732181
0.0077410518
0.0076078986
0.0074736775
0.0073383126
0.0072017291
0.0070638679
0.0069246553
0.0067840271
0.0066419173
0.0064982655
0.0063530077
0.0062060866
0.0060574442
0.0059070281
0.0057547859
0.005600669
0.0054446316
0.0052866299
0.0051266266
0.0049645834
0.0048004757
0.0046342753
0.0044659775
0.0042955681
0.0041230719
0.0039484955
0.0037719024
0.003593358
0.0034129692
0.0032308884
0.0030473206
0.0028625265
0.0026769559
0.0024909211
0.0023056691
0.0021208975
0.0019409966
0.0017608441
0.0015997316
0.0014213769
0.0013307346
0.0010906763
0.0015517143
-0.00092969613
0.019822527
0.019630653
0.019423347
0.019196229
0.018947904
0.018679663
0.018392999
0.018089308
0.017770391
0.017438545
0.017096389
0.016746729
0.016392476
0.016036556
0.015681806
0.015330888
0.014986203
0.014649843
0.014323547
0.014008682
0.013706243
0.013416861
0.013140839
0.01287818
0.012628638
0.012391757
0.012166925
0.011953412
0.011750413
0.011557081
0.011372556
0.011195991
0.011026563
0.010863489
0.010706034
0.010553513
0.010405293
0.010260797
0.010119498
0.0099809189
0.0098446305
0.0097102476
0.0095774248
0.0094458529
0.0093152557
0.0091853848
0.0090560174
0.0089269531
0.0087980096
0.0086690253
0.0085398522
0.0084103538
0.008280407
0.008149897
0.0080187225
0.0078867825
0.007753982
0.0076202317
0.0074854478
0.0073495516
0.0072124663
0.0070741286
0.0069344645
0.0067934073
0.0066508897
0.0065068495
0.0063612219
0.0062139481
0.0060649692
0.0059142314
0.0057616815
0.0056072698
0.0054509497
0.0052926765
0.0051324122
0.0049701178
0.0048057676
0.0046393333
0.0044708085
0.0043001791
0.0041274674
0.0039526812
0.0037758805
0.0035971305
0.0034165357
0.0032342457
0.003050463
0.0028654438
0.0026796304
0.0024933337
0.0023077669
0.0021226585
0.0019422505
0.0017616328
0.00159943
0.0014207824
0.001326732
0.0010930642
0.0014978543
-0.00085391141
0.019579407
0.019398047
0.019202494
0.018988815
0.018755683
0.018504142
0.018235412
0.017950617
0.017651238
0.017339206
0.017016761
0.016686337
0.0163505
0.016011871
0.015673036
0.015336462
0.015004428
0.01467896
0.014361793
0.014054345
0.013757702
0.013472622
0.013199556
0.012938673
0.012689894
0.012452931
0.012227327
0.012012499
0.01180777
0.011612407
0.011425647
0.01124672
0.011074869
0.010909363
0.010749505
0.01059464
0.010444157
0.010297493
0.010154131
0.010013598
0.0098754684
0.0097393547
0.0096049092
0.0094718184
0.009339801
0.0092086035
0.0090779972
0.0089477759
0.0088177522
0.0086877584
0.0085576413
0.0084272596
0.0082964855
0.0081651997
0.0080332962
0.0079006705
0.0077672246
0.0076328663
0.0074975088
0.0073610708
0.0072234735
0.0070846497
0.0069445245
0.0068030291
0.0066600948
0.0065156577
0.0063696521
0.0062220177
0.0060726946
0.0059216276
0.0057687629
0.0056140495
0.00545744
0.005298889
0.0051383574
0.0049758059
0.0048112075
0.0046445338
0.0044757766
0.0043049222
0.0041319902
0.0039569894
0.0037799766
0.0036010164
0.0034202111
0.0032377073
0.0030537048
0.0028684553
0.0026823929
0.0024958271
0.0023099353
0.0021244783
0.0019435418
0.0017624389
0.00159909
0.0014200338
0.0013226094
0.0010952099
0.0014459444
-0.00078120438
0.019343345
0.019171819
0.018987225
0.018786031
0.018566977
0.018330906
0.018078807
0.017811577
0.017530426
0.017236969
0.016933111
0.016620953
0.016302744
0.015980816
0.01565751
0.015335096
0.015015709
0.014701294
0.014393557
0.014093933
0.013803572
0.013523332
0.013253788
0.012995249
0.012747788
0.012511268
0.012285381
0.012069681
0.011863619
0.011666573
0.011477878
0.011296846
0.011122789
0.01095503
0.010792917
0.010635827
0.010483176
0.01033442
0.010189052
0.01004661
0.0099066703
0.009768848
0.009632794
0.0094981924
0.0093647582
0.0092322335
0.0091003848
0.0089690008
0.0088378894
0.0087068774
0.0085758067
0.0084445316
0.0083129194
0.0081808472
0.0080482037
0.0079148817
0.0077807798
0.0076458029
0.0075098615
0.0073728716
0.0072347523
0.0070954328
0.0069548373
0.0068128946
0.0066695349
0.0065246924
0.0063783006
0.0062302974
0.0060806223
0.0059292187
0.0057760318
0.0056210098
0.0054641041
0.0053052687
0.0051444634
0.0049816487
0.0048167962
0.0046498773
0.0044808821
0.0043097973
0.0041366396
0.003961419
0.0037841891
0.0036050135
0.0034239926
0.0032412698
0.003057042
0.0028715562
0.0026852378
0.0024983949
0.0023121673
0.0021263493
0.0019448628
0.0017632561
0.0015987032
0.0014191831
0.0013183812
0.0010967865
0.0013952028
-0.00071103808
0.019113959
0.018951634
0.018777268
0.018587683
0.01838169
0.018159959
0.017923289
0.01767239
0.017408241
0.017132185
0.016845833
0.01655099
0.016249616
0.015943773
0.015635563
0.015327062
0.015020253
0.014716981
0.014418899
0.01412744
0.013843789
0.013568876
0.013303378
0.013047722
0.012802113
0.012566551
0.012340865
0.01212474
0.011917749
0.01171938
0.011529066
0.011346202
0.011170171
0.011000355
0.010836149
0.010676969
0.010522259
0.010371497
0.010224193
0.010079894
0.0099381855
0.0097986843
0.0096610429
0.0095249445
0.0093901018
0.0092562536
0.0091231626
0.0089906133
0.0088584094
0.0087263727
0.0085943408
0.0084621636
0.0083297043
0.0081968359
0.0080634428
0.0079294145
0.0077946467
0.0076590413
0.0075225062
0.0073849547
0.0072463038
0.0071064794
0.0069654044
0.0068230056
0.0066792119
0.0065339556
0.0063871692
0.0062387894
0.0060887546
0.0059370068
0.0057834904
0.0056281525
0.0054709438
0.0053118173
0.0051507318
0.0049876475
0.0048225346
0.0046553646
0.0044861256
0.0043148044
0.0041414156
0.0039659696
0.0037885169
0.0036091205
0.0034278783
0.0032449306
0.0030604713
0.0028747425
0.0026881603
0.0025010314
0.0023144562
0.0021282638
0.001946205
0.0017640751
0.0015982569
0.0014183329
0.0013138708
0.0010977016
0.0013448599
-0.0006425734
0.018890886
0.018737177
0.018572364
0.018393585
0.018199717
0.01799129
0.017768945
0.017533233
0.017284939
0.017025174
0.016755294
0.016476839
0.016191508
0.015901113
0.015607533
0.015312646
0.015018284
0.014726176
0.014437909
0.014154889
0.013878315
0.013609166
0.013348194
0.013095926
0.012852678
0.012618575
0.012393568
0.012177464
0.011969953
0.01177063
0.011579023
0.011394614
0.011216856
0.011045194
0.010879074
0.010717952
0.010561306
0.010408638
0.010259477
0.010113387
0.0099699578
0.0098288155
0.0096896147
0.0095520397
0.009415802
0.0092806387
0.0091463096
0.0090125959
0.0088792976
0.0087462324
0.0086132338
0.008480148
0.0083468339
0.0082131611
0.0080790098
0.0079442663
0.0078088235
0.0076725805
0.0075354424
0.0073973201
0.0072581285
0.0071177903
0.0069762269
0.0068333634
0.0066891272
0.0065434488
0.0063962598
0.0062474955
0.0060970932
0.0059449938
0.0057911405
0.0056354796
0.0054779608
0.0053185363
0.0051571641
0.0049938036
0.0048284241
0.0046609966
0.0044915078
0.0043199443
0.0041463184
0.003970641
0.0037929597
0.0036133364
0.0034318667
0.0032486878
0.0030639901
0.0028780108
0.0026911562
0.0025037316
0.0023167963
0.0021302151
0.0019475605
0.0017648868
0.0015977399
0.0014175038
0.0013090493
0.0010977923
0.0012948307
-0.00057547508
0.018673794
0.018528157
0.018372273
0.018203559
0.018020959
0.017824885
0.017615844
0.017394258
0.01716075
0.016916231
0.016661834
0.016398868
0.016128796
0.015853204
0.015573755
0.015292142
0.01501004
0.014729058
0.014450701
0.014176331
0.013907142
0.013644139
0.013388128
0.013139715
0.012899312
0.012667148
0.012443286
0.012227647
0.012020026
0.011820124
0.011627562
0.011441905
0.011262682
0.0110894
0.010921557
0.010758657
0.01060021
0.010445748
0.010294824
0.010147015
0.010001925
0.009859188
0.0097184636
0.0095794386
0.0094418254
0.0093053605
0.0091698019
0.0090349284
0.0089005371
0.0087664424
0.0086324741
0.008498475
0.0083643005
0.0082298165
0.0080948997
0.0079594334
0.0078233074
0.0076864184
0.0075486689
0.0074099673
0.0072702263
0.0071293657
0.0069873056
0.0068439691
0.0066992821
0.0065531736
0.0064055741
0.0062564174
0.0061056399
0.0059531813
0.0057989838
0.0056429928
0.0054851569
0.0053254276
0.0051637619
0.0050001187
0.0048344661
0.0046667747
0.0044970297
0.0043252176
0.0041513486
0.0039754335
0.0037975174
0.0036176609
0.0034359573
0.0032525403
0.0030675966
0.0028813589
0.0026942226
0.0025064917
0.0023191827
0.0021321971
0.0019489221
0.0017656824
0.0015971427
0.0014166531
0.0013035694
0.0010970098
0.0012455236
-0.00050962371
0.018462341
0.018324277
0.018176746
0.018017419
0.017845301
0.017660703
0.017464027
0.017255587
0.017035869
0.016805612
0.01656576
0.016317418
0.016061838
0.015800397
0.015534563
0.015265849
0.014995775
0.014725826
0.014457415
0.014191848
0.013930294
0.013673765
0.013423104
0.013178975
0.012941868
0.012712101
0.012489835
0.012275094
0.012067773
0.01186767
0.011674496
0.011487901
0.011307485
0.011132821
0.010963463
0.010798959
0.010638861
0.010482731
0.010330145
0.010180703
0.010034021
0.0098897444
0.0097475397
0.0096070984
0.0094681353
0.0093303875
0.0091936127
0.0090575881
0.0089221089
0.0087869867
0.0086520483
0.0085171337
0.0083820949
0.0082467948
0.0081111066
0.0079749109
0.0078380948
0.0077005524
0.0075621837
0.0074228949
0.0072825964
0.0071412056
0.0069986407
0.0068548232
0.0067096774
0.006563131
0.0064151132
0.0062655565
0.0061143963
0.0059615711
0.0058070222
0.0056506938
0.0054925338
0.0053324928
0.0051705267
0.0050065941
0.0048406619
0.0046727002
0.0045026926
0.0043306256
0.004156507
0.0039803479
0.0038021905
0.0036220941
0.0034401495
0.0032564871
0.0030712898
0.002884785
0.0026973569
0.0025093084
0.0023216112
0.0021342049
0.0019502836
0.0017664544
0.0015964539
0.0014157531
0.0012971635
0.0010953055
0.0011971826
-0.00044485428
0.017686301
0.018640572
0.020048323
0.021803884
0.024018063
0.026923966
0.030346553
0.035528788
0.041546243
0.057270519
0.017686243
0.018640421
0.020048026
0.021803196
0.024016441
0.026919317
0.03033635
0.035464934
0.041492106
0.05510925
0.017686131
0.018640151
0.020047482
0.021801937
0.0240134
0.026911074
0.03031688
0.035373191
0.041299654
0.052651019
0.017685953
0.018639727
0.020046623
0.02179995
0.024008594
0.026898183
0.030285675
0.03524455
0.040929694
0.050411844
0.017685703
0.018639131
0.020045418
0.021797164
0.024001865
0.026880248
0.030240791
0.035080336
0.04044781
0.048408611
0.017685374
0.018638349
0.020043835
0.021793509
0.02399306
0.026856942
0.030181746
0.03488344
0.039888536
0.046589323
0.017684959
0.018637364
0.02004184
0.021788909
0.023982011
0.026827901
0.030108771
0.03465478
0.039273517
0.044922451
0.01768445
0.018636156
0.020039396
0.021783279
0.023968539
0.026792773
0.030021698
0.03439545
0.038629948
0.043362652
0.017683839
0.018634705
0.020036461
0.021776533
0.02395246
0.026751224
0.02992036
0.034107645
0.037968039
0.041891868
0.017683115
0.018632989
0.020032993
0.021768576
0.023933589
0.026702939
0.029804686
0.033793852
0.03729159
0.040505151
0.017682269
0.018630986
0.020028946
0.021759313
0.023911734
0.026647624
0.029674699
0.03345651
0.036604847
0.03919898
0.01768129
0.01862867
0.020024271
0.021748642
0.023886704
0.026585011
0.029530502
0.033098031
0.035912228
0.037969713
0.017680167
0.018626016
0.020018917
0.021736457
0.023858303
0.02651486
0.029372278
0.03272082
0.035217767
0.0368136
0.017678887
0.018622994
0.02001283
0.021722649
0.023826338
0.02643696
0.029200293
0.032327262
0.034525047
0.035726761
0.017677437
0.018619575
0.020005951
0.021707103
0.023790614
0.026351132
0.029014891
0.031919696
0.033837236
0.034705204
0.017675802
0.018615727
0.019998219
0.021689702
0.023750941
0.026257233
0.028816491
0.031500398
0.033157106
0.033744879
0.017673968
0.018611416
0.019989572
0.021670326
0.023707132
0.026155156
0.028605588
0.03107156
0.032487049
0.032841746
0.017671917
0.018606606
0.019979941
0.02164885
0.023659003
0.026044832
0.028382742
0.030635279
0.0318291
0.031991847
0.017669633
0.018601259
0.019969255
0.021625148
0.023606379
0.025926234
0.02814858
0.030193544
0.031184954
0.03119135
0.017667096
0.018595335
0.019957442
0.021599093
0.023549093
0.025799373
0.027903786
0.029748228
0.030555989
0.0304366
0.017664287
0.01858879
0.019944423
0.021570553
0.023486987
0.025664305
0.027649094
0.029301076
0.02994329
0.029724145
0.017661184
0.01858158
0.019930118
0.021539398
0.023419917
0.025521125
0.027385284
0.028853704
0.029347673
0.029050757
0.017657763
0.018573657
0.019914443
0.021505497
0.02334775
0.025369973
0.027113172
0.028407591
0.028769712
0.028413443
0.017654002
0.018564972
0.019897312
0.021468719
0.023270369
0.025211028
0.026833603
0.027964079
0.028209762
0.027809444
0.017649873
0.01855547
0.019878634
0.021428936
0.023187673
0.025044511
0.02654744
0.027524372
0.027667983
0.027236232
0.017645348
0.018545098
0.019858317
0.021386019
0.023099581
0.024870681
0.026255562
0.027089539
0.027144372
0.026691497
0.017640399
0.018533798
0.019836266
0.021339846
0.023006029
0.024689836
0.025958847
0.026660518
0.02663878
0.026173137
0.017634992
0.018521508
0.019812384
0.021290297
0.022906975
0.024502306
0.025658174
0.026238115
0.026150939
0.025679239
0.017629096
0.018508166
0.019786569
0.021237255
0.0228024
0.024308455
0.025354404
0.025823017
0.025680483
0.025208063
0.017622673
0.018493707
0.019758721
0.021180614
0.022692308
0.024108677
0.025048381
0.025415793
0.025226969
0.024758026
0.017615687
0.018478062
0.019728737
0.02112027
0.022576725
0.023903389
0.024740923
0.025016906
0.024789891
0.024327686
0.017608097
0.01846116
0.019696513
0.021056129
0.022455704
0.023693033
0.024432813
0.024626716
0.024368701
0.023915726
0.017599859
0.018442928
0.019661944
0.020988108
0.022329321
0.02347807
0.024124797
0.024245492
0.023962821
0.023520939
0.01759093
0.01842329
0.019624925
0.020916131
0.022197677
0.023258971
0.023817576
0.023873421
0.02357165
0.023142222
0.01758126
0.01840217
0.019585351
0.020840134
0.022060899
0.023036223
0.023511805
0.023510614
0.023194582
0.022778557
0.017570801
0.018379487
0.019543121
0.020760068
0.021919137
0.022810314
0.023208088
0.023157115
0.022831009
0.022429008
0.017559497
0.01835516
0.019498132
0.020675892
0.021772565
0.022581738
0.022906975
0.022812911
0.022480326
0.022092709
0.017547292
0.018329106
0.019450285
0.020587581
0.021621379
0.022350983
0.022608965
0.022477939
0.02214194
0.021768859
0.017534128
0.01830124
0.019399483
0.020495127
0.021465799
0.022118533
0.022314499
0.022152094
0.021815274
0.021456715
0.017519942
0.018271478
0.019345635
0.020398532
0.02130606
0.021884862
0.022023967
0.021835231
0.021499764
0.021155588
0.017504667
0.018239732
0.019288651
0.020297818
0.021142419
0.021650429
0.021737704
0.02152718
0.021194868
0.020864835
0.017488236
0.018205918
0.019228449
0.02019302
0.020975146
0.021415678
0.021455994
0.021227741
0.020900064
0.02058386
0.017470576
0.018169947
0.019164952
0.02008419
0.020804528
0.021181031
0.021179071
0.0209367
0.02061485
0.020312103
0.017451611
0.018131735
0.01909809
0.019971396
0.02063086
0.020946889
0.020907122
0.020653822
0.020338748
0.020049045
0.017431262
0.018091197
0.019027801
0.019854723
0.020454448
0.02071363
0.020640293
0.020378864
0.0200713
0.019794197
0.017409447
0.018048249
0.018954028
0.019734272
0.020275603
0.020481603
0.020378687
0.020111574
0.019812068
0.019547105
0.01738608
0.01800281
0.018876728
0.019610157
0.020094642
0.020251133
0.020122372
0.019851692
0.019560636
0.019307339
0.017361073
0.017954803
0.018795864
0.019482511
0.019911881
0.020022516
0.019871385
0.019598961
0.019316608
0.019074498
0.017334338
0.017904155
0.018711411
0.019351474
0.019727627
0.019796011
0.019625725
0.019353112
0.019079606
0.018848207
0.01730579
0.017850806
0.018623355
0.019217201
0.01954217
0.019571827
0.019385343
0.019113855
0.018849238
0.018628081
0.017274046
0.017792365
0.018527863
0.019074174
0.019348115
0.019341029
0.019140497
0.018871314
0.018615892
0.018404898
0.017235101
0.017722027
0.018414125
0.018907124
0.0191258
0.019081013
0.018867565
0.018602183
0.018357144
0.018157186
0.017184576
0.017633224
0.018272181
0.018703326
0.018860729
0.018776762
0.018551823
0.018292375
0.018059553
0.017872003
0.017118388
0.017521308
0.018095694
0.018456394
0.018548102
0.018425285
0.018191428
0.017940524
0.017721785
0.017547839
0.017030773
0.017380638
0.0178778
0.018159966
0.018184104
0.018025066
0.017786026
0.017546575
0.017343694
0.017184379
0.016914034
0.017204268
0.017611562
0.017808495
0.01776663
0.017576628
0.017337156
0.017112003
0.016926251
0.016782039
0.016758769
0.016983964
0.017289984
0.017397847
0.017295697
0.017082637
0.016848235
0.016640183
0.016472774
0.01634414
0.016553671
0.016710209
0.016907179
0.016926624
0.016774073
0.01654776
0.016323492
0.016133718
0.015984193
0.015870445
0.016285695
0.016372886
0.016459449
0.016396901
0.016207179
0.015978769
0.015770597
0.015601543
0.015470665
0.015371755
0.015941182
0.01596262
0.015946201
0.015814361
0.015601743
0.015379319
0.015188067
0.015037244
0.014922489
0.014836788
0.015508107
0.015472453
0.015370066
0.015187777
0.014969419
0.014765462
0.014598456
0.014469161
0.014371278
0.014298285
0.014978991
0.014901187
0.014737013
0.01452283
0.014304686
0.014114898
0.013964521
0.013850761
0.013766359
0.013704341
0.01435553
0.014253294
0.014059118
0.013844497
0.013652976
0.013496667
0.013373961
0.013280012
0.013209612
0.013157703
0.013651599
0.013540769
0.013332799
0.013112019
0.012924435
0.012778747
0.01266944
0.012588703
0.012529664
0.012486786
0.012894752
0.012801928
0.012637022
0.012475551
0.012344264
0.012240113
0.012157544
0.012093588
0.012045563
0.012010203
0.012116064
0.0120068
0.011815896
0.011634188
0.011499615
0.011405079
0.011336028
0.011284676
0.011247039
0.011219863
0.011411562
0.011412475
0.011359579
0.011283259
0.011207077
0.011139263
0.011083061
0.011039162
0.011006048
0.010981466
0.010606581
0.010420848
0.01021596
0.010070415
0.0099716587
0.009899178
0.0098452671
0.0098062321
0.0097783522
0.0097583652
0.018247675
0.018117022
0.017977642
0.017827444
0.017665489
0.017492005
0.017307301
0.017111603
0.016905276
0.01668891
0.016463276
0.016229293
0.015988021
0.015740642
0.015488432
0.015232729
0.014974896
0.014716289
0.014458218
0.014201917
0.013948516
0.013699019
0.013454286
0.013215024
0.012981785
0.012754966
0.012534817
0.012321452
0.012114866
0.011914949
0.011721503
0.01153426
0.011352898
0.011177056
0.011006348
0.010840372
0.010678724
0.010520999
0.010366805
0.010215761
0.010067504
0.0099216911
0.0097779989
0.0096361256
0.0094957902
0.0093567321
0.0092187099
0.0090815003
0.0089448973
0.0088087107
0.0086727649
0.0085368971
0.0084009566
0.0082648035
0.0081283077
0.007991347
0.0078538062
0.0077155767
0.0075765562
0.0074366484
0.0072957617
0.0071538108
0.0070107124
0.0068663861
0.0067207547
0.0065737443
0.006425283
0.0062753021
0.0061237356
0.005970521
0.0058155986
0.0056589115
0.0055004066
0.0053400337
0.0051777479
0.0050135069
0.0048472765
0.0046790263
0.0045087385
0.0043363991
0.0041620139
0.0039855936
0.0038071779
0.0036268245
0.0034446214
0.0032606955
0.0030752251
0.0028884327
0.0027006898
0.002512298
0.0023241803
0.0021363179
0.001951694
0.0017672264
0.0015956278
0.0014146833
0.001289836
0.0010922853
0.0011478099
-0.00037849425
0.018009097
0.017886358
0.017755652
0.017615132
0.017463922
0.01730217
0.017130103
0.016947864
0.016755709
0.016554083
0.01634359
0.016124971
0.015899091
0.015666933
0.015429578
0.015188178
0.014943926
0.014698029
0.014451675
0.014206008
0.013962099
0.013720921
0.013483336
0.01325008
0.013021755
0.012798826
0.012581627
0.012370366
0.012165132
0.011965916
0.011772613
0.011585049
0.011402985
0.011226137
0.011054186
0.010886792
0.010723599
0.010564248
0.010408381
0.010255648
0.010105708
0.0099582362
0.0098129237
0.0096694786
0.009527627
0.0093871127
0.0092476969
0.0091091576
0.0089712886
0.0088338984
0.0086968097
0.0085598576
0.0084228887
0.0082857602
0.0081483393
0.0080105007
0.0078721267
0.0077331059
0.0075933336
0.007452711
0.0073111441
0.007168545
0.0070248282
0.0068799117
0.0067337166
0.0065861671
0.00643719
0.0062867152
0.0061346755
0.0059810071
0.0058256488
0.005668543
0.0055096353
0.0053488747
0.0051862148
0.0050216129
0.0048550333
0.0046864452
0.0045158288
0.0043431697
0.0041684713
0.003991744
0.0038130243
0.0036323679
0.0034498599
0.0032656227
0.0030798292
0.0028926958
0.0027045788
0.0025157785
0.0023271597
0.0021387522
0.0019532898
0.0017680564
0.0015945471
0.0014131271
0.0012809847
0.0010869515
0.0010933446
-0.00030504168
0.017734
0.017619936
0.01749871
0.017368725
0.01722918
0.01708015
0.016921783
0.016754147
0.016577394
0.016391834
0.016197912
0.015996188
0.015787334
0.015572131
0.015351456
0.015126258
0.014897544
0.014666352
0.014433723
0.014200685
0.01396822
0.013737249
0.01350861
0.013283047
0.013061193
0.012843573
0.012630593
0.01242255
0.012219633
0.01202193
0.011829444
0.011642097
0.011459747
0.0112822
0.011109216
0.010940528
0.010775843
0.010614857
0.010457257
0.010302732
0.010150975
0.010001685
0.0098545731
0.0097093635
0.0095657938
0.0094236161
0.0092825972
0.0091425186
0.0090031758
0.0088643778
0.0087259464
0.0085877153
0.0084495291
0.0083112427
0.0081727201
0.0080338336
0.0078944625
0.007754493
0.0076138175
0.0074723344
0.0073299474
0.0071865655
0.0070421011
0.0068964701
0.0067495915
0.0066013878
0.0064517841
0.0063007086
0.0061480929
0.0059938713
0.0058379816
0.0056803647
0.0055209649
0.00535973
0.0051966124
0.0050315684
0.0048645608
0.0046955579
0.004524538
0.0043514858
0.0041764021
0.0039992964
0.0038202017
0.003639171
0.0034562855
0.0032716622
0.0030854673
0.0028979093
0.0027093256
0.0025200136
0.0023307682
0.0021416733
0.0019551648
0.0017689508
0.0015930808
0.0014106191
0.0012700574
0.0010777276
0.001031758
-0.00022244127
0.017420666
0.017315881
0.017204776
0.017085989
0.016958805
0.016823237
0.016679363
0.016527184
0.016366765
0.016198292
0.016022063
0.015838471
0.015648005
0.015451248
0.01524887
0.015041619
0.0148303
0.014615766
0.014398893
0.014180564
0.013961648
0.013742981
0.013525348
0.013309471
0.013095991
0.012885467
0.012678362
0.012475047
0.0122758
0.012080808
0.011890175
0.01170393
0.011522032
0.011344386
0.011170844
0.011001222
0.010835304
0.010672853
0.010513615
0.010357328
0.010203729
0.01005255
0.0099035336
0.0097564251
0.0096109806
0.0094669662
0.009324159
0.0091823477
0.0090413329
0.0089009265
0.0087609516
0.0086212422
0.008481642
0.0083420044
0.0082021913
0.0080620728
0.0079215257
0.0077804336
0.0076386864
0.0074961799
0.0073528149
0.0072084977
0.0070631383
0.0069166502
0.0067689504
0.0066199593
0.0064696003
0.0063177998
0.0061644876
0.0060095964
0.0058530626
0.0056948253
0.0055348276
0.0053730158
0.0052093408
0.0050437577
0.0048762278
0.0047067178
0.0045352041
0.0043616701
0.0041861136
0.0040085426
0.0038289861
0.0036474935
0.0034641411
0.0032790395
0.0030923457
0.0029042584
0.0027150921
0.0025251378
0.0023351089
0.0021451428
0.0019573338
0.001769849
0.0015910868
0.0014068978
0.0012566622
0.0010630226
0.00096288394
-0.00013276435
0.017068643
0.016973583
0.01687304
0.016765883
0.016651485
0.016529811
0.016400881
0.016264647
0.016121098
0.015970322
0.015812489
0.015647845
0.015476712
0.015299493
0.015116665
0.014928776
0.014736434
0.014540298
0.014341065
0.014139455
0.013936196
0.013732012
0.013527601
0.01332363
0.013120715
0.012919415
0.012720222
0.012523557
0.012329766
0.012139122
0.01195182
0.011767991
0.011587696
0.01141094
0.011237677
0.011067816
0.010901226
0.010737751
0.010577208
0.010419399
0.010264113
0.010111131
0.0099602332
0.0098111996
0.0096638124
0.0095178594
0.009373135
0.009229441
0.009086588
0.008944395
0.00880269
0.0086613101
0.0085201005
0.0083789151
0.0082376153
0.00809607
0.0079541545
0.0078117507
0.0076687462
0.0075250347
0.0073805145
0.0072350892
0.0070886665
0.0069411577
0.0067924776
0.0066425446
0.0064912801
0.0063386087
0.0061844584
0.0060287603
0.0058714488
0.0057124615
0.0055517398
0.0053892285
0.0052248767
0.0050586381
0.004890472
0.0047203436
0.0045482269
0.0043741035
0.0041979677
0.0040198252
0.0038397005
0.0036576384
0.0034737088
0.0032880141
0.0031007
0.0029119525
0.002722058
0.002531296
0.0023402869
0.0021492129
0.0019597918
0.0017706479
0.0015883747
0.0014017062
0.0012402923
0.001041528
0.00088751649
-4.0689922e-05
0.016677933
0.01659277
0.016502949
0.016407527
0.016305972
0.016198223
0.016084258
0.015963989
0.015837356
0.015704367
0.015565093
0.015419659
0.015268249
0.015111107
0.014948541
0.01478092
0.014608664
0.014432246
0.014252182
0.014069019
0.01388333
0.013695699
0.013506711
0.013316942
0.013126946
0.012937246
0.012748324
0.012560618
0.012374511
0.012190329
0.012008343
0.011828763
0.011651745
0.011477389
0.011305744
0.011136817
0.010970572
0.010806937
0.010645814
0.010487076
0.010330581
0.01017617
0.010023674
0.0098729164
0.0097237189
0.0095759005
0.009429282
0.0092836865
0.0091389417
0.0089948803
0.0088513405
0.0087081671
0.008565211
0.0084223298
0.0082793871
0.0081362531
0.0079928035
0.0078489199
0.007704489
0.0075594032
0.0074135593
0.0072668589
0.0071192077
0.0069705153
0.0068206947
0.0066696622
0.0065173376
0.0063636437
0.0062085068
0.0060518562
0.0058936245
0.0057337477
0.0055721654
0.0054088206
0.0052436608
0.0050766376
0.0049077085
0.0047368367
0.0045639933
0.0043891576
0.00421232
0.0040334831
0.0038526659
0.0036699071
0.003485269
0.0032988433
0.0031107617
0.0029211934
0.0027303914
0.0025386153
0.0023463823
0.0021538997
0.001962488
0.0017711758
0.0015846994
0.0013944784
0.0012204691
0.0010127531
0.00080814513
4.6468547e-05
0.016251777
0.016176449
0.016097226
0.016013357
0.015924386
0.015830234
0.015730853
0.015626134
0.015515986
0.015400363
0.015279262
0.015152719
0.015020808
0.014883653
0.014741422
0.014594329
0.014442636
0.014286648
0.01412671
0.013963204
0.013796542
0.013627159
0.013455506
0.013282042
0.013107227
0.01293151
0.012755326
0.012579086
0.01240317
0.012227923
0.012053654
0.011880626
0.01170906
0.011539133
0.01137098
0.011204692
0.011040324
0.010877894
0.010717386
0.010558757
0.010401941
0.010246847
0.01009337
0.0099413915
0.0097907815
0.0096414031
0.0094931143
0.0093457705
0.0091992258
0.0090533353
0.0089079556
0.0087629459
0.0086181691
0.0084734918
0.0083287847
0.0081839231
0.0080387866
0.0078932592
0.0077472296
0.0076005907
0.0074532395
0.0073050774
0.0071560093
0.007005944
0.0068547933
0.0067024726
0.0065489004
0.0063939983
0.006237691
0.0060799064
0.0059205757
0.0057596332
0.0055970168
0.0054326678
0.0052665317
0.0050985583
0.0049287027
0.0047569258
0.0045831956
0.0044074882
0.0042297899
0.0040500984
0.0038684268
0.0036848057
0.0034992876
0.0033119514
0.0031229104
0.0029323124
0.0027403706
0.0025473129
0.002353545
0.002159267
0.0019653983
0.0017712649
0.0015798017
0.001384663
0.0011966755
0.00097747378
0.00072910874
0.00012034616
0.01578934
0.015723529
0.015654506
0.015581659
0.015504633
0.015423352
0.01533775
0.015247711
0.015153127
0.015053923
0.01495005
0.014841481
0.014728219
0.014610295
0.014487773
0.014360754
0.014229368
0.014093784
0.013954204
0.01381086
0.013664018
0.013513966
0.013361018
0.013205504
0.013047769
0.012888162
0.012727036
0.012564738
0.012401605
0.01223796
0.012074104
0.011910315
0.011746845
0.011583913
0.01142171
0.011260393
0.011100086
0.010940884
0.01078285
0.010626019
0.010470401
0.01031598
0.010162721
0.01001057
0.0098594572
0.0097093
0.0095600052
0.009411471
0.0092635897
0.0091162488
0.0089693332
0.008822726
0.0086763101
0.0085299687
0.0083835865
0.00823705
0.0080902478
0.0079430713
0.0077954148
0.0076471754
0.0074982536
0.0073485529
0.00719798
0.0070464445
0.0068938592
0.0067401395
0.0065852038
0.0064289736
0.006271373
0.0061123291
0.0059517721
0.0057896351
0.0056258547
0.0054603707
0.0052931267
0.0051240706
0.0049531551
0.0047803383
0.0046055849
0.004428867
0.004250166
0.004069474
0.003886796
0.0037021533
0.0035155858
0.003327156
0.0031369549
0.002945102
0.002751764
0.0025571223
0.0023614636
0.0021649388
0.0019680784
0.0017703558
0.0015730725
0.0013714942
0.0011686103
0.00093640599
0.00065519716
0.00017404746
0.015301479
0.015244572
0.015185065
0.015122487
0.015056536
0.014987132
0.014914208
0.014837654
0.014757362
0.01467324
0.014585216
0.014493228
0.014397234
0.014297208
0.014193143
0.014085059
0.013972996
0.013857019
0.013737219
0.013613711
0.013486635
0.013356157
0.013222463
0.01308576
0.012946274
0.012804243
0.01265992
0.012513563
0.012365434
0.012215797
0.012064909
0.011913021
0.011760371
0.011607183
0.011453665
0.011300001
0.011146359
0.010992882
0.010839689
0.010686876
0.010534519
0.010382669
0.010231356
0.010080593
0.0099303726
0.0097806721
0.0096314546
0.0094826705
0.0093342596
0.0091861526
0.0090382729
0.0088905379
0.0087428605
0.0085951505
0.0084473153
0.0082992608
0.0081508926
0.0080021163
0.0078528381
0.0077029654
0.0075524068
0.007401073
0.0072488761
0.0070957305
0.0069415527
0.0067862612
0.0066297768
0.0064720227
0.0063129242
0.0061524094
0.0059904087
0.0058268552
0.0056616849
0.0054948368
0.0053262533
0.0051558806
0.0049836691
0.0048095741
0.0046335565
0.0044555842
0.0042756326
0.0040936867
0.0039097423
0.0037238087
0.0035359104
0.0033460896
0.0031544097
0.0029609545
0.0027658362
0.0025691732
0.0023711261
0.0021717513
0.0019712144
0.0017689752
0.0015649695
0.0013554543
0.0011376556
0.00089287541
0.00059051921
0.00020540062
0.014776413
0.014727795
0.014677049
0.014623813
0.014567882
0.014509191
0.014447668
0.014383213
0.014315724
0.014245111
0.014171294
0.014094197
0.014013754
0.013929906
0.013842611
0.013751836
0.013657563
0.01355979
0.013458532
0.01335382
0.013245704
0.013134251
0.013019546
0.012901693
0.012780812
0.012657039
0.012530525
0.012401433
0.012269936
0.012136218
0.012000465
0.011862869
0.011723621
0.01158291
0.011440922
0.011297832
0.011153809
0.011009008
0.010863572
0.01071763
0.010571295
0.010424663
0.010277814
0.010130813
0.0099837068
0.009836528
0.0096892939
0.009542008
0.0093946614
0.0092472332
0.0090996926
0.0089519991
0.0088041048
0.0086559546
0.008507488
0.0083586396
0.0082093406
0.0080595191
0.0079091013
0.0077580121
0.0076061754
0.0074535148
0.0072999542
0.0071454176
0.00698983
0.0068331171
0.006675206
0.0065160247
0.0063555029
0.0061935721
0.0060301651
0.0058652171
0.0056986652
0.0055304487
0.00536051
0.0051887941
0.0050152498
0.0048398298
0.0046624914
0.0044831971
0.004301916
0.0041186244
0.0039333071
0.0037459587
0.0035565849
0.0033652031
0.0031718433
0.0029765455
0.0027793587
0.0025803225
0.0023794649
0.0021767088
0.0019718902
0.0017643301
0.0015529394
0.0013345824
0.001103065
0.00084886455
0.00053532313
0.00021549576
0.014246936
0.014205595
0.014162562
0.014117576
0.014070451
0.014021123
0.013969533
0.013915596
0.013859223
0.013800331
0.013738841
0.013674675
0.013607762
0.013538031
0.01346542
0.013389872
0.013311338
0.013229778
0.013145161
0.013057464
0.012966679
0.012872808
0.012775863
0.012675873
0.012572876
0.012466925
0.012358086
0.012246436
0.012132063
0.012015069
0.011895561
0.011773659
0.011649487
0.011523175
0.011394855
0.011264664
0.011132737
0.010999205
0.0108642
0.010727846
0.010590259
0.01045155
0.010311818
0.010171156
0.010029641
0.0098873434
0.0097443197
0.0096006161
0.0094562672
0.0093112967
0.009165718
0.0090195343
0.0088727396
0.0087253196
0.0085772519
0.0084285074
0.0082790508
0.0081288415
0.0079778342
0.0078259797
0.0076732259
0.0075195176
0.0073647979
0.0072090078
0.0070520875
0.006893976
0.006734612
0.0065739339
0.0064118801
0.0062483893
0.0060834009
0.0059168549
0.0057486922
0.0055788551
0.0054072875
0.0052339353
0.0050587466
0.0048816722
0.0047026661
0.0045216858
0.0043386934
0.0041536556
0.0039665444
0.0037773378
0.0035860192
0.0033925769
0.0031970023
0.0029992845
0.0027994023
0.0025973052
0.0023928869
0.0021859168
0.0019759536
0.001762134
0.0015427468
0.0013151233
0.0010719596
0.00081077091
0.00049414979
0.00021388547
0.013661108
0.013626509
0.013590519
0.013552941
0.013513671
0.013472662
0.013429857
0.013385181
0.013338561
0.013289924
0.013239201
0.013186319
0.013131209
0.013073801
0.013014028
0.012951826
0.012887134
0.012819892
0.012750049
0.012677555
0.012602369
0.012524453
0.012443779
0.012360325
0.012274077
0.012185029
0.012093187
0.011998562
0.011901176
0.011801061
0.011698255
0.01159281
0.01148478
0.01137423
0.011261233
0.011145865
0.011028209
0.010908351
0.010786381
0.010662389
0.010536466
0.010408704
0.010279189
0.010148008
0.010015242
0.009880967
0.0097452533
0.0096081666
0.0094697661
0.0093301033
0.0091892218
0.0090471574
0.0089039383
0.0087595852
0.0086141113
0.008467523
0.00831982
0.0081709958
0.008021038
0.0078699294
0.0077176476
0.0075641661
0.0074094544
0.0072534786
0.0070962015
0.006937583
0.0067775807
0.0066161502
0.0064532449
0.0062888172
0.0061228177
0.0059551965
0.0057859028
0.0056148853
0.0054420932
0.0052674757
0.0050909828
0.0049125651
0.0047321743
0.0045497633
0.0043652867
0.0041787009
0.0039899638
0.003799034
0.0036058701
0.0034104277
0.0032126551
0.0030124858
0.0028098256
0.0026045303
0.0023963694
0.0021849681
0.0019696858
0.0017495266
0.0015225625
0.001286638
0.0010349063
0.00076945148
0.00045597066
0.0001999043
0.013121467
0.013092367
0.013062157
0.013030718
0.012997938
0.012963764
0.012928153
0.012891048
0.012852388
0.012812112
0.012770161
0.012726473
0.012680985
0.012633634
0.012584356
0.012533088
0.012479769
0.012424335
0.012366727
0.012306886
0.012244755
0.012180281
0.012113412
0.012044102
0.011972305
0.011897985
0.011821105
0.011741638
0.011659559
0.011574852
0.011487505
0.011397513
0.011304878
0.011209607
0.011111716
0.011011224
0.010908159
0.010802553
0.010694443
0.010583872
0.010470885
0.010355532
0.010237866
0.010117941
0.0099958116
0.0098715355
0.0097451724
0.0096167818
0.0094864202
0.009354143
0.0092200041
0.009084054
0.0089463386
0.0088068995
0.0086657738
0.0085229943
0.0083785886
0.0082325798
0.0080849856
0.0079358192
0.0077850884
0.0076327964
0.0074789412
0.0073235161
0.0071665099
0.0070079072
0.006847689
0.0066858322
0.0065223105
0.0063570943
0.0061901507
0.006021444
0.0058509357
0.0056785846
0.0055043479
0.0053281823
0.0051500427
0.0049698829
0.0047876546
0.0046033084
0.0044167935
0.004228057
0.0040370434
0.0038436931
0.0036479396
0.0034497065
0.0032489003
0.0030454018
0.0028390505
0.0026296221
0.0024167907
0.002200083
0.0019787648
0.0017518309
0.0015174663
0.0012741315
0.0010161067
0.00074818721
0.00043907942
0.00019427902
0.012457153
0.012433564
0.012409065
0.012383546
0.012356965
0.01232929
0.012300479
0.012270481
0.012239247
0.012206727
0.01217287
0.012137623
0.012100931
0.01206274
0.012022992
0.011981631
0.011938599
0.011893835
0.011847282
0.011798881
0.011748573
0.011696301
0.011642006
0.01158563
0.011527117
0.011466413
0.011403462
0.011338215
0.011270623
0.011200638
0.01112822
0.011053327
0.010975925
0.01089598
0.010813465
0.010728357
0.010640636
0.010550288
0.010457303
0.010361676
0.010263406
0.010162498
0.010058961
0.0099528113
0.0098440112
0.0097325015
0.0096183756
0.0095017334
0.0093826038
0.0092610007
0.0091369534
0.0090105
0.0088816791
0.0087505282
0.0086170858
0.0084813913
0.0083434842
0.0082034039
0.0080611893
0.007916878
0.007770506
0.0076221064
0.0074717074
0.007319332
0.007164997
0.0070087145
0.0068504913
0.0066903293
0.0065282259
0.0063641736
0.0061981594
0.0060301656
0.0058601694
0.0056881442
0.0055140605
0.0053378852
0.0051595795
0.0049790996
0.0047963983
0.0046114245
0.0044241224
0.0042344306
0.0040422809
0.003847596
0.0036502869
0.003450248
0.0032473503
0.0030414321
0.002832284
0.0026196298
0.002403095
0.0021821762
0.0019561554
0.0017241444
0.0014846403
0.0012367192
0.0009759509
0.00070856656
0.00040784209
0.0001760452
0.011985531
0.011965687
0.011945116
0.01192376
0.011901536
0.011878401
0.011854329
0.011829284
0.011803222
0.011776102
0.011747879
0.011718508
0.011687944
0.011656138
0.011623043
0.011588608
0.01155278
0.011515508
0.011476737
0.011436412
0.011394477
0.011350875
0.011305549
0.011258443
0.011209497
0.011158651
0.011105846
0.011051022
0.010994119
0.01093508
0.010873845
0.010810357
0.010744559
0.010676396
0.010605814
0.010532759
0.010457181
0.01037903
0.010298259
0.01021482
0.010128669
0.010039762
0.0099480545
0.0098535041
0.009756055
0.0096556405
0.0095522236
0.0094458318
0.0093365819
0.0092245925
0.0091098819
0.0089924294
0.008872236
0.008749322
0.0086237106
0.008495425
0.0083644913
0.0082309397
0.0080948025
0.0079561136
0.007814906
0.0076712106
0.0075250545
0.0073764644
0.0072254676
0.0070720898
0.0069163546
0.0067582829
0.0065978912
0.0064351897
0.0062701822
0.0061028695
0.0059332365
0.0057612523
0.0055869045
0.0054101918
0.0052310916
0.0050495658
0.0048655715
0.0046790617
0.0044899823
0.0042982704
0.0041038527
0.0039066438
0.003706543
0.0035034294
0.0032971564
0.0030875431
0.002874363
0.0026573299
0.0024360762
0.0022101381
0.0019788941
0.0017416439
0.0014972102
0.0012451522
0.00098169102
0.00071348655
0.00041355657
0.00018063411
0.011201178
0.011186337
0.011170895
0.011154787
0.011138
0.011120518
0.011102306
0.011083332
0.011063561
0.011042959
0.011021492
0.01099912
0.010975805
0.010951508
0.010926185
0.010899793
0.010872288
0.010843623
0.010813749
0.010782616
0.010750172
0.010716363
0.010681134
0.010644429
0.010606189
0.010566355
0.010524866
0.010481658
0.010436668
0.010389831
0.010341078
0.010290343
0.010237555
0.010182643
0.010125537
0.010066162
0.010004444
0.0099403071
0.009873675
0.0098044687
0.0097326077
0.0096580093
0.0095805879
0.0095002512
0.0094169514
0.0093306539
0.009241195
0.0091484169
0.0090522823
0.0089528254
0.0088500585
0.0087439778
0.0086345931
0.0085219289
0.0084060192
0.0082869151
0.0081646863
0.0080394204
0.0079112234
0.007780226
0.0076466001
0.0075104691
0.0073718108
0.0072305857
0.0070867922
0.0069404264
0.0067914638
0.0066399086
0.0064857835
0.0063290877
0.0061698049
0.0060079177
0.0058434093
0.0056762597
0.0055064456
0.0053339399
0.0051587093
0.0049807152
0.0047999133
0.0046162536
0.0044296782
0.0042401208
0.0040475046
0.0038517404
0.0036527242
0.0034503334
0.0032444223
0.003034817
0.0028213078
0.002603642
0.0023815116
0.0021545527
0.0019223065
0.0016843184
0.0014398089
0.0011888408
0.00092867272
0.00066654282
0.00037971206
0.00016178073
0.010964178
0.010950192
0.010935718
0.010920722
0.01090512
0.010888877
0.010871978
0.010854396
0.010836102
0.010817062
0.010797244
0.010776614
0.010755138
0.010732777
0.010709494
0.010685248
0.010659999
0.010633702
0.010606314
0.010577787
0.010548073
0.010517123
0.010484882
0.010451297
0.010416312
0.010379871
0.010341915
0.010302383
0.010261213
0.010218342
0.010173704
0.010127233
0.010078861
0.01002852
0.0099761394
0.00992165
0.0098649808
0.0098060606
0.0097448183
0.0096811841
0.0096150896
0.0095464681
0.0094752553
0.0094013903
0.0093248163
0.0092454871
0.0091633594
0.0090783375
0.0089902486
0.0088989336
0.0088043352
0.008706446
0.0086052461
0.0085006985
0.008392774
0.0082814645
0.0081667764
0.0080487229
0.0079273269
0.0078026272
0.0076746857
0.0075435668
0.0074093143
0.0072719798
0.0071316363
0.0069883772
0.0068423204
0.0066935388
0.0065419903
0.0063876199
0.0062303986
0.006070307
0.00590732
0.0057414074
0.0055725377
0.005400678
0.0052257934
0.0050478448
0.0048667888
0.0046825769
0.0044951543
0.0043044587
0.0041104194
0.0039129547
0.0037119703
0.0035073565
0.0032989852
0.0030867061
0.0028703415
0.002649682
0.0024244769
0.0021944356
0.0019591869
0.0017183717
0.0014712811
0.001217991
0.00095549389
0.00069057913
0.00039819905
0.00017209316
0.0097446065
0.0097336909
0.0097223491
0.0097105297
0.0096982224
0.0096854143
0.0096720823
0.0096582011
0.0096437462
0.0096286926
0.0096130138
0.009596682
0.0095796684
0.0095619429
0.0095434743
0.0095242299
0.009504176
0.0094832774
0.0094614975
0.0094387985
0.0094151412
0.0093904849
0.0093647878
0.0093380064
0.0093100961
0.009281011
0.0092507037
0.0092191258
0.0091862275
0.0091519583
0.0091162664
0.0090790991
0.0090404032
0.0090001248
0.0089582098
0.0089146036
0.0088692521
0.0088221007
0.0087730958
0.0087221852
0.0086693188
0.0086144484
0.0085575285
0.0084985174
0.0084373778
0.0083740771
0.0083085908
0.008240899
0.0081709517
0.0080986557
0.0080239125
0.0079466291
0.0078667108
0.0077840593
0.0076985737
0.0076101463
0.007518663
0.0074240047
0.0073260479
0.0072246631
0.0071197051
0.0070110847
0.0068988464
0.0067830623
0.0066637911
0.0065410959
0.0064150676
0.0062857583
0.0061531076
0.0060170415
0.0058775128
0.005734485
0.0055879178
0.0054377677
0.0052839919
0.0051265483
0.0049653946
0.0048004875
0.0046317818
0.0044592308
0.0042827851
0.0041023923
0.0039179962
0.0037295362
0.0035369464
0.0033401553
0.0031390852
0.0029336518
0.0027237645
0.0025093275
0.0022902396
0.0020664056
0.0018377144
0.0016041399
0.001365447
0.001122238
0.00087257838
0.00062353262
0.00035435958
0.00015032896
)
;

boundaryField
{
    inlet
    {
        type            zeroGradient;
    }
    top
    {
        type            zeroGradient;
    }
    outlet
    {
        type            fixedValue;
        value           uniform 0;
    }
    slipsurface
    {
        type            slip;
    }
    bottom
    {
        type            zeroGradient;
    }
    frontandback
    {
        type            empty;
    }
}


// ************************************************************************* //
