0 	6.9962039e-06 	0.00014850872 	0.0002837166 	0.021659243 	0.99621545 	0 	0
0.0021021021 	6.9966661e-06 	0.00014850246 	0.00028367394 	0.021774654 	0.99609458 	2.9114719e-37 	0
0.0042042042 	6.9971284e-06 	0.0001484962 	0.00028363127 	0.021890065 	0.99597371 	3.2323831e-53 	0
0.0063063063 	6.9975906e-06 	0.00014848994 	0.00028358861 	0.022005475 	0.99585284 	3.5886661e-69 	0
0.0084084084 	6.9980529e-06 	0.00014848368 	0.00028354594 	0.022120886 	0.99573197 	0 	0
0.010510511 	6.9985151e-06 	0.00014847743 	0.00028350328 	0.022236297 	0.9956111 	0 	0
0.012612613 	6.9989773e-06 	0.00014847117 	0.00028346061 	0.022351708 	0.99549023 	0 	0
0.014714715 	6.9994396e-06 	0.00014846491 	0.00028341795 	0.022467119 	0.99536936 	0 	0
0.016816817 	6.9999018e-06 	0.00014845865 	0.00028337528 	0.02258253 	0.99524849 	0 	0
0.018918919 	7.000364e-06 	0.00014845239 	0.00028333262 	0.022697941 	0.99512762 	0 	0
0.021021021 	7.0008263e-06 	0.00014844613 	0.00028328995 	0.022813352 	0.99500675 	0 	0
0.023123123 	7.0027423e-06 	0.00014846174 	0.00028327212 	0.02301849 	0.99480005 	0 	0
0.025225225 	7.0047058e-06 	0.00014847806 	0.0002832551 	0.023226562 	0.99459054 	0 	0
0.027327327 	7.0066694e-06 	0.00014849439 	0.00028323809 	0.023434634 	0.99438103 	0 	0
0.029429429 	7.0086329e-06 	0.00014851071 	0.00028322107 	0.023642706 	0.99417151 	0 	0
0.031531532 	7.0105965e-06 	0.00014852703 	0.00028320405 	0.023850778 	0.993962 	0 	0
0.033633634 	7.01256e-06 	0.00014854336 	0.00028318703 	0.02405885 	0.99375249 	0 	0
0.035735736 	7.0145236e-06 	0.00014855968 	0.00028317002 	0.024266922 	0.99354298 	0 	0
0.037837838 	7.0164872e-06 	0.000148576 	0.000283153 	0.024474994 	0.99333347 	0 	0
0.03993994 	7.0184507e-06 	0.00014859232 	0.00028313598 	0.024683067 	0.99312395 	0 	0
0.042042042 	7.0204143e-06 	0.00014860865 	0.00028311896 	0.024891139 	0.99291444 	0 	0
0.044144144 	7.0223778e-06 	0.00014862497 	0.00028310195 	0.025099211 	0.99270493 	0 	0
0.046246246 	7.0243414e-06 	0.00014864129 	0.00028308493 	0.025307283 	0.99249542 	0 	0
0.048348348 	7.0290048e-06 	0.00014869447 	0.00028309979 	0.025615088 	0.99216496 	0 	0
0.05045045 	7.0349939e-06 	0.00014876575 	0.00028313031 	0.02597186 	0.99177512 	0 	0
0.052552553 	7.0409829e-06 	0.00014883702 	0.00028316083 	0.026328632 	0.99138527 	0 	0
0.054654655 	7.046972e-06 	0.0001489083 	0.00028319135 	0.026685403 	0.99099543 	0 	0
0.056756757 	7.052961e-06 	0.00014897957 	0.00028322187 	0.027042175 	0.99060558 	0 	0
0.058858859 	7.05895e-06 	0.00014905084 	0.00028325239 	0.027398947 	0.99021574 	0 	0
0.060960961 	7.0649391e-06 	0.00014912212 	0.00028328291 	0.027755719 	0.9898259 	0 	0
0.063063063 	7.0709281e-06 	0.00014919339 	0.00028331344 	0.02811249 	0.98943605 	0 	0
0.065165165 	7.0769172e-06 	0.00014926467 	0.00028334396 	0.028469262 	0.98904621 	0 	0
0.067267267 	7.1096741e-06 	0.00014959403 	0.0002833027 	0.029101827 	0.98843164 	0 	0
0.069369369 	7.1469751e-06 	0.0001499672 	0.00028324927 	0.029781209 	0.98777891 	0 	0
0.071471471 	7.1842761e-06 	0.00015034037 	0.00028319584 	0.03046059 	0.98712619 	0 	0
0.073573574 	7.221577e-06 	0.00015071355 	0.0002831424 	0.031139972 	0.98647347 	0 	0
0.075675676 	7.258878e-06 	0.00015108672 	0.00028308897 	0.031819354 	0.98582075 	0 	0
0.077777778 	7.2961789e-06 	0.00015145989 	0.00028303553 	0.032498736 	0.98516802 	0 	0
0.07987988 	9.1569424e-06 	0.00015210869 	0.00026970965 	0.033468436 	0.98403311 	0 	1.1421825e-20
0.081981982 	1.2602123e-05 	0.00015299697 	0.00024485126 	0.034690396 	0.98247921 	0 	3.276814e-20
0.084084084 	1.6047303e-05 	0.00015388525 	0.00021999287 	0.035912357 	0.98092531 	0 	5.4114455e-20
0.086186186 	1.9492484e-05 	0.00015477353 	0.00019513449 	0.037134317 	0.97937142 	0 	7.546077e-20
0.088288288 	3.2150476e-05 	0.0001557109 	0.00017019105 	0.038366129 	0.97781181 	0 	9.6709219e-20
0.09039039 	0.0020451102 	0.00016730494 	0.00012678207 	0.041737003 	0.97501263 	0 	9.6708722e-20
0.092492492 	0.0040580699 	0.00017889899 	8.3373088e-05 	0.045107877 	0.97221345 	0 	9.6708225e-20
0.094594595 	0.0060710296 	0.00019049303 	3.9964107e-05 	0.048478751 	0.96941427 	0 	9.6707728e-20
0.096696697 	0.94519889 	0.0053984495 	1.9906896e-05 	0.052834529 	0.81061628 	0 	6.5272175e-20
0.098798799 	2.1854576 	0.012276196 	7.3535019e-06 	0.057506795 	0.6016899 	0 	2.3735337e-20
0.1009009 	5.1239149 	0.025118448 	1.2832984e-07 	0.059433933 	0.34359964 	0 	0
0.103003 	10.326637 	0.045913374 	7.4538791e-09 	0.057700902 	0.019957558 	0 	0
0.10510511 	14.406703 	0.058404592 	0 	0.04956582 	0 	0 	0
0.10720721 	16.859836 	0.065700173 	0 	0.041302135 	0 	0 	0
0.10930931 	17.005572 	0.066087712 	0 	0.033472441 	0 	0 	0
0.11141141 	15.721624 	0.062645353 	0 	0.028361517 	0 	0 	0
0.11351351 	14.108848 	0.058274776 	0 	0.024220289 	0 	0 	0
0.11561562 	12.439269 	0.053546575 	0 	0.021681804 	0 	0 	0
0.11771772 	11.003792 	0.049362616 	0 	0.019661275 	0 	0 	0
0.11981982 	9.7975369 	0.045711552 	0 	0.018147906 	0 	0 	0
0.12192192 	8.9094105 	0.042906916 	0 	0.017026268 	0 	0 	0
0.12402402 	8.1154492 	0.04035282 	0 	0.016020582 	0 	0 	0
0.12612613 	7.569044 	0.038506537 	0 	0.015223081 	0 	0 	0
0.12822823 	7.0471453 	0.036732961 	0 	0.014448012 	0 	0 	0
0.13033033 	6.6491762 	0.035329557 	0 	0.013788102 	0 	0 	0
0.13243243 	6.2733007 	0.033994404 	0 	0.013161901 	0 	0 	0
0.13453453 	5.9657092 	0.032870196 	0 	0.012639883 	0 	0 	0
0.13663664 	5.6766366 	0.031805442 	0 	0.012152851 	0 	0 	0
0.13873874 	5.433407 	0.03088787 	0 	0.011752428 	0 	0 	0
0.14084084 	5.2035831 	0.030015189 	0 	0.011378977 	0 	0 	0
0.14294294 	5.0098422 	0.029263339 	0 	0.01107812 	0 	0 	0
0.14504505 	4.8235588 	0.02853748 	0 	0.010793153 	0 	0 	0
0.14714715 	4.6686436 	0.027920949 	0 	0.010575016 	0 	0 	0
0.14924925 	4.515236 	0.027309864 	0 	0.010360082 	0 	0 	0
0.15135135 	4.3908377 	0.026803581 	0 	0.010206764 	0 	0 	0
0.15345345 	4.2664394 	0.026297298 	0 	0.010053447 	0 	0 	0
0.15555556 	4.1621314 	0.025865902 	0 	0.0099416702 	0 	0 	0
0.15765766 	4.0616244 	0.025448674 	0 	0.0098377531 	0 	0 	0
0.15975976 	3.9717078 	0.025072031 	0 	0.0097549678 	0 	0 	0
0.16186186 	3.8899597 	0.024726692 	0 	0.0096884821 	0 	0 	0
0.16396396 	3.8114735 	0.024394175 	0 	0.0096280671 	0 	0 	0
0.16606607 	3.74467 	0.024107583 	0 	0.0095893951 	0 	0 	0
0.16816817 	3.6778665 	0.02382099 	0 	0.0095507231 	0 	0 	0
0.17027027 	3.6206117 	0.023572782 	0 	0.0095280349 	0 	0 	0
0.17237237 	3.5657456 	0.023334177 	0 	0.0095093454 	0 	0 	0
0.17447447 	3.5138012 	0.023107547 	0 	0.0094943709 	0 	0 	0
0.17657658 	3.4684452 	0.022907917 	0 	0.0094877737 	0 	0 	0
0.17867868 	3.4230893 	0.022708288 	0 	0.0094811765 	0 	0 	0
0.18078078 	3.3832331 	0.022531546 	0 	0.0094807659 	0 	0 	0
0.18288288 	3.3453296 	0.02236293 	0 	0.0094825519 	0 	0 	0
0.18498498 	3.3079446 	0.022196499 	0 	0.0094847758 	0 	0 	0
0.18708709 	3.2758158 	0.022052207 	0 	0.0094914374 	0 	0 	0
0.18918919 	3.2436871 	0.021907915 	0 	0.0094980991 	0 	0 	0
0.19129129 	3.2131952 	0.02177059 	0 	0.009504562 	0 	0 	0
0.19339339 	3.1856102 	0.021645636 	0 	0.0095106722 	0 	0 	0
0.1954955 	3.1580252 	0.021520682 	0 	0.0095167824 	0 	0 	0
0.1975976 	3.1323998 	0.021404138 	0 	0.0095218518 	0 	0 	0
0.1996997 	3.1083984 	0.021294562 	0 	0.0095260589 	0 	0 	0
0.2018018 	3.084397 	0.021184986 	0 	0.0095302659 	0 	0 	0
0.2039039 	3.0622593 	0.021083467 	0 	0.0095331882 	0 	0 	0
0.20600601 	3.0411384 	0.020986344 	0 	0.0095354095 	0 	0 	0
0.20810811 	3.0200175 	0.02088922 	0 	0.0095376308 	0 	0 	0
0.21021021 	3.000455 	0.020798881 	0 	0.0095384111 	0 	0 	0
0.21231231 	2.9817021 	0.020712067 	0 	0.0095384426 	0 	0 	0
0.21441441 	2.9629493 	0.020625253 	0 	0.0095384742 	0 	0 	0
0.21651652 	2.9453388 	0.020543445 	0 	0.0095373548 	0 	0 	0
0.21861862 	2.9285645 	0.020465302 	0 	0.009535393 	0 	0 	0
0.22072072 	2.9117902 	0.020387158 	0 	0.0095334312 	0 	0 	0
0.22282282 	2.8956865 	0.02031197 	0 	0.0095306714 	0 	0 	0
0.22492492 	2.8805803 	0.020241181 	0 	0.0095267244 	0 	0 	0
0.22702703 	2.8654741 	0.020170391 	0 	0.0095227773 	0 	0 	0
0.22912913 	2.8505481 	0.020100399 	0 	0.0095185643 	0 	0 	0
0.23123123 	2.8368393 	0.020035796 	0 	0.0095125554 	0 	0 	0
0.23333333 	2.8231305 	0.019971193 	0 	0.0095065465 	0 	0 	0
0.23543544 	2.8094217 	0.019906591 	0 	0.0095005376 	0 	0 	0
0.23753754 	2.7965981 	0.01984592 	0 	0.0094930177 	0 	0 	0
0.23963964 	2.784061 	0.019786523 	0 	0.0094850086 	0 	0 	0
0.24174174 	2.7715239 	0.019727125 	0 	0.0094769996 	0 	0 	0
0.24384384 	2.7592668 	0.019668976 	0 	0.0094685384 	0 	0 	0
0.24594595 	2.7477357 	0.019614063 	0 	0.0094589049 	0 	0 	0
0.24804805 	2.7362046 	0.019559151 	0 	0.0094492715 	0 	0 	0
0.25015015 	2.7246735 	0.019504238 	0 	0.009439638 	0 	0 	0
0.25225225 	2.7137622 	0.019452103 	0 	0.0094291149 	0 	0 	0
0.25435435 	2.7031239 	0.019401191 	0 	0.0094182004 	0 	0 	0
0.25645646 	2.6924855 	0.019350279 	0 	0.0094072858 	0 	0 	0
0.25855856 	2.6818473 	0.019299368 	0 	0.0093963709 	0 	0 	0
0.26066066 	2.6720071 	0.01925205 	0 	0.0093843833 	0 	0 	0
0.26276276 	2.6621669 	0.019204732 	0 	0.0093723956 	0 	0 	0
0.26486486 	2.6523267 	0.019157414 	0 	0.009360408 	0 	0 	0
0.26696697 	2.6426238 	0.019110718 	0 	0.0093482581 	0 	0 	0
0.26906907 	2.6334964 	0.019066624 	0 	0.0093354282 	0 	0 	0
0.27117117 	2.624369 	0.019022531 	0 	0.0093225983 	0 	0 	0
0.27327327 	2.6152416 	0.018978437 	0 	0.0093097685 	0 	0 	0
0.27537538 	2.6062847 	0.018935118 	0 	0.009296758 	0 	0 	0
0.27747748 	2.597793 	0.018893911 	0 	0.0092832545 	0 	0 	0
0.27957958 	2.5893014 	0.018852705 	0 	0.009269751 	0 	0 	0
0.28168168 	2.5808098 	0.018811498 	0 	0.0092562475 	0 	0 	0
0.28378378 	2.5724455 	0.018770872 	0 	0.0092426078 	0 	0 	0
0.28588589 	2.5645248 	0.018732267 	0 	0.0092284933 	0 	0 	0
0.28798799 	2.556604 	0.018693662 	0 	0.0092143788 	0 	0 	0
0.29009009 	2.5486832 	0.018655057 	0 	0.0092002642 	0 	0 	0
0.29219219 	2.5407896 	0.018616577 	0 	0.0091861218 	0 	0 	0
0.29429429 	2.5333756 	0.018580288 	0 	0.0091714859 	0 	0 	0
0.2963964 	2.5259616 	0.018543999 	0 	0.00915685 	0 	0 	0
0.2984985 	2.5185476 	0.01850771 	0 	0.0091422141 	0 	0 	0
0.3006006 	2.5111336 	0.018471421 	0 	0.0091275782 	0 	0 	0
0.3027027 	2.5040616 	0.018436698 	0 	0.0091126087 	0 	0 	0
0.3048048 	2.4970999 	0.018402481 	0 	0.0090975316 	0 	0 	0
0.30690691 	2.4901382 	0.018368264 	0 	0.0090824545 	0 	0 	0
0.30900901 	2.4831765 	0.018334046 	0 	0.0090673773 	0 	0 	0
0.31111111 	2.4763504 	0.018300452 	0 	0.0090521762 	0 	0 	0
0.31321321 	2.4698037 	0.018268142 	0 	0.0090367193 	0 	0 	0
0.31531532 	2.4632569 	0.018235833 	0 	0.0090212624 	0 	0 	0
0.31741742 	2.4567102 	0.018203524 	0 	0.0090058055 	0 	0 	0
0.31951952 	2.4501635 	0.018171214 	0 	0.0089903487 	0 	0 	0
0.32162162 	2.4439036 	0.018140227 	0 	0.0089746845 	0 	0 	0
0.32372372 	2.4377338 	0.018109655 	0 	0.0089589551 	0 	0 	0
0.32582583 	2.431564 	0.018079083 	0 	0.0089432258 	0 	0 	0
0.32792793 	2.4253942 	0.018048512 	0 	0.0089274964 	0 	0 	0
0.33003003 	2.4192434 	0.018018027 	0 	0.008911757 	0 	0 	0
0.33213213 	2.4134172 	0.017989044 	0 	0.0088958446 	0 	0 	0
0.33423423 	2.4075911 	0.017960061 	0 	0.0088799322 	0 	0 	0
0.33633634 	2.401765 	0.017931079 	0 	0.0088640198 	0 	0 	0
0.33843844 	2.3959388 	0.017902096 	0 	0.0088481074 	0 	0 	0
0.34054054 	2.3901774 	0.017873412 	0 	0.0088321629 	0 	0 	0
0.34264264 	2.3846671 	0.017845894 	0 	0.0088160934 	0 	0 	0
0.34474474 	2.3791569 	0.017818375 	0 	0.0088000239 	0 	0 	0
0.34684685 	2.3736466 	0.017790857 	0 	0.0087839545 	0 	0 	0
0.34894895 	2.3681364 	0.017763339 	0 	0.008767885 	0 	0 	0
0.35105105 	2.362686 	0.017736098 	0 	0.0087517968 	0 	0 	0
0.35315315 	2.3574673 	0.017709936 	0 	0.0087356361 	0 	0 	0
0.35525526 	2.3522487 	0.017683773 	0 	0.0087194754 	0 	0 	0
0.35735736 	2.34703 	0.017657611 	0 	0.0087033147 	0 	0 	0
0.35945946 	2.3418113 	0.017631448 	0 	0.008687154 	0 	0 	0
0.36156156 	2.3366068 	0.017605352 	0 	0.0086709926 	0 	0 	0
0.36366366 	2.3316596 	0.017580455 	0 	0.0086548184 	0 	0 	0
0.36576577 	2.3267123 	0.017555559 	0 	0.0086386442 	0 	0 	0
0.36786787 	2.3217651 	0.017530663 	0 	0.00862247 	0 	0 	0
0.36996997 	2.3168178 	0.017505767 	0 	0.0086062958 	0 	0 	0
0.37207207 	2.3118706 	0.017480871 	0 	0.0085901216 	0 	0 	0
0.37417417 	2.3071109 	0.017456853 	0 	0.0085739538 	0 	0 	0
0.37627628 	2.302417 	0.017433143 	0 	0.0085577882 	0 	0 	0
0.37837838 	2.2977231 	0.017409433 	0 	0.0085416226 	0 	0 	0
0.38048048 	2.2930291 	0.017385723 	0 	0.008525457 	0 	0 	0
0.38258258 	2.2883352 	0.017362013 	0 	0.0085092914 	0 	0 	0
0.38468468 	2.2837043 	0.017338599 	0 	0.0084931407 	0 	0 	0
0.38678679 	2.2792471 	0.017316001 	0 	0.0084770312 	0 	0 	0
0.38888889 	2.27479 	0.017293403 	0 	0.0084609217 	0 	0 	0
0.39099099 	2.2703328 	0.017270805 	0 	0.0084448122 	0 	0 	0
0.39309309 	2.2658757 	0.017248208 	0 	0.0084287027 	0 	0 	0
0.3951952 	2.2614185 	0.01722561 	0 	0.0084125932 	0 	0 	0
0.3972973 	2.2570994 	0.017203662 	0 	0.008396536 	0 	0 	0
0.3993994 	2.2528636 	0.017182108 	0 	0.0083805105 	0 	0 	0
0.4015015 	2.2486278 	0.017160553 	0 	0.008364485 	0 	0 	0
0.4036036 	2.244392 	0.017138999 	0 	0.0083484594 	0 	0 	0
0.40570571 	2.2401562 	0.017117444 	0 	0.0083324339 	0 	0 	0
0.40780781 	2.2359204 	0.01709589 	0 	0.0083164083 	0 	0 	0
0.40990991 	2.2318508 	0.017075121 	0 	0.0083004539 	0 	0 	0
0.41201201 	2.227821 	0.01705454 	0 	0.0082845164 	0 	0 	0
0.41411411 	2.2237911 	0.017033958 	0 	0.0082685788 	0 	0 	0
0.41621622 	2.2197613 	0.017013377 	0 	0.0082526413 	0 	0 	0
0.41831832 	2.2157314 	0.016992796 	0 	0.0082367038 	0 	0 	0
0.42042042 	2.2117015 	0.016972215 	0 	0.0082207663 	0 	0 	0
0.42252252 	2.2078281 	0.016952375 	0 	0.0082049284 	0 	0 	0
0.42462462 	2.2039909 	0.016932706 	0 	0.0081891134 	0 	0 	0
0.42672673 	2.2001536 	0.016913038 	0 	0.0081732984 	0 	0 	0
0.42882883 	2.1963163 	0.016893369 	0 	0.0081574835 	0 	0 	0
0.43093093 	2.192479 	0.016873701 	0 	0.0081416685 	0 	0 	0
0.43303303 	2.1886417 	0.016854032 	0 	0.0081258536 	0 	0 	0
0.43513514 	2.1849191 	0.016834909 	0 	0.0081101188 	0 	0 	0
0.43723724 	2.1812629 	0.016816101 	0 	0.0080944304 	0 	0 	0
0.43933934 	2.1776067 	0.016797294 	0 	0.008078742 	0 	0 	0
0.44144144 	2.1739505 	0.016778486 	0 	0.0080630537 	0 	0 	0
0.44354354 	2.1702943 	0.016759679 	0 	0.0080473653 	0 	0 	0
0.44564565 	2.1666381 	0.016740871 	0 	0.0080316769 	0 	0 	0
0.44774775 	2.1630271 	0.016722279 	0 	0.0080160257 	0 	0 	0
0.44984985 	2.1595414 	0.016704284 	0 	0.0080004779 	0 	0 	0
0.45195195 	2.1560557 	0.01668629 	0 	0.0079849301 	0 	0 	0
0.45405405 	2.15257 	0.016668295 	0 	0.0079693822 	0 	0 	0
0.45615616 	2.1490843 	0.0166503 	0 	0.0079538344 	0 	0 	0
0.45825826 	2.1455986 	0.016632306 	0 	0.0079382866 	0 	0 	0
0.46036036 	2.1421129 	0.016614311 	0 	0.0079227388 	0 	0 	0
0.46246246 	2.1387401 	0.016596857 	0 	0.0079073083 	0 	0 	0
0.46456456 	2.1354156 	0.016579634 	0 	0.007891928 	0 	0 	0
0.46666667 	2.1320911 	0.016562411 	0 	0.0078765477 	0 	0 	0
0.46876877 	2.1287667 	0.016545188 	0 	0.0078611675 	0 	0 	0
0.47087087 	2.1254422 	0.016527965 	0 	0.0078457872 	0 	0 	0
0.47297297 	2.1221177 	0.016510742 	0 	0.0078304069 	0 	0 	0
0.47507508 	2.1187932 	0.016493519 	0 	0.0078150266 	0 	0 	0
0.47717718 	2.1156113 	0.016476981 	0 	0.0077998058 	0 	0 	0
0.47927928 	2.1124394 	0.016460491 	0 	0.0077845963 	0 	0 	0
0.48138138 	2.1092676 	0.016444001 	0 	0.0077693867 	0 	0 	0
0.48348348 	2.1060957 	0.016427511 	0 	0.0077541772 	0 	0 	0
0.48558559 	2.1029238 	0.016411021 	0 	0.0077389676 	0 	0 	0
0.48768769 	2.099752 	0.016394531 	0 	0.0077237581 	0 	0 	0
0.48978979 	2.0965801 	0.016378041 	0 	0.0077085485 	0 	0 	0
0.49189189 	2.0935472 	0.01636222 	0 	0.007693518 	0 	0 	0
0.49399399 	2.09052 	0.016346427 	0 	0.007678495 	0 	0 	0
0.4960961 	2.0874928 	0.016330634 	0 	0.0076634719 	0 	0 	0
0.4981982 	2.0844657 	0.016314842 	0 	0.0076484488 	0 	0 	0
0.5003003 	2.0814385 	0.016299049 	0 	0.0076334257 	0 	0 	0
0.5024024 	2.0784113 	0.016283256 	0 	0.0076184026 	0 	0 	0
0.5045045 	2.0753842 	0.016267463 	0 	0.0076033796 	0 	0 	0
0.50660661 	2.0724629 	0.016252183 	0 	0.0075884991 	0 	0 	0
0.50870871 	2.069573 	0.016237054 	0 	0.0075736609 	0 	0 	0
0.51081081 	2.0666831 	0.016221924 	0 	0.0075588226 	0 	0 	0
0.51291291 	2.0637932 	0.016206795 	0 	0.0075439844 	0 	0 	0
0.51501502 	2.0609032 	0.016191666 	0 	0.0075291461 	0 	0 	0
0.51711712 	2.0580133 	0.016176537 	0 	0.0075143078 	0 	0 	0
0.51921922 	2.0551234 	0.016161408 	0 	0.0074994696 	0 	0 	0
0.52132132 	2.0522806 	0.016146508 	0 	0.0074846993 	0 	0 	0
0.52342342 	2.0495207 	0.016132009 	0 	0.0074700483 	0 	0 	0
0.52552553 	2.0467608 	0.016117511 	0 	0.0074553974 	0 	0 	0
0.52762763 	2.044001 	0.016103013 	0 	0.0074407464 	0 	0 	0
0.52972973 	2.0412411 	0.016088514 	0 	0.0074260955 	0 	0 	0
0.53183183 	2.0384812 	0.016074016 	0 	0.0074114446 	0 	0 	0
0.53393393 	2.0357213 	0.016059518 	0 	0.0073967936 	0 	0 	0
0.53603604 	2.0329614 	0.016045019 	0 	0.0073821427 	0 	0 	0
0.53813814 	2.0302912 	0.016030958 	0 	0.0073676347 	0 	0 	0
0.54024024 	2.0276548 	0.016017061 	0 	0.0073531807 	0 	0 	0
0.54234234 	2.0250185 	0.016003163 	0 	0.0073387267 	0 	0 	0
0.54444444 	2.0223821 	0.015989266 	0 	0.0073242727 	0 	0 	0
0.54654655 	2.0197458 	0.015975369 	0 	0.0073098186 	0 	0 	0
0.54864865 	2.0171094 	0.015961472 	0 	0.0072953646 	0 	0 	0
0.55075075 	2.014473 	0.015947575 	0 	0.0072809106 	0 	0 	0
0.55285285 	2.0118367 	0.015933678 	0 	0.0072664566 	0 	0 	0
0.55495495 	2.0093005 	0.01592027 	0 	0.0072521678 	0 	0 	0
0.55705706 	2.0067813 	0.015906946 	0 	0.0072379072 	0 	0 	0
0.55915916 	2.0042621 	0.015893621 	0 	0.0072236466 	0 	0 	0
0.56126126 	2.0017429 	0.015880296 	0 	0.007209386 	0 	0 	0
0.56336336 	1.9992237 	0.015866972 	0 	0.0071951254 	0 	0 	0
0.56546547 	1.9967045 	0.015853647 	0 	0.0071808647 	0 	0 	0
0.56756757 	1.9941854 	0.015840322 	0 	0.0071666041 	0 	0 	0
0.56966967 	1.9916662 	0.015826997 	0 	0.0071523435 	0 	0 	0
0.57177177 	1.9892292 	0.015814076 	0 	0.007138227 	0 	0 	0
0.57387387 	1.986821 	0.015801294 	0 	0.0071241609 	0 	0 	0
0.57597598 	1.9844127 	0.015788513 	0 	0.0071100947 	0 	0 	0
0.57807808 	1.9820045 	0.015775732 	0 	0.0070960285 	0 	0 	0
0.58018018 	1.9795962 	0.01576295 	0 	0.0070819623 	0 	0 	0
0.58228228 	1.977188 	0.015750169 	0 	0.0070678962 	0 	0 	0
0.58438438 	1.9747797 	0.015737388 	0 	0.00705383 	0 	0 	0
0.58648649 	1.9723715 	0.015724606 	0 	0.0070397638 	0 	0 	0
0.58858859 	1.9700031 	0.015712021 	0 	0.0070257705 	0 	0 	0
0.59069069 	1.9677 	0.015699757 	0 	0.0070118966 	0 	0 	0
0.59279279 	1.965397 	0.015687492 	0 	0.0069980226 	0 	0 	0
0.59489489 	1.963094 	0.015675228 	0 	0.0069841487 	0 	0 	0
0.596997 	1.9607909 	0.015662964 	0 	0.0069702748 	0 	0 	0
0.5990991 	1.9584879 	0.015650699 	0 	0.0069564009 	0 	0 	0
0.6012012 	1.9561849 	0.015638435 	0 	0.0069425269 	0 	0 	0
0.6033033 	1.9538818 	0.015626171 	0 	0.006928653 	0 	0 	0
0.60540541 	1.9515788 	0.015613907 	0 	0.0069147791 	0 	0 	0
0.60750751 	1.949352 	0.015602018 	0 	0.0069010548 	0 	0 	0
0.60960961 	1.9471493 	0.015590249 	0 	0.0068873779 	0 	0 	0
0.61171171 	1.9449467 	0.015578479 	0 	0.0068737009 	0 	0 	0
0.61381381 	1.942744 	0.01556671 	0 	0.006860024 	0 	0 	0
0.61591592 	1.9405414 	0.015554941 	0 	0.006846347 	0 	0 	0
0.61801802 	1.9383387 	0.015543171 	0 	0.0068326701 	0 	0 	0
0.62012012 	1.936136 	0.015531402 	0 	0.0068189931 	0 	0 	0
0.62222222 	1.9339334 	0.015519633 	0 	0.0068053162 	0 	0 	0
0.62432432 	1.9317307 	0.015507863 	0 	0.0067916392 	0 	0 	0
0.62642643 	1.9296121 	0.01549651 	0 	0.0067781341 	0 	0 	0
0.62852853 	1.9275055 	0.015485216 	0 	0.0067646533 	0 	0 	0
0.63063063 	1.9253989 	0.015473922 	0 	0.0067511725 	0 	0 	0
0.63273273 	1.9232922 	0.015462628 	0 	0.0067376918 	0 	0 	0
0.63483483 	1.9211856 	0.015451334 	0 	0.006724211 	0 	0 	0
0.63693694 	1.9190789 	0.01544004 	0 	0.0067107302 	0 	0 	0
0.63903904 	1.9169723 	0.015428746 	0 	0.0066972495 	0 	0 	0
0.64114114 	1.9148657 	0.015417452 	0 	0.0066837687 	0 	0 	0
0.64324324 	1.912759 	0.015406158 	0 	0.0066702879 	0 	0 	0
0.64534535 	1.9107182 	0.015395191 	0 	0.0066569474 	0 	0 	0
0.64744745 	1.9087032 	0.015384352 	0 	0.0066436619 	0 	0 	0
0.64954955 	1.9066882 	0.015373513 	0 	0.0066303763 	0 	0 	0
0.65165165 	1.9046732 	0.015362674 	0 	0.0066170908 	0 	0 	0
0.65375375 	1.9026582 	0.015351835 	0 	0.0066038053 	0 	0 	0
0.65585586 	1.9006431 	0.015340996 	0 	0.0065905197 	0 	0 	0
0.65795796 	1.8986281 	0.015330157 	0 	0.0065772342 	0 	0 	0
0.66006006 	1.8966131 	0.015319318 	0 	0.0065639486 	0 	0 	0
0.66216216 	1.8945981 	0.015308479 	0 	0.0065506631 	0 	0 	0
0.66426426 	1.8926075 	0.015297762 	0 	0.0065374322 	0 	0 	0
0.66636637 	1.8906798 	0.015287358 	0 	0.0065243419 	0 	0 	0
0.66846847 	1.8887522 	0.015276954 	0 	0.0065112515 	0 	0 	0
0.67057057 	1.8868245 	0.015266551 	0 	0.0064981612 	0 	0 	0
0.67267267 	1.8848968 	0.015256147 	0 	0.0064850709 	0 	0 	0
0.67477477 	1.8829691 	0.015245743 	0 	0.0064719805 	0 	0 	0
0.67687688 	1.8810415 	0.015235339 	0 	0.0064588902 	0 	0 	0
0.67897898 	1.8791138 	0.015224936 	0 	0.0064457998 	0 	0 	0
0.68108108 	1.8771861 	0.015214532 	0 	0.0064327095 	0 	0 	0
0.68318318 	1.8752584 	0.015204128 	0 	0.0064196192 	0 	0 	0
0.68528529 	1.8733767 	0.015193954 	0 	0.0064066345 	0 	0 	0
0.68738739 	1.8715324 	0.015183967 	0 	0.0063937359 	0 	0 	0
0.68948949 	1.869688 	0.01517398 	0 	0.0063808372 	0 	0 	0
0.69159159 	1.8678437 	0.015163993 	0 	0.0063679386 	0 	0 	0
0.69369369 	1.8659994 	0.015154006 	0 	0.0063550399 	0 	0 	0
0.6957958 	1.864155 	0.01514402 	0 	0.0063421413 	0 	0 	0
0.6978979 	1.8623107 	0.015134033 	0 	0.0063292426 	0 	0 	0
0.7 	1.8604664 	0.015124046 	0 	0.006316344 	0 	0 	0
0.7021021 	1.8586221 	0.015114059 	0 	0.0063034454 	0 	0 	0
0.7042042 	1.8567777 	0.015104072 	0 	0.0062905467 	0 	0 	0
0.70630631 	1.8549751 	0.015094294 	0 	0.0062777482 	0 	0 	0
0.70840841 	1.8532104 	0.015084707 	0 	0.0062650407 	0 	0 	0
0.71051051 	1.8514456 	0.015075119 	0 	0.0062523331 	0 	0 	0
0.71261261 	1.8496809 	0.015065532 	0 	0.0062396256 	0 	0 	0
0.71471471 	1.8479161 	0.015055944 	0 	0.006226918 	0 	0 	0
0.71681682 	1.8461514 	0.015046357 	0 	0.0062142105 	0 	0 	0
0.71891892 	1.8443866 	0.015036769 	0 	0.006201503 	0 	0 	0
0.72102102 	1.8426219 	0.015027181 	0 	0.0061887954 	0 	0 	0
0.72312312 	1.8408572 	0.015017594 	0 	0.0061760879 	0 	0 	0
0.72522523 	1.8390924 	0.015008006 	0 	0.0061633803 	0 	0 	0
0.72732733 	1.837342 	0.014998491 	0 	0.0061507082 	0 	0 	0
0.72942943 	1.8356532 	0.014989286 	0 	0.0061381881 	0 	0 	0
0.73153153 	1.8339643 	0.01498008 	0 	0.0061256681 	0 	0 	0
0.73363363 	1.8322754 	0.014970875 	0 	0.0061131481 	0 	0 	0
0.73573574 	1.8305866 	0.014961669 	0 	0.0061006281 	0 	0 	0
0.73783784 	1.8288977 	0.014952464 	0 	0.006088108 	0 	0 	0
0.73993994 	1.8272089 	0.014943258 	0 	0.006075588 	0 	0 	0
0.74204204 	1.82552 	0.014934053 	0 	0.006063068 	0 	0 	0
0.74414414 	1.8238311 	0.014924847 	0 	0.0060505479 	0 	0 	0
0.74624625 	1.8221423 	0.014915642 	0 	0.0060380279 	0 	0 	0
0.74834835 	1.8204534 	0.014906437 	0 	0.0060255079 	0 	0 	0
0.75045045 	1.8188033 	0.014897427 	0 	0.0060130869 	0 	0 	0
0.75255255 	1.8171867 	0.014888587 	0 	0.0060007518 	0 	0 	0
0.75465465 	1.8155702 	0.014879746 	0 	0.0059884166 	0 	0 	0
0.75675676 	1.8139536 	0.014870906 	0 	0.0059760815 	0 	0 	0
0.75885886 	1.812337 	0.014862066 	0 	0.0059637463 	0 	0 	0
0.76096096 	1.8107205 	0.014853225 	0 	0.0059514112 	0 	0 	0
0.76306306 	1.8091039 	0.014844385 	0 	0.005939076 	0 	0 	0
0.76516517 	1.8074873 	0.014835545 	0 	0.0059267409 	0 	0 	0
0.76726727 	1.8058708 	0.014826704 	0 	0.0059144057 	0 	0 	0
0.76936937 	1.8042542 	0.014817864 	0 	0.0059020705 	0 	0 	0
0.77147147 	1.8026376 	0.014809024 	0 	0.0058897354 	0 	0 	0
0.77357357 	1.8010594 	0.014800378 	0 	0.0058775017 	0 	0 	0
0.77567568 	1.7995119 	0.014791887 	0 	0.0058653489 	0 	0 	0
0.77777778 	1.7979643 	0.014783397 	0 	0.0058531962 	0 	0 	0
0.77987988 	1.7964168 	0.014774906 	0 	0.0058410435 	0 	0 	0
0.78198198 	1.7948692 	0.014766416 	0 	0.0058288908 	0 	0 	0
0.78408408 	1.7933217 	0.014757925 	0 	0.0058167381 	0 	0 	0
0.78618619 	1.7917741 	0.014749435 	0 	0.0058045854 	0 	0 	0
0.78828829 	1.7902266 	0.014740944 	0 	0.0057924327 	0 	0 	0
0.79039039 	1.788679 	0.014732454 	0 	0.00578028 	0 	0 	0
0.79249249 	1.7871315 	0.014723963 	0 	0.0057681273 	0 	0 	0
0.79459459 	1.7855839 	0.014715473 	0 	0.0057559746 	0 	0 	0
0.7966967 	1.7840521 	0.014707062 	0 	0.005743865 	0 	0 	0
0.7987988 	1.7825705 	0.014698907 	0 	0.0057318936 	0 	0 	0
0.8009009 	1.781089 	0.014690752 	0 	0.0057199221 	0 	0 	0
0.803003 	1.7796074 	0.014682597 	0 	0.0057079506 	0 	0 	0
0.80510511 	1.7781259 	0.014674442 	0 	0.0056959792 	0 	0 	0
0.80720721 	1.7766443 	0.014666287 	0 	0.0056840077 	0 	0 	0
0.80930931 	1.7751628 	0.014658133 	0 	0.0056720362 	0 	0 	0
0.81141141 	1.7736812 	0.014649978 	0 	0.0056600648 	0 	0 	0
0.81351351 	1.7721996 	0.014641823 	0 	0.0056480933 	0 	0 	0
0.81561562 	1.7707181 	0.014633668 	0 	0.0056361218 	0 	0 	0
0.81771772 	1.7692365 	0.014625513 	0 	0.0056241503 	0 	0 	0
0.81981982 	1.767755 	0.014617358 	0 	0.0056121789 	0 	0 	0
0.82192192 	1.7663096 	0.014609387 	0 	0.0056003101 	0 	0 	0
0.82402402 	1.7648911 	0.014601554 	0 	0.0055885178 	0 	0 	0
0.82612613 	1.7634726 	0.014593721 	0 	0.0055767255 	0 	0 	0
0.82822823 	1.7620541 	0.014585888 	0 	0.0055649332 	0 	0 	0
0.83033033 	1.7606356 	0.014578055 	0 	0.0055531409 	0 	0 	0
0.83243243 	1.7592171 	0.014570222 	0 	0.0055413485 	0 	0 	0
0.83453453 	1.7577987 	0.014562389 	0 	0.0055295562 	0 	0 	0
0.83663664 	1.7563802 	0.014554556 	0 	0.0055177639 	0 	0 	0
0.83873874 	1.7549617 	0.014546723 	0 	0.0055059716 	0 	0 	0
0.84084084 	1.7535432 	0.01453889 	0 	0.0054941793 	0 	0 	0
0.84294294 	1.7521247 	0.014531057 	0 	0.005482387 	0 	0 	0
0.84504505 	1.7507063 	0.014523224 	0 	0.0054705947 	0 	0 	0
0.84714715 	1.7493209 	0.01451556 	0 	0.0054588998 	0 	0 	0
0.84924925 	1.7479627 	0.014508036 	0 	0.0054472847 	0 	0 	0
0.85135135 	1.7466044 	0.014500511 	0 	0.0054356696 	0 	0 	0
0.85345345 	1.7452462 	0.014492986 	0 	0.0054240545 	0 	0 	0
0.85555556 	1.743888 	0.014485462 	0 	0.0054124394 	0 	0 	0
0.85765766 	1.7425298 	0.014477937 	0 	0.0054008244 	0 	0 	0
0.85975976 	1.7411715 	0.014470413 	0 	0.0053892093 	0 	0 	0
0.86186186 	1.7398133 	0.014462888 	0 	0.0053775942 	0 	0 	0
0.86396396 	1.7384551 	0.014455363 	0 	0.0053659791 	0 	0 	0
0.86606607 	1.7370969 	0.014447839 	0 	0.005354364 	0 	0 	0
0.86816817 	1.7357386 	0.014440314 	0 	0.005342749 	0 	0 	0
0.87027027 	1.7343804 	0.01443279 	0 	0.0053311339 	0 	0 	0
0.87237237 	1.7330312 	0.014425311 	0 	0.0053195463 	0 	0 	0
0.87447447 	1.7317306 	0.014418083 	0 	0.0053081065 	0 	0 	0
0.87657658 	1.7304299 	0.014410854 	0 	0.0052966668 	0 	0 	0
0.87867868 	1.7291293 	0.014403625 	0 	0.005285227 	0 	0 	0
0.88078078 	1.7278287 	0.014396396 	0 	0.0052737873 	0 	0 	0
0.88288288 	1.726528 	0.014389168 	0 	0.0052623475 	0 	0 	0
0.88498498 	1.7252274 	0.014381939 	0 	0.0052509078 	0 	0 	0
0.88708709 	1.7239268 	0.01437471 	0 	0.005239468 	0 	0 	0
0.88918919 	1.7226261 	0.014367481 	0 	0.0052280283 	0 	0 	0
0.89129129 	1.7213255 	0.014360253 	0 	0.0052165885 	0 	0 	0
0.89339339 	1.7200248 	0.014353024 	0 	0.0052051488 	0 	0 	0
0.8954955 	1.7187242 	0.014345795 	0 	0.005193709 	0 	0 	0
0.8975976 	1.7174236 	0.014338566 	0 	0.0051822693 	0 	0 	0
0.8996997 	1.716144 	0.014331446 	0 	0.0051708961 	0 	0 	0
0.9018018 	1.7148985 	0.014324502 	0 	0.0051596304 	0 	0 	0
0.9039039 	1.713653 	0.014317557 	0 	0.0051483646 	0 	0 	0
0.90600601 	1.7124074 	0.014310612 	0 	0.0051370989 	0 	0 	0
0.90810811 	1.7111619 	0.014303668 	0 	0.0051258331 	0 	0 	0
0.91021021 	1.7099164 	0.014296723 	0 	0.0051145673 	0 	0 	0
0.91231231 	1.7086708 	0.014289778 	0 	0.0051033016 	0 	0 	0
0.91441441 	1.7074253 	0.014282833 	0 	0.0050920358 	0 	0 	0
0.91651652 	1.7061797 	0.014275889 	0 	0.00508077 	0 	0 	0
0.91861862 	1.7049342 	0.014268944 	0 	0.0050695043 	0 	0 	0
0.92072072 	1.7036887 	0.014261999 	0 	0.0050582385 	0 	0 	0
0.92282282 	1.7024431 	0.014255054 	0 	0.0050469727 	0 	0 	0
0.92492492 	1.7011976 	0.01424811 	0 	0.005035707 	0 	0 	0
0.92702703 	1.6999635 	0.014241224 	0 	0.0050244786 	0 	0 	0
0.92912913 	1.6987706 	0.014234552 	0 	0.0050133852 	0 	0 	0
0.93123123 	1.6975778 	0.01422788 	0 	0.0050022919 	0 	0 	0
0.93333333 	1.696385 	0.014221207 	0 	0.0049911985 	0 	0 	0
0.93543544 	1.6951921 	0.014214535 	0 	0.0049801051 	0 	0 	0
0.93753754 	1.6939993 	0.014207863 	0 	0.0049690118 	0 	0 	0
0.93963964 	1.6928064 	0.014201191 	0 	0.0049579184 	0 	0 	0
0.94174174 	1.6916136 	0.014194519 	0 	0.004946825 	0 	0 	0
0.94384384 	1.6904208 	0.014187846 	0 	0.0049357317 	0 	0 	0
0.94594595 	1.6892279 	0.014181174 	0 	0.0049246383 	0 	0 	0
0.94804805 	1.6880351 	0.014174502 	0 	0.0049135449 	0 	0 	0
0.95015015 	1.6868422 	0.01416783 	0 	0.0049024516 	0 	0 	0
0.95225225 	1.6856494 	0.014161158 	0 	0.0048913582 	0 	0 	0
0.95435435 	1.6844566 	0.014154485 	0 	0.0048802648 	0 	0 	0
0.95645646 	1.6832963 	0.014147982 	0 	0.0048692818 	0 	0 	0
0.95855856 	1.6821538 	0.014141571 	0 	0.0048583593 	0 	0 	0
0.96066066 	1.6810113 	0.01413516 	0 	0.0048474368 	0 	0 	0
0.96276276 	1.6798688 	0.014128749 	0 	0.0048365143 	0 	0 	0
0.96486486 	1.6787263 	0.014122338 	0 	0.0048255917 	0 	0 	0
0.96696697 	1.6775838 	0.014115927 	0 	0.0048146692 	0 	0 	0
0.96906907 	1.6764413 	0.014109516 	0 	0.0048037467 	0 	0 	0
0.97117117 	1.6752988 	0.014103106 	0 	0.0047928241 	0 	0 	0
0.97327327 	1.6741563 	0.014096695 	0 	0.0047819016 	0 	0 	0
0.97537538 	1.6730138 	0.014090284 	0 	0.0047709791 	0 	0 	0
0.97747748 	1.6718713 	0.014083873 	0 	0.0047600565 	0 	0 	0
0.97957958 	1.6707288 	0.014077462 	0 	0.004749134 	0 	0 	0
0.98168168 	1.6695863 	0.014071051 	0 	0.0047382115 	0 	0 	0
0.98378378 	1.6684439 	0.01406464 	0 	0.0047272889 	0 	0 	0
0.98588589 	1.667333 	0.014058394 	0 	0.0047164781 	0 	0 	0
0.98798799 	1.6662387 	0.014052233 	0 	0.0047057251 	0 	0 	0
0.99009009 	1.6651443 	0.014046073 	0 	0.0046949721 	0 	0 	0
0.99219219 	1.6640499 	0.014039912 	0 	0.0046842192 	0 	0 	0
0.99429429 	1.6629555 	0.014033752 	0 	0.0046734662 	0 	0 	0
0.9963964 	1.6618611 	0.014027591 	0 	0.0046627132 	0 	0 	0
0.9984985 	1.6607667 	0.014021431 	0 	0.0046519603 	0 	0 	0
1.0006006 	1.6596723 	0.01401527 	0 	0.0046412073 	0 	0 	0
1.0027027 	1.6585779 	0.01400911 	0 	0.0046304544 	0 	0 	0
1.0048048 	1.6574835 	0.014002949 	0 	0.0046197014 	0 	0 	0
1.0069069 	1.6563891 	0.013996789 	0 	0.0046089484 	0 	0 	0
1.009009 	1.6552948 	0.013990628 	0 	0.0045981955 	0 	0 	0
1.0111111 	1.6542004 	0.013984468 	0 	0.0045874425 	0 	0 	0
1.0132132 	1.653106 	0.013978307 	0 	0.0045766895 	0 	0 	0
1.0153153 	1.6520227 	0.013972205 	0 	0.0045659773 	0 	0 	0
1.0174174 	1.6509743 	0.013966284 	0 	0.0045553933 	0 	0 	0
1.0195195 	1.6499259 	0.013960364 	0 	0.0045448093 	0 	0 	0
1.0216216 	1.6488775 	0.013954444 	0 	0.0045342253 	0 	0 	0
1.0237237 	1.6478291 	0.013948523 	0 	0.0045236414 	0 	0 	0
1.0258258 	1.6467807 	0.013942603 	0 	0.0045130574 	0 	0 	0
1.0279279 	1.6457323 	0.013936682 	0 	0.0045024734 	0 	0 	0
1.03003 	1.6446839 	0.013930762 	0 	0.0044918894 	0 	0 	0
1.0321321 	1.6436354 	0.013924842 	0 	0.0044813054 	0 	0 	0
1.0342342 	1.642587 	0.013918921 	0 	0.0044707214 	0 	0 	0
1.0363363 	1.6415386 	0.013913001 	0 	0.0044601374 	0 	0 	0
1.0384384 	1.6404902 	0.013907081 	0 	0.0044495534 	0 	0 	0
1.0405405 	1.6394418 	0.01390116 	0 	0.0044389694 	0 	0 	0
1.0426426 	1.6383934 	0.01389524 	0 	0.0044283854 	0 	0 	0
1.0447447 	1.637345 	0.01388932 	0 	0.0044178014 	0 	0 	0
1.0468468 	1.6363134 	0.013883487 	0 	0.0044072817 	0 	0 	0
1.0489489 	1.6353089 	0.013877797 	0 	0.0043968664 	0 	0 	0
1.0510511 	1.6343045 	0.013872107 	0 	0.0043864511 	0 	0 	0
1.0531532 	1.6333 	0.013866417 	0 	0.0043760358 	0 	0 	0
1.0552553 	1.6322956 	0.013860727 	0 	0.0043656205 	0 	0 	0
1.0573574 	1.6312912 	0.013855037 	0 	0.0043552052 	0 	0 	0
1.0594595 	1.6302867 	0.013849347 	0 	0.0043447899 	0 	0 	0
1.0615616 	1.6292823 	0.013843657 	0 	0.0043343746 	0 	0 	0
1.0636637 	1.6282778 	0.013837967 	0 	0.0043239594 	0 	0 	0
1.0657658 	1.6272734 	0.013832277 	0 	0.0043135441 	0 	0 	0
1.0678679 	1.626269 	0.013826587 	0 	0.0043031288 	0 	0 	0
1.06997 	1.6252645 	0.013820897 	0 	0.0042927135 	0 	0 	0
1.0720721 	1.6242601 	0.013815207 	0 	0.0042822982 	0 	0 	0
1.0741742 	1.6232556 	0.013809517 	0 	0.0042718829 	0 	0 	0
1.0762763 	1.6222512 	0.013803827 	0 	0.0042614676 	0 	0 	0
1.0783784 	1.6212495 	0.013798151 	0 	0.0042510631 	0 	0 	0
1.0804805 	1.620287 	0.013792682 	0 	0.0042408168 	0 	0 	0
1.0825826 	1.6193246 	0.013787213 	0 	0.0042305704 	0 	0 	0
1.0846847 	1.6183622 	0.013781744 	0 	0.0042203241 	0 	0 	0
1.0867868 	1.6173998 	0.013776274 	0 	0.0042100777 	0 	0 	0
1.0888889 	1.6164374 	0.013770805 	0 	0.0041998314 	0 	0 	0
1.090991 	1.615475 	0.013765336 	0 	0.004189585 	0 	0 	0
1.0930931 	1.6145126 	0.013759867 	0 	0.0041793386 	0 	0 	0
1.0951952 	1.6135502 	0.013754398 	0 	0.0041690923 	0 	0 	0
1.0972973 	1.6125878 	0.013748929 	0 	0.0041588459 	0 	0 	0
1.0993994 	1.6116254 	0.01374346 	0 	0.0041485996 	0 	0 	0
1.1015015 	1.610663 	0.013737991 	0 	0.0041383532 	0 	0 	0
1.1036036 	1.6097006 	0.013732522 	0 	0.0041281069 	0 	0 	0
1.1057057 	1.6087382 	0.013727053 	0 	0.0041178605 	0 	0 	0
1.1078078 	1.6077758 	0.013721584 	0 	0.0041076142 	0 	0 	0
1.1099099 	1.6068134 	0.013716115 	0 	0.0040973678 	0 	0 	0
1.112012 	1.6058621 	0.013710704 	0 	0.0040871684 	0 	0 	0
1.1141141 	1.6049399 	0.013705447 	0 	0.0040770918 	0 	0 	0
1.1162162 	1.6040176 	0.01370019 	0 	0.0040670152 	0 	0 	0
1.1183183 	1.6030954 	0.013694933 	0 	0.0040569386 	0 	0 	0
1.1204204 	1.6021732 	0.013689676 	0 	0.004046862 	0 	0 	0
1.1225225 	1.601251 	0.013684419 	0 	0.0040367854 	0 	0 	0
1.1246246 	1.6003288 	0.013679161 	0 	0.0040267088 	0 	0 	0
1.1267267 	1.5994065 	0.013673904 	0 	0.0040166322 	0 	0 	0
1.1288288 	1.5984843 	0.013668647 	0 	0.0040065556 	0 	0 	0
1.1309309 	1.5975621 	0.01366339 	0 	0.003996479 	0 	0 	0
1.133033 	1.5966399 	0.013658133 	0 	0.0039864024 	0 	0 	0
1.1351351 	1.5957177 	0.013652876 	0 	0.0039763258 	0 	0 	0
1.1372372 	1.5947955 	0.013647618 	0 	0.0039662492 	0 	0 	0
1.1393393 	1.5938732 	0.013642361 	0 	0.0039561726 	0 	0 	0
1.1414414 	1.592951 	0.013637104 	0 	0.003946096 	0 	0 	0
1.1435435 	1.5920288 	0.013631847 	0 	0.0039360194 	0 	0 	0
1.1456456 	1.5911067 	0.013626591 	0 	0.0039259435 	0 	0 	0
1.1477477 	1.5902229 	0.013621537 	0 	0.003916038 	0 	0 	0
1.1498498 	1.5893391 	0.013616483 	0 	0.0039061324 	0 	0 	0
1.151952 	1.5884553 	0.013611429 	0 	0.0038962268 	0 	0 	0
1.1540541 	1.5875715 	0.013606375 	0 	0.0038863213 	0 	0 	0
1.1561562 	1.5866877 	0.013601321 	0 	0.0038764157 	0 	0 	0
1.1582583 	1.5858039 	0.013596267 	0 	0.0038665101 	0 	0 	0
1.1603604 	1.5849201 	0.013591213 	0 	0.0038566045 	0 	0 	0
1.1624625 	1.5840362 	0.013586159 	0 	0.003846699 	0 	0 	0
1.1645646 	1.5831524 	0.013581105 	0 	0.0038367934 	0 	0 	0
1.1666667 	1.5822686 	0.013576051 	0 	0.0038268878 	0 	0 	0
1.1687688 	1.5813848 	0.013570997 	0 	0.0038169823 	0 	0 	0
1.1708709 	1.580501 	0.013565943 	0 	0.0038070767 	0 	0 	0
1.172973 	1.5796172 	0.013560889 	0 	0.0037971711 	0 	0 	0
1.1750751 	1.5787334 	0.013555835 	0 	0.0037872656 	0 	0 	0
1.1771772 	1.5778495 	0.013550781 	0 	0.00377736 	0 	0 	0
1.1792793 	1.5769657 	0.013545727 	0 	0.0037674544 	0 	0 	0
1.1813814 	1.5760904 	0.013540718 	0 	0.0037575892 	0 	0 	0
1.1834835 	1.5752433 	0.013535859 	0 	0.0037478575 	0 	0 	0
1.1855856 	1.5743962 	0.013531 	0 	0.0037381257 	0 	0 	0
1.1876877 	1.5735491 	0.013526141 	0 	0.003728394 	0 	0 	0
1.1897898 	1.572702 	0.013521282 	0 	0.0037186622 	0 	0 	0
1.1918919 	1.5718549 	0.013516423 	0 	0.0037089305 	0 	0 	0
1.193994 	1.5710078 	0.013511563 	0 	0.0036991988 	0 	0 	0
1.1960961 	1.5701607 	0.013506704 	0 	0.003689467 	0 	0 	0
1.1981982 	1.5693136 	0.013501845 	0 	0.0036797353 	0 	0 	0
1.2003003 	1.5684665 	0.013496986 	0 	0.0036700036 	0 	0 	0
1.2024024 	1.5676194 	0.013492127 	0 	0.0036602718 	0 	0 	0
1.2045045 	1.5667723 	0.013487268 	0 	0.0036505401 	0 	0 	0
1.2066066 	1.5659252 	0.013482408 	0 	0.0036408083 	0 	0 	0
1.2087087 	1.5650781 	0.013477549 	0 	0.0036310766 	0 	0 	0
1.2108108 	1.564231 	0.01347269 	0 	0.0036213449 	0 	0 	0
1.2129129 	1.5633839 	0.013467831 	0 	0.0036116131 	0 	0 	0
1.215015 	1.5625368 	0.013462972 	0 	0.0036018814 	0 	0 	0
1.2171171 	1.5616897 	0.013458113 	0 	0.0035921497 	0 	0 	0
1.2192192 	1.5608757 	0.01345343 	0 	0.0035825843 	0 	0 	0
1.2213213 	1.5600637 	0.013448757 	0 	0.0035730288 	0 	0 	0
1.2234234 	1.5592516 	0.013444085 	0 	0.0035634733 	0 	0 	0
1.2255255 	1.5584396 	0.013439412 	0 	0.0035539177 	0 	0 	0
1.2276276 	1.5576276 	0.01343474 	0 	0.0035443622 	0 	0 	0
1.2297297 	1.5568155 	0.013430068 	0 	0.0035348066 	0 	0 	0
1.2318318 	1.5560035 	0.013425395 	0 	0.0035252511 	0 	0 	0
1.2339339 	1.5551915 	0.013420723 	0 	0.0035156956 	0 	0 	0
1.236036 	1.5543795 	0.01341605 	0 	0.00350614 	0 	0 	0
1.2381381 	1.5535674 	0.013411378 	0 	0.0034965845 	0 	0 	0
1.2402402 	1.5527554 	0.013406705 	0 	0.0034870289 	0 	0 	0
1.2423423 	1.5519434 	0.013402033 	0 	0.0034774734 	0 	0 	0
1.2444444 	1.5511313 	0.01339736 	0 	0.0034679178 	0 	0 	0
1.2465465 	1.5503193 	0.013392688 	0 	0.0034583623 	0 	0 	0
1.2486486 	1.5495073 	0.013388015 	0 	0.0034488068 	0 	0 	0
1.2507508 	1.5486953 	0.013383343 	0 	0.0034392512 	0 	0 	0
1.2528529 	1.5478832 	0.01337867 	0 	0.0034296957 	0 	0 	0
1.254955 	1.5470754 	0.01337402 	0 	0.003420163 	0 	0 	0
1.2570571 	1.5462969 	0.013369527 	0 	0.0034107888 	0 	0 	0
1.2591592 	1.5455184 	0.013365033 	0 	0.0034014146 	0 	0 	0
1.2612613 	1.5447398 	0.013360539 	0 	0.0033920404 	0 	0 	0
1.2633634 	1.5439613 	0.013356046 	0 	0.0033826662 	0 	0 	0
1.2654655 	1.5431827 	0.013351552 	0 	0.0033732921 	0 	0 	0
1.2675676 	1.5424042 	0.013347058 	0 	0.0033639179 	0 	0 	0
1.2696697 	1.5416257 	0.013342565 	0 	0.0033545437 	0 	0 	0
1.2717718 	1.5408471 	0.013338071 	0 	0.0033451695 	0 	0 	0
1.2738739 	1.5400686 	0.013333577 	0 	0.0033357954 	0 	0 	0
1.275976 	1.5392901 	0.013329084 	0 	0.0033264212 	0 	0 	0
1.2780781 	1.5385115 	0.01332459 	0 	0.003317047 	0 	0 	0
1.2801802 	1.537733 	0.013320096 	0 	0.0033076728 	0 	0 	0
1.2822823 	1.5369545 	0.013315603 	0 	0.0032982986 	0 	0 	0
1.2843844 	1.5361759 	0.013311109 	0 	0.0032889245 	0 	0 	0
1.2864865 	1.5353974 	0.013306615 	0 	0.0032795503 	0 	0 	0
1.2885886 	1.5346189 	0.013302122 	0 	0.0032701761 	0 	0 	0
1.2906907 	1.5338403 	0.013297628 	0 	0.0032608019 	0 	0 	0
1.2927928 	1.5330618 	0.013293134 	0 	0.0032514277 	0 	0 	0
1.2948949 	1.5323075 	0.013288771 	0 	0.0032421956 	0 	0 	0
1.296997 	1.531561 	0.013284448 	0 	0.0032330085 	0 	0 	0
1.2990991 	1.5308144 	0.013280126 	0 	0.0032238213 	0 	0 	0
1.3012012 	1.5300678 	0.013275803 	0 	0.0032146341 	0 	0 	0
1.3033033 	1.5293212 	0.01327148 	0 	0.0032054469 	0 	0 	0
1.3054054 	1.5285747 	0.013267158 	0 	0.0031962597 	0 	0 	0
1.3075075 	1.5278281 	0.013262835 	0 	0.0031870726 	0 	0 	0
1.3096096 	1.5270815 	0.013258513 	0 	0.0031778854 	0 	0 	0
1.3117117 	1.5263349 	0.01325419 	0 	0.0031686982 	0 	0 	0
1.3138138 	1.5255884 	0.013249868 	0 	0.003159511 	0 	0 	0
1.3159159 	1.5248418 	0.013245545 	0 	0.0031503239 	0 	0 	0
1.318018 	1.5240952 	0.013241223 	0 	0.0031411367 	0 	0 	0
1.3201201 	1.5233486 	0.0132369 	0 	0.0031319495 	0 	0 	0
1.3222222 	1.5226021 	0.013232578 	0 	0.0031227623 	0 	0 	0
1.3243243 	1.5218555 	0.013228255 	0 	0.0031135752 	0 	0 	0
1.3264264 	1.5211089 	0.013223933 	0 	0.003104388 	0 	0 	0
1.3285285 	1.5203623 	0.01321961 	0 	0.0030952008 	0 	0 	0
1.3306306 	1.5196158 	0.013215288 	0 	0.0030860136 	0 	0 	0
1.3327327 	1.5188692 	0.013210965 	0 	0.0030768264 	0 	0 	0
1.3348348 	1.5181479 	0.013206778 	0 	0.0030678018 	0 	0 	0
1.3369369 	1.5174318 	0.01320262 	0 	0.0030588106 	0 	0 	0
1.339039 	1.5167157 	0.013198461 	0 	0.0030498194 	0 	0 	0
1.3411411 	1.5159996 	0.013194302 	0 	0.0030408281 	0 	0 	0
1.3432432 	1.5152835 	0.013190143 	0 	0.0030318369 	0 	0 	0
1.3453453 	1.5145675 	0.013185984 	0 	0.0030228457 	0 	0 	0
1.3474474 	1.5138514 	0.013181826 	0 	0.0030138545 	0 	0 	0
1.3495495 	1.5131353 	0.013177667 	0 	0.0030048633 	0 	0 	0
1.3516517 	1.5124192 	0.013173508 	0 	0.0029958721 	0 	0 	0
1.3537538 	1.5117031 	0.013169349 	0 	0.0029868809 	0 	0 	0
1.3558559 	1.510987 	0.01316519 	0 	0.0029778897 	0 	0 	0
1.357958 	1.5102709 	0.013161031 	0 	0.0029688984 	0 	0 	0
1.3600601 	1.5095548 	0.013156873 	0 	0.0029599072 	0 	0 	0
1.3621622 	1.5088388 	0.013152714 	0 	0.002950916 	0 	0 	0
1.3642643 	1.5081227 	0.013148555 	0 	0.0029419248 	0 	0 	0
1.3663664 	1.5074066 	0.013144396 	0 	0.0029329336 	0 	0 	0
1.3684685 	1.5066905 	0.013140237 	0 	0.0029239424 	0 	0 	0
1.3705706 	1.5059744 	0.013136078 	0 	0.0029149512 	0 	0 	0
1.3726727 	1.5052583 	0.01313192 	0 	0.0029059599 	0 	0 	0
1.3747748 	1.5045514 	0.01312781 	0 	0.002897034 	0 	0 	0
1.3768769 	1.5038644 	0.013123808 	0 	0.0028882485 	0 	0 	0
1.378979 	1.5031773 	0.013119805 	0 	0.002879463 	0 	0 	0
1.3810811 	1.5024902 	0.013115803 	0 	0.0028706774 	0 	0 	0
1.3831832 	1.5018032 	0.0131118 	0 	0.0028618919 	0 	0 	0
1.3852853 	1.5011161 	0.013107797 	0 	0.0028531064 	0 	0 	0
1.3873874 	1.500429 	0.013103795 	0 	0.0028443209 	0 	0 	0
1.3894895 	1.499742 	0.013099792 	0 	0.0028355354 	0 	0 	0
1.3915916 	1.4990549 	0.01309579 	0 	0.0028267498 	0 	0 	0
1.3936937 	1.4983678 	0.013091787 	0 	0.0028179643 	0 	0 	0
1.3957958 	1.4976808 	0.013087784 	0 	0.0028091788 	0 	0 	0
1.3978979 	1.4969937 	0.013083782 	0 	0.0028003933 	0 	0 	0
1.4 	1.4963066 	0.013079779 	0 	0.0027916077 	0 	0 	0
1.4021021 	1.4956195 	0.013075777 	0 	0.0027828222 	0 	0 	0
1.4042042 	1.4949325 	0.013071774 	0 	0.0027740367 	0 	0 	0
1.4063063 	1.4942454 	0.013067771 	0 	0.0027652512 	0 	0 	0
1.4084084 	1.4935583 	0.013063769 	0 	0.0027564656 	0 	0 	0
1.4105105 	1.4928713 	0.013059766 	0 	0.0027476801 	0 	0 	0
1.4126126 	1.4921842 	0.013055764 	0 	0.0027388946 	0 	0 	0
1.4147147 	1.4914971 	0.013051761 	0 	0.0027301091 	0 	0 	0
1.4168168 	1.4908157 	0.013047789 	0 	0.0027213695 	0 	0 	0
1.4189189 	1.4901563 	0.013043936 	0 	0.0027128071 	0 	0 	0
1.421021 	1.4894968 	0.013040082 	0 	0.0027042447 	0 	0 	0
1.4231231 	1.4888374 	0.013036229 	0 	0.0026956823 	0 	0 	0
1.4252252 	1.4881779 	0.013032375 	0 	0.0026871199 	0 	0 	0
1.4273273 	1.4875185 	0.013028521 	0 	0.0026785575 	0 	0 	0
1.4294294 	1.486859 	0.013024668 	0 	0.0026699951 	0 	0 	0
1.4315315 	1.4861996 	0.013020814 	0 	0.0026614327 	0 	0 	0
1.4336336 	1.4855401 	0.013016961 	0 	0.0026528703 	0 	0 	0
1.4357357 	1.4848807 	0.013013107 	0 	0.0026443079 	0 	0 	0
1.4378378 	1.4842212 	0.013009254 	0 	0.0026357455 	0 	0 	0
1.4399399 	1.4835618 	0.0130054 	0 	0.0026271831 	0 	0 	0
1.442042 	1.4829023 	0.013001547 	0 	0.0026186207 	0 	0 	0
1.4441441 	1.4822429 	0.012997693 	0 	0.0026100583 	0 	0 	0
1.4462462 	1.4815834 	0.01299384 	0 	0.0026014959 	0 	0 	0
1.4483483 	1.480924 	0.012989986 	0 	0.0025929335 	0 	0 	0
1.4504505 	1.4802645 	0.012986133 	0 	0.0025843711 	0 	0 	0
1.4525526 	1.4796051 	0.012982279 	0 	0.0025758087 	0 	0 	0
1.4546547 	1.4789456 	0.012978426 	0 	0.0025672463 	0 	0 	0
1.4567568 	1.4782862 	0.012974572 	0 	0.0025586839 	0 	0 	0
1.4588589 	1.4776267 	0.012970719 	0 	0.0025501215 	0 	0 	0
1.460961 	1.4769797 	0.012966932 	0 	0.002541672 	0 	0 	0
1.4630631 	1.4763463 	0.01296322 	0 	0.0025333467 	0 	0 	0
1.4651652 	1.475713 	0.012959508 	0 	0.0025250214 	0 	0 	0
1.4672673 	1.4750797 	0.012955795 	0 	0.0025166961 	0 	0 	0
1.4693694 	1.4744463 	0.012952083 	0 	0.0025083707 	0 	0 	0
1.4714715 	1.473813 	0.012948371 	0 	0.0025000454 	0 	0 	0
1.4735736 	1.4731796 	0.012944658 	0 	0.0024917201 	0 	0 	0
1.4756757 	1.4725463 	0.012940946 	0 	0.0024833947 	0 	0 	0
1.4777778 	1.471913 	0.012937234 	0 	0.0024750694 	0 	0 	0
1.4798799 	1.4712796 	0.012933521 	0 	0.0024667441 	0 	0 	0
1.481982 	1.4706463 	0.012929809 	0 	0.0024584188 	0 	0 	0
1.4840841 	1.4700129 	0.012926097 	0 	0.0024500934 	0 	0 	0
1.4861862 	1.4693796 	0.012922385 	0 	0.0024417681 	0 	0 	0
1.4882883 	1.4687462 	0.012918672 	0 	0.0024334428 	0 	0 	0
1.4903904 	1.4681129 	0.01291496 	0 	0.0024251174 	0 	0 	0
1.4924925 	1.4674796 	0.012911248 	0 	0.0024167921 	0 	0 	0
1.4945946 	1.4668462 	0.012907535 	0 	0.0024084668 	0 	0 	0
1.4966967 	1.4662129 	0.012903823 	0 	0.0024001415 	0 	0 	0
1.4987988 	1.4655795 	0.012900111 	0 	0.0023918161 	0 	0 	0
1.5009009 	1.4649462 	0.012896398 	0 	0.0023834908 	0 	0 	0
1.503003 	1.4643128 	0.012892686 	0 	0.0023751655 	0 	0 	0
1.5051051 	1.4636822 	0.012888989 	0 	0.0023668707 	0 	0 	0
1.5072072 	1.4630737 	0.012885411 	0 	0.0023588224 	0 	0 	0
1.5093093 	1.4624652 	0.012881833 	0 	0.002350774 	0 	0 	0
1.5114114 	1.4618567 	0.012878255 	0 	0.0023427257 	0 	0 	0
1.5135135 	1.4612481 	0.012874677 	0 	0.0023346773 	0 	0 	0
1.5156156 	1.4606396 	0.0128711 	0 	0.002326629 	0 	0 	0
1.5177177 	1.4600311 	0.012867522 	0 	0.0023185806 	0 	0 	0
1.5198198 	1.4594226 	0.012863944 	0 	0.0023105323 	0 	0 	0
1.5219219 	1.458814 	0.012860366 	0 	0.0023024839 	0 	0 	0
1.524024 	1.4582055 	0.012856788 	0 	0.0022944356 	0 	0 	0
1.5261261 	1.457597 	0.012853211 	0 	0.0022863872 	0 	0 	0
1.5282282 	1.4569885 	0.012849633 	0 	0.0022783389 	0 	0 	0
1.5303303 	1.4563799 	0.012846055 	0 	0.0022702905 	0 	0 	0
1.5324324 	1.4557714 	0.012842477 	0 	0.0022622422 	0 	0 	0
1.5345345 	1.4551629 	0.012838899 	0 	0.0022541939 	0 	0 	0
1.5366366 	1.4545544 	0.012835322 	0 	0.0022461455 	0 	0 	0
1.5387387 	1.4539458 	0.012831744 	0 	0.0022380972 	0 	0 	0
1.5408408 	1.4533373 	0.012828166 	0 	0.0022300488 	0 	0 	0
1.5429429 	1.4527288 	0.012824588 	0 	0.0022220005 	0 	0 	0
1.545045 	1.4521203 	0.01282101 	0 	0.0022139521 	0 	0 	0
1.5471471 	1.4515117 	0.012817432 	0 	0.0022059038 	0 	0 	0
1.5492492 	1.4509032 	0.012813855 	0 	0.0021978554 	0 	0 	0
1.5513514 	1.4502967 	0.012810288 	0 	0.002189832 	0 	0 	0
1.5534535 	1.4497111 	0.012806834 	0 	0.0021820676 	0 	0 	0
1.5555556 	1.4491255 	0.012803381 	0 	0.0021743032 	0 	0 	0
1.5576577 	1.4485399 	0.012799927 	0 	0.0021665388 	0 	0 	0
1.5597598 	1.4479543 	0.012796473 	0 	0.0021587744 	0 	0 	0
1.5618619 	1.4473687 	0.01279302 	0 	0.00215101 	0 	0 	0
1.563964 	1.4467831 	0.012789566 	0 	0.0021432456 	0 	0 	0
1.5660661 	1.4461976 	0.012786113 	0 	0.0021354812 	0 	0 	0
1.5681682 	1.445612 	0.012782659 	0 	0.0021277168 	0 	0 	0
1.5702703 	1.4450264 	0.012779205 	0 	0.0021199524 	0 	0 	0
1.5723724 	1.4444408 	0.012775752 	0 	0.002112188 	0 	0 	0
1.5744745 	1.4438552 	0.012772298 	0 	0.0021044236 	0 	0 	0
1.5765766 	1.4432696 	0.012768845 	0 	0.0020966592 	0 	0 	0
1.5786787 	1.442684 	0.012765391 	0 	0.0020888948 	0 	0 	0
1.5807808 	1.4420984 	0.012761937 	0 	0.0020811304 	0 	0 	0
1.5828829 	1.4415128 	0.012758484 	0 	0.002073366 	0 	0 	0
1.584985 	1.4409272 	0.01275503 	0 	0.0020656016 	0 	0 	0
1.5870871 	1.4403416 	0.012751577 	0 	0.0020578372 	0 	0 	0
1.5891892 	1.439756 	0.012748123 	0 	0.0020500728 	0 	0 	0
1.5912913 	1.4391704 	0.012744669 	0 	0.0020423084 	0 	0 	0
1.5933934 	1.4385848 	0.012741216 	0 	0.002034544 	0 	0 	0
1.5954955 	1.4379992 	0.012737762 	0 	0.0020267796 	0 	0 	0
1.5975976 	1.4374136 	0.012734309 	0 	0.0020190152 	0 	0 	0
1.5996997 	1.4368366 	0.012730901 	0 	0.0020114072 	0 	0 	0
1.6018018 	1.4362731 	0.012727568 	0 	0.0020040449 	0 	0 	0
1.6039039 	1.4357095 	0.012724234 	0 	0.0019966827 	0 	0 	0
1.606006 	1.4351459 	0.0127209 	0 	0.0019893204 	0 	0 	0
1.6081081 	1.4345824 	0.012717566 	0 	0.0019819582 	0 	0 	0
1.6102102 	1.4340188 	0.012714232 	0 	0.001974596 	0 	0 	0
1.6123123 	1.4334552 	0.012710898 	0 	0.0019672337 	0 	0 	0
1.6144144 	1.4328917 	0.012707564 	0 	0.0019598715 	0 	0 	0
1.6165165 	1.4323281 	0.01270423 	0 	0.0019525093 	0 	0 	0
1.6186186 	1.4317645 	0.012700896 	0 	0.001945147 	0 	0 	0
1.6207207 	1.431201 	0.012697563 	0 	0.0019377848 	0 	0 	0
1.6228228 	1.4306374 	0.012694229 	0 	0.0019304225 	0 	0 	0
1.6249249 	1.4300738 	0.012690895 	0 	0.0019230603 	0 	0 	0
1.627027 	1.4295103 	0.012687561 	0 	0.0019156981 	0 	0 	0
1.6291291 	1.4289467 	0.012684227 	0 	0.0019083358 	0 	0 	0
1.6312312 	1.4283831 	0.012680893 	0 	0.0019009736 	0 	0 	0
1.6333333 	1.4278196 	0.012677559 	0 	0.0018936114 	0 	0 	0
1.6354354 	1.427256 	0.012674225 	0 	0.0018862491 	0 	0 	0
1.6375375 	1.4266924 	0.012670891 	0 	0.0018788869 	0 	0 	0
1.6396396 	1.4261289 	0.012667558 	0 	0.0018715247 	0 	0 	0
1.6417417 	1.4255653 	0.012664224 	0 	0.0018641624 	0 	0 	0
1.6438438 	1.4250017 	0.01266089 	0 	0.0018568002 	0 	0 	0
1.6459459 	1.4244382 	0.012657556 	0 	0.0018494379 	0 	0 	0
1.648048 	1.4238746 	0.012654222 	0 	0.0018420757 	0 	0 	0
1.6501502 	1.4233294 	0.012650987 	0 	0.0018350427 	0 	0 	0
1.6522523 	1.4227844 	0.012647753 	0 	0.0018280123 	0 	0 	0
1.6543544 	1.4222394 	0.012644519 	0 	0.0018209818 	0 	0 	0
1.6564565 	1.4216944 	0.012641285 	0 	0.0018139514 	0 	0 	0
1.6585586 	1.4211493 	0.01263805 	0 	0.001806921 	0 	0 	0
1.6606607 	1.4206043 	0.012634816 	0 	0.0017998906 	0 	0 	0
1.6627628 	1.4200593 	0.012631582 	0 	0.0017928602 	0 	0 	0
1.6648649 	1.4195143 	0.012628348 	0 	0.0017858297 	0 	0 	0
1.666967 	1.4189692 	0.012625114 	0 	0.0017787993 	0 	0 	0
1.6690691 	1.4184242 	0.012621879 	0 	0.0017717689 	0 	0 	0
1.6711712 	1.4178792 	0.012618645 	0 	0.0017647385 	0 	0 	0
1.6732733 	1.4173341 	0.012615411 	0 	0.001757708 	0 	0 	0
1.6753754 	1.4167891 	0.012612177 	0 	0.0017506776 	0 	0 	0
1.6774775 	1.4162441 	0.012608943 	0 	0.0017436472 	0 	0 	0
1.6795796 	1.4156991 	0.012605709 	0 	0.0017366168 	0 	0 	0
1.6816817 	1.415154 	0.012602474 	0 	0.0017295863 	0 	0 	0
1.6837838 	1.414609 	0.01259924 	0 	0.0017225559 	0 	0 	0
1.6858859 	1.414064 	0.012596006 	0 	0.0017155255 	0 	0 	0
1.687988 	1.413519 	0.012592772 	0 	0.0017084951 	0 	0 	0
1.6900901 	1.4129739 	0.012589538 	0 	0.0017014646 	0 	0 	0
1.6921922 	1.4124289 	0.012586303 	0 	0.0016944342 	0 	0 	0
1.6942943 	1.4118839 	0.012583069 	0 	0.0016874038 	0 	0 	0
1.6963964 	1.4113389 	0.012579835 	0 	0.0016803734 	0 	0 	0
1.6984985 	1.4107938 	0.012576601 	0 	0.001673343 	0 	0 	0
1.7006006 	1.4102658 	0.012573459 	0 	0.0016669696 	0 	0 	0
1.7027027 	1.4097401 	0.01257033 	0 	0.0016606886 	0 	0 	0
1.7048048 	1.4092145 	0.012567201 	0 	0.0016544075 	0 	0 	0
1.7069069 	1.4086888 	0.012564072 	0 	0.0016481265 	0 	0 	0
1.709009 	1.4081632 	0.012560944 	0 	0.0016418455 	0 	0 	0
1.7111111 	1.4076375 	0.012557815 	0 	0.0016355644 	0 	0 	0
1.7132132 	1.4071119 	0.012554686 	0 	0.0016292834 	0 	0 	0
1.7153153 	1.4065862 	0.012551557 	0 	0.0016230023 	0 	0 	0
1.7174174 	1.4060606 	0.012548428 	0 	0.0016167213 	0 	0 	0
1.7195195 	1.4055349 	0.012545299 	0 	0.0016104402 	0 	0 	0
1.7216216 	1.4050093 	0.01254217 	0 	0.0016041592 	0 	0 	0
1.7237237 	1.4044836 	0.012539041 	0 	0.0015978782 	0 	0 	0
1.7258258 	1.403958 	0.012535913 	0 	0.0015915971 	0 	0 	0
1.7279279 	1.4034323 	0.012532784 	0 	0.0015853161 	0 	0 	0
1.73003 	1.4029067 	0.012529655 	0 	0.001579035 	0 	0 	0
1.7321321 	1.402381 	0.012526526 	0 	0.001572754 	0 	0 	0
1.7342342 	1.4018554 	0.012523397 	0 	0.0015664729 	0 	0 	0
1.7363363 	1.4013297 	0.012520268 	0 	0.0015601919 	0 	0 	0
1.7384384 	1.400804 	0.012517139 	0 	0.0015539109 	0 	0 	0
1.7405405 	1.4002784 	0.01251401 	0 	0.0015476298 	0 	0 	0
1.7426426 	1.3997527 	0.012510882 	0 	0.0015413488 	0 	0 	0
1.7447447 	1.3992271 	0.012507753 	0 	0.0015350677 	0 	0 	0
1.7468468 	1.3987014 	0.012504624 	0 	0.0015287867 	0 	0 	0
1.7489489 	1.3981758 	0.012501495 	0 	0.0015225056 	0 	0 	0
1.7510511 	1.3976503 	0.012498367 	0 	0.0015162304 	0 	0 	0
1.7531532 	1.3971351 	0.01249529 	0 	0.0015102311 	0 	0 	0
1.7552553 	1.3966198 	0.012492214 	0 	0.0015042319 	0 	0 	0
1.7573574 	1.3961046 	0.012489137 	0 	0.0014982326 	0 	0 	0
1.7594595 	1.3955893 	0.01248606 	0 	0.0014922333 	0 	0 	0
1.7615616 	1.395074 	0.012482983 	0 	0.0014862341 	0 	0 	0
1.7636637 	1.3945588 	0.012479907 	0 	0.0014802348 	0 	0 	0
1.7657658 	1.3940435 	0.01247683 	0 	0.0014742355 	0 	0 	0
1.7678679 	1.3935283 	0.012473753 	0 	0.0014682362 	0 	0 	0
1.76997 	1.393013 	0.012470676 	0 	0.001462237 	0 	0 	0
1.7720721 	1.3924977 	0.0124676 	0 	0.0014562377 	0 	0 	0
1.7741742 	1.3919825 	0.012464523 	0 	0.0014502384 	0 	0 	0
1.7762763 	1.3914672 	0.012461446 	0 	0.0014442392 	0 	0 	0
1.7783784 	1.390952 	0.012458369 	0 	0.0014382399 	0 	0 	0
1.7804805 	1.3904367 	0.012455293 	0 	0.0014322406 	0 	0 	0
1.7825826 	1.3899214 	0.012452216 	0 	0.0014262414 	0 	0 	0
1.7846847 	1.3894062 	0.012449139 	0 	0.0014202421 	0 	0 	0
1.7867868 	1.3888909 	0.012446062 	0 	0.0014142428 	0 	0 	0
1.7888889 	1.3883756 	0.012442986 	0 	0.0014082435 	0 	0 	0
1.790991 	1.3878604 	0.012439909 	0 	0.0014022443 	0 	0 	0
1.7930931 	1.3873451 	0.012436832 	0 	0.001396245 	0 	0 	0
1.7951952 	1.3868299 	0.012433755 	0 	0.0013902457 	0 	0 	0
1.7972973 	1.3863146 	0.012430679 	0 	0.0013842465 	0 	0 	0
1.7993994 	1.3857993 	0.012427602 	0 	0.0013782472 	0 	0 	0
1.8015015 	1.3852841 	0.012424525 	0 	0.0013722479 	0 	0 	0
1.8036036 	1.3847688 	0.012421448 	0 	0.0013662486 	0 	0 	0
1.8057057 	1.3842597 	0.012418405 	0 	0.001360969 	0 	0 	0
1.8078078 	1.3837599 	0.012415411 	0 	0.0013567652 	0 	0 	0
1.8099099 	1.38326 	0.012412417 	0 	0.0013525614 	0 	0 	0
1.812012 	1.3827601 	0.012409423 	0 	0.0013483577 	0 	0 	0
1.8141141 	1.3822603 	0.012406428 	0 	0.0013441539 	0 	0 	0
1.8162162 	1.3817604 	0.012403434 	0 	0.0013399502 	0 	0 	0
1.8183183 	1.3812606 	0.01240044 	0 	0.0013357464 	0 	0 	0
1.8204204 	1.3807607 	0.012397446 	0 	0.0013315427 	0 	0 	0
1.8225225 	1.3802608 	0.012394452 	0 	0.0013273389 	0 	0 	0
1.8246246 	1.379761 	0.012391458 	0 	0.0013231352 	0 	0 	0
1.8267267 	1.3792611 	0.012388464 	0 	0.0013189314 	0 	0 	0
1.8288288 	1.3787612 	0.01238547 	0 	0.0013147276 	0 	0 	0
1.8309309 	1.3782614 	0.012382476 	0 	0.0013105239 	0 	0 	0
1.833033 	1.3777615 	0.012379481 	0 	0.0013063201 	0 	0 	0
1.8351351 	1.3772617 	0.012376487 	0 	0.0013021164 	0 	0 	0
1.8372372 	1.3767618 	0.012373493 	0 	0.0012979126 	0 	0 	0
1.8393393 	1.3762619 	0.012370499 	0 	0.0012937089 	0 	0 	0
1.8414414 	1.3757621 	0.012367505 	0 	0.0012895051 	0 	0 	0
1.8435435 	1.3752622 	0.012364511 	0 	0.0012853013 	0 	0 	0
1.8456456 	1.3747623 	0.012361517 	0 	0.0012810976 	0 	0 	0
1.8477477 	1.3742625 	0.012358523 	0 	0.0012768938 	0 	0 	0
1.8498498 	1.3737626 	0.012355528 	0 	0.0012726901 	0 	0 	0
1.851952 	1.3732628 	0.012352534 	0 	0.0012684863 	0 	0 	0
1.8540541 	1.3727629 	0.01234954 	0 	0.0012642826 	0 	0 	0
1.8561562 	1.372263 	0.012346546 	0 	0.0012600788 	0 	0 	0
1.8582583 	1.3717632 	0.012343552 	0 	0.001255875 	0 	0 	0
1.8603604 	1.3712633 	0.012340558 	0 	0.0012516713 	0 	0 	0
1.8624625 	1.3707543 	0.012337498 	0 	0.0012468776 	0 	0 	0
1.8645646 	1.3702452 	0.012334438 	0 	0.0012420803 	0 	0 	0
1.8666667 	1.3697361 	0.012331379 	0 	0.001237283 	0 	0 	0
1.8687688 	1.369227 	0.012328319 	0 	0.0012324856 	0 	0 	0
1.8708709 	1.3687179 	0.012325259 	0 	0.0012276883 	0 	0 	0
1.872973 	1.3682088 	0.012322199 	0 	0.0012228909 	0 	0 	0
1.8750751 	1.3676997 	0.012319139 	0 	0.0012180936 	0 	0 	0
1.8771772 	1.3671906 	0.012316079 	0 	0.0012132963 	0 	0 	0
1.8792793 	1.3666815 	0.012313019 	0 	0.0012084989 	0 	0 	0
1.8813814 	1.3661724 	0.012309959 	0 	0.0012037016 	0 	0 	0
1.8834835 	1.3656633 	0.012306899 	0 	0.0011989043 	0 	0 	0
1.8855856 	1.3651542 	0.012303839 	0 	0.0011941069 	0 	0 	0
1.8876877 	1.3646451 	0.012300779 	0 	0.0011893096 	0 	0 	0
1.8897898 	1.364136 	0.012297719 	0 	0.0011845122 	0 	0 	0
1.8918919 	1.3636269 	0.012294659 	0 	0.0011797149 	0 	0 	0
1.893994 	1.3631177 	0.012291599 	0 	0.0011749176 	0 	0 	0
1.8960961 	1.3626086 	0.012288539 	0 	0.0011701202 	0 	0 	0
1.8981982 	1.3620995 	0.012285479 	0 	0.0011653229 	0 	0 	0
1.9003003 	1.3615904 	0.01228242 	0 	0.0011605255 	0 	0 	0
1.9024024 	1.3610813 	0.01227936 	0 	0.0011557282 	0 	0 	0
1.9045045 	1.3605722 	0.0122763 	0 	0.0011509309 	0 	0 	0
1.9066066 	1.3600631 	0.01227324 	0 	0.0011461335 	0 	0 	0
1.9087087 	1.359554 	0.01227018 	0 	0.0011413362 	0 	0 	0
1.9108108 	1.3590449 	0.01226712 	0 	0.0011365389 	0 	0 	0
1.9129129 	1.3585358 	0.01226406 	0 	0.0011317415 	0 	0 	0
1.915015 	1.3580267 	0.012261 	0 	0.0011269442 	0 	0 	0
1.9171171 	1.3575176 	0.01225794 	0 	0.0011221468 	0 	0 	0
1.9192192 	1.357037 	0.012255044 	0 	0.0011295456 	0 	0 	0
1.9213213 	1.3565645 	0.012252196 	0 	0.001140474 	0 	0 	0
1.9234234 	1.3560921 	0.012249348 	0 	0.0011514023 	0 	0 	0
1.9255255 	1.3556197 	0.0122465 	0 	0.0011623306 	0 	0 	0
1.9276276 	1.3551472 	0.012243651 	0 	0.0011732589 	0 	0 	0
1.9297297 	1.3546748 	0.012240803 	0 	0.0011841872 	0 	0 	0
1.9318318 	1.3542023 	0.012237955 	0 	0.0011951155 	0 	0 	0
1.9339339 	1.3537299 	0.012235107 	0 	0.0012060439 	0 	0 	0
1.936036 	1.3532574 	0.012232259 	0 	0.0012169722 	0 	0 	0
1.9381381 	1.352785 	0.01222941 	0 	0.0012279005 	0 	0 	0
1.9402402 	1.3523126 	0.012226562 	0 	0.0012388288 	0 	0 	0
1.9423423 	1.3518401 	0.012223714 	0 	0.0012497571 	0 	0 	0
1.9444444 	1.3513677 	0.012220866 	0 	0.0012606854 	0 	0 	0
1.9465465 	1.3508952 	0.012218018 	0 	0.0012716138 	0 	0 	0
1.9486486 	1.3504228 	0.012215169 	0 	0.0012825421 	0 	0 	0
1.9507508 	1.3499504 	0.012212321 	0 	0.0012934704 	0 	0 	0
1.9528529 	1.3494779 	0.012209473 	0 	0.0013043987 	0 	0 	0
1.954955 	1.3490055 	0.012206625 	0 	0.001315327 	0 	0 	0
1.9570571 	1.348533 	0.012203777 	0 	0.0013262554 	0 	0 	0
1.9591592 	1.3480606 	0.012200928 	0 	0.0013371837 	0 	0 	0
1.9612613 	1.3475882 	0.01219808 	0 	0.001348112 	0 	0 	0
1.9633634 	1.3471157 	0.012195232 	0 	0.0013590403 	0 	0 	0
1.9654655 	1.3466433 	0.012192384 	0 	0.0013699686 	0 	0 	0
1.9675676 	1.3461708 	0.012189536 	0 	0.0013808969 	0 	0 	0
1.9696697 	1.3456984 	0.012186687 	0 	0.0013918253 	0 	0 	0
1.9717718 	1.345226 	0.012183839 	0 	0.0014027536 	0 	0 	0
1.9738739 	1.3447535 	0.012180991 	0 	0.0014136819 	0 	0 	0
1.975976 	1.3442811 	0.012178143 	0 	0.0014246102 	0 	0 	0
1.9780781 	1.3437217 	0.012174758 	0 	0.0013920026 	0 	0 	0
1.9801802 	1.3431286 	0.012171166 	0 	0.0013425564 	0 	0 	0
1.9822823 	1.3425356 	0.012167575 	0 	0.0012931103 	0 	0 	0
1.9843844 	1.3419426 	0.012163983 	0 	0.0012436641 	0 	0 	0
1.9864865 	1.3413495 	0.012160391 	0 	0.0011942179 	0 	0 	0
1.9885886 	1.3407565 	0.012156799 	0 	0.0011447718 	0 	0 	0
1.9906907 	1.3401634 	0.012153207 	0 	0.0010953256 	0 	0 	0
1.9927928 	1.3395704 	0.012149615 	0 	0.0010458794 	0 	0 	0
1.9948949 	1.3389774 	0.012146023 	0 	0.00099643324 	0 	0 	0
1.996997 	1.3383843 	0.012142431 	0 	0.00094698707 	0 	0 	0
1.9990991 	1.3377913 	0.01213884 	0 	0.0008975409 	0 	0 	0
2.0012012 	1.3371983 	0.012135248 	0 	0.00084809472 	0 	0 	0
2.0033033 	1.3366052 	0.012131656 	0 	0.00079864855 	0 	0 	0
2.0054054 	1.3360122 	0.012128064 	0 	0.00074920238 	0 	0 	0
2.0075075 	1.3354191 	0.012124472 	0 	0.00069975621 	0 	0 	0
2.0096096 	1.3348261 	0.01212088 	0 	0.00065031004 	0 	0 	0
2.0117117 	1.3342331 	0.012117288 	0 	0.00060086386 	0 	0 	0
2.0138138 	1.33364 	0.012113696 	0 	0.00055141769 	0 	0 	0
2.0159159 	1.333047 	0.012110105 	0 	0.00050197152 	0 	0 	0
2.018018 	1.3324539 	0.012106513 	0 	0.00045252535 	0 	0 	0
2.0201201 	1.3318609 	0.012102921 	0 	0.00040307918 	0 	0 	0
2.0222222 	1.3312679 	0.012099329 	0 	0.000353633 	0 	0 	0
2.0243243 	1.3306748 	0.012095737 	0 	0.00030418683 	0 	0 	0
2.0264264 	1.3300818 	0.012092145 	0 	0.00025474066 	0 	0 	0
2.0285285 	1.3294887 	0.012088553 	0 	0.00020529449 	0 	0 	0
2.0306306 	1.3288957 	0.012084961 	0 	0.00015584831 	0 	0 	0
2.0327327 	1.3283027 	0.01208137 	0 	0.00010640214 	0 	0 	0
2.0348348 	1.3277096 	0.012077778 	0 	5.6955971e-05 	0 	0 	0
2.0369369 	1.3271166 	0.012074186 	0 	7.5097987e-06 	0 	0 	0
2.039039 	1.3266965 	0.012071639 	1.3322123e-07 	-2.6920208e-05 	0.0014417793 	1.680603e-07 	-1.5115911e-20
2.0411411 	1.3263184 	0.012069345 	2.9876716e-07 	-5.7706703e-05 	0.0032333908 	3.7689862e-07 	-3.3899536e-20
2.0432432 	1.3259402 	0.012067051 	4.643131e-07 	-8.8493198e-05 	0.0050250024 	5.8573695e-07 	-5.2683162e-20
2.0453453 	1.3255621 	0.012064758 	6.2985903e-07 	-0.00011927969 	0.006816614 	7.9457528e-07 	-7.1466787e-20
2.0474474 	1.3251839 	0.012062464 	7.9540497e-07 	-0.00015006619 	0.0086082255 	1.0034136e-06 	-9.0250412e-20
2.0495495 	1.3248058 	0.01206017 	9.609509e-07 	-0.00018085268 	0.010399837 	1.2122519e-06 	-1.0903404e-19
2.0516517 	1.3244276 	0.012057877 	1.1264968e-06 	-0.00021163918 	0.012191449 	1.4210903e-06 	-1.2781766e-19
2.0537538 	1.3240495 	0.012055583 	1.2920428e-06 	-0.00024242567 	0.01398306 	1.6299286e-06 	-1.4660129e-19
2.0558559 	1.3236714 	0.012053289 	1.4575887e-06 	-0.00027321217 	0.015774672 	1.8387669e-06 	-1.6538491e-19
2.057958 	1.3232932 	0.012050996 	1.6231346e-06 	-0.00030399866 	0.017566283 	2.0476052e-06 	-1.8416854e-19
2.0600601 	1.3229151 	0.012048702 	1.7886806e-06 	-0.00033478516 	0.019357895 	2.2564436e-06 	-2.0295216e-19
2.0621622 	1.3225369 	0.012046408 	1.9542265e-06 	-0.00036557165 	0.021149506 	2.4652819e-06 	-2.2173579e-19
2.0642643 	1.3221588 	0.012044114 	2.1197724e-06 	-0.00039635815 	0.022941118 	2.6741202e-06 	-2.4051941e-19
2.0663664 	1.3217807 	0.012041821 	2.2853184e-06 	-0.00042714465 	0.02473273 	2.8829586e-06 	-2.5930304e-19
2.0684685 	1.3214025 	0.012039527 	2.4508643e-06 	-0.00045793114 	0.026524341 	3.0917969e-06 	-2.7808666e-19
2.0705706 	1.3210244 	0.012037233 	2.6164102e-06 	-0.00048871764 	0.028315953 	3.3006352e-06 	-2.9687029e-19
2.0726727 	1.3206462 	0.01203494 	2.7819562e-06 	-0.00051950413 	0.030107564 	3.5094735e-06 	-3.1565391e-19
2.0747748 	1.3202681 	0.012032646 	2.9475021e-06 	-0.00055029063 	0.031899176 	3.7183119e-06 	-3.3443754e-19
2.0768769 	1.31989 	0.012030352 	3.113048e-06 	-0.00058107712 	0.033690787 	3.9271502e-06 	-3.5322116e-19
2.078979 	1.3195118 	0.012028059 	3.278594e-06 	-0.00061186362 	0.035482399 	4.1359885e-06 	-3.7200479e-19
2.0810811 	1.3191337 	0.012025765 	3.4441399e-06 	-0.00064265011 	0.037274011 	4.3448268e-06 	-3.9078841e-19
2.0831832 	1.3187555 	0.012023471 	3.6096858e-06 	-0.00067343661 	0.039065622 	4.5536652e-06 	-4.0957204e-19
2.0852853 	1.3183774 	0.012021178 	3.7752318e-06 	-0.0007042231 	0.040857234 	4.7625035e-06 	-4.2835566e-19
2.0873874 	1.3179992 	0.012018884 	3.9407777e-06 	-0.0007350096 	0.042648845 	4.9713418e-06 	-4.4713929e-19
2.0894895 	1.3176211 	0.01201659 	4.1063237e-06 	-0.00076579609 	0.044440457 	5.1801802e-06 	-4.6592292e-19
2.0915916 	1.317243 	0.012014297 	4.2718696e-06 	-0.00079658259 	0.046232068 	5.3890185e-06 	-4.8470654e-19
2.0936937 	1.3168648 	0.012012003 	4.4374155e-06 	-0.00082736908 	0.04802368 	5.5978568e-06 	-5.0349017e-19
2.0957958 	1.3164867 	0.012009709 	4.6029615e-06 	-0.00085815558 	0.049815291 	5.8066951e-06 	-5.2227379e-19
2.0978979 	1.3161085 	0.012007416 	4.7685074e-06 	-0.00088894207 	0.051606903 	6.0155335e-06 	-5.4105742e-19
2.1 	1.3157304 	0.012005122 	4.9340533e-06 	-0.00091972857 	0.053398515 	6.2243718e-06 	-5.5984104e-19
