0 	0 	0.00013074973 	0 	0 	0 	-0.0034419925 	-3.4188e-10 	0
0.0001001001 	4.3606503e-13 	0.00013081644 	0.020268145 	6.1600125e-09 	2.159019e-39 	0 	0 	0
0.0002002002 	1.6909338e-11 	0.00013085107 	0.038052424 	2.1070964e-08 	-2.7995019e-37 	0 	0 	0
0.0003003003 	1.4472734e-10 	0.00013087609 	0.054989036 	4.4915439e-08 	0 	0 	0 	0
0.0004004004 	6.4061041e-10 	0.0001308954 	0.071456504 	7.6786575e-08 	0 	0 	0 	0
0.0005005005 	2.0989552e-09 	0.00013091242 	0.08758855 	1.1797741e-07 	0 	0 	0 	0
0.0006006006 	5.433628e-09 	0.00013092574 	0.1034787 	1.6604788e-07 	0 	0 	0 	0
0.0007007007 	1.2240475e-08 	0.00013093901 	0.11915722 	2.2421341e-07 	0 	0 	0 	0
0.0008008008 	2.4311148e-08 	0.00013095081 	0.13466313 	2.9027655e-07 	0 	0 	0 	0
0.0009009009 	4.4314726e-08 	0.00013096141 	0.1500053 	3.6429318e-07 	0 	0 	0 	0
0.001001001 	7.5113961e-08 	0.00013097105 	0.16519131 	4.4595393e-07 	0 	0 	0 	0
0.0011011011 	1.185522e-07 	0.00013097995 	0.18023211 	5.3439288e-07 	0 	0 	0 	0
0.0012012012 	1.7878409e-07 	0.00013098928 	0.19510778 	6.3270856e-07 	0 	0 	0 	0
0.0013013013 	2.643455e-07 	0.00013099797 	0.2097684 	7.4003629e-07 	0 	0 	0 	0
0.0014014014 	3.6523268e-07 	0.00013100518 	0.22430298 	8.4854397e-07 	0 	0 	0 	0
0.0015015015 	4.9656016e-07 	0.00013101416 	0.2385874 	9.7172222e-07 	0 	0 	0 	0
0.0016016016 	6.5033384e-07 	0.00013102047 	0.25267875 	1.0928952e-06 	0 	0 	0 	0
0.0017017017 	8.3017085e-07 	0.0001310287 	0.26654197 	1.2267651e-06 	0 	0 	0 	0
0.0018018018 	1.0331743e-06 	0.00013103426 	0.2801729 	1.3572428e-06 	0 	0 	0 	0
0.0019019019 	1.264838e-06 	0.00013104163 	0.29351128 	1.5003999e-06 	0 	0 	0 	0
0.002002002 	1.5043816e-06 	0.00013104667 	0.30674662 	1.6369968e-06 	0 	0 	0 	0
0.0021021021 	1.7823265e-06 	0.00013105295 	0.31946096 	1.787122e-06 	0 	0 	0 	0
0.0022022022 	2.0603456e-06 	0.00013105855 	0.33217561 	1.934561e-06 	0 	0 	0 	0
0.0023023023 	2.3526962e-06 	0.00013106282 	0.34447912 	2.0827031e-06 	0 	0 	0 	0
0.0024024024 	2.6547121e-06 	0.00013106769 	0.35649997 	2.2372665e-06 	0 	0 	0 	0
0.0025025025 	2.9568621e-06 	0.00013107182 	0.36852118 	2.3882597e-06 	0 	0 	0 	0
0.0026026026 	3.2608906e-06 	0.00013107497 	0.38004489 	2.5417801e-06 	0 	0 	0 	0
0.0027027027 	3.5656927e-06 	0.00013107818 	0.39134038 	2.6987857e-06 	0 	0 	0 	0
0.0028028028 	3.8705678e-06 	0.00013108125 	0.40263597 	2.8544566e-06 	0 	0 	0 	0
0.0029029029 	4.1765803e-06 	0.00013108338 	0.4136327 	3.0079579e-06 	3.29387e-36 	0 	0 	0
0.003003003 	4.4839097e-06 	0.00013108478 	0.42418256 	3.1651839e-06 	1.1506515e-35 	0 	0 	0
0.0031031031 	4.7912392e-06 	0.00013108619 	0.43473242 	3.3224099e-06 	1.971916e-35 	0 	0 	0
0.0032032032 	5.0987729e-06 	0.00013108803 	0.44528238 	3.4774653e-06 	2.2854539e-35 	0 	0 	0
0.0033033033 	5.4083031e-06 	0.00013108838 	0.45529913 	3.6318623e-06 	2.2853513e-35 	0 	0 	0
0.0034034034 	5.7186727e-06 	0.00013108795 	0.46507653 	3.7865652e-06 	2.2852027e-35 	0 	0 	0
0.0035035035 	6.0290423e-06 	0.00013108752 	0.47485393 	3.9412681e-06 	2.2850541e-35 	0 	0 	0
0.0036036036 	6.3395924e-06 	0.00013108819 	0.48463127 	4.0953978e-06 	2.2849866e-35 	0 	0 	0
0.0037037037 	6.6477379e-06 	0.00013108787 	0.49400963 	4.2470238e-06 	1.6573493e-35 	0 	0 	0
0.0038038038 	6.953307e-06 	0.00013108563 	0.50298563 	4.3966045e-06 	3.9668701e-36 	0 	0 	0
0.0039039039 	7.2588761e-06 	0.0001310834 	0.51196162 	4.5461853e-06 	-8.6397526e-36 	0 	0 	0
0.004004004 	7.5644452e-06 	0.00013108116 	0.52093762 	4.6957661e-06 	-2.1246375e-35 	0 	0 	0
0.0041041041 	7.8703074e-06 	0.00013108204 	0.52991333 	4.8467041e-06 	-2.1927044e-35 	0 	0 	0
0.0042042042 	8.1677077e-06 	0.00013107932 	0.53825578 	4.9910239e-06 	-2.1926157e-35 	0 	0 	0
0.0043043043 	8.4624534e-06 	0.00013107541 	0.54639996 	5.1332472e-06 	-2.1924993e-35 	0 	0 	0
0.0044044044 	8.757199e-06 	0.00013107151 	0.55454413 	5.2754704e-06 	-2.1923828e-35 	0 	0 	0
0.0045045045 	9.0519447e-06 	0.0001310676 	0.56268831 	5.4176937e-06 	-2.1922664e-35 	0 	0 	0
0.0046046046 	9.3468898e-06 	0.00013106707 	0.57083216 	5.5628255e-06 	-2.1922371e-35 	0 	0 	0
0.0047047047 	9.6344141e-06 	0.00013106525 	0.57862174 	5.703716e-06 	-1.681862e-35 	0 	0 	0
0.0048048048 	9.9111939e-06 	0.00013105995 	0.58590312 	5.8371206e-06 	-4.3912698e-36 	0 	0 	0
0.0049049049 	1.0187974e-05 	0.00013105465 	0.5931845 	5.9705252e-06 	8.0360808e-36 	0 	0 	0
0.005005005 	1.0464753e-05 	0.00013104935 	0.60046588 	6.1039298e-06 	2.0463431e-35 	0 	0 	0
0.0051051051 	1.0741533e-05 	0.00013104405 	0.60774726 	6.2373344e-06 	3.2890782e-35 	0 	0 	0
0.0052052052 	1.1018474e-05 	0.00013104365 	0.61502825 	6.3761856e-06 	4.107566e-35 	0 	0 	0
0.0053053053 	1.1278777e-05 	0.00013104152 	0.62199202 	6.5104093e-06 	4.4929426e-35 	0 	0 	0
0.0054054054 	1.1510161e-05 	0.0001310352 	0.62840531 	6.635279e-06 	4.2295505e-35 	0 	0 	0
0.0055055055 	1.1741544e-05 	0.00013102888 	0.63481859 	6.7601487e-06 	3.9661584e-35 	0 	0 	0
0.0056056056 	1.1972928e-05 	0.00013102256 	0.64123187 	6.8850184e-06 	3.7027663e-35 	0 	0 	0
0.0057057057 	1.2204312e-05 	0.00013101623 	0.64764516 	7.009888e-06 	3.4393742e-35 	0 	0 	0
0.0058058058 	1.2435715e-05 	0.0001310115 	0.65405836 	7.1368774e-06 	3.0858965e-35 	0 	0 	0
0.0059059059 	1.266718e-05 	0.00013101167 	0.66047131 	7.270436e-06 	2.4532173e-35 	0 	0 	0
0.006006006 	1.286174e-05 	0.000131008 	0.6664397 	7.3960796e-06 	1.6757367e-35 	0 	0 	0
0.0061061061 	1.3024355e-05 	0.000131001 	0.67202327 	7.5148717e-06 	7.7291372e-36 	0 	0 	0
0.0062062062 	1.318697e-05 	0.000130994 	0.67760685 	7.6336638e-06 	-1.2990921e-36 	0 	0 	0
0.0063063063 	1.3349584e-05 	0.000130987 	0.68319042 	7.752456e-06 	-1.0327321e-35 	0 	0 	0
0.0064064064 	1.3512199e-05 	0.00013097999 	0.688774 	7.8712481e-06 	-1.9355551e-35 	0 	0 	0
0.0065065065 	1.3674814e-05 	0.00013097299 	0.69435757 	7.9900402e-06 	-2.838378e-35 	0 	0 	0
0.0066066066 	1.3837457e-05 	0.00013097143 	0.69994105 	8.1174601e-06 	-3.5102144e-35 	0 	0 	0
0.0067067067 	1.400011e-05 	0.00013097167 	0.7055245 	8.2477577e-06 	-4.1050069e-35 	0 	0 	0
0.0068068068 	1.4108504e-05 	0.00013096568 	0.71047453 	8.3673836e-06 	-4.0425733e-35 	0 	0 	0
0.0069069069 	1.4205015e-05 	0.00013095831 	0.71528584 	8.4846724e-06 	-3.8362084e-35 	0 	0 	0
0.007007007 	1.4301526e-05 	0.00013095094 	0.72009715 	8.6019613e-06 	-3.6298434e-35 	0 	0 	0
0.0071071071 	1.4398036e-05 	0.00013094357 	0.72490846 	8.7192501e-06 	-3.4234784e-35 	0 	0 	0
0.0072072072 	1.4494547e-05 	0.00013093621 	0.72971977 	8.836539e-06 	-3.2171135e-35 	0 	0 	0
0.0073073073 	1.4591058e-05 	0.00013092884 	0.73453108 	8.9538278e-06 	-3.0107485e-35 	0 	0 	0
0.0074074074 	1.4687576e-05 	0.00013092368 	0.73934242 	9.0751865e-06 	-2.7223739e-35 	0 	0 	0
0.0075075075 	1.4784112e-05 	0.00013092413 	0.74415385 	9.2068341e-06 	-2.2266763e-35 	0 	0 	0
0.0076076076 	1.4874926e-05 	0.00013092377 	0.74889108 	9.3374414e-06 	-1.7573163e-35 	0 	0 	0
0.0077077077 	1.4916194e-05 	0.00013091641 	0.75298599 	9.4590431e-06 	-1.5159777e-35 	0 	0 	0
0.0078078078 	1.4957463e-05 	0.00013090906 	0.75708091 	9.5806448e-06 	-1.2746391e-35 	0 	0 	0
0.0079079079 	1.4998731e-05 	0.00013090171 	0.76117582 	9.7022464e-06 	-1.0333005e-35 	0 	0 	0
0.008008008 	1.504e-05 	0.00013089435 	0.76527073 	9.8238481e-06 	-7.9196191e-36 	0 	0 	0
0.0081081081 	1.5081268e-05 	0.000130887 	0.76936565 	9.9454497e-06 	-5.5062331e-36 	0 	0 	0
0.0082082082 	1.5122537e-05 	0.00013087965 	0.77346056 	1.0067051e-05 	-3.0928471e-36 	0 	0 	0
0.0083083083 	1.5163805e-05 	0.0001308723 	0.77755547 	1.0188653e-05 	-6.7946102e-37 	0 	0 	0
0.0084084084 	1.5205081e-05 	0.00013087078 	0.78165065 	1.0322837e-05 	0 	0 	0 	0
0.0085085085 	1.5246361e-05 	0.00013087155 	0.78574593 	1.0461951e-05 	0 	0 	0 	0
0.0086086086 	1.5277497e-05 	0.00013087035 	0.78967204 	1.0599411e-05 	0 	0 	0 	0
0.0087087087 	1.527911e-05 	0.00013086341 	0.79310576 	1.0732055e-05 	0 	0 	0 	0
0.0088088088 	1.5280723e-05 	0.00013085646 	0.79653949 	1.0864699e-05 	0 	0 	0 	0
0.0089089089 	1.5282336e-05 	0.00013084951 	0.79997321 	1.0997344e-05 	0 	0 	0 	0
0.009009009 	1.528395e-05 	0.00013084257 	0.80340694 	1.1129988e-05 	0 	0 	0 	0
0.0091091091 	1.5285563e-05 	0.00013083562 	0.80684066 	1.1262632e-05 	0 	0 	0 	0
0.0092092092 	1.5287176e-05 	0.00013082868 	0.81027438 	1.1395276e-05 	0 	0 	0 	0
0.0093093093 	1.5288789e-05 	0.00013082173 	0.81370811 	1.1527921e-05 	0 	0 	0 	0
0.0094094094 	1.5290403e-05 	0.00013081478 	0.81714183 	1.1660565e-05 	0 	0 	0 	0
0.0095095095 	1.5292052e-05 	0.00013081529 	0.82057611 	1.1813049e-05 	0 	0 	0 	0
0.0096096096 	1.5293704e-05 	0.00013081652 	0.82401044 	1.1967437e-05 	0 	0 	0 	0
0.0097097097 	1.5292536e-05 	0.00013081677 	0.82736553 	1.2121412e-05 	0 	0 	0 	0
0.0098098098 	1.5272509e-05 	0.00013081053 	0.83019075 	1.2272616e-05 	0 	0 	0 	0
0.0099099099 	1.5252483e-05 	0.00013080429 	0.83301597 	1.242382e-05 	0 	0 	0 	0
0.01001001 	1.5232456e-05 	0.00013079805 	0.83584119 	1.2575024e-05 	0 	0 	0 	0
0.01011011 	1.521243e-05 	0.00013079181 	0.8386664 	1.2726228e-05 	0 	0 	0 	0
0.01021021 	1.5192403e-05 	0.00013078557 	0.84149162 	1.2877432e-05 	0 	0 	0 	0
0.01031031 	1.5172377e-05 	0.00013077933 	0.84431684 	1.3028636e-05 	0 	0 	0 	0
0.01041041 	1.515235e-05 	0.00013077309 	0.84714206 	1.317984e-05 	0 	0 	0 	0
0.010510511 	1.5132324e-05 	0.00013076684 	0.84996728 	1.3331044e-05 	0 	0 	0 	0
0.010610611 	1.5112297e-05 	0.0001307606 	0.8527925 	1.3482248e-05 	0 	0 	0 	0
0.010710711 	1.5092346e-05 	0.00013075998 	0.85561827 	1.3652694e-05 	0 	0 	0 	0
0.010810811 	1.5072427e-05 	0.00013076173 	0.85844429 	1.3831222e-05 	0 	0 	0 	0
0.010910911 	1.5052508e-05 	0.00013076347 	0.8612703 	1.400975e-05 	0 	0 	0 	0
0.011011011 	1.5026446e-05 	0.0001307613 	0.86378234 	1.418797e-05 	0 	0 	0 	0
0.011111111 	1.4995574e-05 	0.00013075607 	0.86604857 	1.436595e-05 	0 	0 	0 	0
0.011211211 	1.4964703e-05 	0.00013075084 	0.8683148 	1.4543929e-05 	0 	0 	0 	0
0.011311311 	1.4933831e-05 	0.00013074561 	0.87058102 	1.4721908e-05 	0 	0 	0 	0
0.011411411 	1.4902959e-05 	0.00013074038 	0.87284725 	1.4899887e-05 	0 	0 	0 	0
0.011511512 	1.4872088e-05 	0.00013073515 	0.87511348 	1.5077866e-05 	0 	0 	0 	0
0.011611612 	1.4841216e-05 	0.00013072992 	0.87737971 	1.5255845e-05 	0 	0 	0 	0
0.011711712 	1.4810345e-05 	0.00013072469 	0.87964594 	1.5433824e-05 	0 	0 	0 	0
0.011811812 	1.4779473e-05 	0.00013071946 	0.88191217 	1.5611803e-05 	0 	0 	0 	0
0.011911912 	1.4748601e-05 	0.00013071423 	0.8841784 	1.5789782e-05 	0 	0 	0 	0
0.012012012 	1.471773e-05 	0.000130709 	0.88644463 	1.5967761e-05 	0 	0 	0 	0
0.012112112 	1.4687044e-05 	0.00013071058 	0.88871167 	1.6175279e-05 	0 	0 	0 	0
0.012212212 	1.4656376e-05 	0.00013071282 	0.89097878 	1.6385648e-05 	0 	0 	0 	0
0.012312312 	1.4625708e-05 	0.00013071505 	0.8932459 	1.6596017e-05 	0 	0 	0 	0
0.012412412 	1.4590938e-05 	0.00013071502 	0.89533039 	1.6805357e-05 	0 	0 	0 	0
0.012512513 	1.4548903e-05 	0.00013071096 	0.89709135 	1.7012876e-05 	0 	0 	0 	0
0.012612613 	1.4506868e-05 	0.0001307069 	0.89885231 	1.7220394e-05 	0 	0 	0 	0
0.012712713 	1.4464833e-05 	0.00013070285 	0.90061327 	1.7427913e-05 	0 	0 	0 	0
0.012812813 	1.4422797e-05 	0.00013069879 	0.90237423 	1.7635431e-05 	0 	0 	0 	0
0.012912913 	1.4380762e-05 	0.00013069473 	0.90413519 	1.784295e-05 	0 	0 	0 	0
0.013013013 	1.4338727e-05 	0.00013069067 	0.90589616 	1.8050468e-05 	0 	0 	0 	0
0.013113113 	1.4296692e-05 	0.00013068662 	0.90765712 	1.8257986e-05 	0 	0 	0 	0
0.013213213 	1.4254656e-05 	0.00013068256 	0.90941808 	1.8465505e-05 	0 	0 	0 	0
0.013313313 	1.4212621e-05 	0.0001306785 	0.91117904 	1.8673023e-05 	0 	0 	0 	0
0.013413413 	1.4170586e-05 	0.00013067444 	0.91294 	1.8880542e-05 	0 	0 	0 	0
0.013513514 	1.4128551e-05 	0.00013067039 	0.91470096 	1.908806e-05 	0 	0 	0 	0
0.013613614 	1.4086637e-05 	0.00013066852 	0.91646219 	1.9308212e-05 	0 	0 	0 	0
0.013713714 	1.4044971e-05 	0.00013067109 	0.91822398 	1.9553996e-05 	0 	0 	0 	0
0.013813814 	1.4003305e-05 	0.00013067366 	0.91998577 	1.9799779e-05 	0 	0 	0 	0
0.013913914 	1.3961638e-05 	0.00013067623 	0.92174756 	2.0045563e-05 	0 	0 	0 	0
0.014014014 	1.3913751e-05 	0.00013067696 	0.92336897 	2.0287433e-05 	0 	0 	0 	0
0.014114114 	1.3852537e-05 	0.00013067375 	0.92468958 	2.0520916e-05 	0 	0 	0 	0
0.014214214 	1.3791322e-05 	0.00013067054 	0.92601019 	2.0754399e-05 	0 	0 	0 	0
0.014314314 	1.3730107e-05 	0.00013066733 	0.9273308 	2.0987883e-05 	0 	0 	0 	0
0.014414414 	1.3668892e-05 	0.00013066412 	0.92865141 	2.1221366e-05 	0 	0 	0 	0
0.014514515 	1.3607677e-05 	0.00013066092 	0.92997202 	2.1454849e-05 	0 	0 	0 	0
0.014614615 	1.3546462e-05 	0.00013065771 	0.93129263 	2.1688332e-05 	0 	0 	0 	0
0.014714715 	1.3485247e-05 	0.0001306545 	0.93261325 	2.1921816e-05 	0 	0 	0 	0
0.014814815 	1.3424032e-05 	0.00013065129 	0.93393386 	2.2155299e-05 	0 	0 	0 	0
0.014914915 	1.3362817e-05 	0.00013064808 	0.93525447 	2.2388782e-05 	0 	0 	0 	0
0.015015015 	1.3301602e-05 	0.00013064487 	0.93657508 	2.2622265e-05 	0 	0 	0 	0
0.015115115 	1.3240387e-05 	0.00013064166 	0.93789569 	2.2855748e-05 	0 	0 	0 	0
0.015215215 	1.3179172e-05 	0.00013063845 	0.9392163 	2.3089232e-05 	0 	0 	0 	0
0.015315315 	1.3117957e-05 	0.00013063525 	0.94053691 	2.3322715e-05 	0 	0 	0 	0
0.015415415 	1.305712e-05 	0.00013063629 	0.94185799 	2.3587955e-05 	0 	0 	0 	0
0.015515516 	1.2996425e-05 	0.00013063893 	0.94317924 	2.3865147e-05 	0 	0 	0 	0
0.015615616 	1.2935729e-05 	0.00013064157 	0.94450049 	2.414234e-05 	0 	0 	0 	0
0.015715716 	1.2875034e-05 	0.00013064421 	0.94582175 	2.4419533e-05 	0 	0 	0 	0
0.015815816 	1.2808866e-05 	0.00013064584 	0.947072 	2.4692834e-05 	0 	0 	0 	0
0.015915916 	1.2719963e-05 	0.00013064332 	0.94802733 	2.4949973e-05 	0 	0 	0 	0
0.016016016 	1.2631059e-05 	0.0001306408 	0.94898267 	2.5207111e-05 	0 	0 	0 	0
0.016116116 	1.2542156e-05 	0.00013063827 	0.94993801 	2.546425e-05 	0 	0 	0 	0
0.016216216 	1.2453253e-05 	0.00013063575 	0.95089334 	2.5721389e-05 	0 	0 	0 	0
0.016316316 	1.236435e-05 	0.00013063323 	0.95184868 	2.5978527e-05 	0 	0 	0 	0
0.016416416 	1.2275447e-05 	0.0001306307 	0.95280402 	2.6235666e-05 	0 	0 	0 	0
0.016516517 	1.2186544e-05 	0.00013062818 	0.95375935 	2.6492805e-05 	0 	0 	0 	0
0.016616617 	1.2097641e-05 	0.00013062566 	0.95471469 	2.6749944e-05 	0 	0 	0 	0
0.016716717 	1.2008738e-05 	0.00013062313 	0.95567003 	2.7007082e-05 	0 	0 	0 	0
0.016816817 	1.1919835e-05 	0.00013062061 	0.95662536 	2.7264221e-05 	0 	0 	0 	0
0.016916917 	1.1830932e-05 	0.00013061809 	0.9575807 	2.752136e-05 	0 	0 	0 	0
0.017017017 	1.1742029e-05 	0.00013061556 	0.95853604 	2.7778498e-05 	0 	0 	0 	0
0.017117117 	1.1653126e-05 	0.00013061304 	0.95949137 	2.8035637e-05 	0 	0 	0 	0
0.017217217 	1.1564223e-05 	0.00013061052 	0.96044671 	2.8292776e-05 	0 	0 	0 	0
0.017317317 	1.1475319e-05 	0.00013060799 	0.96140205 	2.8549914e-05 	0 	0 	0 	0
0.017417417 	1.1386562e-05 	0.00013061009 	0.96235785 	2.8847957e-05 	0 	0 	0 	0
0.017517518 	1.1297832e-05 	0.00013061307 	0.96331375 	2.915386e-05 	0 	0 	0 	0
0.017617618 	1.1209102e-05 	0.00013061606 	0.96426965 	2.9459764e-05 	0 	0 	0 	0
0.017717718 	1.1120372e-05 	0.00013061904 	0.96522555 	2.9765667e-05 	0 	0 	0 	0
0.017817818 	1.1031643e-05 	0.00013062203 	0.96618145 	3.007157e-05 	0 	0 	0 	0
0.017917918 	1.0931634e-05 	0.00013062193 	0.96692679 	3.0363708e-05 	0 	0 	0 	0
0.018018018 	1.0827201e-05 	0.00013062062 	0.96758951 	3.0650444e-05 	0 	0 	0 	0
0.018118118 	1.0722767e-05 	0.00013061931 	0.96825222 	3.093718e-05 	0 	0 	0 	0
0.018218218 	1.0618333e-05 	0.00013061799 	0.96891494 	3.1223917e-05 	0 	0 	0 	0
0.018318318 	1.05139e-05 	0.00013061668 	0.96957766 	3.1510653e-05 	0 	0 	0 	0
0.018418418 	1.0409466e-05 	0.00013061537 	0.97024038 	3.1797389e-05 	0 	0 	0 	0
0.018518519 	1.0305033e-05 	0.00013061406 	0.9709031 	3.2084125e-05 	0 	0 	0 	0
0.018618619 	1.0200599e-05 	0.00013061275 	0.97156582 	3.2370862e-05 	0 	0 	0 	0
0.018718719 	1.0096165e-05 	0.00013061144 	0.97222854 	3.2657598e-05 	0 	0 	0 	0
0.018818819 	9.9917317e-06 	0.00013061013 	0.97289126 	3.2944334e-05 	0 	0 	0 	0
0.018918919 	9.8872981e-06 	0.00013060881 	0.97355398 	3.323107e-05 	0 	0 	0 	0
0.019019019 	9.7828645e-06 	0.0001306075 	0.9742167 	3.3517807e-05 	0 	0 	0 	0
0.019119119 	9.6784309e-06 	0.00013060619 	0.97487942 	3.3804543e-05 	0 	0 	0 	0
0.019219219 	9.5739973e-06 	0.00013060488 	0.97554213 	3.4091279e-05 	0 	0 	0 	0
0.019319319 	9.4695637e-06 	0.00013060357 	0.97620485 	3.4378015e-05 	0 	0 	0 	0
0.019419419 	9.36513e-06 	0.00013060226 	0.97686757 	3.4664752e-05 	0 	0 	0 	0
0.01951952 	9.2606964e-06 	0.00013060095 	0.97753029 	3.4951488e-05 	0 	0 	0 	0
0.01961962 	9.1561451e-06 	0.0001306017 	0.97819328 	3.5259057e-05 	0 	0 	0 	0
0.01971972 	9.051394e-06 	0.00013060595 	0.97885673 	3.560201e-05 	0 	0 	0 	0
0.01981982 	8.9466429e-06 	0.0001306102 	0.97952017 	3.5944964e-05 	0 	0 	0 	0
0.01991992 	8.8418917e-06 	0.00013061445 	0.98018362 	3.6287917e-05 	0 	0 	0 	0
0.02002002 	8.7371406e-06 	0.00013061871 	0.98084707 	3.6630871e-05 	0 	0 	0 	0
0.02012012 	8.6323895e-06 	0.00013062296 	0.98151051 	3.6973825e-05 	0 	0 	0 	0
0.02022022 	8.5313578e-06 	0.00013062499 	0.9820368 	3.7311171e-05 	0 	0 	0 	0
0.02032032 	8.4329589e-06 	0.00013062545 	0.982466 	3.7644548e-05 	0 	0 	0 	0
0.02042042 	8.3345599e-06 	0.00013062591 	0.98289521 	3.7977925e-05 	0 	0 	0 	0
0.020520521 	8.236161e-06 	0.00013062638 	0.98332441 	3.8311302e-05 	0 	0 	0 	0
0.020620621 	8.137762e-06 	0.00013062684 	0.98375361 	3.8644679e-05 	0 	0 	0 	0
0.020720721 	8.0393631e-06 	0.0001306273 	0.98418282 	3.8978055e-05 	0 	0 	0 	0
0.020820821 	7.9409641e-06 	0.00013062776 	0.98461202 	3.9311432e-05 	0 	0 	0 	0
0.020920921 	7.8425652e-06 	0.00013062822 	0.98504123 	3.9644809e-05 	0 	0 	0 	0
0.021021021 	7.7441662e-06 	0.00013062868 	0.98547043 	3.9978186e-05 	0 	0 	0 	0
0.021121121 	7.6457673e-06 	0.00013062914 	0.98589963 	4.0311563e-05 	0 	0 	0 	0
0.021221221 	7.5473683e-06 	0.0001306296 	0.98632884 	4.064494e-05 	0 	0 	0 	0
0.021321321 	7.4489693e-06 	0.00013063006 	0.98675804 	4.0978317e-05 	0 	0 	0 	0
0.021421421 	7.3505704e-06 	0.00013063052 	0.98718725 	4.1311694e-05 	0 	0 	0 	0
0.021521522 	7.2521714e-06 	0.00013063098 	0.98761645 	4.1645071e-05 	0 	0 	0 	0
0.021621622 	7.1537725e-06 	0.00013063144 	0.98804565 	4.1978448e-05 	0 	0 	0 	0
0.021721722 	7.0553735e-06 	0.0001306319 	0.98847486 	4.2311825e-05 	0 	0 	0 	0
0.021821822 	6.9569746e-06 	0.00013063236 	0.98890406 	4.2645202e-05 	0 	0 	0 	0
0.021921922 	6.8585756e-06 	0.00013063282 	0.98933327 	4.2978579e-05 	0 	0 	0 	0
0.022022022 	6.7601767e-06 	0.00013063328 	0.98976247 	4.3311956e-05 	0 	0 	0 	0
0.022122122 	6.6617777e-06 	0.00013063375 	0.99019167 	4.3645333e-05 	0 	0 	0 	0
0.022222222 	6.5627664e-06 	0.00013063991 	0.99062162 	4.4041825e-05 	0 	0 	0 	0
0.022322322 	6.463747e-06 	0.00013064615 	0.99105157 	4.4439146e-05 	0 	0 	0 	0
0.022422422 	6.3647276e-06 	0.00013065239 	0.99148153 	4.4836468e-05 	0 	0 	0 	0
0.022522523 	6.2657082e-06 	0.00013065863 	0.99191148 	4.523379e-05 	0 	0 	0 	0
0.022622623 	6.1666888e-06 	0.00013066486 	0.99234143 	4.5631112e-05 	0 	0 	0 	0
0.022722723 	6.0676694e-06 	0.0001306711 	0.99277139 	4.6028434e-05 	0 	0 	0 	0
0.022822823 	5.9771488e-06 	0.00013067545 	0.99311819 	4.6415445e-05 	0 	0 	0 	0
0.022922923 	5.8969583e-06 	0.0001306775 	0.99336391 	4.6789924e-05 	0 	0 	0 	0
0.023023023 	5.8167678e-06 	0.00013067956 	0.99360964 	4.7164403e-05 	0 	0 	0 	0
0.023123123 	5.7365773e-06 	0.00013068161 	0.99385537 	4.7538882e-05 	0 	0 	0 	0
0.023223223 	5.6563867e-06 	0.00013068366 	0.99410109 	4.7913361e-05 	0 	0 	0 	0
0.023323323 	5.5761962e-06 	0.00013068571 	0.99434682 	4.828784e-05 	0 	0 	0 	0
0.023423423 	5.4960057e-06 	0.00013068777 	0.99459255 	4.8662319e-05 	0 	0 	0 	0
0.023523524 	5.4158152e-06 	0.00013068982 	0.99483827 	4.9036798e-05 	0 	0 	0 	0
0.023623624 	5.3356247e-06 	0.00013069187 	0.995084 	4.9411277e-05 	0 	0 	0 	0
0.023723724 	5.2554342e-06 	0.00013069392 	0.99532973 	4.9785756e-05 	0 	0 	0 	0
0.023823824 	5.1752437e-06 	0.00013069598 	0.99557545 	5.0160234e-05 	0 	0 	0 	0
0.023923924 	5.0950531e-06 	0.00013069803 	0.99582118 	5.0534713e-05 	0 	0 	0 	0
0.024024024 	5.0148626e-06 	0.00013070008 	0.99606691 	5.0909192e-05 	0 	0 	0 	0
0.024124124 	4.9346721e-06 	0.00013070213 	0.99631263 	5.1283671e-05 	0 	0 	0 	0
0.024224224 	4.8544816e-06 	0.00013070419 	0.99655836 	5.165815e-05 	0 	0 	0 	0
0.024324324 	4.7742911e-06 	0.00013070624 	0.99680409 	5.2032629e-05 	0 	0 	0 	0
0.024424424 	4.6941006e-06 	0.00013070829 	0.99704981 	5.2407108e-05 	0 	0 	0 	0
0.024524525 	4.6139101e-06 	0.00013071034 	0.99729554 	5.2781587e-05 	0 	0 	0 	0
0.024624625 	4.5337195e-06 	0.0001307124 	0.99754127 	5.3156066e-05 	0 	0 	0 	0
0.024724725 	4.453529e-06 	0.00013071445 	0.997787 	5.3530545e-05 	0 	0 	0 	0
0.024824825 	4.3733385e-06 	0.0001307165 	0.99803272 	5.3905024e-05 	0 	0 	0 	0
0.024924925 	4.293148e-06 	0.00013071855 	0.99827845 	5.4279503e-05 	0 	0 	0 	0
0.025025025 	4.2127348e-06 	0.00013072255 	0.99852423 	5.4673391e-05 	0 	0 	0 	0
0.025125125 	4.1318258e-06 	0.00013073086 	0.99877013 	5.5110509e-05 	0 	0 	0 	0
0.025225225 	4.0509167e-06 	0.00013073917 	0.99901604 	5.5547627e-05 	0 	0 	0 	0
0.025325325 	3.9700077e-06 	0.00013074748 	0.99926194 	5.5984745e-05 	0 	0 	0 	0
0.025425425 	3.8890986e-06 	0.0001307558 	0.99950784 	5.6421863e-05 	0 	0 	0 	0
0.025525526 	3.8081896e-06 	0.00013076411 	0.99975374 	5.6858981e-05 	0 	0 	0 	0
0.025625626 	3.7272806e-06 	0.00013077242 	0.99999965 	5.7296099e-05 	0 	0 	0 	0
0.025725726 	3.6463715e-06 	0.00013078073 	1.0002455 	5.7733217e-05 	0 	0 	0 	0
0.025825826 	3.5892477e-06 	0.00013078383 	1.0003691 	5.8095297e-05 	0 	0 	0 	0
0.025925926 	3.5340192e-06 	0.0001307865 	1.000483 	5.8451397e-05 	0 	0 	0 	0
0.026026026 	3.4787907e-06 	0.00013078918 	1.0005968 	5.8807497e-05 	0 	0 	0 	0
0.026126126 	3.4235622e-06 	0.00013079186 	1.0007106 	5.9163598e-05 	0 	0 	0 	0
0.026226226 	3.3683338e-06 	0.00013079453 	1.0008244 	5.9519698e-05 	0 	0 	0 	0
0.026326326 	3.3131053e-06 	0.00013079721 	1.0009383 	5.9875799e-05 	0 	0 	0 	0
0.026426426 	3.2578768e-06 	0.00013079989 	1.0010521 	6.0231899e-05 	0 	0 	0 	0
0.026526527 	3.2026483e-06 	0.00013080256 	1.0011659 	6.0587999e-05 	0 	0 	0 	0
0.026626627 	3.1474198e-06 	0.00013080524 	1.0012797 	6.09441e-05 	0 	0 	0 	0
0.026726727 	3.0921914e-06 	0.00013080792 	1.0013936 	6.13002e-05 	0 	0 	0 	0
0.026826827 	3.0369629e-06 	0.00013081059 	1.0015074 	6.1656301e-05 	0 	0 	0 	0
0.026926927 	2.9817344e-06 	0.00013081327 	1.0016212 	6.2012401e-05 	0 	0 	0 	0
0.027027027 	2.9265059e-06 	0.00013081594 	1.001735 	6.2368501e-05 	0 	0 	0 	0
0.027127127 	2.8712775e-06 	0.00013081862 	1.0018489 	6.2724602e-05 	0 	0 	0 	0
0.027227227 	2.816049e-06 	0.0001308213 	1.0019627 	6.3080702e-05 	0 	0 	0 	0
0.027327327 	2.7608205e-06 	0.00013082397 	1.0020765 	6.3436803e-05 	0 	0 	0 	0
0.027427427 	2.705592e-06 	0.00013082665 	1.0021903 	6.3792903e-05 	0 	0 	0 	0
0.027527528 	2.6503635e-06 	0.00013082933 	1.0023042 	6.4149003e-05 	0 	0 	0 	0
0.027627628 	2.5951351e-06 	0.000130832 	1.002418 	6.4505104e-05 	0 	0 	0 	0
0.027727728 	2.5399066e-06 	0.00013083468 	1.0025318 	6.4861204e-05 	0 	0 	0 	0
0.027827828 	2.4846781e-06 	0.00013083736 	1.0026456 	6.5217305e-05 	0 	0 	0 	0
0.027927928 	2.4294496e-06 	0.00013084003 	1.0027595 	6.5573405e-05 	0 	0 	0 	0
0.028028028 	2.3742212e-06 	0.00013084271 	1.0028733 	6.5929505e-05 	0 	0 	0 	0
0.028128128 	2.3189927e-06 	0.00013084539 	1.0029871 	6.6285606e-05 	0 	0 	0 	0
0.028228228 	2.2637642e-06 	0.00013084806 	1.003101 	6.6641706e-05 	0 	0 	0 	0
0.028328328 	2.208123e-06 	0.00013085706 	1.0032142 	6.7036117e-05 	0 	0 	0 	0
0.028428428 	2.1524419e-06 	0.00013086666 	1.0033274 	6.7434236e-05 	0 	0 	0 	0
0.028528529 	2.0967608e-06 	0.00013087627 	1.0034406 	6.7832355e-05 	0 	0 	0 	0
0.028628629 	2.0410797e-06 	0.00013088588 	1.0035537 	6.8230473e-05 	0 	0 	0 	0
0.028728729 	1.9853986e-06 	0.00013089548 	1.0036669 	6.8628592e-05 	0 	0 	0 	0
0.028828829 	1.9297175e-06 	0.00013090509 	1.0037801 	6.9026711e-05 	0 	0 	0 	0
0.028928929 	1.8740364e-06 	0.0001309147 	1.0038933 	6.942483e-05 	0 	0 	0 	0
0.029029029 	1.8183553e-06 	0.0001309243 	1.0040065 	6.9822949e-05 	0 	0 	0 	0
0.029129129 	1.7774778e-06 	0.00013092998 	1.0040766 	7.0154714e-05 	2.7036817e-36 	0 	0 	0
0.029229229 	1.7477663e-06 	0.00013093269 	1.0041143 	7.0436432e-05 	7.4466929e-36 	0 	0 	0
0.029329329 	1.7180548e-06 	0.0001309354 	1.004152 	7.0718149e-05 	1.2189704e-35 	0 	0 	0
0.029429429 	1.6883433e-06 	0.00013093811 	1.0041897 	7.0999866e-05 	1.6932715e-35 	0 	0 	0
0.02952953 	1.6586318e-06 	0.00013094083 	1.0042274 	7.1281583e-05 	2.1675727e-35 	0 	0 	0
0.02962963 	1.6289203e-06 	0.00013094354 	1.0042652 	7.1563301e-05 	2.6418738e-35 	0 	0 	0
0.02972973 	1.5992088e-06 	0.00013094625 	1.0043029 	7.1845018e-05 	3.1161749e-35 	0 	0 	0
0.02982983 	1.5694973e-06 	0.00013094896 	1.0043406 	7.2126735e-05 	3.590476e-35 	0 	0 	0
0.02992993 	1.5397858e-06 	0.00013095168 	1.0043783 	7.2408452e-05 	4.0647771e-35 	0 	0 	0
0.03003003 	1.5100743e-06 	0.00013095439 	1.004416 	7.2690169e-05 	4.5390783e-35 	0 	0 	0
0.03013013 	1.4803628e-06 	0.0001309571 	1.0044537 	7.2971887e-05 	5.0133794e-35 	0 	0 	0
0.03023023 	1.4506513e-06 	0.00013095981 	1.0044914 	7.3253604e-05 	5.4876805e-35 	0 	0 	0
0.03033033 	1.4209398e-06 	0.00013096252 	1.0045291 	7.3535321e-05 	5.9619816e-35 	0 	0 	0
0.03043043 	1.3912283e-06 	0.00013096524 	1.0045668 	7.3817038e-05 	6.4362827e-35 	0 	0 	0
0.030530531 	1.3615168e-06 	0.00013096795 	1.0046045 	7.4098755e-05 	6.9105838e-35 	0 	0 	0
0.030630631 	1.3318053e-06 	0.00013097066 	1.0046422 	7.4380473e-05 	7.384885e-35 	0 	0 	0
0.030730731 	1.3020938e-06 	0.00013097337 	1.0046799 	7.466219e-05 	7.8591861e-35 	0 	0 	0
0.030830831 	1.2723823e-06 	0.00013097608 	1.0047176 	7.4943907e-05 	8.3334872e-35 	0 	0 	0
0.030930931 	1.2426708e-06 	0.0001309788 	1.0047553 	7.5225624e-05 	8.8077883e-35 	0 	0 	0
0.031031031 	1.2129593e-06 	0.00013098151 	1.004793 	7.5507341e-05 	9.2820894e-35 	0 	0 	0
0.031131131 	1.1832477e-06 	0.00013098422 	1.0048307 	7.5789059e-05 	9.7563906e-35 	0 	0 	0
0.031231231 	1.1535362e-06 	0.00013098693 	1.0048684 	7.6070776e-05 	1.0230692e-34 	0 	0 	0
0.031331331 	1.1238247e-06 	0.00013098965 	1.0049061 	7.6352493e-05 	1.0704993e-34 	0 	0 	0
0.031431431 	1.0941132e-06 	0.00013099236 	1.0049439 	7.663421e-05 	1.1179294e-34 	0 	0 	0
0.031531532 	1.0644017e-06 	0.00013099507 	1.0049816 	7.6915927e-05 	1.1653595e-34 	0 	0 	0
0.031631632 	1.0346902e-06 	0.00013099778 	1.0050193 	7.7197645e-05 	1.2127896e-34 	0 	0 	0
0.031731732 	1.0049787e-06 	0.00013100049 	1.005057 	7.7479362e-05 	1.2602197e-34 	0 	0 	0
0.031831832 	9.7526724e-07 	0.00013100321 	1.0050947 	7.7761079e-05 	1.3076498e-34 	0 	0 	0
0.031931932 	9.4558029e-07 	0.00013100818 	1.0051321 	7.8048326e-05 	1.35508e-34 	0 	0 	0
0.032032032 	9.1594802e-07 	0.00013101818 	1.005169 	7.8347886e-05 	1.4025101e-34 	0 	0 	0
0.032132132 	8.8631576e-07 	0.00013102818 	1.0052059 	7.8647446e-05 	1.4499402e-34 	0 	0 	0
0.032232232 	8.5668349e-07 	0.00013103818 	1.0052428 	7.8947006e-05 	1.4973703e-34 	0 	0 	0
0.032332332 	8.2705123e-07 	0.00013104819 	1.0052797 	7.9246566e-05 	1.5448004e-34 	0 	0 	0
0.032432432 	7.9741896e-07 	0.00013105819 	1.0053166 	7.9546126e-05 	1.5922305e-34 	0 	0 	0
0.032532533 	7.6778669e-07 	0.00013106819 	1.0053535 	7.9845686e-05 	1.6396606e-34 	0 	0 	0
0.032632633 	7.3815443e-07 	0.00013107819 	1.0053904 	8.0145246e-05 	1.6870907e-34 	0 	0 	0
0.032732733 	7.0852216e-07 	0.00013108819 	1.0054273 	8.0444806e-05 	1.7345208e-34 	0 	0 	0
0.032832833 	6.7888989e-07 	0.00013109819 	1.0054642 	8.0744366e-05 	1.781951e-34 	0 	0 	0
0.032932933 	6.6634882e-07 	0.00013110202 	1.0054753 	8.0980476e-05 	1.7543314e-34 	0 	0 	0
0.033033033 	6.5601106e-07 	0.00013110505 	1.0054832 	8.1208406e-05 	1.7170367e-34 	0 	0 	0
0.033133133 	6.4567329e-07 	0.00013110808 	1.005491 	8.1436337e-05 	1.6797421e-34 	0 	0 	0
0.033233233 	6.3533552e-07 	0.0001311111 	1.0054988 	8.1664267e-05 	1.6424475e-34 	0 	0 	0
0.033333333 	6.2499776e-07 	0.00013111413 	1.0055067 	8.1892198e-05 	1.6051529e-34 	0 	0 	0
0.033433433 	6.1465999e-07 	0.00013111716 	1.0055145 	8.2120128e-05 	1.5678582e-34 	0 	0 	0
0.033533534 	6.0432223e-07 	0.00013112019 	1.0055224 	8.2348059e-05 	1.5305636e-34 	0 	0 	0
0.033633634 	5.9398446e-07 	0.00013112322 	1.0055302 	8.2575989e-05 	1.493269e-34 	0 	0 	0
0.033733734 	5.836467e-07 	0.00013112624 	1.005538 	8.280392e-05 	1.4559744e-34 	0 	0 	0
0.033833834 	5.7330893e-07 	0.00013112927 	1.0055459 	8.303185e-05 	1.4186797e-34 	0 	0 	0
0.033933934 	5.6297116e-07 	0.0001311323 	1.0055537 	8.3259781e-05 	1.3813851e-34 	0 	0 	0
0.034034034 	5.526334e-07 	0.00013113533 	1.0055615 	8.3487711e-05 	1.3440905e-34 	0 	0 	0
0.034134134 	5.4229563e-07 	0.00013113836 	1.0055694 	8.3715642e-05 	1.3067959e-34 	0 	0 	0
0.034234234 	5.3195787e-07 	0.00013114138 	1.0055772 	8.3943572e-05 	1.2695012e-34 	0 	0 	0
0.034334334 	5.216201e-07 	0.00013114441 	1.005585 	8.4171503e-05 	1.2322066e-34 	0 	0 	0
0.034434434 	5.1128234e-07 	0.00013114744 	1.0055929 	8.4399433e-05 	1.194912e-34 	0 	0 	0
0.034534535 	5.0094457e-07 	0.00013115047 	1.0056007 	8.4627364e-05 	1.1576174e-34 	0 	0 	0
0.034634635 	4.906068e-07 	0.0001311535 	1.0056085 	8.4855294e-05 	1.1203227e-34 	0 	0 	0
0.034734735 	4.8026904e-07 	0.00013115652 	1.0056164 	8.5083225e-05 	1.0830281e-34 	0 	0 	0
0.034834835 	4.6993127e-07 	0.00013115955 	1.0056242 	8.5311155e-05 	1.0457335e-34 	0 	0 	0
0.034934935 	4.5959351e-07 	0.00013116258 	1.0056321 	8.5539086e-05 	1.0084389e-34 	0 	0 	0
0.035035035 	4.4925574e-07 	0.00013116561 	1.0056399 	8.5767016e-05 	9.7114425e-35 	0 	0 	0
0.035135135 	4.3891798e-07 	0.00013116864 	1.0056477 	8.5994947e-05 	9.3384962e-35 	0 	0 	0
0.035235235 	4.2858021e-07 	0.00013117166 	1.0056556 	8.6222877e-05 	8.96555e-35 	0 	0 	0
0.035335335 	4.1824244e-07 	0.00013117469 	1.0056634 	8.6450807e-05 	8.5926038e-35 	0 	0 	0
0.035435435 	4.0790468e-07 	0.00013117772 	1.0056712 	8.6678738e-05 	8.2196575e-35 	0 	0 	0
0.035535536 	3.9756691e-07 	0.00013118075 	1.0056791 	8.6906668e-05 	7.8467113e-35 	0 	0 	0
0.035635636 	3.8722915e-07 	0.00013118378 	1.0056869 	8.7134599e-05 	7.473765e-35 	0 	0 	0
0.035735736 	3.7689138e-07 	0.0001311868 	1.0056947 	8.7362529e-05 	7.1008188e-35 	0 	0 	0
0.035835836 	3.6655362e-07 	0.00013118983 	1.0057026 	8.759046e-05 	6.7278726e-35 	0 	0 	0
0.035935936 	3.5621585e-07 	0.00013119286 	1.0057104 	8.781839e-05 	6.3549263e-35 	0 	0 	0
0.036036036 	3.4587808e-07 	0.00013119589 	1.0057182 	8.8046321e-05 	5.9819801e-35 	0 	0 	0
0.036136136 	3.3583551e-07 	0.00013120558 	1.0057257 	8.8281176e-05 	5.6090338e-35 	0 	0 	0
0.036236236 	3.2580562e-07 	0.00013121557 	1.0057331 	8.8516329e-05 	5.2360876e-35 	0 	0 	0
0.036336336 	3.1577573e-07 	0.00013122555 	1.0057406 	8.8751482e-05 	4.8631414e-35 	0 	0 	0
0.036436436 	3.0574584e-07 	0.00013123553 	1.005748 	8.8986634e-05 	4.4901951e-35 	0 	0 	0
0.036536537 	2.9571595e-07 	0.00013124552 	1.0057555 	8.9221787e-05 	4.1172489e-35 	0 	0 	0
0.036636637 	2.8568606e-07 	0.0001312555 	1.0057629 	8.945694e-05 	3.7443026e-35 	0 	0 	0
0.036736737 	2.7565617e-07 	0.00013126548 	1.0057703 	8.9692092e-05 	3.3713564e-35 	0 	0 	0
0.036836837 	2.6562627e-07 	0.00013127547 	1.0057778 	8.9927245e-05 	2.9984102e-35 	0 	0 	0
0.036936937 	2.5559638e-07 	0.00013128545 	1.0057852 	9.0162398e-05 	2.6254639e-35 	0 	0 	0
0.037037037 	2.4556649e-07 	0.00013129543 	1.0057927 	9.039755e-05 	2.2525177e-35 	0 	0 	0
0.037137137 	2.3814303e-07 	0.00013130334 	1.0057981 	9.062602e-05 	1.8799878e-35 	0 	0 	0
0.037237237 	2.36469e-07 	0.00013130668 	1.005799 	9.0839746e-05 	1.5083764e-35 	0 	0 	0
0.037337337 	2.3479497e-07 	0.00013131001 	1.0057999 	9.1053473e-05 	1.136765e-35 	0 	0 	0
0.037437437 	2.3312094e-07 	0.00013131334 	1.0058008 	9.1267199e-05 	7.6515353e-36 	0 	0 	0
0.037537538 	2.3144691e-07 	0.00013131668 	1.0058017 	9.1480925e-05 	3.9354211e-36 	0 	0 	0
0.037637638 	2.2977288e-07 	0.00013132001 	1.0058026 	9.1694652e-05 	2.1930682e-37 	0 	0 	0
0.037737738 	2.2809885e-07 	0.00013132335 	1.0058036 	9.1908378e-05 	-3.4968074e-36 	0 	0 	0
0.037837838 	2.2642482e-07 	0.00013132668 	1.0058045 	9.2122105e-05 	-7.2129217e-36 	0 	0 	0
0.037937938 	2.2475079e-07 	0.00013133002 	1.0058054 	9.2335831e-05 	-1.0929036e-35 	0 	0 	0
0.038038038 	2.2307676e-07 	0.00013133335 	1.0058063 	9.2549558e-05 	-1.464515e-35 	0 	0 	0
0.038138138 	2.2140273e-07 	0.00013133668 	1.0058072 	9.2763284e-05 	-1.8361264e-35 	0 	0 	0
0.038238238 	2.197287e-07 	0.00013134002 	1.0058081 	9.2977011e-05 	-2.2077379e-35 	0 	0 	0
0.038338338 	2.1805467e-07 	0.00013134335 	1.005809 	9.3190737e-05 	-2.5793493e-35 	0 	0 	0
0.038438438 	2.1638064e-07 	0.00013134669 	1.00581 	9.3404464e-05 	-2.9509607e-35 	0 	0 	0
0.038538539 	2.1470661e-07 	0.00013135002 	1.0058109 	9.361819e-05 	-3.3225721e-35 	0 	0 	0
0.038638639 	2.1303258e-07 	0.00013135335 	1.0058118 	9.3831917e-05 	-3.6941836e-35 	0 	0 	0
0.038738739 	2.1135855e-07 	0.00013135669 	1.0058127 	9.4045643e-05 	-4.065795e-35 	0 	0 	0
0.038838839 	2.0968452e-07 	0.00013136002 	1.0058136 	9.4259369e-05 	-4.4374064e-35 	0 	0 	0
0.038938939 	2.0801049e-07 	0.00013136336 	1.0058145 	9.4473096e-05 	-4.8090178e-35 	0 	0 	0
0.039039039 	2.0633646e-07 	0.00013136669 	1.0058155 	9.4686822e-05 	-5.1806293e-35 	0 	0 	0
0.039139139 	2.0466243e-07 	0.00013137003 	1.0058164 	9.4900549e-05 	-5.5522407e-35 	0 	0 	0
0.039239239 	2.029884e-07 	0.00013137336 	1.0058173 	9.5114275e-05 	-5.9238521e-35 	0 	0 	0
0.039339339 	2.0131437e-07 	0.00013137669 	1.0058182 	9.5328002e-05 	-6.2954635e-35 	0 	0 	0
0.039439439 	1.9964034e-07 	0.00013138003 	1.0058191 	9.5541728e-05 	-6.667075e-35 	0 	0 	0
0.03953954 	1.9796631e-07 	0.00013138336 	1.00582 	9.5755455e-05 	-7.0386864e-35 	0 	0 	0
0.03963964 	1.9629228e-07 	0.0001313867 	1.0058209 	9.5969181e-05 	-7.4102978e-35 	0 	0 	0
0.03973974 	1.9461825e-07 	0.00013139003 	1.0058219 	9.6182908e-05 	-7.7819092e-35 	0 	0 	0
0.03983984 	1.9294422e-07 	0.00013139337 	1.0058228 	9.6396634e-05 	-8.1535207e-35 	0 	0 	0
0.03993994 	1.9127019e-07 	0.0001313967 	1.0058237 	9.661036e-05 	-8.5251321e-35 	0 	0 	0
0.04004004 	1.8959616e-07 	0.00013140003 	1.0058246 	9.6824087e-05 	-8.8967435e-35 	0 	0 	0
0.04014014 	1.8792213e-07 	0.00013140337 	1.0058255 	9.7037813e-05 	-9.2683549e-35 	0 	0 	0
0.04024024 	1.862481e-07 	0.0001314067 	1.0058264 	9.725154e-05 	-9.6399664e-35 	0 	0 	0
0.04034034 	1.8457407e-07 	0.00013141004 	1.0058273 	9.7465266e-05 	-1.0011578e-34 	0 	0 	0
0.04044044 	1.8290004e-07 	0.00013141337 	1.0058283 	9.7678993e-05 	-1.0383189e-34 	0 	0 	0
0.040540541 	1.81226e-07 	0.00013141671 	1.0058292 	9.7892719e-05 	-1.0754801e-34 	0 	0 	0
0.040640641 	1.7955197e-07 	0.00013142004 	1.0058301 	9.8106446e-05 	-1.1126412e-34 	0 	0 	0
0.040740741 	1.7790911e-07 	0.00013142496 	1.005831 	9.8321554e-05 	-1.1498023e-34 	0 	0 	0
0.040840841 	1.7636372e-07 	0.00013143482 	1.0058318 	9.8540982e-05 	-1.1869635e-34 	0 	0 	0
0.040940941 	1.7481833e-07 	0.00013144468 	1.0058326 	9.8760411e-05 	-1.2241246e-34 	0 	0 	0
0.041041041 	1.7327294e-07 	0.00013145454 	1.0058334 	9.8979839e-05 	-1.2612858e-34 	0 	0 	0
0.041141141 	1.7172755e-07 	0.0001314644 	1.0058343 	9.9199267e-05 	-1.2984469e-34 	0 	0 	0
0.041241241 	1.7018216e-07 	0.00013147426 	1.0058351 	9.9418696e-05 	-1.3356081e-34 	0 	0 	0
0.041341341 	1.6863677e-07 	0.00013148412 	1.0058359 	9.9638124e-05 	-1.3727692e-34 	0 	0 	0
0.041441441 	1.6709138e-07 	0.00013149398 	1.0058367 	9.9857553e-05 	-1.4099303e-34 	0 	0 	0
0.041541542 	1.6554599e-07 	0.00013150384 	1.0058375 	0.00010007698 	-1.4470915e-34 	0 	0 	0
0.041641642 	1.640006e-07 	0.0001315137 	1.0058383 	0.00010029641 	-1.4842526e-34 	0 	0 	0
0.041741742 	1.6245521e-07 	0.00013152356 	1.0058392 	0.00010051584 	-1.5214138e-34 	0 	0 	0
0.041841842 	1.6090982e-07 	0.00013153342 	1.00584 	0.00010073527 	-1.5585749e-34 	0 	0 	0
0.041941942 	1.5966913e-07 	0.00013154188 	1.0058406 	0.00010095259 	-1.5815335e-34 	0 	0 	0
0.042042042 	1.5954785e-07 	0.00013154516 	1.0058406 	0.00010116219 	-1.5523134e-34 	0 	0 	0
0.042142142 	1.5942658e-07 	0.00013154845 	1.0058405 	0.00010137179 	-1.5230934e-34 	0 	0 	0
0.042242242 	1.5930531e-07 	0.00013155174 	1.0058405 	0.00010158139 	-1.4938733e-34 	0 	0 	0
0.042342342 	1.5918404e-07 	0.00013155503 	1.0058404 	0.00010179099 	-1.4646532e-34 	0 	0 	0
0.042442442 	1.5906276e-07 	0.00013155832 	1.0058404 	0.00010200059 	-1.4354331e-34 	0 	0 	0
0.042542543 	1.5894149e-07 	0.00013156161 	1.0058403 	0.00010221019 	-1.406213e-34 	0 	0 	0
0.042642643 	1.5882022e-07 	0.0001315649 	1.0058403 	0.00010241979 	-1.376993e-34 	0 	0 	0
0.042742743 	1.5869895e-07 	0.00013156819 	1.0058402 	0.00010262939 	-1.3477729e-34 	0 	0 	0
0.042842843 	1.5857767e-07 	0.00013157148 	1.0058402 	0.00010283899 	-1.3185528e-34 	0 	0 	0
0.042942943 	1.584564e-07 	0.00013157477 	1.0058401 	0.00010304859 	-1.2893327e-34 	0 	0 	0
0.043043043 	1.5833513e-07 	0.00013157806 	1.0058401 	0.00010325819 	-1.2601126e-34 	0 	0 	0
0.043143143 	1.5821386e-07 	0.00013158134 	1.0058401 	0.00010346779 	-1.2308926e-34 	0 	0 	0
0.043243243 	1.5809258e-07 	0.00013158463 	1.00584 	0.00010367739 	-1.2016725e-34 	0 	0 	0
0.043343343 	1.5797131e-07 	0.00013158792 	1.00584 	0.00010388699 	-1.1724524e-34 	0 	0 	0
0.043443443 	1.5785004e-07 	0.00013159121 	1.0058399 	0.00010409659 	-1.1432323e-34 	0 	0 	0
0.043543544 	1.5772876e-07 	0.0001315945 	1.0058399 	0.00010430619 	-1.1140122e-34 	0 	0 	0
0.043643644 	1.5760749e-07 	0.00013159779 	1.0058398 	0.00010451579 	-1.0847922e-34 	0 	0 	0
0.043743744 	1.5748622e-07 	0.00013160108 	1.0058398 	0.00010472539 	-1.0555721e-34 	0 	0 	0
0.043843844 	1.5736495e-07 	0.00013160437 	1.0058397 	0.000104935 	-1.026352e-34 	0 	0 	0
0.043943944 	1.5724367e-07 	0.00013160766 	1.0058397 	0.0001051446 	-9.9713193e-35 	0 	0 	0
0.044044044 	1.571224e-07 	0.00013161095 	1.0058396 	0.0001053542 	-9.6791185e-35 	0 	0 	0
0.044144144 	1.5700113e-07 	0.00013161424 	1.0058396 	0.0001055638 	-9.3869177e-35 	0 	0 	0
0.044244244 	1.5687986e-07 	0.00013161752 	1.0058395 	0.0001057734 	-9.0947169e-35 	0 	0 	0
0.044344344 	1.5675858e-07 	0.00013162081 	1.0058395 	0.000105983 	-8.8025161e-35 	0 	0 	0
0.044444444 	1.5663731e-07 	0.0001316241 	1.0058395 	0.0001061926 	-8.5103153e-35 	0 	0 	0
0.044544545 	1.5651604e-07 	0.00013162739 	1.0058394 	0.0001064022 	-8.2181145e-35 	0 	0 	0
0.044644645 	1.5639477e-07 	0.00013163068 	1.0058394 	0.0001066118 	-7.9259137e-35 	0 	0 	0
0.044744745 	1.5627349e-07 	0.00013163397 	1.0058393 	0.0001068214 	-7.6337129e-35 	0 	0 	0
0.044844845 	1.5615222e-07 	0.00013163726 	1.0058393 	0.000107031 	-7.3415121e-35 	0 	0 	0
0.044944945 	1.5603095e-07 	0.00013164055 	1.0058392 	0.0001072406 	-7.0493113e-35 	0 	0 	0
0.045045045 	1.5590968e-07 	0.00013164384 	1.0058392 	0.0001074502 	-6.7571105e-35 	0 	0 	0
0.045145145 	1.557884e-07 	0.00013164713 	1.0058391 	0.0001076598 	-6.4649097e-35 	0 	0 	0
0.045245245 	1.5566713e-07 	0.00013165042 	1.0058391 	0.0001078694 	-6.1727089e-35 	0 	0 	0
0.045345345 	1.5554586e-07 	0.0001316537 	1.005839 	0.000108079 	-5.8805081e-35 	0 	0 	0
0.045445445 	1.5542458e-07 	0.00013165699 	1.005839 	0.0001082886 	-5.5883073e-35 	0 	0 	0
0.045545546 	1.5530331e-07 	0.00013166028 	1.005839 	0.0001084982 	-5.2961065e-35 	0 	0 	0
0.045645646 	1.5518204e-07 	0.00013166357 	1.0058389 	0.0001087078 	-5.0039057e-35 	0 	0 	0
0.045745746 	1.5506077e-07 	0.00013166686 	1.0058389 	0.0001089174 	-4.7117049e-35 	0 	0 	0
0.045845846 	1.5493949e-07 	0.00013167015 	1.0058388 	0.000109127 	-4.4195041e-35 	0 	0 	0
0.045945946 	1.5481822e-07 	0.00013167344 	1.0058388 	0.0001093366 	-4.1273033e-35 	0 	0 	0
0.046046046 	1.5470316e-07 	0.00013167973 	1.0058387 	0.00010954886 	-3.8351025e-35 	0 	0 	0
0.046146146 	1.5459527e-07 	0.00013168949 	1.0058386 	0.00010976421 	-3.5429017e-35 	0 	0 	0
0.046246246 	1.5448738e-07 	0.00013169925 	1.0058386 	0.00010997955 	-3.2507009e-35 	0 	0 	0
0.046346346 	1.5437949e-07 	0.00013170901 	1.0058385 	0.0001101949 	-2.9585001e-35 	0 	0 	0
0.046446446 	1.542716e-07 	0.00013171876 	1.0058384 	0.00011041024 	-2.6662993e-35 	0 	0 	0
0.046546547 	1.5416371e-07 	0.00013172852 	1.0058383 	0.00011062559 	-2.3740985e-35 	0 	0 	0
0.046646647 	1.5405582e-07 	0.00013173828 	1.0058383 	0.00011084093 	-2.0818977e-35 	0 	0 	0
0.046746747 	1.5394793e-07 	0.00013174804 	1.0058382 	0.00011105627 	-1.7896969e-35 	0 	0 	0
0.046846847 	1.5384004e-07 	0.0001317578 	1.0058381 	0.00011127162 	-1.4974961e-35 	0 	0 	0
0.046946947 	1.5373214e-07 	0.00013176755 	1.0058381 	0.00011148696 	-1.2052953e-35 	0 	0 	0
0.047047047 	1.5362425e-07 	0.00013177731 	1.005838 	0.00011170231 	-9.1309454e-36 	0 	0 	0
0.047147147 	1.5351636e-07 	0.00013178707 	1.0058379 	0.00011191765 	-6.2089375e-36 	0 	0 	0
0.047247247 	1.5340847e-07 	0.00013179683 	1.0058378 	0.00011213299 	-3.2869295e-36 	0 	0 	0
0.047347347 	1.5330058e-07 	0.00013180659 	1.0058378 	0.00011234834 	-3.6492149e-37 	0 	0 	0
0.047447447 	1.5328562e-07 	0.00013181066 	1.0058376 	0.00011255768 	1.0190322e-36 	0 	0 	0
0.047547548 	1.5328392e-07 	0.00013181393 	1.0058375 	0.00011276617 	2.1834905e-36 	0 	0 	0
0.047647648 	1.5328222e-07 	0.0001318172 	1.0058374 	0.00011297466 	3.3479487e-36 	0 	0 	0
0.047747748 	1.5328053e-07 	0.00013182046 	1.0058372 	0.00011318314 	4.5124069e-36 	0 	0 	0
0.047847848 	1.5327883e-07 	0.00013182373 	1.0058371 	0.00011339163 	5.6768651e-36 	0 	0 	0
0.047947948 	1.5327713e-07 	0.000131827 	1.0058369 	0.00011360012 	6.8413233e-36 	0 	0 	0
0.048048048 	1.5327543e-07 	0.00013183026 	1.0058368 	0.0001138086 	8.0057815e-36 	0 	0 	0
0.048148148 	1.5327373e-07 	0.00013183353 	1.0058367 	0.00011401709 	9.1702397e-36 	0 	0 	0
0.048248248 	1.5327203e-07 	0.0001318368 	1.0058365 	0.00011422558 	1.0334698e-35 	0 	0 	0
0.048348348 	1.5327033e-07 	0.00013184006 	1.0058364 	0.00011443406 	1.1499156e-35 	0 	0 	0
0.048448448 	1.5326863e-07 	0.00013184333 	1.0058363 	0.00011464255 	1.2663614e-35 	0 	0 	0
0.048548549 	1.5326694e-07 	0.0001318466 	1.0058361 	0.00011485104 	1.3828073e-35 	0 	0 	0
0.048648649 	1.5326524e-07 	0.00013184986 	1.005836 	0.00011505952 	1.4992531e-35 	0 	0 	0
0.048748749 	1.5326354e-07 	0.00013185313 	1.0058358 	0.00011526801 	1.6156989e-35 	0 	0 	0
0.048848849 	1.5326184e-07 	0.0001318564 	1.0058357 	0.0001154765 	1.7321447e-35 	0 	0 	0
0.048948949 	1.5326014e-07 	0.00013185966 	1.0058356 	0.00011568499 	1.8485905e-35 	0 	0 	0
0.049049049 	1.5325844e-07 	0.00013186293 	1.0058354 	0.00011589347 	1.9650364e-35 	0 	0 	0
0.049149149 	1.5325674e-07 	0.0001318662 	1.0058353 	0.00011610196 	2.0814822e-35 	0 	0 	0
0.049249249 	1.5325505e-07 	0.00013186947 	1.0058351 	0.00011631045 	2.197928e-35 	0 	0 	0
0.049349349 	1.5325335e-07 	0.00013187273 	1.005835 	0.00011651893 	2.3143738e-35 	0 	0 	0
0.049449449 	1.5325165e-07 	0.000131876 	1.0058349 	0.00011672742 	2.4308196e-35 	0 	0 	0
0.04954955 	1.5324995e-07 	0.00013187927 	1.0058347 	0.00011693591 	2.5472655e-35 	0 	0 	0
0.04964965 	1.5324825e-07 	0.00013188253 	1.0058346 	0.00011714439 	2.6637113e-35 	0 	0 	0
0.04974975 	1.5324655e-07 	0.0001318858 	1.0058345 	0.00011735288 	2.7801571e-35 	0 	0 	0
0.04984985 	1.5324485e-07 	0.00013188907 	1.0058343 	0.00011756137 	2.8966029e-35 	0 	0 	0
0.04994995 	1.5324315e-07 	0.00013189233 	1.0058342 	0.00011776986 	3.0130487e-35 	0 	0 	0
0.05005005 	1.5324146e-07 	0.0001318956 	1.005834 	0.00011797834 	3.1294946e-35 	0 	0 	0
0.05015015 	1.5323976e-07 	0.00013189887 	1.0058339 	0.00011818683 	3.2459404e-35 	0 	0 	0
0.05025025 	1.5323806e-07 	0.00013190213 	1.0058338 	0.00011839532 	3.3623862e-35 	0 	0 	0
0.05035035 	1.5323636e-07 	0.0001319054 	1.0058336 	0.0001186038 	3.478832e-35 	0 	0 	0
0.05045045 	1.5323466e-07 	0.00013190867 	1.0058335 	0.00011881229 	3.5952778e-35 	0 	0 	0
0.050550551 	1.5323296e-07 	0.00013191193 	1.0058333 	0.00011902078 	3.7117237e-35 	0 	0 	0
0.050650651 	1.5323126e-07 	0.0001319152 	1.0058332 	0.00011922926 	3.8281695e-35 	0 	0 	0
0.050750751 	1.5322957e-07 	0.00013191847 	1.0058331 	0.00011943775 	3.9446153e-35 	0 	0 	0
0.050850851 	1.5322787e-07 	0.00013192173 	1.0058329 	0.00011964624 	4.0610611e-35 	0 	0 	0
0.050950951 	1.5322617e-07 	0.000131925 	1.0058328 	0.00011985473 	4.177507e-35 	0 	0 	0
0.051051051 	1.5322447e-07 	0.00013192827 	1.0058327 	0.00012006321 	4.2939528e-35 	0 	0 	0
0.051151151 	1.5322277e-07 	0.00013193153 	1.0058325 	0.0001202717 	4.4103986e-35 	0 	0 	0
0.051251251 	1.5322107e-07 	0.0001319348 	1.0058324 	0.00012048019 	4.5268444e-35 	0 	0 	0
0.051351351 	1.5321937e-07 	0.00013193807 	1.0058322 	0.00012068867 	4.6432902e-35 	0 	0 	0
0.051451451 	1.5321767e-07 	0.00013194133 	1.0058321 	0.00012089716 	4.7597361e-35 	0 	0 	0
0.051551552 	1.5321598e-07 	0.0001319446 	1.005832 	0.00012110565 	4.8761819e-35 	0 	0 	0
0.051651652 	1.5321428e-07 	0.00013194787 	1.0058318 	0.00012131413 	4.9926277e-35 	0 	0 	0
0.051751752 	1.5321258e-07 	0.00013195113 	1.0058317 	0.00012152262 	5.1090735e-35 	0 	0 	0
0.051851852 	1.5321088e-07 	0.0001319544 	1.0058315 	0.00012173111 	5.2255193e-35 	0 	0 	0
0.051951952 	1.5320918e-07 	0.00013195767 	1.0058314 	0.00012193959 	5.3419652e-35 	0 	0 	0
0.052052052 	1.5320796e-07 	0.00013196633 	1.0058313 	0.0001221524 	5.360838e-35 	0 	0 	0
0.052152152 	1.5320684e-07 	0.00013197604 	1.0058311 	0.00012236603 	5.360838e-35 	0 	0 	0
0.052252252 	1.5320571e-07 	0.00013198574 	1.0058309 	0.00012257967 	5.360838e-35 	0 	0 	0
0.052352352 	1.5320458e-07 	0.00013199545 	1.0058308 	0.0001227933 	5.360838e-35 	0 	0 	0
0.052452452 	1.5320346e-07 	0.00013200515 	1.0058306 	0.00012300694 	5.360838e-35 	0 	0 	0
0.052552553 	1.5320233e-07 	0.00013201486 	1.0058305 	0.00012322057 	5.360838e-35 	0 	0 	0
0.052652653 	1.532012e-07 	0.00013202457 	1.0058303 	0.00012343421 	5.360838e-35 	0 	0 	0
0.052752753 	1.5320008e-07 	0.00013203427 	1.0058302 	0.00012364784 	5.360838e-35 	0 	0 	0
0.052852853 	1.5319895e-07 	0.00013204398 	1.00583 	0.00012386148 	5.360838e-35 	0 	0 	0
0.052952953 	1.5319782e-07 	0.00013205368 	1.0058299 	0.00012407511 	5.360838e-35 	0 	0 	0
0.053053053 	1.531967e-07 	0.00013206339 	1.0058297 	0.00012428875 	5.360838e-35 	0 	0 	0
0.053153153 	1.5319557e-07 	0.0001320731 	1.0058296 	0.00012450238 	5.360838e-35 	0 	0 	0
0.053253253 	1.5319444e-07 	0.0001320828 	1.0058294 	0.00012471602 	5.360838e-35 	0 	0 	0
0.053353353 	1.5319332e-07 	0.00013209251 	1.0058292 	0.00012492965 	5.360838e-35 	0 	0 	0
0.053453453 	1.5319219e-07 	0.00013210222 	1.0058291 	0.00012514329 	5.360838e-35 	0 	0 	0
0.053553554 	1.5319228e-07 	0.00013210885 	1.0058289 	0.00012535337 	5.3162718e-35 	0 	0 	0
0.053653654 	1.5319365e-07 	0.00013211222 	1.0058288 	0.0001255597 	5.2245023e-35 	0 	0 	0
0.053753754 	1.5319503e-07 	0.0001321156 	1.0058287 	0.00012576604 	5.1327328e-35 	0 	0 	0
0.053853854 	1.531964e-07 	0.00013211898 	1.0058285 	0.00012597237 	5.0409634e-35 	0 	0 	0
0.053953954 	1.5319777e-07 	0.00013212235 	1.0058284 	0.0001261787 	4.9491939e-35 	0 	0 	0
0.054054054 	1.5319915e-07 	0.00013212573 	1.0058282 	0.00012638503 	4.8574245e-35 	0 	0 	0
0.054154154 	1.5320052e-07 	0.00013212911 	1.0058281 	0.00012659136 	4.765655e-35 	0 	0 	0
0.054254254 	1.532019e-07 	0.00013213248 	1.0058279 	0.00012679769 	4.6738856e-35 	0 	0 	0
0.054354354 	1.5320327e-07 	0.00013213586 	1.0058278 	0.00012700402 	4.5821161e-35 	0 	0 	0
0.054454454 	1.5320464e-07 	0.00013213923 	1.0058276 	0.00012721035 	4.4903467e-35 	0 	0 	0
0.054554555 	1.5320602e-07 	0.00013214261 	1.0058275 	0.00012741668 	4.3985772e-35 	0 	0 	0
0.054654655 	1.5320739e-07 	0.00013214599 	1.0058273 	0.00012762301 	4.3068078e-35 	0 	0 	0
0.054754755 	1.5320876e-07 	0.00013214936 	1.0058272 	0.00012782934 	4.2150383e-35 	0 	0 	0
0.054854855 	1.5321014e-07 	0.00013215274 	1.0058271 	0.00012803567 	4.1232689e-35 	0 	0 	0
0.054954955 	1.5321151e-07 	0.00013215612 	1.0058269 	0.000128242 	4.0314994e-35 	0 	0 	0
0.055055055 	1.5321289e-07 	0.00013215949 	1.0058268 	0.00012844834 	3.9397299e-35 	0 	0 	0
0.055155155 	1.5321426e-07 	0.00013216287 	1.0058266 	0.00012865467 	3.8479605e-35 	0 	0 	0
0.055255255 	1.5321563e-07 	0.00013216624 	1.0058265 	0.000128861 	3.756191e-35 	0 	0 	0
0.055355355 	1.5321701e-07 	0.00013216962 	1.0058263 	0.00012906733 	3.6644216e-35 	0 	0 	0
0.055455455 	1.5321838e-07 	0.000132173 	1.0058262 	0.00012927366 	3.5726521e-35 	0 	0 	0
0.055555556 	1.5321976e-07 	0.00013217637 	1.005826 	0.00012947999 	3.4808827e-35 	0 	0 	0
0.055655656 	1.5322113e-07 	0.00013217975 	1.0058259 	0.00012968632 	3.3891132e-35 	0 	0 	0
0.055755756 	1.532225e-07 	0.00013218313 	1.0058258 	0.00012989265 	3.2973438e-35 	0 	0 	0
0.055855856 	1.5322388e-07 	0.0001321865 	1.0058256 	0.00013009898 	3.2055743e-35 	0 	0 	0
0.055955956 	1.5322525e-07 	0.00013218988 	1.0058255 	0.00013030531 	3.1138049e-35 	0 	0 	0
0.056056056 	1.5322662e-07 	0.00013219325 	1.0058253 	0.00013051164 	3.0220354e-35 	0 	0 	0
0.056156156 	1.53228e-07 	0.00013219663 	1.0058252 	0.00013071797 	2.9302659e-35 	0 	0 	0
0.056256256 	1.5322937e-07 	0.00013220001 	1.005825 	0.00013092431 	2.8384965e-35 	0 	0 	0
0.056356356 	1.5323075e-07 	0.00013220338 	1.0058249 	0.00013113064 	2.746727e-35 	0 	0 	0
0.056456456 	1.5323212e-07 	0.00013220676 	1.0058247 	0.00013133697 	2.6549576e-35 	0 	0 	0
0.056556557 	1.5323349e-07 	0.00013221014 	1.0058246 	0.0001315433 	2.5631881e-35 	0 	0 	0
0.056656657 	1.5323487e-07 	0.00013221351 	1.0058244 	0.00013174963 	2.4714187e-35 	0 	0 	0
0.056756757 	1.5323624e-07 	0.00013221689 	1.0058243 	0.00013195596 	2.3796492e-35 	0 	0 	0
0.056856857 	1.5323761e-07 	0.00013222027 	1.0058242 	0.00013216229 	2.2878798e-35 	0 	0 	0
0.056956957 	1.5323899e-07 	0.00013222364 	1.005824 	0.00013236862 	2.1961103e-35 	0 	0 	0
0.057057057 	1.5324036e-07 	0.00013222702 	1.0058239 	0.00013257495 	2.1043409e-35 	0 	0 	0
0.057157157 	1.5324174e-07 	0.00013223039 	1.0058237 	0.00013278128 	2.0125714e-35 	0 	0 	0
0.057257257 	1.5324311e-07 	0.00013223377 	1.0058236 	0.00013298761 	1.9208019e-35 	0 	0 	0
0.057357357 	1.5324448e-07 	0.00013223715 	1.0058234 	0.00013319394 	1.8290325e-35 	0 	0 	0
0.057457457 	1.5324586e-07 	0.00013224052 	1.0058233 	0.00013340027 	1.737263e-35 	0 	0 	0
0.057557558 	1.5324723e-07 	0.0001322439 	1.0058231 	0.00013360661 	1.6454936e-35 	0 	0 	0
0.057657658 	1.532486e-07 	0.00013224728 	1.005823 	0.00013381294 	1.5537241e-35 	0 	0 	0
0.057757758 	1.5324998e-07 	0.00013225065 	1.0058229 	0.00013401927 	1.4619547e-35 	0 	0 	0
0.057857858 	1.5325135e-07 	0.00013225403 	1.0058227 	0.0001342256 	1.3701852e-35 	0 	0 	0
0.057957958 	1.5325273e-07 	0.0001322574 	1.0058226 	0.00013443193 	1.2784158e-35 	0 	0 	0
0.058058058 	1.532541e-07 	0.00013226078 	1.0058224 	0.00013463826 	1.1866463e-35 	0 	0 	0
0.058158158 	1.5325547e-07 	0.00013226416 	1.0058223 	0.00013484459 	1.0948769e-35 	0 	0 	0
0.058258258 	1.5325685e-07 	0.00013226753 	1.0058221 	0.00013505092 	1.0031074e-35 	0 	0 	0
0.058358358 	1.5325822e-07 	0.00013227091 	1.005822 	0.00013525725 	9.1133795e-36 	0 	0 	0
0.058458458 	1.532596e-07 	0.00013227429 	1.0058218 	0.00013546358 	8.195685e-36 	0 	0 	0
0.058558559 	1.5326097e-07 	0.00013227766 	1.0058217 	0.00013566991 	7.2779904e-36 	0 	0 	0
0.058658659 	1.5326234e-07 	0.00013228104 	1.0058215 	0.00013587624 	6.3602959e-36 	0 	0 	0
0.058758759 	1.532637e-07 	0.00013228741 	1.0058214 	0.00013608482 	5.8784814e-36 	0 	0 	0
0.058858859 	1.5326504e-07 	0.0001322971 	1.0058212 	0.00013629588 	5.8784814e-36 	0 	0 	0
0.058958959 	1.5326637e-07 	0.00013230679 	1.0058211 	0.00013650693 	5.8784814e-36 	0 	0 	0
0.059059059 	1.5326771e-07 	0.00013231648 	1.0058209 	0.00013671799 	5.8784814e-36 	0 	0 	0
0.059159159 	1.5326905e-07 	0.00013232616 	1.0058208 	0.00013692905 	5.8784814e-36 	0 	0 	0
0.059259259 	1.5327038e-07 	0.00013233585 	1.0058206 	0.00013714011 	5.8784814e-36 	0 	0 	0
0.059359359 	1.5327172e-07 	0.00013234554 	1.0058204 	0.00013735117 	5.8784814e-36 	0 	0 	0
0.059459459 	1.5327306e-07 	0.00013235523 	1.0058203 	0.00013756222 	5.8784814e-36 	0 	0 	0
0.05955956 	1.5327439e-07 	0.00013236492 	1.0058201 	0.00013777328 	5.8784814e-36 	0 	0 	0
0.05965966 	1.5327573e-07 	0.0001323746 	1.00582 	0.00013798434 	5.8784814e-36 	0 	0 	0
0.05975976 	1.5327707e-07 	0.00013238429 	1.0058198 	0.0001381954 	5.8784814e-36 	0 	0 	0
0.05985986 	1.5327841e-07 	0.00013239398 	1.0058196 	0.00013840645 	5.8784814e-36 	0 	0 	0
0.05995996 	1.5327974e-07 	0.00013240367 	1.0058195 	0.00013861751 	5.8784814e-36 	0 	0 	0
0.06006006 	1.5328108e-07 	0.00013241335 	1.0058193 	0.00013882857 	5.8784814e-36 	0 	0 	0
0.06016016 	1.5328242e-07 	0.00013242304 	1.0058191 	0.00013903963 	5.8784814e-36 	0 	0 	0
0.06026026 	1.5328375e-07 	0.00013243273 	1.005819 	0.00013925068 	5.8784814e-36 	0 	0 	0
0.06036036 	1.5328509e-07 	0.00013244242 	1.0058188 	0.00013946174 	5.8784814e-36 	0 	0 	0
0.06046046 	1.5328632e-07 	0.0001324513 	1.0058187 	0.00013967191 	5.9073103e-36 	0 	0 	0
0.060560561 	1.5328681e-07 	0.00013245484 	1.0058185 	0.00013987618 	6.1279339e-36 	0 	0 	0
0.060660661 	1.5328731e-07 	0.00013245838 	1.0058184 	0.00014008044 	6.3485575e-36 	0 	0 	0
0.060760761 	1.532878e-07 	0.00013246192 	1.0058182 	0.00014028471 	6.5691811e-36 	0 	0 	0
0.060860861 	1.5328829e-07 	0.00013246546 	1.0058181 	0.00014048897 	6.7898048e-36 	0 	0 	0
0.060960961 	1.5328879e-07 	0.000132469 	1.0058179 	0.00014069324 	7.0104284e-36 	0 	0 	0
0.061061061 	1.5328928e-07 	0.00013247254 	1.0058178 	0.0001408975 	7.231052e-36 	0 	0 	0
0.061161161 	1.5328978e-07 	0.00013247608 	1.0058176 	0.00014110177 	7.4516756e-36 	0 	0 	0
0.061261261 	1.5329027e-07 	0.00013247962 	1.0058175 	0.00014130603 	7.6722992e-36 	0 	0 	0
0.061361361 	1.5329077e-07 	0.00013248316 	1.0058173 	0.0001415103 	7.8929229e-36 	0 	0 	0
0.061461461 	1.5329126e-07 	0.0001324867 	1.0058172 	0.00014171457 	8.1135465e-36 	0 	0 	0
0.061561562 	1.5329175e-07 	0.00013249024 	1.005817 	0.00014191883 	8.3341701e-36 	0 	0 	0
0.061661662 	1.5329225e-07 	0.00013249378 	1.0058168 	0.0001421231 	8.5547937e-36 	0 	0 	0
0.061761762 	1.5329274e-07 	0.00013249732 	1.0058167 	0.00014232736 	8.7754174e-36 	0 	0 	0
0.061861862 	1.5329324e-07 	0.00013250086 	1.0058165 	0.00014253163 	8.996041e-36 	0 	0 	0
0.061961962 	1.5329373e-07 	0.0001325044 	1.0058164 	0.00014273589 	9.2166646e-36 	0 	0 	0
0.062062062 	1.5329423e-07 	0.00013250794 	1.0058162 	0.00014294016 	9.4372882e-36 	0 	0 	0
0.062162162 	1.5329472e-07 	0.00013251148 	1.0058161 	0.00014314442 	9.6579118e-36 	0 	0 	0
0.062262262 	1.5329521e-07 	0.00013251502 	1.0058159 	0.00014334869 	9.8785355e-36 	0 	0 	0
0.062362362 	1.5329571e-07 	0.00013251856 	1.0058158 	0.00014355295 	1.0099159e-35 	0 	0 	0
0.062462462 	1.532962e-07 	0.0001325221 	1.0058156 	0.00014375722 	1.0319783e-35 	0 	0 	0
0.062562563 	1.532967e-07 	0.00013252564 	1.0058155 	0.00014396149 	1.0540406e-35 	0 	0 	0
0.062662663 	1.5329719e-07 	0.00013252918 	1.0058153 	0.00014416575 	1.076103e-35 	0 	0 	0
0.062762763 	1.5329769e-07 	0.00013253272 	1.0058152 	0.00014437002 	1.0981654e-35 	0 	0 	0
0.062862863 	1.5329818e-07 	0.00013253626 	1.005815 	0.00014457428 	1.1202277e-35 	0 	0 	0
0.062962963 	1.5329868e-07 	0.00013253979 	1.0058149 	0.00014477855 	1.1422901e-35 	0 	0 	0
0.063063063 	1.5329917e-07 	0.00013254333 	1.0058147 	0.00014498281 	1.1643524e-35 	0 	0 	0
0.063163163 	1.5329966e-07 	0.00013254687 	1.0058146 	0.00014518708 	1.1864148e-35 	0 	0 	0
0.063263263 	1.5330016e-07 	0.00013255041 	1.0058144 	0.00014539134 	1.2084772e-35 	0 	0 	0
0.063363363 	1.5330065e-07 	0.00013255395 	1.0058143 	0.00014559561 	1.2305395e-35 	0 	0 	0
0.063463463 	1.5330115e-07 	0.00013255749 	1.0058141 	0.00014579988 	1.2526019e-35 	0 	0 	0
0.063563564 	1.5330164e-07 	0.00013256103 	1.005814 	0.00014600414 	1.2746643e-35 	0 	0 	0
0.063663664 	1.5330214e-07 	0.00013256457 	1.0058138 	0.00014620841 	1.2967266e-35 	0 	0 	0
0.063763764 	1.5330263e-07 	0.00013256811 	1.0058137 	0.00014641267 	1.318789e-35 	0 	0 	0
0.063863864 	1.5330312e-07 	0.00013257165 	1.0058135 	0.00014661694 	1.3408513e-35 	0 	0 	0
0.063963964 	1.5330362e-07 	0.00013257519 	1.0058134 	0.0001468212 	1.3629137e-35 	0 	0 	0
0.064064064 	1.5330411e-07 	0.00013257873 	1.0058132 	0.00014702547 	1.3849761e-35 	0 	0 	0
0.064164164 	1.5330461e-07 	0.00013258227 	1.0058131 	0.00014722973 	1.4070384e-35 	0 	0 	0
0.064264264 	1.533051e-07 	0.00013258581 	1.0058129 	0.000147434 	1.4291008e-35 	0 	0 	0
0.064364364 	1.533056e-07 	0.00013258935 	1.0058128 	0.00014763826 	1.4511632e-35 	0 	0 	0
0.064464464 	1.5330609e-07 	0.00013259289 	1.0058126 	0.00014784253 	1.4732255e-35 	0 	0 	0
0.064564565 	1.5330659e-07 	0.00013259643 	1.0058124 	0.0001480468 	1.4952879e-35 	0 	0 	0
0.064664665 	1.5330708e-07 	0.00013259997 	1.0058123 	0.00014825106 	1.5173502e-35 	0 	0 	0
0.064764765 	1.5330757e-07 	0.00013260351 	1.0058121 	0.00014845533 	1.5394126e-35 	0 	0 	0
0.064864865 	1.5330807e-07 	0.00013260705 	1.005812 	0.00014865959 	1.561475e-35 	0 	0 	0
0.064964965 	1.5330856e-07 	0.00013261059 	1.0058118 	0.00014886386 	1.5835373e-35 	0 	0 	0
0.065065065 	1.5330906e-07 	0.00013261413 	1.0058117 	0.00014906812 	1.6055997e-35 	0 	0 	0
0.065165165 	1.5330955e-07 	0.00013261767 	1.0058115 	0.00014927239 	1.6276621e-35 	0 	0 	0
0.065265265 	1.5331005e-07 	0.00013262121 	1.0058114 	0.00014947665 	1.6497244e-35 	0 	0 	0
0.065365365 	1.5331054e-07 	0.00013262475 	1.0058112 	0.00014968092 	1.6717868e-35 	0 	0 	0
0.065465465 	1.5331103e-07 	0.00013262829 	1.0058111 	0.00014988519 	1.6938491e-35 	0 	0 	0
0.065565566 	1.5331153e-07 	0.00013263183 	1.0058109 	0.00015008945 	1.7159115e-35 	0 	0 	0
0.065665666 	1.5331202e-07 	0.00013263537 	1.0058108 	0.00015029372 	1.7379739e-35 	0 	0 	0
0.065765766 	1.5331252e-07 	0.00013263891 	1.0058106 	0.00015049798 	1.7600362e-35 	0 	0 	0
0.065865866 	1.5331301e-07 	0.00013264245 	1.0058105 	0.00015070225 	1.7820986e-35 	0 	0 	0
0.065965966 	1.5331351e-07 	0.00013264599 	1.0058103 	0.00015090651 	1.8041609e-35 	0 	0 	0
0.066066066 	1.53314e-07 	0.00013264953 	1.0058102 	0.00015111078 	1.8262233e-35 	0 	0 	0
0.066166166 	1.5331449e-07 	0.00013265306 	1.00581 	0.00015131504 	1.8482857e-35 	0 	0 	0
0.066266266 	1.5331499e-07 	0.0001326566 	1.0058099 	0.00015151931 	1.870348e-35 	0 	0 	0
0.066366366 	1.5331547e-07 	0.00013266244 	1.0058097 	0.00015172523 	1.9263006e-35 	0 	0 	0
0.066466466 	1.5331594e-07 	0.00013267215 	1.0058095 	0.00015193395 	2.0395981e-35 	0 	0 	0
0.066566567 	1.533164e-07 	0.00013268187 	1.0058094 	0.00015214268 	2.1528957e-35 	0 	0 	0
0.066666667 	1.5331686e-07 	0.00013269158 	1.0058092 	0.0001523514 	2.2661932e-35 	0 	0 	0
0.066766767 	1.5331732e-07 	0.0001327013 	1.005809 	0.00015256012 	2.3794907e-35 	0 	0 	0
0.066866867 	1.5331779e-07 	0.00013271102 	1.0058089 	0.00015276885 	2.4927882e-35 	0 	0 	0
0.066966967 	1.5331825e-07 	0.00013272073 	1.0058087 	0.00015297757 	2.6060858e-35 	0 	0 	0
0.067067067 	1.5331871e-07 	0.00013273045 	1.0058085 	0.00015318629 	2.7193833e-35 	0 	0 	0
0.067167167 	1.5331918e-07 	0.00013274016 	1.0058084 	0.00015339501 	2.8326808e-35 	0 	0 	0
0.067267267 	1.5331964e-07 	0.00013274988 	1.0058082 	0.00015360374 	2.9459783e-35 	0 	0 	0
0.067367367 	1.533201e-07 	0.00013275959 	1.005808 	0.00015381246 	3.0592758e-35 	0 	0 	0
0.067467467 	1.5332057e-07 	0.00013276931 	1.0058079 	0.00015402118 	3.1725734e-35 	0 	0 	0
0.067567568 	1.5332103e-07 	0.00013277902 	1.0058077 	0.00015422991 	3.2858709e-35 	0 	0 	0
0.067667668 	1.5332149e-07 	0.00013278874 	1.0058075 	0.00015443863 	3.3991684e-35 	0 	0 	0
0.067767768 	1.5332196e-07 	0.00013279845 	1.0058074 	0.00015464735 	3.5124659e-35 	0 	0 	0
0.067867868 	1.5332242e-07 	0.00013280817 	1.0058072 	0.00015485607 	3.6257634e-35 	0 	0 	0
0.067967968 	1.5332288e-07 	0.00013281788 	1.005807 	0.0001550648 	3.739061e-35 	0 	0 	0
0.068068068 	1.5332335e-07 	0.0001328276 	1.0058069 	0.00015527352 	3.8523585e-35 	0 	0 	0
0.068168168 	1.5332381e-07 	0.00013283732 	1.0058067 	0.00015548224 	3.965656e-35 	0 	0 	0
0.068268268 	1.5332427e-07 	0.00013284703 	1.0058065 	0.00015569097 	4.0789535e-35 	0 	0 	0
0.068368368 	1.5332449e-07 	0.000132852 	1.0058064 	0.00015589342 	4.0910849e-35 	0 	0 	0
0.068468468 	1.5332464e-07 	0.00013285561 	1.0058062 	0.00015609406 	4.0741274e-35 	0 	0 	0
0.068568569 	1.5332479e-07 	0.00013285922 	1.005806 	0.00015629471 	4.0571699e-35 	0 	0 	0
0.068668669 	1.5332494e-07 	0.00013286283 	1.0058059 	0.00015649535 	4.0402124e-35 	0 	0 	0
0.068768769 	1.5332509e-07 	0.00013286644 	1.0058057 	0.000156696 	4.0232549e-35 	0 	0 	0
0.068868869 	1.5332525e-07 	0.00013287004 	1.0058055 	0.00015689664 	4.0062974e-35 	0 	0 	0
0.068968969 	1.533254e-07 	0.00013287365 	1.0058054 	0.00015709729 	3.9893399e-35 	0 	0 	0
0.069069069 	1.5332555e-07 	0.00013287726 	1.0058052 	0.00015729793 	3.9723824e-35 	0 	0 	0
0.069169169 	1.533257e-07 	0.00013288087 	1.0058051 	0.00015749858 	3.9554249e-35 	0 	0 	0
0.069269269 	1.5332585e-07 	0.00013288448 	1.0058049 	0.00015769922 	3.9384675e-35 	0 	0 	0
0.069369369 	1.53326e-07 	0.00013288809 	1.0058047 	0.00015789987 	3.92151e-35 	0 	0 	0
0.069469469 	1.5332615e-07 	0.00013289169 	1.0058046 	0.00015810052 	3.9045525e-35 	0 	0 	0
0.06956957 	1.533263e-07 	0.0001328953 	1.0058044 	0.00015830116 	3.887595e-35 	0 	0 	0
0.06966967 	1.5332645e-07 	0.00013289891 	1.0058042 	0.00015850181 	3.8706375e-35 	0 	0 	0
0.06976977 	1.533266e-07 	0.00013290252 	1.0058041 	0.00015870245 	3.85368e-35 	0 	0 	0
0.06986987 	1.5332675e-07 	0.00013290613 	1.0058039 	0.0001589031 	3.8367225e-35 	0 	0 	0
0.06996997 	1.533269e-07 	0.00013290974 	1.0058037 	0.00015910374 	3.819765e-35 	0 	0 	0
0.07007007 	1.5332705e-07 	0.00013291334 	1.0058036 	0.00015930439 	3.8028075e-35 	0 	0 	0
0.07017017 	1.5332721e-07 	0.00013291695 	1.0058034 	0.00015950503 	3.78585e-35 	0 	0 	0
0.07027027 	1.5332736e-07 	0.00013292056 	1.0058032 	0.00015970568 	3.7688925e-35 	0 	0 	0
0.07037037 	1.5332751e-07 	0.00013292417 	1.0058031 	0.00015990632 	3.7519351e-35 	0 	0 	0
0.07047047 	1.5332766e-07 	0.00013292778 	1.0058029 	0.00016010697 	3.7349776e-35 	0 	0 	0
0.070570571 	1.5332781e-07 	0.00013293138 	1.0058027 	0.00016030762 	3.7180201e-35 	0 	0 	0
0.070670671 	1.5332796e-07 	0.00013293499 	1.0058026 	0.00016050826 	3.7010626e-35 	0 	0 	0
0.070770771 	1.5332811e-07 	0.0001329386 	1.0058024 	0.00016070891 	3.6841051e-35 	0 	0 	0
0.070870871 	1.5332826e-07 	0.00013294221 	1.0058022 	0.00016090955 	3.6671476e-35 	0 	0 	0
0.070970971 	1.5332841e-07 	0.00013294582 	1.0058021 	0.0001611102 	3.6501901e-35 	0 	0 	0
0.071071071 	1.5332856e-07 	0.00013294943 	1.0058019 	0.00016131084 	3.6332326e-35 	0 	0 	0
0.071171171 	1.5332871e-07 	0.00013295303 	1.0058018 	0.00016151149 	3.6162751e-35 	0 	0 	0
0.071271271 	1.5332886e-07 	0.00013295664 	1.0058016 	0.00016171213 	3.5993176e-35 	0 	0 	0
0.071371371 	1.5332901e-07 	0.00013296025 	1.0058014 	0.00016191278 	3.5823601e-35 	0 	0 	0
0.071471471 	1.5332916e-07 	0.00013296386 	1.0058013 	0.00016211342 	3.5654027e-35 	0 	0 	0
0.071571572 	1.5332932e-07 	0.00013296747 	1.0058011 	0.00016231407 	3.5484452e-35 	0 	0 	0
0.071671672 	1.5332947e-07 	0.00013297108 	1.0058009 	0.00016251471 	3.5314877e-35 	0 	0 	0
0.071771772 	1.5332962e-07 	0.00013297468 	1.0058008 	0.00016271536 	3.5145302e-35 	0 	0 	0
0.071871872 	1.5332977e-07 	0.00013297829 	1.0058006 	0.00016291601 	3.4975727e-35 	0 	0 	0
0.071971972 	1.5332992e-07 	0.0001329819 	1.0058004 	0.00016311665 	3.4806152e-35 	0 	0 	0
0.072072072 	1.5333007e-07 	0.00013298551 	1.0058003 	0.0001633173 	3.4636577e-35 	0 	0 	0
0.072172172 	1.5333022e-07 	0.00013298912 	1.0058001 	0.00016351794 	3.4467002e-35 	0 	0 	0
0.072272272 	1.5333037e-07 	0.00013299273 	1.0057999 	0.00016371859 	3.4297427e-35 	0 	0 	0
0.072372372 	1.5333052e-07 	0.00013299633 	1.0057998 	0.00016391923 	3.4127852e-35 	0 	0 	0
0.072472472 	1.5333067e-07 	0.00013299994 	1.0057996 	0.00016411988 	3.3958277e-35 	0 	0 	0
0.072572573 	1.5333082e-07 	0.00013300355 	1.0057994 	0.00016432052 	3.3788703e-35 	0 	0 	0
0.072672673 	1.5333097e-07 	0.00013300716 	1.0057993 	0.00016452117 	3.3619128e-35 	0 	0 	0
0.072772773 	1.5333112e-07 	0.00013301077 	1.0057991 	0.00016472181 	3.3449553e-35 	0 	0 	0
0.072872873 	1.5333127e-07 	0.00013301437 	1.0057989 	0.00016492246 	3.3279978e-35 	0 	0 	0
0.072972973 	1.5333143e-07 	0.00013301798 	1.0057988 	0.00016512311 	3.3110403e-35 	0 	0 	0
0.073073073 	1.5333158e-07 	0.00013302159 	1.0057986 	0.00016532375 	3.2940828e-35 	0 	0 	0
0.073173173 	1.5333173e-07 	0.0001330252 	1.0057985 	0.0001655244 	3.2771253e-35 	0 	0 	0
0.073273273 	1.5333188e-07 	0.00013302881 	1.0057983 	0.00016572504 	3.2601678e-35 	0 	0 	0
0.073373373 	1.5333203e-07 	0.00013303242 	1.0057981 	0.00016592569 	3.2432103e-35 	0 	0 	0
0.073473473 	1.5333218e-07 	0.00013303602 	1.005798 	0.00016612633 	3.2262528e-35 	0 	0 	0
0.073573574 	1.5333233e-07 	0.00013303963 	1.0057978 	0.00016632698 	3.2092953e-35 	0 	0 	0
0.073673674 	1.5333248e-07 	0.00013304324 	1.0057976 	0.00016652762 	3.1923378e-35 	0 	0 	0
0.073773774 	1.5333263e-07 	0.00013304685 	1.0057975 	0.00016672827 	3.1753804e-35 	0 	0 	0
0.073873874 	1.5333278e-07 	0.00013305046 	1.0057973 	0.00016692891 	3.1584229e-35 	0 	0 	0
0.073973974 	1.5333293e-07 	0.00013305407 	1.0057971 	0.00016712956 	3.1414654e-35 	0 	0 	0
0.074074074 	1.5333308e-07 	0.00013305767 	1.005797 	0.0001673302 	3.1245079e-35 	0 	0 	0
0.074174174 	1.5333323e-07 	0.00013306128 	1.0057968 	0.00016753085 	3.1075504e-35 	0 	0 	0
0.074274274 	1.5333338e-07 	0.00013306489 	1.0057966 	0.0001677315 	3.0905929e-35 	0 	0 	0
0.074374374 	1.5333354e-07 	0.0001330685 	1.0057965 	0.00016793214 	3.0736354e-35 	0 	0 	0
0.074474474 	1.5333369e-07 	0.00013307211 	1.0057963 	0.00016813279 	3.0566779e-35 	0 	0 	0
0.074574575 	1.5333384e-07 	0.00013307572 	1.0057961 	0.00016833343 	3.0397204e-35 	0 	0 	0
0.074674675 	1.5333399e-07 	0.00013307932 	1.005796 	0.00016853408 	3.0227629e-35 	0 	0 	0
0.074774775 	1.5333414e-07 	0.00013308293 	1.0057958 	0.00016873472 	3.0058054e-35 	0 	0 	0
0.074874875 	1.5333429e-07 	0.00013308654 	1.0057956 	0.00016893537 	2.988848e-35 	0 	0 	0
0.074974975 	1.5333444e-07 	0.00013309254 	1.0057955 	0.00016913764 	2.9436137e-35 	0 	0 	0
0.075075075 	1.5333457e-07 	0.00013310223 	1.0057953 	0.00016934243 	2.8547548e-35 	0 	0 	0
0.075175175 	1.5333471e-07 	0.00013311193 	1.0057951 	0.00016954721 	2.765896e-35 	0 	0 	0
0.075275275 	1.5333485e-07 	0.00013312162 	1.0057949 	0.00016975199 	2.6770371e-35 	0 	0 	0
0.075375375 	1.5333499e-07 	0.00013313131 	1.0057948 	0.00016995678 	2.5881782e-35 	0 	0 	0
0.075475475 	1.5333513e-07 	0.00013314101 	1.0057946 	0.00017016156 	2.4993194e-35 	0 	0 	0
0.075575576 	1.5333527e-07 	0.0001331507 	1.0057944 	0.00017036635 	2.4104605e-35 	0 	0 	0
0.075675676 	1.533354e-07 	0.00013316039 	1.0057942 	0.00017057113 	2.3216017e-35 	0 	0 	0
0.075775776 	1.5333554e-07 	0.00013317009 	1.005794 	0.00017077592 	2.2327428e-35 	0 	0 	0
0.075875876 	1.5333568e-07 	0.00013317978 	1.0057938 	0.0001709807 	2.1438839e-35 	0 	0 	0
0.075975976 	1.5333582e-07 	0.00013318947 	1.0057937 	0.00017118549 	2.0550251e-35 	0 	0 	0
0.076076076 	1.5333596e-07 	0.00013319917 	1.0057935 	0.00017139027 	1.9661662e-35 	0 	0 	0
0.076176176 	1.533361e-07 	0.00013320886 	1.0057933 	0.00017159506 	1.8773074e-35 	0 	0 	0
0.076276276 	1.5333623e-07 	0.00013321855 	1.0057931 	0.00017179984 	1.7884485e-35 	0 	0 	0
0.076376376 	1.5333637e-07 	0.00013322824 	1.0057929 	0.00017200462 	1.6995896e-35 	0 	0 	0
0.076476476 	1.5333651e-07 	0.00013323794 	1.0057928 	0.00017220941 	1.6107308e-35 	0 	0 	0
0.076576577 	1.5333665e-07 	0.00013324763 	1.0057926 	0.00017241419 	1.5218719e-35 	0 	0 	0
0.076676677 	1.5333679e-07 	0.00013325732 	1.0057924 	0.00017261898 	1.4330131e-35 	0 	0 	0
0.076776777 	1.5333693e-07 	0.00013326702 	1.0057922 	0.00017282376 	1.3441542e-35 	0 	0 	0
0.076876877 	1.5333707e-07 	0.00013327671 	1.005792 	0.00017302855 	1.2552954e-35 	0 	0 	0
0.076976977 	1.533372e-07 	0.0001332864 	1.0057919 	0.00017323333 	1.1664365e-35 	0 	0 	0
0.077077077 	1.5333734e-07 	0.0001332961 	1.0057917 	0.00017343812 	1.0775776e-35 	0 	0 	0
0.077177177 	1.5333746e-07 	0.00013330425 	1.0057915 	0.00017364118 	9.8874173e-36 	0 	0 	0
0.077277277 	1.533375e-07 	0.00013330794 	1.0057913 	0.00017383924 	8.9997256e-36 	0 	0 	0
0.077377377 	1.5333755e-07 	0.00013331163 	1.0057911 	0.0001740373 	8.1120339e-36 	0 	0 	0
0.077477477 	1.533376e-07 	0.00013331532 	1.0057909 	0.00017423536 	7.2243422e-36 	0 	0 	0
0.077577578 	1.5333764e-07 	0.00013331901 	1.0057908 	0.00017443343 	6.3366504e-36 	0 	0 	0
0.077677678 	1.5333769e-07 	0.0001333227 	1.0057906 	0.00017463149 	5.4489587e-36 	0 	0 	0
0.077777778 	1.5333773e-07 	0.00013332638 	1.0057904 	0.00017482955 	4.561267e-36 	0 	0 	0
0.077877878 	1.5333778e-07 	0.00013333007 	1.0057902 	0.00017502761 	3.6735752e-36 	0 	0 	0
0.077977978 	1.5333783e-07 	0.00013333376 	1.00579 	0.00017522567 	2.7858835e-36 	0 	0 	0
0.078078078 	1.5333787e-07 	0.00013333745 	1.0057899 	0.00017542373 	1.8981918e-36 	0 	0 	0
0.078178178 	1.5333792e-07 	0.00013334114 	1.0057897 	0.00017562179 	1.0105e-36 	0 	0 	0
0.078278278 	1.5333797e-07 	0.00013334483 	1.0057895 	0.00017581986 	1.2280831e-37 	0 	0 	0
0.078378378 	1.5333801e-07 	0.00013334852 	1.0057893 	0.00017601792 	-7.6488342e-37 	0 	0 	0
0.078478478 	1.5333806e-07 	0.00013335221 	1.0057891 	0.00017621598 	-1.6525751e-36 	0 	0 	0
0.078578579 	1.5333811e-07 	0.0001333559 	1.0057889 	0.00017641404 	-2.5402669e-36 	0 	0 	0
0.078678679 	1.5333815e-07 	0.00013335958 	1.0057888 	0.0001766121 	-3.4279586e-36 	0 	0 	0
0.078778779 	1.533382e-07 	0.00013336327 	1.0057886 	0.00017681016 	-4.3156503e-36 	0 	0 	0
0.078878879 	1.5333824e-07 	0.00013336696 	1.0057884 	0.00017700823 	-5.2033421e-36 	0 	0 	0
0.078978979 	1.5333829e-07 	0.00013337065 	1.0057882 	0.00017720629 	-6.0910338e-36 	0 	0 	0
0.079079079 	1.5333834e-07 	0.00013337434 	1.005788 	0.00017740435 	-6.9787255e-36 	0 	0 	0
0.079179179 	1.5333838e-07 	0.00013337803 	1.0057878 	0.00017760241 	-7.8664173e-36 	0 	0 	0
0.079279279 	1.5333843e-07 	0.00013338172 	1.0057877 	0.00017780047 	-8.754109e-36 	0 	0 	0
0.079379379 	1.5333848e-07 	0.00013338541 	1.0057875 	0.00017799853 	-9.6418007e-36 	0 	0 	0
0.079479479 	1.5333852e-07 	0.00013338909 	1.0057873 	0.00017819659 	-1.0529492e-35 	0 	0 	0
0.07957958 	1.5333857e-07 	0.00013339278 	1.0057871 	0.00017839466 	-1.1417184e-35 	0 	0 	0
0.07967968 	1.5333861e-07 	0.00013339647 	1.0057869 	0.00017859272 	-1.2304876e-35 	0 	0 	0
0.07977978 	1.5333866e-07 	0.00013340016 	1.0057868 	0.00017879078 	-1.3192568e-35 	0 	0 	0
0.07987988 	1.5333871e-07 	0.00013340385 	1.0057866 	0.00017898884 	-1.4080259e-35 	0 	0 	0
0.07997998 	1.5333875e-07 	0.00013340754 	1.0057864 	0.0001791869 	-1.4967951e-35 	0 	0 	0
0.08008008 	1.533388e-07 	0.00013341123 	1.0057862 	0.00017938496 	-1.5855643e-35 	0 	0 	0
0.08018018 	1.5333885e-07 	0.00013341492 	1.005786 	0.00017958303 	-1.6743335e-35 	0 	0 	0
0.08028028 	1.5333889e-07 	0.00013341861 	1.0057858 	0.00017978109 	-1.7631026e-35 	0 	0 	0
0.08038038 	1.5333894e-07 	0.00013342229 	1.0057857 	0.00017997915 	-1.8518718e-35 	0 	0 	0
0.08048048 	1.5333898e-07 	0.00013342598 	1.0057855 	0.00018017721 	-1.940641e-35 	0 	0 	0
0.080580581 	1.5333903e-07 	0.00013342967 	1.0057853 	0.00018037527 	-2.0294101e-35 	0 	0 	0
0.080680681 	1.5333908e-07 	0.00013343336 	1.0057851 	0.00018057333 	-2.1181793e-35 	0 	0 	0
0.080780781 	1.5333912e-07 	0.00013343705 	1.0057849 	0.00018077139 	-2.2069485e-35 	0 	0 	0
0.080880881 	1.5333917e-07 	0.00013344074 	1.0057847 	0.00018096946 	-2.2957177e-35 	0 	0 	0
0.080980981 	1.5333922e-07 	0.00013344443 	1.0057846 	0.00018116752 	-2.3844868e-35 	0 	0 	0
0.081081081 	1.5333926e-07 	0.00013344812 	1.0057844 	0.00018136558 	-2.473256e-35 	0 	0 	0
0.081181181 	1.5333931e-07 	0.0001334518 	1.0057842 	0.00018156364 	-2.5620252e-35 	0 	0 	0
0.081281281 	1.5333936e-07 	0.00013345549 	1.005784 	0.0001817617 	-2.6507944e-35 	0 	0 	0
0.081381381 	1.533394e-07 	0.00013345918 	1.0057838 	0.00018195976 	-2.7395635e-35 	0 	0 	0
0.081481481 	1.5333945e-07 	0.00013346287 	1.0057837 	0.00018215783 	-2.8283327e-35 	0 	0 	0
0.081581582 	1.5333949e-07 	0.00013346656 	1.0057835 	0.00018235589 	-2.9171019e-35 	0 	0 	0
0.081681682 	1.5333954e-07 	0.00013347025 	1.0057833 	0.00018255395 	-3.0058711e-35 	0 	0 	0
0.081781782 	1.5333959e-07 	0.00013347394 	1.0057831 	0.00018275201 	-3.0946402e-35 	0 	0 	0
0.081881882 	1.5333963e-07 	0.00013347763 	1.0057829 	0.00018295007 	-3.1834094e-35 	0 	0 	0
0.081981982 	1.5333968e-07 	0.00013348131 	1.0057827 	0.00018314813 	-3.2721786e-35 	0 	0 	0
0.082082082 	1.5333973e-07 	0.000133485 	1.0057826 	0.00018334619 	-3.3609477e-35 	0 	0 	0
0.082182182 	1.5333977e-07 	0.00013348869 	1.0057824 	0.00018354426 	-3.4497169e-35 	0 	0 	0
0.082282282 	1.5333982e-07 	0.00013349238 	1.0057822 	0.00018374232 	-3.5384861e-35 	0 	0 	0
0.082382382 	1.5333986e-07 	0.00013349607 	1.005782 	0.00018394038 	-3.6272553e-35 	0 	0 	0
0.082482482 	1.5333991e-07 	0.00013349976 	1.0057818 	0.00018413844 	-3.7160244e-35 	0 	0 	0
0.082582583 	1.5333996e-07 	0.00013350345 	1.0057816 	0.0001843365 	-3.8047936e-35 	0 	0 	0
0.082682683 	1.5334e-07 	0.00013350714 	1.0057815 	0.00018453456 	-3.8935628e-35 	0 	0 	0
0.082782783 	1.5334005e-07 	0.00013351083 	1.0057813 	0.00018473263 	-3.982332e-35 	0 	0 	0
0.082882883 	1.533401e-07 	0.00013351451 	1.0057811 	0.00018493069 	-4.0711011e-35 	0 	0 	0
0.082982983 	1.5334014e-07 	0.0001335182 	1.0057809 	0.00018512875 	-4.1598703e-35 	0 	0 	0
0.083083083 	1.5334019e-07 	0.00013352189 	1.0057807 	0.00018532681 	-4.2486395e-35 	0 	0 	0
0.083183183 	1.5334023e-07 	0.00013352558 	1.0057805 	0.00018552487 	-4.3374086e-35 	0 	0 	0
0.083283283 	1.5334028e-07 	0.00013352927 	1.0057804 	0.00018572293 	-4.4261778e-35 	0 	0 	0
0.083383383 	1.5334033e-07 	0.00013353296 	1.0057802 	0.00018592099 	-4.514947e-35 	0 	0 	0
0.083483483 	1.5334037e-07 	0.00013353665 	1.00578 	0.00018611906 	-4.6037162e-35 	0 	0 	0
0.083583584 	1.5334042e-07 	0.00013354034 	1.0057798 	0.00018631712 	-4.6924853e-35 	0 	0 	0
0.083683684 	1.5334047e-07 	0.00013354402 	1.0057796 	0.00018651518 	-4.7812545e-35 	0 	0 	0
0.083783784 	1.5334051e-07 	0.00013354771 	1.0057795 	0.00018671324 	-4.8700237e-35 	0 	0 	0
0.083883884 	1.5334056e-07 	0.0001335514 	1.0057793 	0.0001869113 	-4.9587929e-35 	0 	0 	0
0.083983984 	1.5334061e-07 	0.00013355509 	1.0057791 	0.00018710936 	-5.047562e-35 	0 	0 	0
0.084084084 	1.5334065e-07 	0.00013355878 	1.0057789 	0.00018730742 	-5.1363312e-35 	0 	0 	0
0.084184184 	1.533407e-07 	0.00013356247 	1.0057787 	0.00018750549 	-5.2251004e-35 	0 	0 	0
0.084284284 	1.5334074e-07 	0.00013356616 	1.0057785 	0.00018770355 	-5.3138696e-35 	0 	0 	0
0.084384384 	1.5334079e-07 	0.00013356985 	1.0057784 	0.00018790161 	-5.4026387e-35 	0 	0 	0
0.084484484 	1.5334084e-07 	0.00013357353 	1.0057782 	0.00018809967 	-5.4914079e-35 	0 	0 	0
0.084584585 	1.5334088e-07 	0.00013357722 	1.005778 	0.00018829773 	-5.5801771e-35 	0 	0 	0
0.084684685 	1.5334093e-07 	0.00013358248 	1.0057778 	0.00018849679 	-5.6689462e-35 	0 	0 	0
0.084784785 	1.5334097e-07 	0.00013359221 	1.0057776 	0.0001886987 	-5.7577154e-35 	0 	0 	0
0.084884885 	1.5334101e-07 	0.00013360193 	1.0057774 	0.00018890061 	-5.8464846e-35 	0 	0 	0
0.084984985 	1.5334105e-07 	0.00013361166 	1.0057772 	0.00018910252 	-5.9352538e-35 	0 	0 	0
0.085085085 	1.5334109e-07 	0.00013362139 	1.005777 	0.00018930443 	-6.0240229e-35 	0 	0 	0
0.085185185 	1.5334114e-07 	0.00013363112 	1.0057768 	0.00018950634 	-6.1127921e-35 	0 	0 	0
0.085285285 	1.5334118e-07 	0.00013364085 	1.0057766 	0.00018970825 	-6.2015613e-35 	0 	0 	0
0.085385385 	1.5334122e-07 	0.00013365058 	1.0057764 	0.00018991016 	-6.2903305e-35 	0 	0 	0
0.085485485 	1.5334126e-07 	0.0001336603 	1.0057762 	0.00019011207 	-6.3790996e-35 	0 	0 	0
0.085585586 	1.533413e-07 	0.00013367003 	1.005776 	0.00019031398 	-6.4678688e-35 	0 	0 	0
0.085685686 	1.5334134e-07 	0.00013367976 	1.0057758 	0.00019051589 	-6.556638e-35 	0 	0 	0
0.085785786 	1.5334139e-07 	0.00013368949 	1.0057756 	0.00019071781 	-6.6454071e-35 	0 	0 	0
0.085885886 	1.5334143e-07 	0.00013369922 	1.0057754 	0.00019091972 	-6.7341763e-35 	0 	0 	0
0.085985986 	1.5334147e-07 	0.00013370895 	1.0057752 	0.00019112163 	-6.8229455e-35 	0 	0 	0
0.086086086 	1.5334151e-07 	0.00013371867 	1.005775 	0.00019132354 	-6.9117147e-35 	0 	0 	0
0.086186186 	1.5334155e-07 	0.0001337284 	1.0057748 	0.00019152545 	-7.0004838e-35 	0 	0 	0
0.086286286 	1.5334159e-07 	0.00013373813 	1.0057746 	0.00019172736 	-7.089253e-35 	0 	0 	0
0.086386386 	1.5334163e-07 	0.00013374786 	1.0057744 	0.00019192927 	-7.1780222e-35 	0 	0 	0
0.086486486 	1.5334168e-07 	0.00013375759 	1.0057742 	0.00019213118 	-7.2667914e-35 	0 	0 	0
0.086586587 	1.5334172e-07 	0.00013376732 	1.005774 	0.00019233309 	-7.3555605e-35 	0 	0 	0
0.086686687 	1.5334176e-07 	0.00013377704 	1.0057738 	0.000192535 	-7.4443297e-35 	0 	0 	0
0.086786787 	1.533418e-07 	0.00013378677 	1.0057736 	0.00019273691 	-7.5330989e-35 	0 	0 	0
0.086886887 	1.5334184e-07 	0.0001337965 	1.0057734 	0.00019293882 	-7.621868e-35 	0 	0 	0
0.086986987 	1.5334188e-07 	0.00013380623 	1.0057732 	0.00019314073 	-7.7106372e-35 	0 	0 	0
0.087087087 	1.5334193e-07 	0.00013381596 	1.005773 	0.00019334264 	-7.7994064e-35 	0 	0 	0
0.087187187 	1.5334196e-07 	0.00013382416 	1.0057728 	0.0001935422 	-7.8486591e-35 	0 	0 	0
0.087287287 	1.5334198e-07 	0.00013382778 	1.0057726 	0.00019373471 	-7.7790376e-35 	0 	0 	0
0.087387387 	1.5334199e-07 	0.0001338314 	1.0057724 	0.00019392721 	-7.709416e-35 	0 	0 	0
0.087487487 	1.5334201e-07 	0.00013383502 	1.0057722 	0.00019411971 	-7.6397945e-35 	0 	0 	0
0.087587588 	1.5334203e-07 	0.00013383864 	1.005772 	0.00019431222 	-7.5701729e-35 	0 	0 	0
0.087687688 	1.5334205e-07 	0.00013384226 	1.0057718 	0.00019450472 	-7.5005514e-35 	0 	0 	0
0.087787788 	1.5334206e-07 	0.00013384588 	1.0057716 	0.00019469722 	-7.4309298e-35 	0 	0 	0
0.087887888 	1.5334208e-07 	0.00013384951 	1.0057714 	0.00019488973 	-7.3613083e-35 	0 	0 	0
0.087987988 	1.533421e-07 	0.00013385313 	1.0057712 	0.00019508223 	-7.2916868e-35 	0 	0 	0
0.088088088 	1.5334211e-07 	0.00013385675 	1.005771 	0.00019527473 	-7.2220652e-35 	0 	0 	0
0.088188188 	1.5334213e-07 	0.00013386037 	1.0057708 	0.00019546723 	-7.1524437e-35 	0 	0 	0
0.088288288 	1.5334215e-07 	0.00013386399 	1.0057706 	0.00019565974 	-7.0828221e-35 	0 	0 	0
0.088388388 	1.5334216e-07 	0.00013386761 	1.0057704 	0.00019585224 	-7.0132006e-35 	0 	0 	0
0.088488488 	1.5334218e-07 	0.00013387123 	1.0057702 	0.00019604474 	-6.943579e-35 	0 	0 	0
0.088588589 	1.533422e-07 	0.00013387485 	1.00577 	0.00019623725 	-6.8739575e-35 	0 	0 	0
0.088688689 	1.5334221e-07 	0.00013387847 	1.0057698 	0.00019642975 	-6.804336e-35 	0 	0 	0
0.088788789 	1.5334223e-07 	0.00013388209 	1.0057696 	0.00019662225 	-6.7347144e-35 	0 	0 	0
0.088888889 	1.5334225e-07 	0.00013388571 	1.0057694 	0.00019681476 	-6.6650929e-35 	0 	0 	0
0.088988989 	1.5334226e-07 	0.00013388933 	1.0057692 	0.00019700726 	-6.5954713e-35 	0 	0 	0
0.089089089 	1.5334228e-07 	0.00013389295 	1.005769 	0.00019719976 	-6.5258498e-35 	0 	0 	0
0.089189189 	1.533423e-07 	0.00013389657 	1.0057688 	0.00019739227 	-6.4562282e-35 	0 	0 	0
0.089289289 	1.5334231e-07 	0.00013390019 	1.0057686 	0.00019758477 	-6.3866067e-35 	0 	0 	0
0.089389389 	1.5334233e-07 	0.00013390381 	1.0057684 	0.00019777727 	-6.3169852e-35 	0 	0 	0
0.089489489 	1.5334235e-07 	0.00013390743 	1.0057682 	0.00019796978 	-6.2473636e-35 	0 	0 	0
0.08958959 	1.5334236e-07 	0.00013391105 	1.005768 	0.00019816228 	-6.1777421e-35 	0 	0 	0
0.08968969 	1.5334238e-07 	0.00013391467 	1.0057678 	0.00019835478 	-6.1081205e-35 	0 	0 	0
0.08978979 	1.533424e-07 	0.00013391829 	1.0057676 	0.00019854729 	-6.038499e-35 	0 	0 	0
0.08988989 	1.5334241e-07 	0.00013392191 	1.0057674 	0.00019873979 	-5.9688774e-35 	0 	0 	0
0.08998999 	1.5334243e-07 	0.00013392553 	1.0057672 	0.00019893229 	-5.8992559e-35 	0 	0 	0
0.09009009 	1.5334245e-07 	0.00013392915 	1.005767 	0.0001991248 	-5.8296344e-35 	0 	0 	0
0.09019019 	1.5334246e-07 	0.00013393277 	1.0057668 	0.0001993173 	-5.7600128e-35 	0 	0 	0
0.09029029 	1.5334248e-07 	0.00013393639 	1.0057666 	0.0001995098 	-5.6903913e-35 	0 	0 	0
0.09039039 	1.533425e-07 	0.00013394002 	1.0057664 	0.00019970231 	-5.6207697e-35 	0 	0 	0
0.09049049 	1.5334252e-07 	0.00013394364 	1.0057662 	0.00019989481 	-5.5511482e-35 	0 	0 	0
0.090590591 	1.5334253e-07 	0.00013394726 	1.005766 	0.00020008731 	-5.4815266e-35 	0 	0 	0
0.090690691 	1.5334255e-07 	0.00013395088 	1.0057658 	0.00020027981 	-5.4119051e-35 	0 	0 	0
0.090790791 	1.5334257e-07 	0.0001339545 	1.0057656 	0.00020047232 	-5.3422835e-35 	0 	0 	0
0.090890891 	1.5334258e-07 	0.00013395812 	1.0057654 	0.00020066482 	-5.272662e-35 	0 	0 	0
0.090990991 	1.533426e-07 	0.00013396174 	1.0057652 	0.00020085732 	-5.2030405e-35 	0 	0 	0
0.091091091 	1.5334262e-07 	0.00013396536 	1.005765 	0.00020104983 	-5.1334189e-35 	0 	0 	0
0.091191191 	1.5334263e-07 	0.00013396898 	1.0057648 	0.00020124233 	-5.0637974e-35 	0 	0 	0
0.091291291 	1.5334265e-07 	0.0001339726 	1.0057646 	0.00020143483 	-4.9941758e-35 	0 	0 	0
0.091391391 	1.5334267e-07 	0.00013397622 	1.0057644 	0.00020162734 	-4.9245543e-35 	0 	0 	0
0.091491491 	1.5334268e-07 	0.00013397984 	1.0057642 	0.00020181984 	-4.8549327e-35 	0 	0 	0
0.091591592 	1.533427e-07 	0.00013398346 	1.005764 	0.00020201234 	-4.7853112e-35 	0 	0 	0
0.091691692 	1.5334272e-07 	0.00013398708 	1.0057638 	0.00020220485 	-4.7156897e-35 	0 	0 	0
0.091791792 	1.5334273e-07 	0.0001339907 	1.0057636 	0.00020239735 	-4.6460681e-35 	0 	0 	0
0.091891892 	1.5334275e-07 	0.00013399432 	1.0057634 	0.00020258985 	-4.5764466e-35 	0 	0 	0
0.091991992 	1.5334277e-07 	0.00013399794 	1.0057632 	0.00020278236 	-4.506825e-35 	0 	0 	0
0.092092092 	1.5334278e-07 	0.00013400156 	1.005763 	0.00020297486 	-4.4372035e-35 	0 	0 	0
0.092192192 	1.533428e-07 	0.00013400518 	1.0057628 	0.00020316736 	-4.3675819e-35 	0 	0 	0
0.092292292 	1.5334282e-07 	0.0001340088 	1.0057626 	0.00020335987 	-4.2979604e-35 	0 	0 	0
0.092392392 	1.5334283e-07 	0.00013401242 	1.0057624 	0.00020355237 	-4.2283389e-35 	0 	0 	0
0.092492492 	1.5334285e-07 	0.00013401604 	1.0057622 	0.00020374487 	-4.1587173e-35 	0 	0 	0
0.092592593 	1.5334287e-07 	0.00013401966 	1.005762 	0.00020393738 	-4.0890958e-35 	0 	0 	0
0.092692693 	1.5334288e-07 	0.00013402328 	1.0057618 	0.00020412988 	-4.0194742e-35 	0 	0 	0
0.092792793 	1.533429e-07 	0.0001340269 	1.0057616 	0.00020432238 	-3.9498527e-35 	0 	0 	0
0.092892893 	1.5334292e-07 	0.00013403053 	1.0057614 	0.00020451489 	-3.8802311e-35 	0 	0 	0
0.092992993 	1.5334293e-07 	0.00013403415 	1.0057612 	0.00020470739 	-3.8106096e-35 	0 	0 	0
0.093093093 	1.5334295e-07 	0.00013403777 	1.005761 	0.00020489989 	-3.7409881e-35 	0 	0 	0
0.093193193 	1.5334297e-07 	0.00013404139 	1.0057608 	0.00020509239 	-3.6713665e-35 	0 	0 	0
0.093293293 	1.5334299e-07 	0.00013404501 	1.0057606 	0.0002052849 	-3.601745e-35 	0 	0 	0
0.093393393 	1.53343e-07 	0.00013404863 	1.0057604 	0.0002054774 	-3.5321234e-35 	0 	0 	0
0.093493493 	1.5334302e-07 	0.00013405225 	1.0057602 	0.0002056699 	-3.4625019e-35 	0 	0 	0
0.093593594 	1.5334304e-07 	0.00013405587 	1.00576 	0.00020586241 	-3.3928803e-35 	0 	0 	0
0.093693694 	1.5334305e-07 	0.00013405949 	1.0057598 	0.00020605491 	-3.3232588e-35 	0 	0 	0
0.093793794 	1.5334307e-07 	0.00013406311 	1.0057596 	0.00020624741 	-3.2536372e-35 	0 	0 	0
0.093893894 	1.5334309e-07 	0.00013406673 	1.0057594 	0.00020643992 	-3.1840157e-35 	0 	0 	0
0.093993994 	1.533431e-07 	0.00013407035 	1.0057592 	0.00020663242 	-3.1143942e-35 	0 	0 	0
0.094094094 	1.5334312e-07 	0.00013407397 	1.005759 	0.00020682492 	-3.0447726e-35 	0 	0 	0
0.094194194 	1.5334314e-07 	0.00013407759 	1.0057588 	0.00020701743 	-2.9751511e-35 	0 	0 	0
0.094294294 	1.5334315e-07 	0.00013408121 	1.0057586 	0.00020720993 	-2.9055295e-35 	0 	0 	0
0.094394394 	1.5334317e-07 	0.00013408483 	1.0057584 	0.00020740243 	-2.835908e-35 	0 	0 	0
0.094494494 	1.5334319e-07 	0.00013408845 	1.0057582 	0.00020759494 	-2.7662864e-35 	0 	0 	0
0.094594595 	1.533432e-07 	0.00013409207 	1.005758 	0.00020778744 	-2.6966649e-35 	0 	0 	0
0.094694695 	1.5334322e-07 	0.00013409569 	1.0057578 	0.00020797994 	-2.6270434e-35 	0 	0 	0
0.094794795 	1.5334324e-07 	0.00013409931 	1.0057576 	0.00020817245 	-2.5574218e-35 	0 	0 	0
0.094894895 	1.5334325e-07 	0.00013410293 	1.0057574 	0.00020836495 	-2.4878003e-35 	0 	0 	0
0.094994995 	1.5334327e-07 	0.00013410655 	1.0057571 	0.00020855745 	-2.4181787e-35 	0 	0 	0
0.095095095 	1.5334329e-07 	0.00013411017 	1.0057569 	0.00020874996 	-2.3485572e-35 	0 	0 	0
0.095195195 	1.533433e-07 	0.00013411379 	1.0057567 	0.00020894246 	-2.2789356e-35 	0 	0 	0
0.095295295 	1.5334332e-07 	0.00013411741 	1.0057565 	0.00020913496 	-2.2093141e-35 	0 	0 	0
0.095395395 	1.5334334e-07 	0.00013412104 	1.0057563 	0.00020932747 	-2.1396926e-35 	0 	0 	0
0.095495495 	1.5334335e-07 	0.00013412466 	1.0057561 	0.00020951997 	-2.070071e-35 	0 	0 	0
0.095595596 	1.5334337e-07 	0.00013412828 	1.0057559 	0.00020971247 	-2.0004495e-35 	0 	0 	0
0.095695696 	1.5334339e-07 	0.00013413504 	1.0057557 	0.00020990686 	-1.9308279e-35 	0 	0 	0
0.095795796 	1.533434e-07 	0.0001341447 	1.0057555 	0.00021010298 	-1.8612064e-35 	0 	0 	0
0.095895896 	1.5334341e-07 	0.00013415436 	1.0057553 	0.0002102991 	-1.7915848e-35 	0 	0 	0
0.095995996 	1.5334343e-07 	0.00013416402 	1.0057551 	0.00021049522 	-1.7219633e-35 	0 	0 	0
0.096096096 	1.5334344e-07 	0.00013417367 	1.0057549 	0.00021069134 	-1.6523418e-35 	0 	0 	0
0.096196196 	1.5334346e-07 	0.00013418333 	1.0057546 	0.00021088746 	-1.5827202e-35 	0 	0 	0
0.096296296 	1.5334347e-07 	0.00013419299 	1.0057544 	0.00021108358 	-1.5130987e-35 	0 	0 	0
0.096396396 	1.5334348e-07 	0.00013420264 	1.0057542 	0.0002112797 	-1.4434771e-35 	0 	0 	0
0.096496496 	1.533435e-07 	0.0001342123 	1.005754 	0.00021147582 	-1.3738556e-35 	0 	0 	0
0.096596597 	1.5334351e-07 	0.00013422196 	1.0057538 	0.00021167194 	-1.304234e-35 	0 	0 	0
0.096696697 	1.5334352e-07 	0.00013423161 	1.0057535 	0.00021186806 	-1.2346125e-35 	0 	0 	0
0.096796797 	1.5334354e-07 	0.00013424127 	1.0057533 	0.00021206418 	-1.1649909e-35 	0 	0 	0
0.096896897 	1.5334355e-07 	0.00013425093 	1.0057531 	0.0002122603 	-1.0953694e-35 	0 	0 	0
0.096996997 	1.5334357e-07 	0.00013426058 	1.0057529 	0.00021245642 	-1.0257479e-35 	0 	0 	0
0.097097097 	1.5334358e-07 	0.00013427024 	1.0057527 	0.00021265254 	-9.5612632e-36 	0 	0 	0
0.097197197 	1.5334359e-07 	0.0001342799 	1.0057524 	0.00021284866 	-8.8650478e-36 	0 	0 	0
0.097297297 	1.5334361e-07 	0.00013428955 	1.0057522 	0.00021304478 	-8.1688323e-36 	0 	0 	0
0.097397397 	1.5334362e-07 	0.00013429921 	1.005752 	0.0002132409 	-7.4726169e-36 	0 	0 	0
0.097497497 	1.5334363e-07 	0.00013430887 	1.0057518 	0.00021343702 	-6.7764015e-36 	0 	0 	0
0.097597598 	1.5334365e-07 	0.00013431852 	1.0057516 	0.00021363314 	-6.080186e-36 	0 	0 	0
0.097697698 	1.5334366e-07 	0.00013432818 	1.0057514 	0.00021382926 	-5.3839706e-36 	0 	0 	0
0.097797798 	1.5334368e-07 	0.00013433784 	1.0057511 	0.00021402538 	-4.6877552e-36 	0 	0 	0
0.097897898 	1.5334369e-07 	0.00013434749 	1.0057509 	0.0002142215 	-3.9915397e-36 	0 	0 	0
0.097997998 	1.533437e-07 	0.00013435715 	1.0057507 	0.00021441762 	-3.2953243e-36 	0 	0 	0
0.098098098 	1.5334372e-07 	0.00013436681 	1.0057505 	0.00021461374 	-2.5991089e-36 	0 	0 	0
0.098198198 	1.5334373e-07 	0.00013437647 	1.0057503 	0.00021480986 	-1.9028934e-36 	0 	0 	0
0.098298298 	1.5334374e-07 	0.00013438612 	1.00575 	0.00021500598 	-1.206678e-36 	0 	0 	0
0.098398398 	1.5334376e-07 	0.00013439578 	1.0057498 	0.0002152021 	-5.1046256e-37 	0 	0 	0
0.098498498 	1.5334377e-07 	0.00013440383 	1.0057496 	0.0002153963 	0 	0 	0 	0
0.098598599 	1.5334378e-07 	0.00013440748 	1.0057494 	0.00021558523 	0 	0 	0 	0
0.098698699 	1.5334379e-07 	0.00013441112 	1.0057492 	0.00021577416 	0 	0 	0 	0
0.098798799 	1.533438e-07 	0.00013441477 	1.0057489 	0.00021596309 	0 	0 	0 	0
0.098898899 	1.5334381e-07 	0.00013441841 	1.0057487 	0.00021615202 	0 	0 	0 	0
0.098998999 	1.5334381e-07 	0.00013442206 	1.0057485 	0.00021634095 	0 	0 	0 	0
0.099099099 	1.5334382e-07 	0.0001344257 	1.0057483 	0.00021652988 	0 	0 	0 	0
0.099199199 	1.5334383e-07 	0.00013442935 	1.0057481 	0.00021671881 	0 	0 	0 	0
0.099299299 	1.5334384e-07 	0.00013443299 	1.0057478 	0.00021690774 	0 	0 	0 	0
0.099399399 	1.5334385e-07 	0.00013443664 	1.0057476 	0.00021709667 	0 	0 	0 	0
0.099499499 	1.5334386e-07 	0.00013444029 	1.0057474 	0.0002172856 	0 	0 	0 	0
0.0995996 	1.5334387e-07 	0.00013444393 	1.0057472 	0.00021747453 	0 	0 	0 	0
0.0996997 	1.5334388e-07 	0.00013444758 	1.005747 	0.00021766346 	0 	0 	0 	0
0.0997998 	1.5334388e-07 	0.00013445122 	1.0057467 	0.00021785239 	0 	0 	0 	0
0.0998999 	1.5334389e-07 	0.00013445487 	1.0057465 	0.00021804132 	0 	0 	0 	0
0.1 	1.533439e-07 	0.00013445851 	1.0057463 	0.00021823025 	0 	0 	0 	0
