/*--------------------------------*- C++ -*----------------------------------*\
| =========                 |                                                 |
| \\      /  F ield         | OpenFOAM: The Open Source CFD Toolbox           |
|  \\    /   O peration     | Version:  2206                                  |
|   \\  /    A nd           | Website:  www.openfoam.com                      |
|    \\/     M anipulation  |                                                 |
\*---------------------------------------------------------------------------*/
FoamFile
{
    version     2.0;
    format      ascii;
    arch        "LSB;label=32;scalar=64";
    class       volScalarField;
    location    "1800";
    object      p;
}
// * * * * * * * * * * * * * * * * * * * * * * * * * * * * * * * * * * * * * //

dimensions      [0 2 -2 0 0 0 0];

internalField   nonuniform List<scalar> 
7480
(
0.062987414
0.052095333
0.03669695
0.027312098
0.021996083
0.018793818
0.016767274
0.015215373
0.013854919
0.012721164
0.011821368
0.011113758
0.010576975
0.010184355
0.0099044229
0.0097147569
0.0095948588
0.0095298481
0.0095029101
0.0094968282
0.0095141534
0.0095347681
0.009549378
0.0095597759
0.0095640587
0.0095610117
0.0095513694
0.0095353018
0.0095113932
0.0094801784
0.0094429114
0.0094000965
0.0093521747
0.0092999468
0.0092434584
0.0091827706
0.0091181805
0.009049666
0.0089774748
0.0089020619
0.0088235269
0.0087417705
0.0086573297
0.0085702855
0.0084806315
0.0083887521
0.0082944598
0.0081978787
0.0080992018
0.0079981984
0.0078951955
0.0077901594
0.0076831146
0.0075742143
0.0074632436
0.0073504188
0.0072356475
0.0071189426
0.0070002866
0.0068796405
0.0067571104
0.0066325625
0.0065061013
0.0063776189
0.0062471466
0.0061146352
0.0059800548
0.0058433734
0.0057045638
0.0055636208
0.0054204975
0.0052751913
0.0051276555
0.0049779014
0.0048258767
0.0046715937
0.0045150091
0.0043561563
0.0041950052
0.0040316098
0.0038659642
0.0036981473
0.003528214
0.0033562465
0.0031824163
0.0030068461
0.0028298699
0.0026516823
0.0024729843
0.0022939049
0.0021163565
0.0019391656
0.0017694908
0.0015976118
0.0014547365
0.0012875135
0.0012305065
0.0010255952
0.001835894
-0.001834796
0.059299107
0.051093504
0.038761981
0.02945464
0.02311698
0.019291993
0.017012023
0.015367576
0.013970196
0.012820837
0.011910148
0.01119287
0.010647868
0.010247437
0.0099599379
0.0097634194
0.0096376439
0.0095674986
0.0095372018
0.0095327607
0.0095439543
0.009557732
0.00956997
0.009578353
0.0095808294
0.0095762332
0.0095652451
0.0095479736
0.009522997
0.0094908549
0.009452776
0.0094092312
0.009360653
0.0093078326
0.0092508047
0.0091896291
0.0091245998
0.0090556868
0.0089831303
0.0089073836
0.0088285405
0.0087465
0.0086617975
0.0085745096
0.0084846289
0.0083925386
0.008298049
0.0082012846
0.0081024361
0.0080012717
0.0078981182
0.0077929402
0.0076857618
0.0075767353
0.0074656454
0.0073527083
0.0072378306
0.0071210251
0.0070022741
0.0068815378
0.0067589221
0.0066342928
0.0065077543
0.0063791983
0.0062486561
0.0061160782
0.0059814345
0.0058446929
0.0057058259
0.0055648283
0.0054216528
0.0052762969
0.0051287137
0.0049789143
0.0048268465
0.0046725223
0.0045158985
0.0043570082
0.0041958213
0.0040323917
0.0038667136
0.0036988655
0.0035289025
0.0033569067
0.0031830496
0.0030074538
0.0028304531
0.0026522424
0.0024735226
0.0022944226
0.0021168552
0.0019396464
0.0017699564
0.0015980626
0.0014551787
0.0012879477
0.0012309451
0.0010261154
0.0018363065
-0.0018342332
0.055534206
0.048788623
0.038001249
0.029224671
0.023378613
0.019802205
0.017509058
0.015769994
0.014288754
0.01308905
0.012141741
0.011393672
0.010824754
0.010404128
0.010099174
0.0098881085
0.0097494911
0.0096677621
0.0096274532
0.0096146753
0.0096148075
0.0096206684
0.0096265992
0.0096292346
0.0096266784
0.0096177981
0.0096030923
0.0095824254
0.0095544053
0.0095196179
0.0094792367
0.0094336256
0.0093831918
0.0093286966
0.0092701476
0.0092075813
0.0091412993
0.0090712653
0.0089976718
0.0089209805
0.0088412709
0.0087584344
0.008673004
0.0085850431
0.0084945408
0.0084018752
0.008306849
0.0082095888
0.00811028
0.008008686
0.0079051336
0.0077995823
0.0076920551
0.0075827019
0.0074713048
0.00735808
0.0072429314
0.0071258711
0.0070068802
0.0068859182
0.0067630896
0.006638259
0.0065115303
0.0063827946
0.0062520823
0.0061193433
0.005984547
0.0058476609
0.005708657
0.0055675294
0.0054242306
0.0052787575
0.005131063
0.0049811578
0.0048289894
0.0046745696
0.0045178549
0.0043588781
0.004197609
0.0040341012
0.0038683486
0.0037004298
0.0035303994
0.0033583396
0.0031844216
0.003008768
0.0028317126
0.0026534501
0.0024746815
0.0022955354
0.002117926
0.0019406768
0.0017709541
0.0015990255
0.0014561266
0.0012888692
0.0012318944
0.0010270668
0.001837386
-0.0018335011
0.052629175
0.047080772
0.037753721
0.029540249
0.023954044
0.020354894
0.017968546
0.016178548
0.014664571
0.013435184
0.012454412
0.011671294
0.011073466
0.010627269
0.010298986
0.010067153
0.009909328
0.0098103883
0.0097549518
0.0097288053
0.0097175956
0.0097137808
0.0097110696
0.0097060469
0.0096966006
0.009681626
0.0096615384
0.0096359528
0.0096034946
0.0095648181
0.0095209901
0.0094722442
0.0094189799
0.0093619246
0.0093010386
0.0092362709
0.0091679941
0.0090961844
0.0090209194
0.0089427098
0.0088616058
0.008777485
0.0086908796
0.0086018315
0.0085103253
0.0084167293
0.0083208328
0.0082227687
0.008122713
0.008020422
0.0079162234
0.007810068
0.0077019775
0.007592097
0.0074802046
0.007366517
0.0072509326
0.0071334625
0.0070140861
0.0068927622
0.0067695932
0.0066444411
0.0065174096
0.0063883877
0.0062574054
0.0061244108
0.0059893727
0.005852258
0.0057130377
0.005571705
0.0054282117
0.0052825542
0.0051346848
0.0049846137
0.0048322877
0.0046777182
0.0045208614
0.0043617496
0.0042003522
0.0040367224
0.003870854
0.003702825
0.0035326899
0.0033605306
0.0031865183
0.003010775
0.0028336348
0.0026552919
0.0024764478
0.0022972302
0.0021195553
0.0019422435
0.0017724689
0.0016004863
0.0014575597
0.0012902608
0.001233319
0.0010284364
0.0018390507
-0.0018325196
0.049884718
0.045251721
0.03729835
0.029898428
0.024592171
0.02093775
0.018428611
0.016543537
0.014958492
0.013712341
0.01272841
0.011937876
0.011324067
0.010855593
0.010507451
0.010257706
0.010083456
0.0099696342
0.0098987866
0.0098577244
0.0098337219
0.0098183758
0.0098063224
0.0097936684
0.0097774301
0.0097562901
0.0097306717
0.0097000269
0.0096629193
0.00962007
0.0095724196
0.0095201094
0.0094635565
0.0094034938
0.0093398466
0.0092724526
0.009201776
0.0091278013
0.0090504905
0.0089704064
0.0088875699
0.0088018452
0.0087137666
0.0086233493
0.0085305743
0.0084358003
0.0083387962
0.0082397023
0.0081386868
0.0080354985
0.0079304674
0.0078235321
0.0077147137
0.0076041522
0.0074916202
0.0073773354
0.0072611876
0.0071431869
0.0070233114
0.0069015196
0.006777911
0.0066523436
0.0065249209
0.0063955299
0.0062641994
0.0061308752
0.0059955254
0.005858116
0.0057186172
0.0055770206
0.0054332771
0.0052873825
0.0051392886
0.0049890045
0.0048364763
0.004681715
0.0045246759
0.0043653913
0.0042038296
0.0040400439
0.0038740272
0.0037058574
0.0035355886
0.0033633023
0.0031891693
0.0030133117
0.002836063
0.0026576175
0.0024786766
0.0022993677
0.0021216083
0.0019442163
0.0017743729
0.0016023215
0.001459352
0.0012919996
0.0012350812
0.0010301325
0.0018411199
-0.0018312987
0.047305715
0.043306665
0.036604278
0.030032103
0.025017544
0.021424801
0.018875816
0.016936111
0.015315024
0.014029079
0.013005513
0.01217482
0.011534838
0.011047941
0.010690895
0.010429648
0.010238262
0.010113588
0.010033526
0.0099839519
0.009952437
0.0099284522
0.0099074482
0.0098861399
0.0098619202
0.0098339888
0.0098029404
0.0097676866
0.0097263622
0.0096797158
0.0096285272
0.0095728134
0.0095130182
0.0094499227
0.009383432
0.0093133371
0.0092401656
0.0091638775
0.0090843799
0.0090022716
0.0089175429
0.0088300443
0.0087403242
0.0086483665
0.0085541492
0.0084580334
0.0083597662
0.0082594941
0.0081573776
0.0080531538
0.0079471575
0.007839314
0.0077296457
0.0076182882
0.0075050089
0.0073900251
0.0072732158
0.0071545917
0.0070341302
0.0069117883
0.0067876622
0.0066616052
0.0065337211
0.0064038948
0.0062721539
0.0061384411
0.0060027234
0.0058649667
0.0057251393
0.0055832316
0.0054391931
0.0052930192
0.0051446608
0.004994126
0.0048413596
0.0046863725
0.0045291192
0.0043696312
0.0042078763
0.0040439072
0.0038777163
0.0037093812
0.0035389553
0.0033665198
0.0031922452
0.0030162531
0.0028388772
0.002660311
0.0024812563
0.0023018398
0.0021239804
0.0019464938
0.0017765667
0.0016044341
0.0014614058
0.0012939894
0.001237077
0.001032062
0.0018434599
-0.0018298795
0.045037333
0.04143732
0.035742614
0.029951152
0.025291221
0.021821611
0.019269029
0.017298414
0.015667277
0.014356313
0.013303936
0.01244562
0.01177462
0.011257001
0.010871213
0.01058286
0.010368877
0.010231317
0.010143224
0.010085631
0.010047088
0.010019513
0.0099967128
0.0099735806
0.009946403
0.0099138503
0.009877312
0.0098365614
0.0097901936
0.00973956
0.0096851668
0.0096265382
0.0095639881
0.0094982943
0.0094292736
0.0093567092
0.0092812126
0.0092027
0.0091210592
0.0090369491
0.0089503191
0.0088610066
0.0087695912
0.008676023
0.0085802792
0.0084827345
0.0083831162
0.0082815817
0.0081782806
0.0080729335
0.0079658848
0.0078570466
0.0077464423
0.0076342047
0.0075200935
0.0074043287
0.0072867808
0.0071674618
0.0070463461
0.0069233875
0.0067986794
0.0066720708
0.0065436661
0.0064133484
0.006281144
0.0061469914
0.0060108573
0.0058727071
0.0057325074
0.0055902471
0.0054458744
0.0052993839
0.0051507254
0.0049999059
0.0048468694
0.004691626
0.0045341293
0.0043744105
0.0042124363
0.0040482591
0.0038818705
0.0037133476
0.0035427433
0.0033701384
0.003195703
0.0030195583
0.0028420376
0.0026633342
0.00248415
0.0023046109
0.0021266368
0.001949042
0.0017790168
0.0016067915
0.0014636875
0.0012961964
0.0012392693
0.0010341833
0.0018460145
-0.0018282676
0.043077674
0.039798364
0.034861458
0.029734284
0.025437895
0.022121948
0.019601604
0.017624645
0.015990432
0.014661661
0.013588881
0.012713447
0.01202068
0.011478076
0.011069074
0.010756359
0.010517455
0.010358495
0.010249655
0.010173611
0.010121357
0.010086417
0.010060553
0.010035224
0.010007941
0.0099770536
0.0099418233
0.0099015238
0.0098536391
0.0097998793
0.0097417597
0.0096794891
0.009613904
0.00954584
0.0094747263
0.0094001511
0.0093227695
0.0092423953
0.0091588908
0.0090729984
0.0089846259
0.0088936108
0.0088005802
0.0087054499
0.0086082065
0.0085092422
0.0084082615
0.0083054437
0.0082009283
0.0080944196
0.007986278
0.0078763998
0.0077648104
0.0076516408
0.0075366407
0.0074200379
0.007301697
0.0071816304
0.0070598085
0.0069361814
0.0068108408
0.0066836313
0.0065546588
0.0064238028
0.0062910889
0.0061564532
0.0060198615
0.005881278
0.0057406676
0.0055980181
0.0054532765
0.005306436
0.0051574451
0.0050063103
0.0048529742
0.0046974465
0.0045396799
0.0043797047
0.0042174871
0.0040530785
0.0038864701
0.0037177384
0.0035469358
0.0033741423
0.0031995279
0.0030232132
0.0028455312
0.0026666747
0.0024873456
0.0023076695
0.0021295664
0.0019518503
0.0017817126
0.0016093829
0.0014661857
0.0012986087
0.0012416438
0.001036478
0.0018487526
-0.0018264468
0.041345295
0.038384464
0.034066281
0.029487786
0.025514744
0.022352518
0.019883491
0.017916309
0.016286613
0.014949911
0.013863172
0.012973102
0.01226058
0.011697545
0.01126552
0.010931929
0.010674895
0.010495804
0.010367634
0.010274697
0.010207752
0.010158875
0.010120659
0.010084785
0.010050782
0.01001851
0.0099835129
0.0099437573
0.0098988653
0.009848266
0.0097923755
0.0097304374
0.0096632759
0.0095926711
0.0095188825
0.0094419804
0.0093628493
0.0092809854
0.0091960362
0.0091087771
0.0090190202
0.0089265948
0.0088321874
0.0087356777
0.0086370756
0.0085368
0.0084345321
0.0083304858
0.0082247935
0.0081171436
0.0080079194
0.0078970002
0.0077844174
0.0076703012
0.0075543914
0.0074369262
0.0073177628
0.0071969166
0.0070743546
0.0069500245
0.0068240164
0.0066961708
0.0065665955
0.0064351651
0.0063019054
0.006166752
0.0060296695
0.0058906198
0.0057495666
0.0056064967
0.0054613557
0.0053141361
0.0051647847
0.0050133072
0.0048596453
0.0047038082
0.0045457474
0.0043854927
0.0042230092
0.004058348
0.0038914993
0.0037225393
0.0035515194
0.0033785194
0.0032037088
0.0030272075
0.0028493483
0.0026703236
0.002490835
0.0023110079
0.0021327618
0.0019549114
0.0017846469
0.0016122013
0.0014688927
0.0013012183
0.0012441904
0.0010389335
0.0018516468
-0.001824394
0.039783121
0.037126428
0.033347045
0.029247496
0.025565333
0.022548915
0.020136799
0.018186065
0.016564187
0.015224354
0.014127099
0.013224491
0.012495191
0.01191383
0.011460645
0.011107751
0.01083321
0.010634369
0.01048857
0.01038092
0.010300269
0.010238336
0.010189272
0.010144125
0.010101717
0.010061711
0.010019303
0.0099735603
0.0099269238
0.0098772214
0.0098229381
0.0097640534
0.0097005269
0.0096327074
0.0095601761
0.009482655
0.0094018307
0.0093180329
0.0092313609
0.0091428371
0.0090520138
0.0089585532
0.0088631476
0.0087655897
0.0086659063
0.0085645479
0.0084611712
0.00835604
0.0082492845
0.0081405802
0.0080303423
0.0079184329
0.0078048947
0.0076898586
0.0075730549
0.0074547354
0.0073347492
0.007213117
0.0070898036
0.006964756
0.0068380631
0.0067095612
0.0065793614
0.0064473337
0.0063135046
0.0061778085
0.0060402099
0.0059006688
0.0057591476
0.005615632
0.005470067
0.0053224438
0.0051727079
0.0050208643
0.004866854
0.0047106853
0.0045523089
0.0043917538
0.0042289843
0.0040640511
0.0038969432
0.0037277368
0.0035564823
0.003383259
0.0032082359
0.0030315325
0.0028534811
0.0026742737
0.0024946115
0.0023146198
0.0021362171
0.0019582199
0.0017878142
0.0016152413
0.0014718025
0.0013040188
0.0012469009
0.0010415395
0.001854671
-0.001822082
0.038360323
0.035978771
0.032668886
0.02900117
0.025594186
0.022722523
0.02037295
0.018443965
0.016831671
0.015490671
0.014384598
0.013470628
0.01272621
0.012127677
0.011655111
0.011283529
0.010991717
0.010774282
0.010611786
0.010488785
0.010394309
0.010320292
0.010260875
0.010207221
0.010157298
0.010110351
0.010061613
0.010010666
0.0099590778
0.0099043962
0.0098454646
0.0097844553
0.0097217266
0.0096558016
0.0095860124
0.0095120901
0.0094342024
0.0093520495
0.0092652789
0.0091756032
0.0090833626
0.0089886581
0.0088923592
0.0087940357
0.0086936073
0.008591501
0.0084873091
0.0083813438
0.0082737314
0.008164138
0.008053023
0.0079402327
0.0078258286
0.007709945
0.0075923035
0.0074731743
0.0073523977
0.0072300024
0.0071059526
0.0069801957
0.0068528212
0.0067236606
0.0065928305
0.0064601967
0.006325787
0.0061895347
0.0060514046
0.0059113556
0.0057693489
0.0056253697
0.0054793618
0.0053313161
0.0051811768
0.0050289482
0.0048745705
0.0047180516
0.004559341
0.0043984675
0.0042353944
0.0040701718
0.003902788
0.0037333186
0.0035618135
0.0033883515
0.003213101
0.0030361808
0.0028579231
0.0026785193
0.0024986699
0.0023185007
0.0021399283
0.0019617719
0.0017912106
0.0016184992
0.0014749107
0.0013070056
0.001249769
0.0010442878
0.0018577999
-0.0018194792
0.037057144
0.034919288
0.032013737
0.028735377
0.025593036
0.022869789
0.020591268
0.018691263
0.017091731
0.015751796
0.014638585
0.013714131
0.012955552
0.012340597
0.011849609
0.01145977
0.011150939
0.010915656
0.010736513
0.01059828
0.010490408
0.010404509
0.010334314
0.010271831
0.010214293
0.010160649
0.0101066
0.010051103
0.0099949993
0.0099360746
0.0098736358
0.0098093231
0.0097431362
0.0096736447
0.0096016827
0.0095283769
0.0094523393
0.0093727359
0.0092894065
0.0092025813
0.0091119642
0.0090173317
0.0089201913
0.008820812
0.0087195137
0.0086167862
0.0085120372
0.0084055409
0.0082973636
0.0081871356
0.0080753627
0.0079618717
0.0078467515
0.0077301449
0.0076117669
0.007491913
0.0073704148
0.0072473124
0.0071225703
0.0069961385
0.0068681084
0.0067383076
0.0066068597
0.0064736272
0.0063386401
0.0062018308
0.0060631654
0.005922602
0.0057801015
0.0056356485
0.0054891862
0.0053407056
0.0051901494
0.0050375218
0.0048827623
0.0047258783
0.0045668188
0.0044056119
0.0042422201
0.0040766932
0.0039090188
0.0037392721
0.0035675022
0.0033937873
0.0032182956
0.0030411453
0.002862668
0.0026830549
0.0025030058
0.0023226467
0.0021438917
0.0019655643
0.0017948333
0.0016219723
0.001478214
0.0013101752
0.0012527896
0.0010471709
0.0018610079
-0.0018165489
0.035858669
0.033935346
0.031375896
0.028445824
0.025556602
0.022985475
0.02078712
0.018924605
0.017342726
0.016007198
0.014889205
0.013955552
0.013183877
0.012553287
0.012044681
0.011637069
0.011311412
0.011058693
0.010863033
0.01070977
0.010588449
0.010490567
0.010409643
0.01033825
0.010272926
0.010212368
0.010152751
0.010092424
0.010031927
0.0099694475
0.0099041034
0.0098369404
0.0097678154
0.0096956741
0.0096213434
0.0095455086
0.0094666976
0.0093852566
0.0093025403
0.0092174902
0.009129326
0.009037904
0.0089433799
0.0088453422
0.0087440676
0.0086406675
0.0085351272
0.0084280599
0.0083194702
0.0082088455
0.0080966822
0.0079827411
0.0078671253
0.0077499837
0.0076310249
0.007510578
0.0073884676
0.00726475
0.0071393923
0.0070123491
0.0068837157
0.0067533163
0.0066212842
0.0064874788
0.006351934
0.0062145818
0.0060753903
0.005934318
0.0057913256
0.005646398
0.0054994781
0.0053505571
0.0051995773
0.0050465425
0.0048913918
0.0047341327
0.0045747133
0.0044131616
0.0042494394
0.0040835963
0.003915619
0.0037455827
0.0035735356
0.0033995557
0.0032238106
0.0030464181
0.0028677093
0.002687875
0.0025076141
0.0023270535
0.0021481039
0.001969594
0.0017986791
0.0016256578
0.0014817091
0.0013135242
0.0012559575
0.0010501819
0.0018642679
-0.0018132492
0.034752802
0.033018178
0.030754484
0.028133763
0.025484035
0.023066798
0.02095667
0.019140193
0.017581789
0.016254859
0.015135132
0.01419415
0.013410794
0.012765602
0.012240296
0.011815502
0.01147327
0.01120351
0.010991556
0.010823363
0.010688544
0.010578601
0.010486916
0.010406411
0.010333244
0.010265708
0.010200223
0.010134866
0.0100699
0.010003727
0.0099352497
0.0098652239
0.0097935798
0.0097193953
0.0096431318
0.0095651622
0.0094843301
0.0094011389
0.0093164768
0.0092292119
0.0091397099
0.0090490014
0.0089561955
0.0088605866
0.0087622386
0.0086610972
0.0085564981
0.0084493222
0.0083401811
0.0082289957
0.0081164684
0.0080022461
0.0078863627
0.0077689203
0.007649594
0.007528742
0.0074061777
0.0072819792
0.0071561187
0.0070285596
0.0068994039
0.0067684735
0.0066359141
0.0065015826
0.0063655186
0.0062276545
0.0060879613
0.0059463989
0.0058029285
0.0056575361
0.0055101649
0.0053608068
0.0052094039
0.0050559604
0.0049004151
0.004742776
0.0045829906
0.004421087
0.0042570264
0.0040908583
0.0039225689
0.0037522333
0.0035798991
0.003405644
0.0032296351
0.0030519898
0.0028730388
0.0026929726
0.0025124893
0.0023317163
0.0021525605
0.0019738574
0.0018027449
0.0016295528
0.0014853927
0.0013170491
0.0012592675
0.0010533136
0.0018675504
-0.0018095326
0.033729355
0.032160936
0.030150234
0.02780292
0.025377372
0.023113333
0.021097617
0.019334944
0.017806091
0.016492442
0.015374563
0.014428666
0.013635435
0.012976971
0.012436056
0.011994809
0.011636384
0.011350027
0.011122052
0.010939055
0.010790765
0.010668733
0.010566228
0.010476447
0.010395283
0.01032064
0.010249108
0.010178632
0.010109109
0.010039029
0.0099672471
0.0098942748
0.0098200351
0.0097436573
0.0096654007
0.0095855821
0.0095032658
0.0094187103
0.0093324681
0.0092436698
0.0091528169
0.0090604857
0.0089658508
0.0088695432
0.0087720614
0.0086725951
0.0085704362
0.0084658174
0.0083584151
0.0082477877
0.0081350345
0.0080203667
0.0079041492
0.007786495
0.0076669754
0.0075459279
0.0074231126
0.007298615
0.0071724084
0.0070444667
0.0069149022
0.0067835368
0.0066505325
0.0065157448
0.0063792212
0.006240895
0.0061007417
0.0059587232
0.0058148025
0.0056689673
0.0055211617
0.0053713795
0.0052195628
0.005065717
0.0049097806
0.0047517629
0.0045916108
0.0044293529
0.0042649502
0.0040984524
0.0039298449
0.0037592035
0.0035865749
0.0034120366
0.0032357557
0.0030578489
0.0028786468
0.0026983396
0.0025176241
0.0023366291
0.0021572564
0.0019783499
0.0018070265
0.0016336536
0.0014892606
0.0013207458
0.0012627139
0.0010565579
0.0018708228
-0.0018053457
0.03277957
0.031357868
0.029564179
0.027457812
0.025240221
0.023126406
0.02120917
0.019506801
0.018013306
0.01671775
0.015605614
0.014657624
0.013856672
0.013186564
0.012631335
0.012174546
0.011800468
0.011498031
0.01125438
0.011056764
0.010895084
0.010760963
0.010647602
0.010548426
0.010459122
0.010377251
0.010299532
0.01022379
0.010149578
0.010075452
0.01000025
0.009924241
0.0098472916
0.0097685874
0.0096882556
0.0096065408
0.0095226282
0.0094366474
0.0093490645
0.0092591858
0.0091672973
0.0090737443
0.0089779482
0.008880561
0.0087815968
0.0086806123
0.0085784384
0.0084748565
0.0083691082
0.0082609496
0.0081503456
0.0080368077
0.0079207862
0.0078028702
0.0076830332
0.0075618009
0.0074388611
0.0073142429
0.0071878761
0.0070597241
0.0069299028
0.0067982321
0.0066648946
0.0065297461
0.006392845
0.0062541271
0.006113574
0.0059711505
0.0058268225
0.0056805803
0.00553237
0.0053821877
0.0052299765
0.0050757434
0.0049194275
0.0047610394
0.0046005263
0.0044379176
0.0042731741
0.0041063461
0.0039374189
0.0037664686
0.0035935415
0.003418715
0.0032421562
0.0030639815
0.0028845212
0.0027039653
0.0025230095
0.002341784
0.0021621848
0.0019830659
0.0018115186
0.0016379556
0.0014933077
0.0013246095
0.00126629
0.0010599059
0.0018740487
-0.0018006281
0.031895827
0.030603947
0.028997124
0.027102843
0.025076799
0.023108438
0.021291763
0.019654752
0.018201807
0.016928989
0.01582656
0.014879543
0.014073286
0.013393414
0.01282537
0.012354133
0.011965115
0.011647213
0.011388318
0.011176341
0.011001404
0.010855237
0.010731016
0.010622357
0.010524793
0.010435592
0.010351554
0.010270398
0.010191382
0.010113096
0.010034354
0.0099552004
0.00987544
0.009794308
0.0097118151
0.0096281286
0.0095425251
0.0094550488
0.0093660856
0.0092750315
0.0091820769
0.0090875414
0.0089909498
0.0088927004
0.0087927462
0.0086908509
0.0085877549
0.0084827778
0.0083760166
0.0082683029
0.0081589802
0.0080473132
0.0079334753
0.007817137
0.0076979014
0.0075766078
0.0074534259
0.0073286452
0.0072021942
0.0070739754
0.0069440637
0.0068122481
0.0066787226
0.0065433386
0.0064061682
0.0062671518
0.0061262794
0.0059835205
0.0058388449
0.005692247
0.0055436755
0.0053931297
0.0052405545
0.0050859593
0.0049292845
0.0047705426
0.0046096814
0.0044467317
0.0042816545
0.0041145013
0.0039452571
0.0037739989
0.0036007728
0.0034256564
0.0032488169
0.0030703704
0.002890647
0.0027098369
0.0025286343
0.0023471715
0.0021673374
0.0019879978
0.0018162146
0.0016424529
0.0014975279
0.0013286343
0.0012699879
0.0010633472
0.001877187
-0.0017953122
0.031071466
0.02989471
0.028449503
0.026741904
0.024891346
0.023062375
0.021346654
0.019778641
0.018370656
0.017124849
0.016035983
0.015093091
0.014284097
0.013596529
0.013017337
0.012532913
0.012129829
0.011797186
0.011523575
0.011297574
0.011109577
0.010951454
0.010816405
0.010698209
0.010592292
0.010495672
0.010405196
0.010318494
0.010234568
0.010152011
0.01006961
0.0099872126
0.0099045545
0.009820906
0.009736172
0.0096504413
0.0095630668
0.0094740181
0.0093836049
0.0092913015
0.0091972323
0.0091016754
0.0090041976
0.0089051129
0.0088044321
0.0087019244
0.0085980516
0.0084922698
0.0083847906
0.0082761159
0.0081655957
0.0080537169
0.0079406034
0.0078255826
0.0077084102
0.0075889117
0.0074666607
0.0073420587
0.0072154616
0.0070871014
0.006957131
0.0068252811
0.0066917142
0.0065562435
0.0064189406
0.0062797453
0.0061386573
0.0059956526
0.0058507074
0.0057038214
0.0055549471
0.0054040883
0.0052511922
0.0050962716
0.0049392686
0.0047801987
0.0046190106
0.0044557373
0.0042903402
0.0041228725
0.0039533194
0.0037817592
0.0036082379
0.0034328335
0.0032557137
0.0030769945
0.002897006
0.0027159383
0.0025344846
0.0023527792
0.0021727034
0.0019931365
0.001821106
0.0016471379
0.0015019134
0.0013328128
0.0012737983
0.0010668695
0.0018801912
-0.0017893221
0.030300635
0.02922618
0.027921394
0.026378265
0.024687816
0.022991308
0.02137557
0.019878921
0.018519475
0.01730448
0.016232798
0.01529715
0.014488048
0.013794963
0.013206413
0.012710202
0.012294071
0.011947516
0.011659811
0.011420204
0.011219409
0.011049478
0.010903674
0.010775923
0.010661587
0.010557477
0.01046046
0.010368096
0.010279159
0.010192226
0.010106054
0.010020317
0.009934678
0.0098484268
0.0097613759
0.0096735373
0.009584324
0.0094936402
0.0094017205
0.0093081052
0.0092128569
0.0091162099
0.0090177853
0.0089178388
0.008816385
0.0087131827
0.00860863
0.0085023136
0.0083943123
0.0082849568
0.0081737796
0.0080612842
0.0079471198
0.0078313065
0.007714478
0.0075960511
0.0074754427
0.0073526366
0.0072272108
0.0070992607
0.0069692588
0.0068372897
0.0067036791
0.0065682053
0.0064308967
0.0062916582
0.0061504817
0.0060073444
0.005862228
0.0057151395
0.005566037
0.0054149304
0.0052617699
0.005106573
0.0049492841
0.0047899221
0.0046284377
0.0044648664
0.0042991709
0.0041314063
0.0039615585
0.0037897076
0.0036158997
0.0034402138
0.003262818
0.0030838286
0.0029035759
0.0027222503
0.0025405434
0.0023585925
0.0021782697
0.0019984703
0.0018261823
0.0016520012
0.0015064546
0.0013371359
0.0012777104
0.0010704587
0.0018830088
-0.0017825725
0.02957818
0.028594807
0.027412596
0.026014586
0.024469767
0.022898269
0.021380463
0.019956435
0.018648303
0.017467405
0.016416227
0.015490823
0.014684231
0.013987858
0.01339182
0.012885325
0.012457285
0.012097743
0.011796655
0.01154394
0.011330679
0.011149143
0.010992697
0.010855414
0.010732623
0.010620971
0.010517331
0.010419202
0.01032516
0.010233754
0.010143707
0.010054539
0.009965837
0.0098768999
0.0097874583
0.0096974503
0.0096063337
0.0095139566
0.009420482
0.0093255022
0.0092290254
0.0091312421
0.0090318208
0.0089309553
0.0088286615
0.0087247178
0.008619474
0.008512561
0.0084039988
0.0082941217
0.0081825297
0.0080695021
0.0079547648
0.0078384445
0.007720856
0.0076015223
0.0074808336
0.0073587584
0.007234605
0.0071083821
0.0069797157
0.0068483357
0.0067147891
0.0065792369
0.0064418989
0.006302677
0.0061615202
0.0060183726
0.0058732029
0.005726018
0.0055767803
0.005425507
0.0052721532
0.0051167421
0.0049592216
0.0047996149
0.004637875
0.0044740409
0.0043080767
0.0041400405
0.003969919
0.0037977949
0.0036237148
0.0034477587
0.0032700958
0.0030908427
0.0029103302
0.0027287493
0.00254679
0.0023645929
0.0021840203
0.0020039849
0.0018314305
0.0016570313
0.0015111401
0.0013415929
0.0012817111
0.0010740977
0.001885579
-0.0017749682
0.028899545
0.027997426
0.026922698
0.025652991
0.024240333
0.022786119
0.021363362
0.020012266
0.018757468
0.017613432
0.016585739
0.015673412
0.014871881
0.014174455
0.013572842
0.013057636
0.01261892
0.012247398
0.011933717
0.011668466
0.011443138
0.011250257
0.011083327
0.010936573
0.010805324
0.010686101
0.010575774
0.010471792
0.010372564
0.010276595
0.010182576
0.010089891
0.0099980472
0.0099063448
0.0098144411
0.009722203
0.0096291202
0.0095349928
0.0094399161
0.0093435221
0.0092457728
0.0091468156
0.0090463563
0.0089445324
0.0088413589
0.0087366325
0.0086306431
0.0085230715
0.008413921
0.0083035016
0.0081914269
0.0080779152
0.0079628048
0.0078461086
0.0077280166
0.0076082012
0.0074869881
0.0073640736
0.0072395914
0.0071137714
0.0069860583
0.0068562823
0.0067241257
0.0065892868
0.0064521095
0.0063128501
0.0061716762
0.0060285592
0.0058834279
0.0057362571
0.005586993
0.0054356521
0.0052821922
0.0051266436
0.0049689584
0.0048091662
0.0046472225
0.0044831708
0.0043169771
0.0041487031
0.0039783368
0.003805964
0.0036316321
0.0034554228
0.0032775067
0.0030980011
0.0029172374
0.0027354074
0.0025531998
0.0023707587
0.0021899355
0.0020096629
0.0018368349
0.0016622138
0.0015159557
0.0013461706
0.0012857855
0.0010777667
0.0018878335
-0.0017664029
0.028260691
0.027431212
0.026451145
0.025295139
0.024002233
0.022657515
0.02132629
0.020047639
0.018847502
0.017742578
0.016741002
0.015844381
0.015050364
0.014354089
0.013748824
0.013226529
0.012778443
0.012396016
0.0120706
0.011793456
0.011556522
0.01135261
0.011175401
0.011019278
0.0108796
0.0107528
0.010635742
0.010525838
0.010421351
0.010320739
0.01022266
0.010126376
0.010031316
0.0099367724
0.0098423375
0.0097478099
0.0096527005
0.009556767
0.0094600411
0.0093621847
0.0092631199
0.0091629517
0.0090614158
0.0089586008
0.0088545173
0.0087489751
0.0086422078
0.0085339431
0.0084241659
0.0083131448
0.0082005391
0.00808654
0.007971006
0.0078539025
0.0077354338
0.0076153088
0.0074936881
0.0073703451
0.0072454941
0.007118943
0.0069906711
0.0068611111
0.0067297709
0.0065963025
0.0064604876
0.0063220202
0.0061810865
0.0060379714
0.0058928369
0.0057457072
0.0055964953
0.0054451865
0.0052917209
0.0051361268
0.0049783587
0.0048184527
0.0046563684
0.0044921548
0.0043257806
0.0041573118
0.0039867379
0.0038141486
0.0036395926
0.0034631535
0.0032850039
0.0031052619
0.0029242602
0.0027421915
0.0025597432
0.0023770637
0.0021959922
0.0020154837
0.0018423765
0.0016675317
0.0015208848
0.0013508533
0.0012899156
0.0010814427
0.0018897064
-0.0017567571
0.027658028
0.026893638
0.025997291
0.024942302
0.023757803
0.022514889
0.021271217
0.020063855
0.018919076
0.017855021
0.016881836
0.016003328
0.015219152
0.014526176
0.013919175
0.013391437
0.012935341
0.012543141
0.012206907
0.011918574
0.011670553
0.011455978
0.01126874
0.01110339
0.010955347
0.010820989
0.010697178
0.010581298
0.010471492
0.010366168
0.010263949
0.010163989
0.010065642
0.0099681862
0.0098711539
0.0097742792
0.0096770848
0.0095792911
0.0094808697
0.009381504
0.0092810812
0.0091796652
0.0090770153
0.0089731775
0.0088681541
0.0087617661
0.0086541972
0.0085452137
0.0084347812
0.0083231301
0.0082099633
0.0080954353
0.0079794205
0.0078618832
0.0077430195
0.0076225348
0.0075005566
0.0073769426
0.007251757
0.0071248296
0.0069962426
0.0068661073
0.0067341669
0.0066007205
0.0064655684
0.0063282788
0.0061886567
0.0060463761
0.0059015389
0.0057544438
0.0056052419
0.0054539832
0.0053005799
0.0051450309
0.0049872722
0.0048273379
0.004665189
0.0045008806
0.0043343852
0.0041657739
0.0039950387
0.0038222734
0.0036475284
0.00347089
0.0032925329
0.0031125766
0.0029313553
0.002749063
0.0025663858
0.002383477
0.0022021626
0.0020214223
0.0018480327
0.0016729646
0.0015259075
0.0013556224
0.001294081
0.001085098
0.0018911416
-0.0017458961
0.027088362
0.026382441
0.025560431
0.024595434
0.023509031
0.022360445
0.021200034
0.020062259
0.01897297
0.017951067
0.017008189
0.016149959
0.015377807
0.014690202
0.014083353
0.013551827
0.01308912
0.012688324
0.012342242
0.012043479
0.011784946
0.011560128
0.011363153
0.01118876
0.011032449
0.010890578
0.010760015
0.010638124
0.010522952
0.010412856
0.010306425
0.010202719
0.010101019
0.010000584
0.0099008912
0.0098016137
0.0097022782
0.0096025715
0.0095024094
0.0094014888
0.0092996664
0.0091969665
0.0090931661
0.0089882737
0.0088822811
0.0087750184
0.0086666249
0.0085568978
0.0084457865
0.0083334865
0.0082197366
0.0081046545
0.0079881325
0.0078701311
0.00775082
0.0076299352
0.007507593
0.0073836582
0.0072581482
0.0071309678
0.007002118
0.0068716452
0.0067394017
0.0066055049
0.0064697765
0.0063323895
0.0061932928
0.0060520332
0.005908441
0.0057621892
0.0056133176
0.0054621181
0.0053087373
0.0051532457
0.0049955568
0.0048356767
0.0046735483
0.0045092243
0.0043426782
0.004173987
0.0040031456
0.0038302535
0.0036553628
0.0034785629
0.0033000313
0.0031198892
0.0029384724
0.0027559769
0.0025730874
0.0023899627
0.0022084145
0.0020274498
0.0018537771
0.0016784883
0.0015310004
0.0013604562
0.0012982579
0.0010887005
0.0018919839
-0.0017336697
0.026548842
0.025895585
0.025139837
0.024255229
0.023257596
0.022196167
0.021114535
0.020044207
0.019010042
0.018031127
0.017120116
0.016284078
0.015525972
0.014845714
0.014240861
0.013707199
0.013239304
0.012831127
0.01247621
0.012167827
0.011899409
0.011664815
0.011458441
0.011275226
0.011110779
0.01096147
0.010824177
0.010696259
0.010575687
0.010460771
0.010350066
0.010242551
0.010137438
0.01003396
0.009931546
0.0098298121
0.0097282817
0.0096266109
0.0095246639
0.0094221441
0.0093188813
0.0092148618
0.0091098753
0.0090038972
0.0088969064
0.0087887409
0.0086794997
0.0085690047
0.0084571925
0.0083442249
0.0082298716
0.0081142182
0.0079971719
0.0078786859
0.0077589046
0.0076375947
0.0075148504
0.007390546
0.0072646986
0.0071372289
0.0070080942
0.0068773677
0.0067448977
0.0066107129
0.006474704
0.006336954
0.0061973207
0.0060558966
0.0059127234
0.0057673713
0.0056196715
0.0054692981
0.0053162595
0.0051608432
0.0050031876
0.0048433716
0.0046813184
0.0045170547
0.0043505364
0.0041818383
0.0040109562
0.0038379952
0.0036630103
0.0034860946
0.0033074287
0.0031271359
0.0029455542
0.0027628815
0.0025798014
0.002396479
0.0022147101
0.002033532
0.0018595785
0.0016840745
0.0015361364
0.0013653291
0.0013024188
0.0010922161
0.0018921011
-0.0017199226
0.026036922
0.025431238
0.02473477
0.023922171
0.023004899
0.022023826
0.021016407
0.020011048
0.019031208
0.018095703
0.017217772
0.016405579
0.01566336
0.014992319
0.014391246
0.013857081
0.013385435
0.012971119
0.012608417
0.01229127
0.01201364
0.011769786
0.011554393
0.011362619
0.011190204
0.011033556
0.01088958
0.01075564
0.010629649
0.010509876
0.010394847
0.010283466
0.010174883
0.010068304
0.0099631122
0.0098588704
0.0097550935
0.0096514093
0.0095476339
0.009443472
0.0093387289
0.0092333547
0.0091271472
0.0090200526
0.0089120353
0.0088029394
0.0086928275
0.0085815411
0.0084690059
0.0083553524
0.0082403762
0.0081241355
0.0080065482
0.0078875612
0.0077672965
0.0076455453
0.0075223785
0.007397683
0.0072714693
0.0071436607
0.0070142173
0.0068832162
0.0067504877
0.0066160611
0.0064798495
0.0063418505
0.0062019608
0.006060237
0.0059165726
0.0057710232
0.005623667
0.0054741056
0.0053221654
0.0051675387
0.0050102194
0.0048504876
0.0046884771
0.0045242832
0.0043578435
0.0041892087
0.0040183582
0.0038453959
0.0036703771
0.0034933992
0.0033146467
0.0031342453
0.0029525357
0.0027697179
0.0025864747
0.0024029777
0.002221006
0.0020396297
0.001865401
0.0016896903
0.001541284
0.0013702118
0.0013065323
0.0010956031
0.0018913784
-0.0017044715
0.025550326
0.024987744
0.024344496
0.023596575
0.022752104
0.021844991
0.020907223
0.019964103
0.019037425
0.018145372
0.017301399
0.016514439
0.01578976
0.015129676
0.014534096
0.014001028
0.013527069
0.013107876
0.012738471
0.012413455
0.012127332
0.011874777
0.011650787
0.011450756
0.011270576
0.01110672
0.010956135
0.010816197
0.010684785
0.010560132
0.010440735
0.01032544
0.010213337
0.010103604
0.0099955814
0.0098887825
0.0097827097
0.0096769644
0.0095713183
0.0094654724
0.0093592099
0.0092524465
0.009144984
0.0090367423
0.0089276707
0.0088176171
0.0087066118
0.0085945109
0.0084812312
0.0083668734
0.0082512555
0.0081344114
0.0080162668
0.0078967637
0.0077760027
0.0076537961
0.0075301945
0.0074050952
0.0072784982
0.0071503313
0.0070205556
0.0068892361
0.0067562176
0.0066215325
0.0064850845
0.0063468603
0.0062067837
0.0060648408
0.0059209447
0.0057751388
0.0056273357
0.0054775675
0.0053259237
0.0051720504
0.0050157587
0.0048567664
0.0046950732
0.0045309661
0.0043645766
0.004196016
0.0040252453
0.0038523469
0.0036773611
0.003500383
0.0033215994
0.0031411387
0.0029593449
0.0027764205
0.0025930473
0.0024094045
0.0022272528
0.0020456979
0.0018712033
0.0016952979
0.0015464071
0.0013750701
0.001310563
0.001098812
0.0018897057
-0.001687106
0.025087018
0.024563602
0.023968298
0.023278625
0.022500166
0.021661041
0.020788436
0.019904655
0.019029675
0.018180775
0.017371319
0.016610718
0.015905029
0.015257504
0.014669041
0.014138626
0.013663779
0.013240981
0.01286598
0.012534026
0.012240169
0.011979515
0.011747393
0.011539446
0.01135174
0.011180837
0.01102374
0.010877853
0.010741034
0.010611491
0.010487698
0.010368449
0.010252783
0.010139846
0.010028943
0.0099195406
0.009811125
0.0097032728
0.0095957147
0.0094881442
0.0093803239
0.0092721373
0.0091633862
0.0090539674
0.0089438139
0.0088327758
0.0087208543
0.0086079163
0.0084938706
0.0083787905
0.0082625125
0.0081450491
0.0080263315
0.0079062973
0.0077850273
0.007662352
0.0075383041
0.0074127893
0.0072857979
0.007157262
0.00702714
0.0068954844
0.0067621555
0.0066271762
0.0064904559
0.0063519872
0.0062116926
0.0060695403
0.0059254707
0.0057794689
0.0056314573
0.0054814604
0.005329411
0.0051753371
0.0050193174
0.0048610443
0.0047003115
0.0045368841
0.0043707828
0.0042023069
0.0040315919
0.0038587704
0.0036838641
0.0035069465
0.0033281936
0.0031477303
0.0029659028
0.0027829165
0.0025994527
0.0024156982
0.0022333944
0.0020516853
0.0018769384
0.001700854
0.0015514644
0.0013798654
0.0013144703
0.0011017903
0.0018869786
-0.0016676082
0.024645172
0.024157451
0.02360548
0.022968398
0.02224986
0.021473183
0.020661378
0.019833934
0.019008945
0.018202602
0.017427926
0.016694549
0.016009097
0.015375582
0.014795757
0.01426949
0.013795159
0.013370029
0.012990553
0.012652622
0.012351827
0.012083718
0.011843966
0.011628485
0.011433528
0.011255771
0.011092286
0.010940522
0.010798329
0.010663901
0.010535695
0.010412463
0.010293196
0.010177014
0.010063186
0.0099511359
0.009840333
0.00973033
0.0096208198
0.0095114853
0.0094020697
0.0092924262
0.0091823538
0.0090717279
0.0089604652
0.0088484162
0.008735556
0.0086217584
0.0085069256
0.008391105
0.0082741487
0.00815605
0.0080367438
0.0079161641
0.0077943724
0.0076712156
0.0075467102
0.0074207685
0.0072933726
0.0071644578
0.0070339792
0.0069019787
0.0067683278
0.0066330386
0.0064960277
0.0063572844
0.0062167342
0.0060743515
0.0059300797
0.0057838825
0.0056357079
0.0054855342
0.0053332983
0.0051790112
0.005022624
0.0048641679
0.0047037006
0.004540977
0.0043757706
0.0042079076
0.004037445
0.003864703
0.0036898565
0.003513015
0.0033343381
0.0031539288
0.0029721242
0.0027891274
0.0026056181
0.0024217917
0.002239369
0.0020575348
0.0018825533
0.0017063095
0.0015564092
0.0013845533
0.0013182088
0.0011044779
0.001882987
-0.0016457381
0.024223153
0.023768053
0.023255369
0.02266589
0.022001811
0.021282464
0.020527263
0.019753107
0.018976219
0.01821158
0.017471675
0.016766138
0.016101961
0.015483747
0.014913969
0.014393275
0.013920826
0.013494624
0.013111806
0.01276888
0.012461977
0.012187091
0.011940253
0.011717656
0.01151576
0.011331373
0.011161656
0.011004109
0.010856597
0.010717306
0.010584683
0.010457448
0.010334552
0.010215089
0.010098295
0.0099835581
0.0098703265
0.009758131
0.0096466299
0.0095354932
0.0094244456
0.0093133122
0.0092018862
0.0090900237
0.0089776247
0.0088645386
0.008750717
0.0086360376
0.0085203965
0.0084038175
0.0082861647
0.008167415
0.0080475047
0.0079263647
0.0078040389
0.007680388
0.007555414
0.0074290345
0.0073012242
0.0071719207
0.0070410762
0.0069087227
0.0067747408
0.0066391334
0.0065018223
0.0063627907
0.0062219682
0.0060793288
0.005934817
0.0057884024
0.0056400385
0.0054896825
0.0053372926
0.0051828444
0.0050262917
0.0048676279
0.00470683
0.0045439494
0.0043790137
0.0042118528
0.0040422188
0.0038700182
0.0036953863
0.003518615
0.0033399986
0.003159662
0.0029779241
0.0027949689
0.0026114649
0.0024276122
0.0022451089
0.0020631835
0.0018879896
0.0017116096
0.0015611893
0.0013890844
0.001321728
0.0011068065
0.0018775311
-0.0016212315
0.023819489
0.023394281
0.022917322
0.022371034
0.021756512
0.021089785
0.020387188
0.019663277
0.018932464
0.018208462
0.017503074
0.016825757
0.016183687
0.015581898
0.015023453
0.014509672
0.014040422
0.013614391
0.013229363
0.01288244
0.012570283
0.012289334
0.012035989
0.011806732
0.011598244
0.011407485
0.011231717
0.011068509
0.010915753
0.010771639
0.010634611
0.010503365
0.010376822
0.010254049
0.010134255
0.010016795
0.0099010969
0.0097866697
0.0096731408
0.0095601651
0.00944745
0.0093347941
0.0092219827
0.0091088543
0.0089952922
0.008881143
0.0087663374
0.0086507541
0.0085342838
0.0084169282
0.0082985608
0.0081791441
0.0080586143
0.0079368996
0.0078140271
0.0076898694
0.0075644157
0.0074375876
0.007309353
0.0071796513
0.007048432
0.0069157173
0.0067813963
0.0066454635
0.0065078445
0.0063685173
0.0062274143
0.0060845061
0.0059397387
0.0057930828
0.0056444927
0.005493931
0.0053413629
0.0051867447
0.0050300455
0.0048712346
0.0047102921
0.0045472008
0.0043819716
0.0042146857
0.0040453334
0.0038738419
0.0036999734
0.0035236664
0.0033452219
0.0031649449
0.0029832631
0.0028003707
0.0026169136
0.0024330817
0.0022505411
0.0020685632
0.0018931833
0.0017166942
0.0015657472
0.0013934032
0.0013249719
0.0011086993
0.0018704051
-0.0015938034
0.023432858
0.023035105
0.022590725
0.022083715
0.021514352
0.020895922
0.020242141
0.019565474
0.018878621
0.018194012
0.017522671
0.016873732
0.0162544
0.015669994
0.015124035
0.014618416
0.014153623
0.013728973
0.013342856
0.012992943
0.012676409
0.012390139
0.012130899
0.011895473
0.011680776
0.011483934
0.01130233
0.011133608
0.010975705
0.010826827
0.010685421
0.010550171
0.010419971
0.010293868
0.010171047
0.010050833
0.009932634
0.0098159392
0.0097003473
0.0095854977
0.0094710807
0.0093568704
0.0092426427
0.0091282195
0.0090134677
0.0088982297
0.0087824173
0.0086659081
0.0085485875
0.0084304373
0.0083113374
0.0081912376
0.0080700729
0.0079477687
0.0078243368
0.0076996597
0.0075737151
0.0074464275
0.0073177589
0.0071876493
0.0070560463
0.0069229626
0.0067882946
0.0066520293
0.0065140952
0.006374466
0.0062330758
0.0060898922
0.0059448621
0.0057979542
0.0056491231
0.0054983338
0.0053455517
0.0051907387
0.0050338705
0.0048749016
0.0047138192
0.0045505932
0.004385241
0.0042177332
0.0040481266
0.003876548
0.0037029749
0.0035273869
0.0033496313
0.0031697361
0.002988183
0.0028053361
0.0026219197
0.0024381312
0.0022555908
0.0020736011
0.0018980658
0.0017214979
0.0015700204
0.001397449
0.0013278792
0.0011100708
0.0018613861
-0.0015631498
0.023062066
0.022689587
0.022274993
0.021803781
0.021275623
0.020701533
0.020093004
0.019460654
0.018815596
0.018168999
0.017531048
0.016910443
0.016314287
0.015748051
0.015215598
0.014719285
0.014260137
0.013838037
0.013451934
0.013100038
0.012780018
0.012489192
0.012224699
0.01198363
0.01176314
0.011560538
0.011373338
0.011199279
0.01103635
0.010882787
0.010737049
0.010597814
0.01046396
0.010334516
0.010208648
0.010085655
0.0099649254
0.0098459306
0.0097282434
0.0096114869
0.0094953352
0.0093795397
0.0092638655
0.009148119
0.0090321512
0.008915799
0.0087989571
0.0086815001
0.0085633084
0.008444345
0.0083244946
0.0082036955
0.0080818804
0.0079589721
0.0078349681
0.0077097588
0.0075833119
0.0074555539
0.0073264413
0.0071959144
0.0070639185
0.0069304578
0.0067954349
0.00665883
0.0065205741
0.0063806365
0.0062389529
0.0060954882
0.0059501896
0.0058030237
0.0056539453
0.0055029186
0.0053499085
0.0051948799
0.0050378085
0.0048786552
0.0047174117
0.0045540395
0.0043885523
0.0042209209
0.0040512144
0.0038793954
0.0037055753
0.0035299682
0.0033525576
0.0031733583
0.0029924032
0.0028098519
0.002626517
0.0024427526
0.002260209
0.0020782293
0.0019025659
0.0017259511
0.0015739423
0.001401156
0.0013303846
0.0011108262
0.0018502355
-0.0015289522
0.022706031
0.022356866
0.021969572
0.021531054
0.021040547
0.020507178
0.01994056
0.019349699
0.018744254
0.018134184
0.017528807
0.01693631
0.016363586
0.015816143
0.015298074
0.014812103
0.01435971
0.013941277
0.013556265
0.013203385
0.012880776
0.01258618
0.012317102
0.012070943
0.011845109
0.011637102
0.011444579
0.011265385
0.011097575
0.010939427
0.01078942
0.010646236
0.010508743
0.010375958
0.010247031
0.01012124
0.0099979559
0.009876633
0.0097568212
0.0096381274
0.0095202101
0.0094028
0.0092856501
0.0091685527
0.0090513429
0.0089338514
0.0088159573
0.0086975307
0.008578447
0.0084586522
0.0083380331
0.0082165185
0.0080940375
0.0079705101
0.0078459211
0.0077201668
0.0075932061
0.0074649666
0.0073353998
0.0072044457
0.0070720478
0.0069382019
0.0068028163
0.0066658646
0.0065272799
0.0063870276
0.0062450447
0.0061012932
0.0059557208
0.0058082918
0.005658961
0.0055076916
0.0053544478
0.0051991944
0.0050419065
0.0048825481
0.0047211114
0.0045575644
0.0043919224
0.004224156
0.0040543173
0.0038823822
0.0037084626
0.0035326126
0.0033549725
0.0031758122
0.0029952576
0.0028133564
0.0026305123
0.0024469538
0.0022644196
0.0020824284
0.001906631
0.0017299863
0.0015774435
0.001404454
0.0013324183
0.001110862
0.0018367059
-0.001490885
0.022363775
0.022036152
0.021673937
0.021265336
0.02080928
0.020313324
0.019785502
0.019233417
0.018665416
0.018090315
0.017516566
0.016951789
0.016402583
0.015874396
0.015371449
0.014896742
0.014452126
0.014038417
0.013655536
0.013302655
0.012978355
0.012680787
0.012407814
0.012157147
0.011926446
0.011713418
0.011515874
0.011331775
0.011159256
0.010996645
0.010842451
0.01069537
0.010554266
0.010418151
0.010286164
0.010157564
0.010031707
0.0099080326
0.0097860708
0.0096654122
0.009545701
0.0094266483
0.0093079951
0.0091895199
0.0090710429
0.0089523876
0.0088334188
0.0087140011
0.0085940045
0.0084733597
0.008351954
0.0082297073
0.0081065447
0.0079823835
0.0078571962
0.007730884
0.0076033978
0.0074746655
0.0073446342
0.0072132431
0.0070804338
0.0069461944
0.0068104378
0.006673132
0.0065342114
0.006393638
0.0062513496
0.0061073058
0.0059614541
0.005813757
0.0056641692
0.0055126525
0.0053591706
0.0052036876
0.0050461778
0.004886606
0.004724963
0.0045612201
0.0043953934
0.0042274606
0.0040574716
0.0038854096
0.0037113659
0.0035354035
0.003357642
0.0031782452
0.0029974865
0.0028156685
0.002633266
0.00245029
0.0022681054
0.0020862179
0.0019102733
0.0017335726
0.0015804676
0.0014072721
0.0013339082
0.0011100654
0.0018205495
-0.0014486266
0.022034405
0.02172672
0.021387589
0.021006417
0.020581924
0.020120366
0.01962844
0.019112544
0.018579853
0.018038118
0.017494946
0.016957361
0.016431604
0.015922982
0.015435758
0.014973118
0.01453721
0.014129216
0.013749462
0.013397538
0.013072439
0.012772701
0.012496539
0.012241968
0.012006906
0.01178927
0.011587037
0.01139829
0.011221258
0.011054328
0.010896051
0.010745141
0.010600471
0.010461049
0.010326008
0.010194596
0.010066155
0.0099401124
0.0098159793
0.0096933323
0.0095718014
0.0094510804
0.0093308979
0.0092110193
0.0090912508
0.0089714079
0.0088513422
0.0087309122
0.0086099822
0.0084884688
0.0083662585
0.0082432632
0.0081194033
0.0079945932
0.0078687942
0.0077419111
0.0076138875
0.0074846511
0.0073541446
0.0072223065
0.0070890763
0.0069544347
0.0068182988
0.0066806312
0.0065413675
0.0064004664
0.0062578661
0.0061135241
0.0059673877
0.0058194176
0.005669568
0.0055177995
0.0053640753
0.0052083588
0.0050506232
0.0048908334
0.004728979
0.0045650324
0.004399008
0.004230887
0.0040607198
0.0038884983
0.0037143103
0.0035382218
0.0033603409
0.0031808373
0.0029999203
0.0028178726
0.0026352847
0.0024524174
0.0022706774
0.0020892686
0.0019134341
0.0017367302
0.0015830137
0.0014095655
0.0013347903
0.0011083192
0.0018015275
-0.0014018818
0.021717107
0.021427902
0.02111006
0.020754078
0.020358543
0.019928627
0.019469909
0.01898775
0.018488286
0.017978294
0.017464569
0.016953528
0.016451012
0.015962121
0.015491083
0.015041197
0.01461483
0.014213466
0.013837781
0.013487741
0.01316272
0.012861617
0.012582983
0.012325131
0.012086238
0.011864434
0.011657868
0.011464759
0.011283435
0.011112354
0.010950117
0.010795466
0.010647287
0.010504595
0.01036652
0.010232302
0.010101274
0.0099728512
0.0098465309
0.0097218756
0.0095985028
0.0094760904
0.0093543547
0.0092330488
0.0091119656
0.0089909121
0.0088697282
0.0087482649
0.0086263814
0.008503981
0.0083809483
0.0082571877
0.0081326147
0.0080071406
0.0078807166
0.0077532493
0.0076246762
0.0074949241
0.0073639318
0.0072316364
0.0070979754
0.0069629229
0.0068263991
0.0066883618
0.0065487475
0.0064075116
0.006264593
0.0061199467
0.0059735199
0.0058252715
0.0056751551
0.0055231305
0.0053691597
0.0052132056
0.0050552405
0.0048952292
0.0047331599
0.0045690054
0.0044027783
0.0042344613
0.0040641027
0.003891699
0.0037173381
0.0035410925
0.0033630705
0.0031834369
0.0030023983
0.002820246
0.0026374435
0.0024543119
0.0022724069
0.0020911363
0.0019156015
0.0017392293
0.0015850637
0.001411343
0.0013350471
0.0011055256
0.0017794506
-0.0013504359
0.021411133
0.02113908
0.020840906
0.020508095
0.020139162
0.019738376
0.019310375
0.018859638
0.018391386
0.017911513
0.017426046
0.016940803
0.016461196
0.015992068
0.015537552
0.015100986
0.014684894
0.014290996
0.013920265
0.013572997
0.013248908
0.012947238
0.012666853
0.012406358
0.012164184
0.011938677
0.011728161
0.011531001
0.011345631
0.01117059
0.011004536
0.01084625
0.010694638
0.010548727
0.010407649
0.010270641
0.010137031
0.010006224
0.0098777056
0.0097510271
0.0096257941
0.00950167
0.0093783597
0.0092556047
0.009133185
0.0090108993
0.0088885765
0.0087660599
0.0086432031
0.0085198976
0.0083960249
0.0082714825
0.0081461808
0.0080200276
0.0078929648
0.0077649001
0.0076357653
0.0075054857
0.0073739967
0.0072412334
0.0071071318
0.0069716593
0.0068347388
0.0066963238
0.0065563511
0.0064147733
0.0062715294
0.0061265725
0.0059798493
0.005831317
0.0056809287
0.0055286431
0.0053744214
0.0052182257
0.0050600272
0.0048997909
0.0047375032
0.0045731377
0.0044067044
0.0042381877
0.0040676326
0.0038950385
0.003720491
0.0035440645
0.0033658708
0.0031860775
0.003004895
0.0028225989
0.0026396586
0.0024563859
0.0022741925
0.0020926081
0.0019168211
0.0017405897
0.0015862131
0.0014124564
0.001334685
0.0011016114
0.0017543392
-0.0012942568
0.021115799
0.020859684
0.020579707
0.020268245
0.019923778
0.019549827
0.019150243
0.01872875
0.018289773
0.01783841
0.017379976
0.016919704
0.016462567
0.016013115
0.015575331
0.015152539
0.014747352
0.014361672
0.013996714
0.01365306
0.013330732
0.013029278
0.012747865
0.012485374
0.012240485
0.012011758
0.011797702
0.011596824
0.011407679
0.011228893
0.011059188
0.010897392
0.010742439
0.010593373
0.010449336
0.010309566
0.010173387
0.010040199
0.0099094795
0.0097807682
0.0096536609
0.0095278086
0.0094029052
0.0092786813
0.0091549054
0.0090313675
0.008907886
0.0087842971
0.008660448
0.0085362197
0.0084114897
0.0082861493
0.0081601031
0.0080332559
0.0079055406
0.0077768653
0.0076471565
0.0075163376
0.0073843407
0.007251099
0.0071165465
0.0069806449
0.0068433187
0.0067045176
0.0065641785
0.0064222513
0.0062786751
0.0061334009
0.005986375
0.005837553
0.0056868873
0.0055343355
0.0053798581
0.0052234165
0.0050649806
0.0049045155
0.0047420061
0.0045774262
0.0044107838
0.0042420642
0.0040713094
0.0038985212
0.0037237816
0.0035471655
0.0033687849
0.0031888074
0.0030074469
0.0028249793
0.0026418765
0.0024584355
0.0022760478
0.0020942322
0.0019179996
0.0017413777
0.0015863086
0.0014124234
0.0013334316
0.0010962876
0.0017265894
-0.0012334975
0.020830471
0.020589183
0.020326068
0.020034302
0.019712365
0.019363154
0.018989862
0.018595572
0.018184018
0.017759587
0.01732694
0.016890752
0.016455553
0.016025579
0.015604624
0.015195945
0.014802194
0.014425398
0.014066964
0.013727714
0.013407939
0.013107466
0.01282574
0.012561904
0.012314879
0.012083437
0.011866267
0.011662031
0.011469404
0.011287109
0.011113941
0.010948779
0.010790595
0.010638456
0.010491517
0.010349023
0.010210299
0.010074743
0.0099418242
0.0098110761
0.0096820855
0.0095544925
0.0094279808
0.0093022712
0.0091771213
0.0090523128
0.0089276547
0.0088029752
0.0086781158
0.0085529477
0.0084273437
0.0083011893
0.0081743835
0.0080468273
0.0079184461
0.0077891469
0.0076588516
0.0075274816
0.0073949656
0.0072612348
0.0071262211
0.0069898808
0.0068521397
0.006712944
0.0065722303
0.0064299461
0.0062860302
0.0061404318
0.0059930966
0.0058439787
0.0056930298
0.0055402065
0.0053854683
0.005228776
0.0050700984
0.0049094005
0.0047466656
0.0045818679
0.0044150131
0.0042460876
0.0040751302
0.0039021449
0.0037272099
0.0035504002
0.0033718268
0.003191655
0.0030100991
0.002827434
0.0026441314
0.0024604934
0.0022778815
0.0020958392
0.0019192578
0.0017422501
0.0015862039
0.0014115769
0.0013310549
0.0010889452
0.001695823
-0.0011679557
0.020554565
0.020327084
0.020079613
0.019806044
0.019504877
0.019178494
0.018829533
0.018460537
0.018074643
0.017675608
0.017267496
0.016854459
0.016440592
0.016029801
0.015625667
0.015231336
0.014849451
0.014482115
0.014130882
0.01379677
0.013480299
0.013181548
0.012900212
0.012635682
0.012387107
0.012153466
0.011933631
0.011726415
0.011530622
0.011345077
0.011168654
0.011000291
0.010839003
0.010683887
0.010534118
0.010388951
0.010247716
0.010109812
0.009974706
0.0098419239
0.0097110463
0.0095817045
0.0094535732
0.0093263642
0.0091998252
0.00907373
0.0089478786
0.008822092
0.0086962055
0.0085700813
0.0084435874
0.0083166035
0.0081890232
0.0080607436
0.0079316829
0.0078017467
0.0076708526
0.0075389196
0.0074058733
0.0072716425
0.0071361573
0.0069993687
0.0068612035
0.0067216044
0.0065805077
0.0064378586
0.0062935953
0.0061476656
0.0060000144
0.005850594
0.0056993559
0.0055462553
0.0053912509
0.0052343027
0.0050753787
0.0049144436
0.0047514791
0.0045864598
0.0044193892
0.0042502545
0.0040790914
0.0039059059
0.0037307726
0.0035537661
0.0033749962
0.0031946255
0.0030128671
0.0028299924
0.0026464693
0.0024626025
0.0022797282
0.0020974285
0.0019204498
0.0017430982
0.0015861736
0.0014106732
0.0013281875
0.0010822366
0.0016575358
-0.0010968875
0.020287539
0.020072928
0.019839989
0.019583251
0.019301255
0.018995951
0.018669513
0.01832403
0.017962124
0.017586999
0.01720218
0.016811329
0.016418125
0.016026143
0.015638723
0.015258873
0.014889188
0.014531803
0.014188372
0.01386007
0.01354761
0.013251288
0.012971028
0.012706447
0.012456912
0.0122216
0.011999561
0.011789764
0.011591142
0.011402627
0.011223177
0.011051797
0.010887552
0.010729572
0.010577059
0.010429283
0.010285582
0.010145362
0.010008086
0.0098732799
0.0097405178
0.0096094242
0.009479666
0.0093509474
0.0092230072
0.0090956115
0.0089685525
0.0088416436
0.0087147145
0.0085876191
0.0084602202
0.0083323921
0.008204023
0.008075006
0.0079452525
0.0078146666
0.0076831614
0.0075506537
0.0074170658
0.0072823242
0.0071463571
0.0070091105
0.0068705116
0.0067305004
0.0065890121
0.0064459899
0.0063013716
0.0061551031
0.0060071287
0.0058573994
0.0057058655
0.0055524816
0.0053972052
0.0052399959
0.0050808204
0.0049196432
0.0047564447
0.0045911995
0.0044239092
0.0042545617
0.0040831895
0.0039098006
0.0037344658
0.0035572594
0.0033782895
0.0031977162
0.0030157507
0.0028326602
0.0026489072
0.0024647957
0.0022816336
0.0020990354
0.001921617
0.0017438763
0.0015860359
0.0014099169
0.0013249977
0.0010799684
0.0016095561
-0.0010213698
0.02002889
0.019826285
0.019606859
0.01936571
0.019101427
0.018815601
0.018510021
0.018186393
0.017846896
0.01749425
0.017131499
0.016761853
0.016388597
0.016014974
0.015644078
0.01527875
0.014921505
0.014574473
0.01423937
0.013917486
0.013609693
0.013316472
0.013037951
0.012773952
0.012524043
0.012287594
0.012063827
0.011851863
0.011650766
0.01145958
0.011277352
0.011103159
0.010936119
0.010775406
0.01062025
0.010469942
0.010323834
0.010181337
0.01004192
0.0099051073
0.0097704697
0.0096376268
0.0095062395
0.0093760049
0.0092466546
0.0091179476
0.0089896686
0.0088616244
0.0087336389
0.0086055585
0.0084772406
0.0083485544
0.0082193828
0.008089615
0.0079591561
0.0078279078
0.0076957797
0.0075626856
0.007428545
0.0072932819
0.0071568224
0.0070191081
0.0068800661
0.0067396337
0.0065977452
0.0064543416
0.0063093604
0.0061627455
0.0060144407
0.0058643954
0.0057125593
0.0055588856
0.0054033314
0.0052458552
0.0050864227
0.0049249983
0.004761561
0.0045960853
0.004428571
0.0042590065
0.0040874215
0.0039138255
0.0037382857
0.0035608759
0.0033817026
0.0032009228
0.003018746
0.0028354347
0.0026514451
0.00246708
0.0022836156
0.0021006967
0.001922803
0.0017446212
0.0015857938
0.0014093568
0.0013213158
0.0010814427
0.0015560974
-0.00094440413
0.019778148
0.019586755
0.019379908
0.019153211
0.018905309
0.018637498
0.018351242
0.018047925
0.017729351
0.017397815
0.017055933
0.016706506
0.016352445
0.015996675
0.015642035
0.015291187
0.014946536
0.014610175
0.014283847
0.013968923
0.013666398
0.01337691
0.013100761
0.012837959
0.012588259
0.012351208
0.012126195
0.011912491
0.011709291
0.011515752
0.011331013
0.011154229
0.010984578
0.010821278
0.010663595
0.010510846
0.010362399
0.010217679
0.010076159
0.0099373642
0.0098008672
0.0096662836
0.0095332699
0.0094015177
0.0092707521
0.009140726
0.0090112174
0.008882027
0.0087529731
0.0086238952
0.0084946457
0.0083650887
0.0082351019
0.0081045705
0.007973394
0.0078414714
0.0077087087
0.0075750169
0.0074403127
0.0073045174
0.0071675552
0.0070293635
0.0068898689
0.0067490062
0.0066067087
0.0064629156
0.0063175633
0.0061705944
0.0060219517
0.0058715833
0.0057194381
0.0055654682
0.0054096298
0.0052518807
0.0050921856
0.0049305085
0.0047668271
0.0046011161
0.0044333731
0.0042635871
0.004091785
0.0039179776
0.0037422289
0.0035646118
0.0033852311
0.0032042409
0.0030218482
0.0028383112
0.0026540787
0.0024694522
0.0022856743
0.0021024208
0.0019240256
0.0017453822
0.0015854843
0.0014087415
0.001317367
0.001083892
0.0015024934
-0.00086903495
0.019534877
0.01935396
0.019158833
0.018945549
0.018712814
0.018461676
0.018193331
0.017908892
0.017609842
0.017298111
0.016975935
0.016645743
0.016310102
0.01597163
0.015632915
0.015296425
0.014964439
0.014638987
0.014321806
0.014014316
0.013717604
0.013432434
0.013159259
0.012898249
0.012649327
0.012412207
0.012186435
0.011971428
0.011766511
0.011570952
0.011383989
0.011204853
0.011032789
0.010867066
0.010706989
0.010551904
0.010401202
0.010254321
0.010110744
0.0099700031
0.0098316704
0.0096953615
0.0095607296
0.0094274628
0.0092952809
0.0091639314
0.0090331867
0.0089028417
0.0087727095
0.0086426237
0.0085124313
0.0083819919
0.0082511782
0.0081198714
0.0079879658
0.0078553574
0.007721949
0.0075876486
0.0074523701
0.0073160323
0.0071785572
0.0070398785
0.006899922
0.0067586199
0.0066159048
0.0064717136
0.0063259821
0.0061786513
0.0060296632
0.0058789645
0.0057265031
0.0055722303
0.0054161012
0.005258073
0.0050981093
0.0049361738
0.0047722429
0.0046062911
0.0044383143
0.0042683019
0.0040962781
0.0039222548
0.0037462927
0.0035684639
0.0033888714
0.0032076663
0.0030250527
0.0028412845
0.0026568025
0.0024719071
0.0022878048
0.0021042041
0.0019252848
0.0017461594
0.0015851317
0.0014079695
0.0013133026
0.0010861044
0.0014508088
-0.00079672923
0.019298666
0.019127547
0.018943349
0.018742525
0.018523845
0.018288152
0.018036415
0.017769523
0.017488688
0.017195522
0.016891926
0.016579999
0.016261988
0.015940223
0.015617045
0.015294726
0.014975401
0.014661016
0.01435328
0.01405363
0.013763217
0.013482904
0.013213266
0.012954615
0.012707026
0.012470363
0.012244321
0.012028455
0.011822217
0.011624986
0.011436099
0.011254869
0.011080609
0.010912642
0.010750319
0.010593018
0.010440156
0.01029119
0.010145615
0.010002971
0.0098628343
0.0097248222
0.0095885869
0.0094538138
0.009320219
0.0091875457
0.0090555615
0.0089240563
0.0087928385
0.0086617361
0.0085305914
0.0083992595
0.0082676084
0.0081355154
0.00800287
0.0078695653
0.0077355005
0.0076005811
0.0074647181
0.0073278278
0.0071898299
0.0070506547
0.0069102269
0.0067684766
0.006625335
0.0064807374
0.0063346186
0.0061869181
0.0060375769
0.0058865404
0.0057337557
0.0055791732
0.0054227468
0.005264433
0.0051041945
0.0049419946
0.0047778084
0.0046116103
0.0044433944
0.0042731503
0.0041008997
0.0039266554
0.0037504751
0.0035724297
0.0033926204
0.0032111952
0.0030283553
0.00284435
0.0026596114
0.0024744389
0.002290001
0.0021060403
0.0019265745
0.0017469474
0.0015847323
0.0014070832
0.001309153
0.0010877694
0.0014002653
-0.00072693396
0.019069132
0.018907183
0.018733186
0.018543947
0.018338304
0.018116928
0.0178806
0.017630022
0.017366175
0.017090399
0.016804303
0.016509687
0.016208511
0.015902835
0.01559476
0.015286363
0.014979627
0.014676398
0.014378332
0.014086861
0.013803174
0.013528204
0.013262627
0.013006874
0.012761151
0.01252546
0.012299633
0.012083354
0.011876199
0.011677657
0.011487161
0.01130411
0.011127885
0.010957872
0.010793465
0.010634082
0.01047917
0.010328205
0.010180702
0.010036208
0.0098943081
0.0097546228
0.0096168052
0.0094805399
0.0093455407
0.0092115474
0.0090783241
0.0089456562
0.0088133481
0.0086812228
0.0085491183
0.0084168854
0.0082843879
0.0081514992
0.0080181043
0.0078840933
0.0077493624
0.0076138141
0.0074773568
0.0073399043
0.0072013742
0.0070616932
0.0069207851
0.0067785778
0.0066350012
0.0064899888
0.0063434745
0.0061953964
0.0060456944
0.0058943128
0.0057411976
0.0055862982
0.0054295677
0.0052709618
0.0051104422
0.0049479717
0.0047835241
0.0046170738
0.0044486131
0.0042781318
0.0041056491
0.0039311784
0.0037547745
0.0035765071
0.0033964757
0.0032148247
0.0030317524
0.0028475034
0.0026625005
0.002477042
0.0022922567
0.0021079226
0.0019278874
0.0017477393
0.0015842739
0.0014061991
0.0013047246
0.0010887959
0.0013500766
-0.00065877892
0.018845912
0.018692551
0.018528082
0.018349627
0.018156087
0.017947993
0.01772597
0.017490563
0.017242557
0.016983062
0.016713429
0.016435198
0.016150063
0.015859838
0.015566398
0.015271623
0.014977343
0.01468529
0.014397051
0.014114034
0.013837438
0.013568246
0.013307209
0.013054859
0.012811512
0.012577293
0.012352157
0.012135913
0.01192825
0.011728766
0.011536988
0.011352402
0.011174461
0.011002611
0.010836299
0.010674984
0.010518143
0.010365281
0.010215928
0.010069648
0.0099260354
0.0097847149
0.0096453433
0.0095076061
0.0093712162
0.0092359116
0.0091014535
0.0089676239
0.0088342237
0.0087010718
0.0085680022
0.0084348617
0.0083015103
0.0081678177
0.0080336649
0.0078989388
0.0077635327
0.0076273464
0.0074902857
0.0073522618
0.0072131903
0.0070729948
0.0069315975
0.0067889247
0.0066449046
0.0064994693
0.0063525514
0.0062040878
0.0060540174
0.0059022832
0.0057488302
0.0055936069
0.0054365654
0.0052776607
0.0051168534
0.0049541059
0.0047893909
0.0046226823
0.0044539709
0.0042832465
0.0041105259
0.0039358231
0.00375919
0.0035806948
0.0034004352
0.0032185523
0.0030352411
0.0028507412
0.0026654656
0.0024797115
0.0022945662
0.0021098444
0.0019292158
0.0017485268
0.001583746
0.0014053468
0.001299975
0.0010890632
0.0013001009
-0.00059189798
0.018628674
0.01848336
0.018327796
0.018159386
0.017977094
0.017781331
0.017572594
0.017351297
0.017118064
0.016873804
0.016619647
0.016356899
0.016087022
0.0158116
0.015532295
0.0152508
0.014968789
0.014687872
0.014409554
0.014135199
0.013866002
0.013602969
0.013346907
0.013098426
0.012857937
0.012625671
0.012401693
0.012185925
0.011978165
0.011778113
0.011585392
0.011399568
0.011220172
0.011046712
0.010878688
0.010715602
0.010556969
0.010402322
0.010251213
0.010103221
0.0099579543
0.009815045
0.0096741552
0.009534973
0.009397212
0.0092606097
0.0091249255
0.008989939
0.0088554484
0.008721269
0.0085872313
0.0084531788
0.0083189678
0.0081844648
0.0080495468
0.0079140979
0.0077780087
0.0076411761
0.0075035035
0.0073648997
0.0072252782
0.0070845596
0.0069426648
0.0067995182
0.0066550464
0.0065091801
0.0063618507
0.0062129939
0.0060625474
0.0059104531
0.005756655
0.0056011007
0.0054437413
0.005284531
0.0051234294
0.0049603984
0.0047954096
0.0046284365
0.0044594682
0.0042884947
0.0041155302
0.0039405893
0.0037637209
0.0035849919
0.0034044979
0.0032223764
0.003038819
0.0028540604
0.0026685029
0.0024824431
0.0022969243
0.0021117996
0.0019305529
0.0017493015
0.0015831394
0.0014044768
0.0012946413
0.0010884974
0.001250698
-0.00052616076
0.018417077
0.018279311
0.018132079
0.017973037
0.017801207
0.017616902
0.017420512
0.017212346
0.016992889
0.016762881
0.016523261
0.016275131
0.016019743
0.015758473
0.015492786
0.015224194
0.014954218
0.014684342
0.014415981
0.01415044
0.013888889
0.013632343
0.013381645
0.013137461
0.01290028
0.012670424
0.012448056
0.012233198
0.01202575
0.011825508
0.011632187
0.011445435
0.011264857
0.011090024
0.010920494
0.010755814
0.010595539
0.010439231
0.010286469
0.010136851
0.0099899985
0.0098455557
0.0097031912
0.0095625978
0.0094234915
0.0092856104
0.0091487135
0.009012579
0.008877003
0.0087417983
0.0086067923
0.0084718257
0.0083367514
0.008201433
0.0080657441
0.007929566
0.0077927866
0.0076553004
0.0075170082
0.0073778168
0.0072376371
0.0070963875
0.0069539872
0.0068103587
0.0066654274
0.0065191222
0.0063713737
0.0062221159
0.0060712859
0.0059188241
0.0057646737
0.0056087813
0.005451097
0.0052915742
0.0051301716
0.0049668506
0.0048015814
0.0046343374
0.0044651061
0.004293877
0.0041206626
0.0039454772
0.0037683673
0.003589398
0.0034086627
0.0032262957
0.0030424844
0.0028574587
0.0026716097
0.002485233
0.0022993265
0.002113783
0.0019318919
0.0017500559
0.0015824427
0.0014035652
0.0012884012
0.0010870429
0.0012021513
-0.00046137653
0.017631694
0.018589117
0.019993078
0.021750282
0.023956873
0.026869326
0.030262357
0.035465519
0.041384
0.05729801
0.017631637
0.018588966
0.019992782
0.021749591
0.023955261
0.026864649
0.03025245
0.03539873
0.041342698
0.055136577
0.017631525
0.018588696
0.019992239
0.021748332
0.023952235
0.0268564
0.030233378
0.035305874
0.041164978
0.052676169
0.017631347
0.018588272
0.019991382
0.021746347
0.02394745
0.026843508
0.030202718
0.035177218
0.040803132
0.050430674
0.017631097
0.018587677
0.019990179
0.021743561
0.023940749
0.026825578
0.03015853
0.035013571
0.040327191
0.048416852
0.017630769
0.018586895
0.019988599
0.021739907
0.023931982
0.026802285
0.030100253
0.034817714
0.039775419
0.046585192
0.017630354
0.01858591
0.019986609
0.021735308
0.023920978
0.026773267
0.030028102
0.034590437
0.039167351
0.044909858
0.017629846
0.018584702
0.019984169
0.021729681
0.023907559
0.026738171
0.029941909
0.034332641
0.038529182
0.043346477
0.017629235
0.018583251
0.019981241
0.021722937
0.023891544
0.026696664
0.029841507
0.034046335
0.037872687
0.041873597
0.017628512
0.018581536
0.01997778
0.021714984
0.023872746
0.02664843
0.029726829
0.033733973
0.037201706
0.040485043
0.017627667
0.018579533
0.019973741
0.021705725
0.023850976
0.026593177
0.029597896
0.033397987
0.036520237
0.039176912
0.01762669
0.018577218
0.019969076
0.021695058
0.023826041
0.026530637
0.029454811
0.033040781
0.035832569
0.037945465
0.017625568
0.018574563
0.019963733
0.021682879
0.023797749
0.026460569
0.029297753
0.032664753
0.035142688
0.036786996
0.017624289
0.018571542
0.019957659
0.021669077
0.023765904
0.026382762
0.029126984
0.03227228
0.034454153
0.035697728
0.017622841
0.018568123
0.019950794
0.021653538
0.023730315
0.026297039
0.028942841
0.031865699
0.033770121
0.034673779
0.017621208
0.018564276
0.019943079
0.021636147
0.023690791
0.026203255
0.028745737
0.031447285
0.033093366
0.03371119
0.017619376
0.018559965
0.019934451
0.021616781
0.023647145
0.026101304
0.028536156
0.031019231
0.03242629
0.032805991
0.017617328
0.018555155
0.01992484
0.021595317
0.023599194
0.025991116
0.028314652
0.030583638
0.031770943
0.031954264
0.017615047
0.018549808
0.019914178
0.021571628
0.023546764
0.025872664
0.02808184
0.0301425
0.031129041
0.031152197
0.017612513
0.018543884
0.01990239
0.021545588
0.023489688
0.025745958
0.027838394
0.029697695
0.030501988
0.030396136
0.017609708
0.018537338
0.0198894
0.021517065
0.023427809
0.025611054
0.027585039
0.029250977
0.029890899
0.029682619
0.017606609
0.018530128
0.019875126
0.02148593
0.023360981
0.025468047
0.027322543
0.028803968
0.029296621
0.029008396
0.017603193
0.018522204
0.019859486
0.021452051
0.023289072
0.025317074
0.027051712
0.028358155
0.028719759
0.028370445
0.017599436
0.018513517
0.019842392
0.021415298
0.023211964
0.025158315
0.026773383
0.027914889
0.028160699
0.027765977
0.017595313
0.018504014
0.019823756
0.021375542
0.023129557
0.024991989
0.026488411
0.027475383
0.027619633
0.027192434
0.017590794
0.018493639
0.019803485
0.021332657
0.023041768
0.024818354
0.026197666
0.027040715
0.027096585
0.026647476
0.017585852
0.018482336
0.019781483
0.021286518
0.022948532
0.024637705
0.025902022
0.026611828
0.026591433
0.026128974
0.017580453
0.018470043
0.019757654
0.021237005
0.022849807
0.024450373
0.025602351
0.026189536
0.026103932
0.025634992
0.017574565
0.018456697
0.019731898
0.021184005
0.022745573
0.02425672
0.025299512
0.025774533
0.025633736
0.025163771
0.017568151
0.018442233
0.019704113
0.021127407
0.02263583
0.024057138
0.024994347
0.025367394
0.025180417
0.024713713
0.017561175
0.018426582
0.019674197
0.021067112
0.022520604
0.023852043
0.024687672
0.024968583
0.024743487
0.024283363
0.017553595
0.018409673
0.019642045
0.021003023
0.022399946
0.023641877
0.024380272
0.024578466
0.024322407
0.023871395
0.017545369
0.018391434
0.019607554
0.020935058
0.022273929
0.023427098
0.024072892
0.024197314
0.023916608
0.023476599
0.017536452
0.018371788
0.019570618
0.020863142
0.022142654
0.023208177
0.023766238
0.023825316
0.023525498
0.023097865
0.017526797
0.018350658
0.019531135
0.020787211
0.022006243
0.0229856
0.023460967
0.023462582
0.023148475
0.022734175
0.017516352
0.018327964
0.019488999
0.020707213
0.021864845
0.022759854
0.023157687
0.023109158
0.022784934
0.02238459
0.017505064
0.018303625
0.019444111
0.02062311
0.021718633
0.022531431
0.022856953
0.022765031
0.022434274
0.022048244
0.017492877
0.018277557
0.01939637
0.020534876
0.021567799
0.022300821
0.022559269
0.022430137
0.022095905
0.021724338
0.017479732
0.018249677
0.01934568
0.020442502
0.021412561
0.022068505
0.022265082
0.022104367
0.021769247
0.02141213
0.017465566
0.018219897
0.019291949
0.020345992
0.021253152
0.021834959
0.021974785
0.02178758
0.021453741
0.021110929
0.017450314
0.018188133
0.019235089
0.020245364
0.021089827
0.021600641
0.02168872
0.021479599
0.021148842
0.020820097
0.017433907
0.018154298
0.019175016
0.020140656
0.020922855
0.021365994
0.021407175
0.021180228
0.020854031
0.020539034
0.017416272
0.018118304
0.019111653
0.020031918
0.02075252
0.021131441
0.021130388
0.020889247
0.020568804
0.020267186
0.017397335
0.018080068
0.019044929
0.019919218
0.020579117
0.020897385
0.020858552
0.020606424
0.020292683
0.020004031
0.017377016
0.018039502
0.018974782
0.01980264
0.020402949
0.020664201
0.020591816
0.020331514
0.020025209
0.019749084
0.017355233
0.017996526
0.018901157
0.019682285
0.020224327
0.020432241
0.020330286
0.020064264
0.019765946
0.019501889
0.0173319
0.017951056
0.018824007
0.019558265
0.020043568
0.020201829
0.020074033
0.019804415
0.019514478
0.019262018
0.017306928
0.017903015
0.018743295
0.019430713
0.019860987
0.019973263
0.019823098
0.019551708
0.019270407
0.019029069
0.017280232
0.017852332
0.018658997
0.019299768
0.019676889
0.019746799
0.019577478
0.019305876
0.019033357
0.018802669
0.017251726
0.017798946
0.018571096
0.019165584
0.019491565
0.019522646
0.019337128
0.019066626
0.018802934
0.018582431
0.01722003
0.017740464
0.018475766
0.019022646
0.019297626
0.019291874
0.019092312
0.018824089
0.018569528
0.018359133
0.017181146
0.017670076
0.01836221
0.018855694
0.019075418
0.019031888
0.018819415
0.01855496
0.018310709
0.018111287
0.017130701
0.017581208
0.018220472
0.018652007
0.018810441
0.018727667
0.018503702
0.018245129
0.018013009
0.017825933
0.017064612
0.017469216
0.018044202
0.018405203
0.018497891
0.018376217
0.018143318
0.017893217
0.01767509
0.017501555
0.016977109
0.017328469
0.017826509
0.018108916
0.018133954
0.017976014
0.017737898
0.017499165
0.017296805
0.017137843
0.016860477
0.017152041
0.017560425
0.017757588
0.017716523
0.01752756
0.01728895
0.017064422
0.016879104
0.016735189
0.0167053
0.016931706
0.017238938
0.017347075
0.017245627
0.017033518
0.016799895
0.016592373
0.016425321
0.016296935
0.01650027
0.016657942
0.016856143
0.016875948
0.01672401
0.016498522
0.016274923
0.016085584
0.015936344
0.015822798
0.016232336
0.016320609
0.016408335
0.016346239
0.016157066
0.015929346
0.015721732
0.015553038
0.015422394
0.015323651
0.015887829
0.015910297
0.015894916
0.015763593
0.015551464
0.015329574
0.015138745
0.014988196
0.01487362
0.014788045
0.015454708
0.015419989
0.015318519
0.015136795
0.014918912
0.014715406
0.014548749
0.014419686
0.014321958
0.014249077
0.014925474
0.014848477
0.014685082
0.014471422
0.014253651
0.014064162
0.013914011
0.013800409
0.013716113
0.013654171
0.01430177
0.014200206
0.014006764
0.013792767
0.013601722
0.013445752
0.013323282
0.013229498
0.013159219
0.013107402
0.013597394
0.013487051
0.013279609
0.013059242
0.012871936
0.012726433
0.012617257
0.012536617
0.012477651
0.012434829
0.012839796
0.012747566
0.012583584
0.012422972
0.012292305
0.012188552
0.012106228
0.012042442
0.011994538
0.011959264
0.012059505
0.011950262
0.01175984
0.011578782
0.011444789
0.011350571
0.011281675
0.011230427
0.011192873
0.011165753
0.011352981
0.011355074
0.011303679
0.011228284
0.011152553
0.011084964
0.011028914
0.010985122
0.010952079
0.010927543
0.010540259
0.010353259
0.010147316
0.010000886
0.0099014484
0.0098286056
0.0097745322
0.0097354085
0.0097074651
0.0096874311
0.018202264
0.018071887
0.017932784
0.017782852
0.017621167
0.017447957
0.017263523
0.017068083
0.016862004
0.016645875
0.016420464
0.016186688
0.015945604
0.015698393
0.015446331
0.015190753
0.014933024
0.014674498
0.014416486
0.014160221
0.013906836
0.013657333
0.013412575
0.013173271
0.012939972
0.012713077
0.012492838
0.012279369
0.012072668
0.011872625
0.011679042
0.011491654
0.011310141
0.011134141
0.01096327
0.010797129
0.010635312
0.010477418
0.010323055
0.010171844
0.010023423
0.0098774509
0.009733605
0.009591585
0.0094511113
0.0093119244
0.0091737839
0.0090364678
0.008899771
0.0087635042
0.0086274927
0.0084915746
0.0083555998
0.0082194291
0.0080829332
0.0079459905
0.0078084864
0.0076703129
0.0075313686
0.0073915576
0.0072507892
0.0071089788
0.0069660442
0.006821906
0.0066764883
0.0065297182
0.0063815252
0.0062318423
0.0060806051
0.005927753
0.0057732282
0.0056169762
0.0054589463
0.0052990909
0.0051373678
0.0049737378
0.0048081699
0.0046406369
0.0044711248
0.004299623
0.0041261416
0.0039506948
0.0037733264
0.0035940998
0.003413106
0.0032304755
0.0030463913
0.0028610783
0.0026749148
0.0024881959
0.0023018695
0.0021158725
0.0019332807
0.001750813
0.001581609
0.0014024922
0.0012811844
0.001084381
0.0011524532
-0.00039481812
0.01796352
0.017841032
0.017710582
0.017570309
0.017419349
0.017257852
0.017086036
0.016904039
0.016712117
0.016510715
0.016300436
0.016082015
0.015856317
0.015624325
0.015387118
0.015145846
0.014901702
0.014655892
0.014409606
0.014163986
0.013920103
0.013678932
0.013441336
0.013208051
0.01297968
0.012756689
0.012539414
0.012328063
0.012122728
0.011923399
0.011729974
0.011542277
0.011360074
0.01118308
0.011010979
0.010843429
0.010680079
0.010520569
0.010364543
0.010211651
0.010061556
0.0099139322
0.0097684731
0.0096248879
0.0094829038
0.0093422658
0.0092027365
0.0090640948
0.0089261353
0.008788668
0.008651516
0.0085145155
0.0083775138
0.0082403689
0.0081029485
0.0079651284
0.0078267911
0.0076878263
0.0075481298
0.0074076035
0.0072661543
0.0071236949
0.0069801411
0.0068354118
0.0066894292
0.006542119
0.0063934092
0.0062432313
0.0060915199
0.0059382129
0.0057832514
0.0056265798
0.0054681462
0.0053079022
0.0051458043
0.0049818127
0.004815895
0.0046480235
0.0044781824
0.0043063606
0.0041325657
0.0039568118
0.0037791394
0.0035996098
0.0034183111
0.0032353695
0.0030509627
0.0028653093
0.0026787725
0.0024916467
0.0023048201
0.0021182817
0.0019348531
0.0017516295
0.0015805198
0.0014009466
0.0012724373
0.0010795225
0.0010974765
-0.00032089717
0.017688219
0.017574383
0.01745339
0.017323632
0.017184317
0.01703552
0.016877384
0.016709972
0.016533436
0.016348086
0.016154364
0.015952829
0.015744151
0.01552911
0.01530858
0.015083512
0.01485491
0.01462381
0.014391257
0.014158275
0.013925849
0.013694898
0.013466262
0.013240684
0.0130188
0.012801134
0.012588094
0.012379978
0.012176974
0.011979174
0.01178658
0.011599117
0.011416642
0.011238963
0.011065843
0.010897013
0.010732183
0.01057105
0.010413302
0.01025863
0.010106728
0.0099572953
0.0098100458
0.0096647042
0.0095210094
0.0093787146
0.0092375881
0.0090974123
0.0089579836
0.0088191122
0.0086806208
0.008542344
0.0084041271
0.0082658258
0.008127305
0.0079884376
0.0078491037
0.0077091902
0.0075685902
0.0074272031
0.007284933
0.00714169
0.0069973877
0.0068519428
0.0067052756
0.00655731
0.0064079724
0.0062571926
0.0061049039
0.0059510426
0.0057955485
0.0056383647
0.0054794379
0.0053187188
0.0051561624
0.0049917279
0.0048253816
0.0046570948
0.0044868497
0.0043146346
0.0041404541
0.0039643218
0.0037862746
0.0036063709
0.003424695
0.003241368
0.0030565605
0.0028704836
0.0026834813
0.0024958462
0.0023083945
0.0021211739
0.0019367011
0.0017525112
0.001579042
0.0013984916
0.0012615599
0.0010708624
0.001035345
-0.00023755807
0.017374641
0.017270061
0.017159165
0.017040584
0.016913607
0.016778251
0.016634585
0.016482611
0.016322391
0.016154111
0.015978069
0.015794655
0.015604356
0.015407755
0.01520552
0.014998397
0.014787193
0.014572757
0.014355967
0.014137704
0.013918838
0.013700204
0.013482589
0.013266713
0.01305322
0.012842667
0.01263552
0.01243215
0.012232834
0.012037763
0.011847041
0.011660696
0.011478692
0.01130093
0.011127268
0.01095752
0.010791472
0.010628889
0.010469517
0.010313097
0.010159364
0.010008055
0.0098589109
0.0097116802
0.0095661196
0.0094219963
0.0092790886
0.0091371865
0.0089960914
0.0088556163
0.0087155855
0.0085758336
0.0084362053
0.0082965548
0.008156745
0.0080166465
0.007876137
0.007735101
0.007593429
0.0074510177
0.0073077689
0.0071635896
0.0070183909
0.0068720876
0.0067245978
0.0065758432
0.0064257486
0.0062742423
0.0061212554
0.0059667231
0.0058105833
0.0056527777
0.0054932518
0.0053319545
0.0051688396
0.0050038651
0.0048369956
0.0046682011
0.0044974617
0.0043247645
0.0041501111
0.0039735135
0.0037950049
0.0036146396
0.0034324977
0.0032486932
0.003063388
0.0028767837
0.0026892007
0.0025009268
0.0023126939
0.0021246091
0.0019388382
0.001753397
0.0015770338
0.0013948496
0.0012481673
0.0010567206
0.00096600162
-0.00014677016
0.017022334
0.016927456
0.016827097
0.016720122
0.016605908
0.016484422
0.016355679
0.016219627
0.016076258
0.015925658
0.015767995
0.015603515
0.015432539
0.015255466
0.015072775
0.014885012
0.014692784
0.014496749
0.014297604
0.014096067
0.013892869
0.013688729
0.01348435
0.013280395
0.013077483
0.012876172
0.012676954
0.012480253
0.012286414
0.01209571
0.011908339
0.01172443
0.011544047
0.011367196
0.011193831
0.011023861
0.01085716
0.010693569
0.010532909
0.010374982
0.010219577
0.010066478
0.0099154668
0.0097663231
0.0096188309
0.0094727793
0.0093279636
0.0091841871
0.0090412611
0.0088990059
0.0087572505
0.0086158327
0.008474599
0.0083334039
0.0081921097
0.0080505862
0.0079087097
0.0077663627
0.0076234338
0.0074798174
0.0073354129
0.0071901249
0.007043862
0.0068965369
0.0067480655
0.0065983676
0.0064473662
0.0062949875
0.0061411612
0.0059858204
0.0058289016
0.0056703448
0.0055100936
0.0053480957
0.0051843031
0.0050186723
0.004851166
0.0046817528
0.0045104101
0.0043371234
0.004161891
0.0039847224
0.0038056465
0.0036247126
0.0034419947
0.0032575989
0.0030716754
0.0028844135
0.0026961053
0.0025070284
0.0023178189
0.0021286354
0.001941256
0.001754181
0.0015743035
0.0013897479
0.0012317857
0.0010357209
0.00089005606
-5.3034504e-05
0.01663128
0.016546276
0.016456615
0.016361351
0.016259956
0.016152371
0.01603857
0.015918463
0.01579199
0.015659158
0.015520038
0.015374753
0.015223486
0.015066482
0.014904046
0.014736545
0.014564402
0.014388086
0.014208114
0.014025031
0.013839411
0.013651837
0.013462893
0.013273156
0.01308318
0.012893487
0.012704562
0.01251684
0.012330705
0.012146486
0.011964453
0.011784816
0.011607733
0.011433303
0.011261579
0.011092566
0.01092623
0.010762501
0.01060128
0.010442443
0.010285848
0.010131338
0.0099787436
0.0098278915
0.0096786031
0.009530699
0.0093840009
0.0092383333
0.009093525
0.0089494095
0.0088058263
0.0086626212
0.0085196459
0.008376759
0.0082338251
0.0080907153
0.0079473062
0.0078034802
0.0076591252
0.0075141342
0.0073684052
0.0072218408
0.0070743481
0.0069258375
0.0067762235
0.0066254239
0.00647336
0.0063199563
0.0061651409
0.0060088451
0.0058510038
0.0056915551
0.0055304411
0.0053676077
0.0052030051
0.0050365881
0.0048683174
0.0046981595
0.0045260892
0.0043520896
0.0041761551
0.0039982923
0.0038185243
0.0036368945
0.0034534693
0.0032683443
0.0030816556
0.002893576
0.0027043639
0.0025142785
0.00232385
0.0021332692
0.0019439043
0.0017546911
0.0015706067
0.0013826166
0.0012119539
0.0010072595
0.00080990139
3.6344763e-05
0.016204741
0.016129549
0.016050463
0.015966729
0.015877894
0.015783884
0.015684643
0.015580064
0.015470055
0.015354569
0.015233604
0.015107192
0.014975411
0.01483838
0.014696267
0.014549288
0.014397701
0.014241812
0.014081965
0.013918541
0.013751953
0.013582633
0.013411034
0.013237614
0.013062832
0.012887138
0.012710967
0.012534729
0.012358805
0.012183542
0.012009246
0.011836183
0.011664573
0.011494596
0.011326385
0.011160034
0.010995598
0.010833094
0.010672509
0.010513802
0.010356905
0.01020173
0.010048173
0.0098961162
0.0097454308
0.0095959809
0.0094476258
0.0093002217
0.0091536243
0.0090076893
0.0088622745
0.0087172403
0.0085724505
0.0084277726
0.0082830784
0.0081382442
0.0079931506
0.0078476826
0.0077017298
0.0075551861
0.0074079497
0.0072599231
0.0071110125
0.0069611278
0.0068101823
0.0066580929
0.0065047797
0.006350166
0.0061941784
0.006036747
0.0058778049
0.0057172891
0.0055551397
0.005391301
0.0052257213
0.0050583536
0.0048891561
0.0047180932
0.0045451366
0.0043702662
0.0041934722
0.0040147566
0.0038341365
0.003651647
0.0034673451
0.0032813135
0.0030936701
0.0029045664
0.0027142208
0.0025228623
0.0023309072
0.0021385457
0.0019467333
0.0017547339
0.0015656644
0.0013728708
0.0011881567
0.00097204558
0.00072976762
0.00011270748
0.015741832
0.015676134
0.015607224
0.015534488
0.015457577
0.015376414
0.01529093
0.015201009
0.015106543
0.015007457
0.0149037
0.014795247
0.014682098
0.014564284
0.014441871
0.014314955
0.014183668
0.014048179
0.013908688
0.013765428
0.013618662
0.01346868
0.013315794
0.013160335
0.013002646
0.012843078
0.012681982
0.012519706
0.012356587
0.012192947
0.012029089
0.01186529
0.011701802
0.011538847
0.011376613
0.011215259
0.01105491
0.010895662
0.010737578
0.010580695
0.010425021
0.010270544
0.010117229
0.0099650224
0.0098138557
0.0096636473
0.0095143051
0.0093657284
0.0092178104
0.0090704398
0.0089235024
0.0087768825
0.0086304639
0.0084841311
0.0083377696
0.008191267
0.008044513
0.0078974
0.0077498234
0.0076016814
0.0074528758
0.0073033112
0.0071528955
0.0070015399
0.0068491585
0.0066956683
0.0065409896
0.0063850454
0.006227762
0.0060690685
0.0059088973
0.0057471842
0.0055838681
0.0054188918
0.0052522018
0.0050837491
0.0049134897
0.0047413853
0.0045674042
0.0043915225
0.0042137254
0.0040340093
0.0038523836
0.0036688738
0.0034835243
0.0032964019
0.003107602
0.0029172483
0.0027255123
0.0025325782
0.002338741
0.0021441478
0.0019493551
0.0017538016
0.0015589174
0.0013597837
0.001160072
0.00093090324
0.00065474757
0.00016886532
0.015253493
0.015196681
0.015137268
0.015074782
0.015008926
0.01493962
0.014866795
0.01479034
0.014710147
0.014626124
0.014538199
0.01444631
0.014350414
0.014250483
0.014146513
0.014038521
0.013926548
0.013810657
0.013690939
0.01356751
0.013440509
0.013310101
0.013176471
0.013039827
0.012900394
0.01275841
0.012614127
0.012467804
0.012319704
0.012170088
0.012019214
0.011867334
0.011714686
0.011561494
0.011407966
0.011254287
0.011100625
0.010947123
0.010793902
0.010641058
0.010488667
0.010336781
0.010185432
0.010034632
0.0098843748
0.0097346397
0.0095853902
0.0094365776
0.0092881428
0.0091400173
0.0089921257
0.0088443865
0.0086967136
0.0085490179
0.0084012078
0.0082531904
0.0081048725
0.0079561606
0.0078069623
0.007657186
0.0075067419
0.0073555416
0.007203499
0.0070505298
0.006896552
0.0067414859
0.0065852541
0.0064277816
0.0062689959
0.0061088272
0.0059472083
0.0057840749
0.0056193655
0.0054530222
0.0052849902
0.005115219
0.0049436623
0.0047702791
0.004595034
0.0044178988
0.004238853
0.0040578856
0.0038749972
0.0036902011
0.0035035266
0.0033150202
0.0031247499
0.002932804
0.0027392993
0.0025443584
0.0023481485
0.0021507271
0.0019522784
0.0017522478
0.0015506569
0.0013436657
0.0011289283
0.00088706389
0.00058890622
0.00020206256
0.014727759
0.014679214
0.014628541
0.014575378
0.014519522
0.014460908
0.014399464
0.014335088
0.014267679
0.014197147
0.014123411
0.014046396
0.013966033
0.013882268
0.013795053
0.013704358
0.013610164
0.013512469
0.013411287
0.013306649
0.013198604
0.01308722
0.012972581
0.012854791
0.01273397
0.012610253
0.01248379
0.012354746
0.012223292
0.012089613
0.011953894
0.011816327
0.011677105
0.011536415
0.011394442
0.011251365
0.011107349
0.010962553
0.010817119
0.010671176
0.010524837
0.010378199
0.010231344
0.010084335
0.0099372216
0.0097900363
0.0096427972
0.0094955088
0.0093481629
0.0092007397
0.0090532091
0.0089055319
0.008757661
0.0086095425
0.0084611168
0.0083123199
0.0081630838
0.0080133381
0.0078630101
0.0077120259
0.0075603108
0.0074077899
0.0072543885
0.0071000323
0.0069446478
0.0067881627
0.0066305057
0.0064716072
0.0063113989
0.0061498145
0.0059867895
0.0058222616
0.0056561706
0.005488459
0.005319072
0.0051479581
0.0049750695
0.0048003624
0.004623798
0.004445343
0.0042649704
0.004082661
0.0038984039
0.0037121983
0.0035240545
0.0033339946
0.0031420531
0.0029482749
0.0027527138
0.0025554144
0.0023564107
0.0021556297
0.0019529212
0.0017476047
0.001538645
0.0013228601
0.0010942924
0.00084295237
0.00053297375
0.00021353983
0.014197808
0.01415653
0.014113559
0.014068633
0.014021571
0.013972309
0.013920785
0.013866914
0.013810609
0.013751785
0.013690363
0.013626267
0.013559423
0.013489762
0.013417221
0.013341743
0.013263278
0.013181787
0.013097237
0.013009608
0.012918889
0.012825082
0.0127282
0.012628271
0.012525333
0.012419438
0.012310653
0.012199054
0.01208473
0.01196778
0.011848315
0.011726452
0.011602316
0.011476035
0.011347745
0.01121758
0.011085674
0.010952163
0.010817174
0.010680833
0.010543258
0.010404559
0.010264836
0.01012418
0.0099826716
0.00984038
0.009697363
0.0095536674
0.0094093285
0.0092643711
0.0091188091
0.0089726469
0.0088258794
0.0086784932
0.0085304671
0.0083817731
0.0082323772
0.0080822397
0.0079313169
0.0077795609
0.0076269209
0.0074733435
0.007318773
0.0071631526
0.007006424
0.0068485283
0.0066894062
0.0065289983
0.0063672454
0.0062040886
0.0060394699
0.005873332
0.005705619
0.0055362761
0.0053652505
0.0051924914
0.0050179505
0.0048415823
0.0046633449
0.0044831999
0.0043011136
0.0041170571
0.0039310071
0.003742946
0.0035528622
0.0033607488
0.0031666021
0.002970416
0.0027721749
0.0025718332
0.0023692909
0.0021643229
0.0019564991
0.0017449599
0.0015280272
0.0013030079
0.0010627194
0.00080437161
0.00049099295
0.00021241554
0.01361099
0.013576435
0.013540489
0.013502956
0.013463734
0.013422774
0.013380018
0.013335393
0.013288825
0.013240241
0.013189572
0.013136745
0.01308169
0.013024339
0.012964624
0.012902479
0.012837845
0.012770663
0.012700878
0.012628444
0.012553317
0.012475461
0.012394846
0.012311451
0.012225261
0.012136272
0.012044487
0.011949918
0.011852588
0.011752527
0.011649775
0.011544381
0.011436401
0.011325901
0.011212951
0.011097629
0.010980017
0.010860203
0.010738274
0.010614322
0.010488438
0.010360713
0.010231235
0.01010009
0.0099673594
0.0098331187
0.0096974395
0.0095603879
0.0094220239
0.0092823998
0.0091415598
0.0089995407
0.0088563715
0.0087120739
0.0085666622
0.0084201436
0.0082725191
0.0081237833
0.0079739253
0.0078229288
0.0076707733
0.0075174338
0.0073628814
0.0072070841
0.0070500066
0.006891611
0.0067318572
0.0065707028
0.0064081042
0.006244016
0.0060783919
0.0059111849
0.0057423472
0.0055718308
0.0053995881
0.0052255716
0.005049735
0.0048720332
0.0046924218
0.0045108582
0.0043273013
0.004141712
0.0039540527
0.0037642871
0.0035723784
0.0033782874
0.0031819674
0.0029833572
0.0027823679
0.0025788612
0.0023726124
0.0021632531
0.0019501517
0.0017323171
0.0015078417
0.0012745516
0.0010256682
0.00076306484
0.00045271402
0.00019889104
0.013071229
0.013042175
0.013012012
0.012980619
0.012947885
0.012913759
0.012878196
0.01284114
0.012802529
0.012762302
0.012720402
0.012676765
0.012631329
0.012584031
0.012534806
0.012483592
0.012430327
0.012374948
0.012317396
0.01225761
0.012195536
0.012131118
0.012064305
0.011995051
0.011923311
0.011849046
0.011772222
0.01169281
0.011610786
0.011526133
0.011438839
0.0113489
0.011256316
0.011161096
0.011063255
0.010962811
0.010859793
0.010754233
0.010646167
0.010535638
0.010422692
0.010307379
0.01018975
0.010069861
0.0099477651
0.0098235213
0.0096971901
0.0095688314
0.0094385023
0.0093062587
0.0091721551
0.0090362428
0.0088985687
0.0087591751
0.0086181001
0.0084753773
0.0083310357
0.0081850993
0.0080375873
0.007888514
0.0077378892
0.0075857175
0.0074319988
0.0072767285
0.0071198975
0.0069614925
0.0068014968
0.0066398898
0.006476648
0.0063117447
0.00614515
0.0059768316
0.0058067544
0.0056348811
0.005461172
0.0052855863
0.0051080829
0.0049286199
0.0047471538
0.0045636397
0.0043780312
0.0041902803
0.0040003364
0.0038081448
0.0036136444
0.0034167637
0.003217415
0.0030154843
0.002810817
0.0026031948
0.0023922978
0.0021776589
0.0019585516
0.0017339747
0.0015021275
0.0012614508
0.0010062818
0.00074123257
0.00043532434
0.00019305517
0.012405234
0.012381678
0.012357213
0.012331731
0.012305187
0.012277551
0.012248779
0.01221882
0.012187627
0.012155148
0.012121333
0.012086129
0.012049481
0.012011334
0.011971631
0.011930316
0.01188733
0.011842614
0.011796108
0.011747755
0.011697497
0.011645275
0.011591031
0.011534708
0.011476249
0.011415598
0.011352703
0.011287512
0.011219977
0.011150051
0.011077691
0.011002858
0.010925515
0.010845632
0.010763179
0.010678134
0.010590477
0.010500195
0.010407277
0.010311718
0.010213519
0.010112683
0.010009223
0.009903149
0.0097943998
0.0096829166
0.0095688128
0.0094522002
0.0093331048
0.0092115379
0.0090875293
0.0089611184
0.0088323437
0.0087012435
0.0085678564
0.0084322224
0.0082943817
0.0081543747
0.0080122411
0.0078680198
0.0077217484
0.0075734619
0.0074231913
0.0072709621
0.0071167938
0.0069607012
0.006802694
0.0066427766
0.0064809491
0.0063172072
0.0061515416
0.0059839382
0.005814378
0.0056428373
0.0054692889
0.0052937033
0.0051160479
0.0049362841
0.0047543685
0.0045702541
0.0043838896
0.0041952186
0.0040041777
0.0038106948
0.0036146862
0.0034160516
0.0032146679
0.0030103787
0.0028029809
0.0025922043
0.0023776805
0.002158912
0.0019351879
0.0017056228
0.0014687262
0.0012235538
0.000965732
0.00070132033
0.00040391899
0.00017480894
0.01193465
0.011914849
0.011894322
0.01187301
0.01185083
0.011827741
0.011803715
0.011778717
0.011752703
0.011725632
0.011697457
0.011668136
0.011637621
0.011605866
0.01157282
0.011538435
0.011502658
0.011465436
0.011426716
0.011386442
0.011344557
0.011301006
0.011255732
0.011208678
0.011159785
0.011108991
0.011056239
0.011001469
0.01094462
0.010885635
0.010824454
0.010761021
0.010695277
0.010627168
0.010556639
0.010483637
0.010408112
0.010330013
0.010249291
0.010165901
0.010079797
0.0099909327
0.0098992658
0.0098047501
0.0097073244
0.0096069205
0.009503506
0.0093971156
0.0092878637
0.0091758674
0.0090611551
0.0089437086
0.0088235273
0.0087006303
0.008575041
0.0084467831
0.008315883
0.0081823715
0.0080462819
0.0079076493
0.007766509
0.0076228943
0.0074768344
0.0073283575
0.0071774924
0.0070242671
0.0068687076
0.0067108372
0.0065506762
0.0063882397
0.006223536
0.0060565676
0.0058873345
0.00571582
0.0055419901
0.0053658306
0.0051873402
0.0050064963
0.0048232593
0.0046375839
0.0044494202
0.0042587108
0.0040653877
0.0038693708
0.0036705646
0.0034688542
0.0032640987
0.0030561233
0.0028447077
0.0026295722
0.0024103554
0.0021865995
0.0019576898
0.0017229281
0.0014811494
0.0012318895
0.0009714319
0.00070624433
0.00040971672
0.00017942767
0.011147101
0.011132285
0.011116871
0.011100794
0.011084039
0.011066587
0.011048408
0.011029467
0.011009731
0.010989164
0.010967733
0.010945398
0.010922121
0.010897862
0.010872579
0.010846228
0.010818765
0.010790142
0.010760312
0.010729224
0.010696826
0.010663062
0.01062788
0.010591221
0.010553029
0.010513242
0.010471801
0.010428642
0.010383701
0.010336912
0.010288209
0.010237522
0.010184783
0.01012992
0.010072861
0.010013532
0.0099518599
0.0098877674
0.0098211772
0.0097520102
0.0096801853
0.0096056194
0.009528224
0.0094479112
0.0093646509
0.009278407
0.0091889986
0.0090962599
0.0090001585
0.008900731
0.0087979902
0.0086919311
0.0085825623
0.0084699079
0.008354
0.0082348854
0.0081126312
0.0079873229
0.0078590653
0.0077279815
0.0075942454
0.0074580206
0.0073193126
0.0071780791
0.0070343107
0.0068880141
0.0067391747
0.0065877738
0.006433826
0.0062773525
0.0061183487
0.0059567981
0.005792684
0.0056259893
0.0054566933
0.0052847723
0.0051101982
0.004932937
0.0047529481
0.0045701855
0.0043845961
0.0041961187
0.0040046818
0.0038102018
0.0036125804
0.0034117013
0.0032074252
0.002999585
0.002787978
0.0025723586
0.0023524266
0.0021278252
0.0018981044
0.001662814
0.001421191
0.0011732814
0.00091642101
0.00065766794
0.00037474913
0.00015998562
0.010910287
0.010896325
0.010881873
0.010866897
0.010851316
0.010835095
0.010818219
0.010800662
0.010782392
0.010763378
0.010743586
0.010722983
0.010701535
0.010679203
0.01065595
0.010631735
0.010606518
0.010580255
0.010552902
0.010524411
0.010494735
0.010463823
0.010431621
0.010398077
0.010363135
0.010326738
0.010288826
0.01024934
0.010208218
0.010165396
0.010120809
0.010074391
0.010026074
0.0099757891
0.0099234679
0.00986904
0.0098124352
0.0097535824
0.0096924107
0.0096288504
0.0095628335
0.0094942938
0.0094231678
0.0093493952
0.0092729202
0.0091936985
0.009111686
0.0090267812
0.008938807
0.0088476033
0.0087531139
0.0086553332
0.0085542393
0.0084497996
0.0083419819
0.0082307626
0.0081161435
0.0079981461
0.0078767951
0.0077521248
0.0076241952
0.0074930796
0.0073588277
0.0072214883
0.007081131
0.0069378424
0.00679174
0.0066429377
0.0064914369
0.006337184
0.0061801416
0.0060202899
0.0058576085
0.0056920711
0.0055236487
0.0053523112
0.005178027
0.0050007609
0.0048204735
0.0046371204
0.0044506517
0.0042610105
0.0040681313
0.0038719383
0.0036723433
0.0034692431
0.0032625164
0.00305202
0.002837584
0.0026190064
0.0023960445
0.0021684147
0.001935754
0.0016977054
0.0014535722
0.0012034027
0.00094425096
0.0006826835
0.00039406148
0.00017074685
0.0096736414
0.0096627048
0.0096513437
0.0096395058
0.0096271801
0.0096143536
0.0096010035
0.0095871045
0.0095726323
0.0095575617
0.0095418664
0.0095255187
0.0095084898
0.0094907498
0.0094722673
0.0094530101
0.0094329442
0.0094120346
0.0093902449
0.0093675375
0.009343873
0.0093192112
0.0092935101
0.0092667266
0.0092388162
0.009209733
0.0091794301
0.009147859
0.0091149704
0.0090807138
0.0090450377
0.0090078898
0.0089692171
0.0089289661
0.0088870828
0.0088435135
0.008798204
0.0087511007
0.0087021499
0.0086513001
0.0085985016
0.008543707
0.0084868716
0.0084279546
0.0083669195
0.0083037352
0.008238378
0.0081708276
0.0081010318
0.0080288977
0.0079543284
0.0078772319
0.0077975139
0.0077150769
0.0076298215
0.0075416431
0.007450429
0.0073560617
0.007258418
0.0071573728
0.0070527778
0.0069445105
0.0068325927
0.0067170989
0.006598094
0.0064756382
0.0063498211
0.0062207354
0.0060883657
0.0059526409
0.0058135066
0.0056709274
0.0055248688
0.0053752921
0.0052221582
0.0050654292
0.0049050677
0.0047410351
0.0045732915
0.0044017954
0.0042265036
0.0040473706
0.0038643471
0.00367738
0.0034864116
0.0032913792
0.0030922146
0.0028888439
0.0026811881
0.0024691639
0.0022526844
0.0020316696
0.0018060272
0.0015757479
0.0013406293
0.001101272
0.0008558538
0.00061123821
0.0003473228
0.00014753257
)
;

boundaryField
{
    inlet
    {
        type            zeroGradient;
    }
    top
    {
        type            zeroGradient;
    }
    outlet
    {
        type            fixedValue;
        value           uniform 0;
    }
    slipsurface
    {
        type            slip;
    }
    bottom
    {
        type            zeroGradient;
    }
    frontandback
    {
        type            empty;
    }
}


// ************************************************************************* //
