1.0170124e-05 	0.00049825259 	3.1980926e-05 	6.7313899e-13 	17.880412
3.113662e-05 	0.0018855106 	0.0001209348 	6.3196232e-12 	17.880933
5.3394177e-05 	0.0039525614 	0.00025352944 	3.0031474e-11 	17.882182
7.7022295e-05 	0.0065601827 	0.00042098654 	9.8809974e-11 	17.884475
0.00010210537 	0.009668813 	0.00062098264 	2.587801e-10 	17.888198
0.00012873299 	0.0132793 	0.00085387844 	5.8217284e-10 	17.893813
0.00015700027 	0.017408472 	0.0011211876 	1.1765176e-09 	17.901876
0.00018700818 	0.022082717 	0.0014252096 	2.1965114e-09 	17.913062
0.00021886389 	0.0273355 	0.0017689297 	3.859287e-09 	17.928186
0.00025268119 	0.033206252 	0.0021560276 	6.4640706e-09 	17.948231
0.00028858087 	0.039739819 	0.00259095 	1.0417572e-08 	17.974387
0.00032669115 	0.046986139 	0.0030790382 	1.6266922e-08 	18.008092
0.00036714817 	0.05499993 	0.0036267114 	2.4742627e-08 	18.051086
0.00041009642 	0.063840225 	0.0042417177 	3.6814948e-08 	18.105477
0.00045568931 	0.073569529 	0.0049334719 	5.3768355e-08 	18.173825
0.00050408968 	0.084252334 	0.005713509 	7.7300517e-08 	18.259249
0.00055547043 	0.095952608 	0.0065960954 	1.0965459e-07 	18.365563
0.00061001506 	0.10872967 	0.0075990606 	1.5379662e-07 	18.497463
0.0006679184 	0.12263169 	0.0087449385 	2.1365317e-07 	18.660761
0.00072938728 	0.13768568 	0.010062554 	2.9442761e-07 	18.862719
0.00079464125 	0.15388255 	0.011589185 	4.0301498e-07 	19.112482
0.00086391338 	0.17115538 	0.013372978 	5.4852853e-07 	19.421586
0.0009374511 	0.18934902 	0.015472745 	7.4282848e-07 	19.804046
0.0010155171 	0.20817974 	0.017946324 	1.0002018e-06 	20.27443
0.0010983902 	0.2271875 	0.020817786 	1.3339036e-06 	20.84191
0.0011863663 	0.24569296 	0.0240383 	1.7490426e-06 	21.502288
0.0012797599 	0.26278185 	0.027485846 	2.238265e-06 	22.236205
0.0013789043 	0.27733367 	0.031018245 	2.7866202e-06 	23.017727
0.0014841538 	0.28814421 	0.034504766 	3.3795361e-06 	23.798596
0.0015958843 	0.29410574 	0.037817438 	4.0062823e-06 	24.492669
0.0017144948 	0.29431021 	0.040846879 	4.6606845e-06 	25.017591
0.001840409 	0.28808686 	0.043525176 	5.3414067e-06 	25.335698
0.0019740768 	0.27507301 	0.045817965 	6.052692e-06 	25.447343
0.0021159754 	0.25531969 	0.047706206 	6.80766e-06 	25.370683
0.0022666117 	0.22939059 	0.049174662 	7.6363678e-06 	25.129734
0.0024265239 	0.19843399 	0.050203627 	8.6027796e-06 	24.747371
0.002596283 	0.16419955 	0.050762655 	9.8417381e-06 	24.241211
0.0027764954 	0.12896402 	0.05080757 	1.1645246e-05 	23.621643
0.0029678048 	0.095319276 	0.050285422 	1.467335e-05 	22.892427
0.0031708945 	0.0657681 	0.049155691 	2.0424518e-05 	22.055287
0.00338649 	0.042130294 	0.047430913 	3.1863195e-05 	21.119107
0.0036153613 	0.025005424 	0.04521199 	5.222318e-05 	20.108644
0.0038583258 	0.013738771 	0.042673931 	7.8742427e-05 	19.063162
0.0041162514 	0.0069625349 	0.04001105 	0.00010507044 	18.02623
0.0043900594 	0.0032285499 	0.037381037 	0.00012980276 	17.033852
0.0046807278 	0.0013541891 	0.034864502 	0.00015084378 	16.102814
0.0049892948 	0.00050721152 	0.0324732 	0.00016498838 	15.230501
0.0053168625 	0.00016756024 	0.0302097 	0.00017491186 	14.412804
0.0056646009 	4.8460278e-05 	0.028101665 	0.00018439234 	13.655741
0.0060337521 	1.2339679e-05 	0.026184618 	0.00019454897 	12.969036
0.0064256347 	2.7857875e-06 	0.024486575 	0.00020570647 	12.360256
0.0068416484 	5.6198862e-07 	0.023026091 	0.00021794333 	11.834152
0.007283279 	1.0410885e-07 	0.021810322 	0.00023120942 	11.39203
0.0077521041 	1.8974581e-08 	0.020834068 	0.00024533526 	11.03144
0.0082497982 	3.8461103e-09 	0.020080371 	0.00026003418 	10.746355
0.008778139 	9.592249e-10 	0.019522785 	0.00027492717 	10.527902
0.0093390136 	2.8468212e-10 	0.019128896 	0.00028959063 	10.365487
0.0099344254 	9.0202519e-11 	0.018864316 	0.00030361274 	10.248043
0.010566501 	2.8182345e-11 	0.018696273 	0.00031664131 	10.165128
0.011237498 	8.3351607e-12 	0.01859618 	0.00032841315 	10.10767
0.011949813 	2.2979678e-12 	0.018541002 	0.00033876401 	10.068318
0.012705991 	6.1179702e-13 	0.018513498 	0.000347622 	10.041458
0.013508733 	1.9353276e-13 	0.018501697 	0.0003549866 	10.023014
0.014360904 	1.0516166e-13 	0.018497914 	0.00036087784 	10.010151
0.015265551 	9.0260145e-14 	0.018497638 	0.00036508298 	10.000964
0.016225903 	8.863435e-14 	0.018498491 	0.00036695562 	9.9942048
0.017245391 	8.9137506e-14 	0.01849939 	0.00036661048 	9.9890674
0.018327656 	9.0329802e-14 	0.018499948 	0.00036543991 	9.9850375
0.019476565 	9.1807095e-14 	0.0185001 	0.00036444491 	9.9817842
0.02069622 	9.3176076e-14 	0.018499898 	0.00036374913 	9.9790909
0.021990978 	9.4205846e-14 	0.018499415 	0.00036328279 	9.9768117
0.023365464 	9.4834761e-14 	0.018498711 	0.00036296878 	9.9748436
0.024824587 	9.5068784e-14 	0.018497827 	0.00036274823 	9.9731103
0.026373559 	9.4899374e-14 	0.018496787 	0.00036258325 	9.9715535
0.028017912 	9.427416e-14 	0.018495604 	0.00036245325 	9.9701273
0.02976352 	9.3103419e-14 	0.018494282 	0.00036234961 	9.9687951
0.031616619 	9.1281285e-14 	0.018492826 	0.00036227075 	9.9675278
0.033583826 	8.8710087e-14 	0.018491236 	0.00036221849 	9.9663022
0.035672168 	8.5321814e-14 	0.018489514 	0.00036219582 	9.9651004
0.037889105 	8.1093189e-14 	0.018487663 	0.00036220569 	9.9639085
0.040242556 	7.6056566e-14 	0.018485687 	0.00036225037 	9.9627166
0.042740925 	7.0303797e-14 	0.018483592 	0.00036233108 	9.9615176
0.045393137 	6.3980081e-14 	0.018481389 	0.00036244809 	9.9603076
0.048208665 	5.727175e-14 	0.018479087 	0.0003626008 	9.959085
0.051197566 	5.0390886e-14 	0.018476702 	0.00036278773 	9.9578501
0.054370516 	4.3556052e-14 	0.018474248 	0.00036300652 	9.9566053
0.057738847 	3.6972715e-14 	0.018471742 	0.00036325409 	9.9553542
0.061314592 	3.0815592e-14 	0.018469205 	0.00036352673 	9.9541017
0.06511052 	2.5217325e-14 	0.018466653 	0.00036382029 	9.9528536
0.069140193 	2.0263753e-14 	0.018464107 	0.00036413032 	9.9516164
0.073418001 	1.599319e-14 	0.018461586 	0.00036445224 	9.9503967
0.077959226 	1.2402025e-14 	0.018459109 	0.00036478152 	9.9492016
0.082780087 	9.4534074e-15 	0.018456693 	0.00036511377 	9.9480382
0.087897803 	7.0874404e-15 	0.018454356 	0.00036544481 	9.9469134
0.093330656 	5.2305033e-15 	0.018452113 	0.00036577079 	9.9458343
