1.0170124e-05 	0.0002568058 	0.0017490285 	9.1564332e-12 	167.22153
3.113662e-05 	0.00097442253 	0.0066456304 	8.6119807e-11 	167.28071
5.3394177e-05 	0.0020443946 	0.013989153 	4.1128e-10 	167.42012
7.7022295e-05 	0.0033940927 	0.02335512 	1.7209259e-09 	167.67162
0.00010210537 	0.0050019187 	0.034695494 	9.2929294e-09 	168.07187
0.00012873299 	0.0068656192 	0.04808699 	3.9795856e-08 	168.65431
0.00015700027 	0.0089879035 	0.063551924 	1.1870241e-07 	169.42775
0.00018700818 	0.011371272 	0.080949933 	2.6860797e-07 	170.35159
0.00021886389 	0.014018322 	0.09995264 	5.0557543e-07 	171.31912
0.00025268119 	0.016931801 	0.12008519 	8.4445716e-07 	172.17262
0.00028858087 	0.020106767 	0.14079263 	1.3032089e-06 	172.75178
0.00032669115 	0.02352164 	0.16150124 	1.9042764e-06 	172.92406
0.00036714817 	0.027133006 	0.18166561 	2.6749135e-06 	172.58879
0.00041009642 	0.030872868 	0.20080231 	3.6475427e-06 	171.67756
0.00045568931 	0.034649522 	0.21851018 	4.8604256e-06 	170.1525
0.00050408968 	0.038352741 	0.23447941 	6.3586037e-06 	168.00335
0.00055547043 	0.041863016 	0.24849292 	8.1949751e-06 	165.24383
0.00061001506 	0.045063525 	0.2604225 	1.0431314e-05 	161.9078
0.0006679184 	0.047852634 	0.27022191 	1.3138945e-05 	158.04516
0.00072938728 	0.05015447 	0.27791753 	1.6398698e-05 	153.71785
0.00079464125 	0.051925556 	0.28359725 	2.0299667e-05 	148.99592
0.00086391338 	0.053156508 	0.28739807 	2.4936389e-05 	143.95379
0.0009374511 	0.053869042 	0.28949279 	3.0404305e-05 	138.66679
0.0010155171 	0.054109521 	0.29007674 	3.679387e-05 	133.20822
0.0010983902 	0.053940803 	0.2893552 	4.4184354e-05 	127.64686
0.0011863663 	0.053434056 	0.28753264 	5.2638793e-05 	122.04519
0.0012797599 	0.052661767 	0.28480401 	6.2201556e-05 	116.4582
0.0013789043 	0.051692529 	0.28134863 	7.2899346e-05 	110.93292
0.0014841538 	0.050587642 	0.27732659 	8.4745492e-05 	105.50842
0.0015958843 	0.049399214 	0.27287731 	9.7746536e-05 	100.21628
0.0017144948 	0.048169314 	0.2681198 	0.00011190977 	95.081299
0.001840409 	0.046929756 	0.26315418 	0.00012725056 	90.122368
0.0019740768 	0.045702166 	0.2580638 	0.00014379892 	85.353411
0.0021159754 	0.044498136 	0.25291771 	0.0001616053 	80.784278
0.0022666117 	0.043319381 	0.24777328 	0.00018074591 	76.421581
0.0024265239 	0.042157895 	0.2426786 	0.00020132779 	72.269451
0.002596283 	0.040996256 	0.23767483 	0.00022349226 	68.330203
0.0027764954 	0.039808297 	0.23279821 	0.00024740815 	64.604904
0.0029678048 	0.038560504 	0.22808175 	0.00027321198 	61.093845
0.0031708945 	0.03721475 	0.22355585 	0.00030068462 	57.796834
0.00338649 	0.035734581 	0.21924057 	0.00032770585 	54.709763
0.0036153613 	0.034104067 	0.21512288 	0.00034951543 	51.813305
0.0038583258 	0.032312736 	0.21115592 	0.00036450428 	49.073865
0.0041162514 	0.03031997 	0.20729174 	0.00037635343 	46.465858
0.0043900594 	0.028077138 	0.20349381 	0.00038802029 	43.980024
0.0046807278 	0.025560797 	0.19972748 	0.00040019161 	41.612264
0.0049892948 	0.022781501 	0.1959574 	0.00041297568 	39.357895
0.0053168625 	0.019789407 	0.19214932 	0.00042633008 	37.211961
0.0056646009 	0.016674415 	0.1882705 	0.0004401678 	35.169377
0.0060337521 	0.013558973 	0.18428983 	0.00045438369 	33.224999
0.0064256347 	0.010583136 	0.18017762 	0.00046886082 	31.373677
0.0068416484 	0.0078836272 	0.17590557 	0.00048347162 	29.610288
0.007283279 	0.0055710741 	0.17144653 	0.00049807744 	27.929754
0.0077521041 	0.0037112103 	0.16677448 	0.00051252768 	26.327061
0.0082497982 	0.0023156034 	0.16186455 	0.0005266588 	24.797276
0.008778139 	0.0013448978 	0.15669314 	0.0005402936 	23.335561
0.0093390136 	0.00072336166 	0.15123826 	0.00055324071 	21.937202
0.0099344254 	0.00035954304 	0.14548001 	0.00056529462 	20.597634
0.010566501 	0.00016606262 	0.13940123 	0.00057623588 	19.31247
0.011237498 	7.2910406e-05 	0.13298833 	0.00058583158 	18.077544
0.011949813 	3.2150624e-05 	0.12623231 	0.00059383558 	16.888951
0.012705991 	1.5592944e-05 	0.11912988 	0.00059998815 	15.743104
0.013508733 	8.9752706e-06 	0.11168495 	0.00060401436 	14.636799
0.014360904 	6.054654e-06 	0.1039101 	0.00060562028 	13.567301
0.015265551 	4.4396553e-06 	0.09582843 	0.00060448569 	12.532444
0.016225903 	3.3214114e-06 	0.087475384 	0.00060025151 	11.530764
0.017245391 	2.4557486e-06 	0.078900684 	0.00059250003 	10.561651
0.018327656 	1.7700999e-06 	0.07017016 	0.00058072642 	9.6255358
0.019476565 	1.2339989e-06 	0.061367414 	0.00056430283 	8.7241125
0.02069622 	8.2498543e-07 	0.052595377 	0.00054243934 	7.8606173
0.021990978 	5.2241044e-07 	0.043978277 	0.00051417649 	7.0402224
0.023365464 	3.0718742e-07 	0.035665717 	0.00047850728 	6.2706939
0.024824587 	1.622533e-07 	0.027843651 	0.00043484245 	5.5637113
0.026373559 	7.2759303e-08 	0.02076321 	0.00038430146 	4.9377001
0.028017912 	2.5364321e-08 	0.014796275 	0.00033253326 	4.4224167
0.02976352 	6.1184409e-09 	0.010418573 	0.00029272001 	4.0552913
0.031616619 	8.9909565e-10 	0.0078707314 	0.00027951076 	3.8492938
0.033583826 	7.1734997e-11 	0.0067816837 	0.00029192242 	3.7648635
0.035672168 	3.3727613e-12 	0.0064475003 	0.00031221951 	3.7399833
0.037889105 	4.7749798e-13 	0.006371847 	0.00032374747 	3.7342137
0.040242556 	4.984794e-13 	0.0063585555 	0.00032383062 	3.7326671
0.042740925 	5.7933972e-13 	0.0063564353 	0.00032037761 	3.7318007
0.045393137 	6.21601e-13 	0.0063557926 	0.00031836135 	3.7309898
0.048208665 	6.1993384e-13 	0.0063550148 	0.00031758503 	3.7301602
0.051197566 	5.8643585e-13 	0.0063539874 	0.00031745017 	3.7293163
0.054370516 	5.3388505e-13 	0.0063527694 	0.00031763886 	3.7284667
0.057738847 	4.7153771e-13 	0.0063514147 	0.0003180017 	3.7276169
0.061314592 	4.0558811e-13 	0.0063499629 	0.00031847014 	3.7267706
0.06511052 	3.4036291e-13 	0.0063484453 	0.00031901078 	3.7259311
0.069140193 	2.7896325e-13 	0.006346889 	0.00031960357 	3.7251024
0.073418001 	2.2349006e-13 	0.0063453187 	0.00032023299 	3.7242887
0.077959226 	1.7515116e-13 	0.0063437567 	0.00032088507 	3.7234945
0.082780087 	1.34381e-13 	0.0063422231 	0.00032154647 	3.7227246
0.087897803 	1.0099882e-13 	0.0063407354 	0.00032220454 	3.7219834
0.093330656 	7.4394222e-14 	0.0063393089 	0.00032284742 	3.7212755
