1.0170124e-05 	0.047425718 	1.7600482e-07 	4.0776467e-24
3.113662e-05 	0.14461928 	8.2627397e-07 	-6.3366282e-24
5.3394177e-05 	0.24705861 	2.176759e-06 	-2.2085904e-23
7.7022295e-05 	0.35578035 	4.4116037e-06 	-3.692162e-23
0.00010210537 	0.47113481 	7.6791511e-06 	-1.6516562e-23
0.00012873299 	0.59338715 	1.2139567e-05 	4.2391024e-23
0.00015700027 	0.72260658 	1.7981052e-05 	4.8284111e-23
0.00018700818 	0.8586094 	2.5406181e-05 	2.4621194e-23
0.00021886389 	1.0009766 	3.462521e-05 	2.3782115e-23
0.00025268119 	1.1490808 	4.585183e-05 	3.1907242e-25
0.00028858087 	1.3020877 	5.9297276e-05 	2.790718e-24
0.00032669115 	1.4589505 	7.516266e-05 	2.4411771e-24
0.00036714817 	1.6184204 	9.3630844e-05 	1.4691456e-23
0.00041009642 	1.7790796 	0.00011485895 	3.8825332e-23
0.00045568931 	1.9393974 	0.00013897246 	3.1017263e-23
0.00050408968 	2.0978028 	0.00016606187 	2.1070839e-22
0.00055547043 	2.252765 	0.00019618254 	1.7391138e-22
0.00061001506 	2.4028741 	0.00022935799 	-2.2841375e-22
0.0006679184 	2.5469126 	0.00026558641 	-2.7616152e-22
0.00072938728 	2.6839108 	0.00030484996 	-1.6841541e-22
0.00079464125 	2.8131818 	0.00034712576 	-1.4399597e-22
0.00086391338 	2.9343338 	0.0003923976 	1.639957e-23
0.0009374511 	3.0472602 	0.00044066698 	-3.852798e-23
0.0010155171 	3.1521081 	0.00049196234 	-5.8474251e-24
0.0010983902 	3.2492322 	0.00054634541 	2.2569571e-22
0.0011863663 	3.3391389 	0.00060391403 	2.0476872e-22
0.0012797599 	3.4224282 	0.00066480154 	2.0396352e-22
0.0013789043 	3.4997413 	0.00072917336 	1.6523677e-22
0.0014841538 	3.5717166 	0.00079722183 	-1.6140206e-22
0.0015958843 	3.638959 	0.00086916021 	-3.3132986e-22
0.0017144948 	3.7020201 	0.00094521674 	1.1347386e-22
0.001840409 	3.761388 	0.0010256291 	2.2157613e-22
0.0019740768 	3.8174844 	0.0011106393 	-1.1458138e-22
0.0021159754 	3.8706668 	0.0012004879 	5.1740428e-24
0.0022666117 	3.9212323 	0.0012954106 	-1.6180832e-22
0.0024265239 	3.9694239 	0.0013956399 	-2.9096428e-22
0.002596283 	4.0154387 	0.0015014168 	1.2399515e-22
0.0027764954 	4.0594434 	0.0016129688 	2.129814e-22
0.0029678048 	4.1016241 	0.0017303629 	6.375534e-23
0.0031708945 	4.1423748 	0.0018539515 	-4.1067651e-23
0.00338649 	4.1824743 	0.0019851866 	-1.4999772e-22
0.0036153613 	4.222796 	0.0021261468 	-1.6024438e-23
0.0038583258 	4.26384 	0.0022783911 	6.8590565e-23
0.0041162514 	4.3057262 	0.0024428231 	-5.8507195e-23
0.0043900594 	4.3484306 	0.0026202228 	-8.9226911e-23
0.0046807278 	4.3918956 	0.002811437 	4.6767741e-23
0.0049892948 	4.4360578 	0.0030173213 	1.7290749e-22
0.0053168625 	4.4808535 	0.0032387415 	-7.3305429e-23
0.0056646009 	4.5262204 	0.0034765812 	-6.0072298e-23
0.0060337521 	4.5720964 	0.0037317369 	2.7171845e-22
0.0064256347 	4.6184185 	0.0040051052 	-1.22678e-23
0.0068416484 	4.665122 	0.0042975658 	-2.149193e-22
0.007283279 	4.7121384 	0.0046099592 	1.2120351e-22
0.0077521041 	4.759394 	0.0049430595 	1.5770865e-22
0.0082497982 	4.806808 	0.0052975392 	-1.6302899e-23
0.008778139 	4.8542904 	0.005673926 	-6.355892e-23
0.0093390136 	4.9017394 	0.0060725493 	-1.2567736e-22
0.0099344254 	4.9490389 	0.0064934743 	-2.0118774e-22
0.010566501 	4.9960552 	0.0069364216 	-1.2408681e-22
0.011237498 	5.0426336 	0.0074006698 	2.0664017e-24
0.011949813 	5.0885952 	0.0078849378 	-3.8382989e-23
0.012705991 	5.1337334 	0.008387246 	2.2843608e-22
0.013508733 	5.1778108 	0.0089047552 	3.6178566e-22
0.014360904 	5.220558 	0.0094335878 	-1.6649922e-22
0.015265551 	5.2616729 	0.009968641 	-2.9389956e-22
0.016225903 	5.3008242 	0.010503408 	2.9738764e-23
0.017245391 	5.337656 	0.011029827 	8.3184814e-23
0.018327656 	5.371796 	0.011538181 	-8.6854715e-23
0.019476565 	5.4028637 	0.012017051 	-9.1357066e-23
0.02069622 	5.4304687 	0.012453201 	2.1066231e-22
0.021990978 	5.454193 	0.012831108 	1.839861e-22
0.023365464 	5.4735625 	0.013131372 	-1.7749547e-22
0.024824587 	5.4881162 	0.013331687 	-1.7169555e-22
0.026373559 	5.4977858 	0.013418673 	1.038106e-23
0.028017912 	5.5033288 	0.013403246 	-1.6537901e-24
0.02976352 	5.506081 	0.013316007 	1.1679472e-22
0.031616619 	5.5072398 	0.013184791 	2.9852646e-22
0.033583826 	5.5075337 	0.013024907 	-7.2985962e-24
0.035672168 	5.5073303 	0.012843478 	-2.7343353e-22
0.037889105 	5.5068166 	0.01264432 	-8.3388057e-23
0.040242556 	5.5061016 	0.012429508 	4.0191007e-23
0.042740925 	5.5052533 	0.012199487 	-7.1398993e-23
0.045393137 	5.5043123 	0.01195428 	-2.7142327e-23
0.048208665 	5.5033027 	0.011693435 	1.2655559e-23
0.051197566 	5.5022401 	0.01141626 	-1.8995748e-22
0.054370516 	5.5011353 	0.011121901 	-5.6152567e-23
0.057738847 	5.4999972 	0.01080939 	1.9988327e-22
0.061314592 	5.4988341 	0.010477673 	3.7144333e-23
0.06511052 	5.4976544 	0.010125617 	-9.4695037e-23
0.069140193 	5.4964664 	0.0097520154 	-3.4890513e-23
0.073418001 	5.495279 	0.0093555852 	-2.5158901e-23
0.077959226 	5.494101 	0.0089349557 	-3.6749704e-23
0.082780087 	5.4929413 	0.0084886833 	-9.7943371e-24
0.087897803 	5.4918086 	0.0080151966 	1.431475e-22
0.093330656 	5.4907117 	0.0075128961 	1.1044163e-22
