1.0170124e-05 	0.046455523 	8.3027102e-08 	2.0426269e-24
3.113662e-05 	0.14157971 	3.8882899e-07 	-2.9025145e-24
5.3394177e-05 	0.24180912 	1.0234113e-06 	-1.0482338e-23
7.7022295e-05 	0.34808594 	2.0726827e-06 	-1.760113e-23
0.00010210537 	0.46060209 	3.6047441e-06 	-7.7626841e-24
0.00012873299 	0.57938679 	5.6916112e-06 	2.0877634e-23
0.00015700027 	0.70421147 	8.4165693e-06 	2.3675437e-23
0.00018700818 	0.83449586 	1.1867082e-05 	1.226269e-23
0.00021886389 	0.96925088 	1.612957e-05 	1.1642527e-23
0.00025268119 	1.107099 	2.1285326e-05 	-1.5428072e-25
0.00028858087 	1.2463907 	2.7407781e-05 	2.2178058e-24
0.00032669115 	1.3853917 	3.4561993e-05 	5.3818559e-25
0.00036714817 	1.5224835 	4.2806491e-05 	8.5809311e-24
0.00041009642 	1.656318 	5.2196913e-05 	2.3314014e-23
0.00045568931 	1.785896 	6.2790696e-05 	1.7973477e-23
0.00050408968 	1.9105637 	7.4650192e-05 	1.183854e-22
0.00055547043 	2.0299595 	8.7835505e-05 	9.8576099e-23
0.00061001506 	2.1440598 	0.00010242509 	-1.1986006e-22
0.0006679184 	2.2531936 	0.0001185444 	-1.4498549e-22
0.00072938728 	2.3576944 	0.00013633566 	-8.7685535e-23
0.00079464125 	2.457636 	0.00015592149 	-7.4697307e-23
0.00086391338 	2.5530263 	0.00017741335 	8.3391129e-24
0.0009374511 	2.6440055 	0.00020093279 	-1.9148449e-23
0.0010155171 	2.7308382 	0.00022661926 	-2.9485496e-24
0.0010983902 	2.8138482 	0.00025463128 	1.1507366e-22
0.0011863663 	2.8933727 	0.00028514937 	1.0546406e-22
0.0012797599 	2.969742 	0.00031837975 	1.0745217e-22
0.0013789043 	3.0432732 	0.00035455444 	8.7324916e-23
0.0014841538 	3.1142731 	0.00039392158 	-9.1098145e-23
0.0015958843 	3.1830524 	0.00043673841 	-1.8457735e-22
0.0017144948 	3.2499223 	0.00048328016 	6.7007684e-23
0.001840409 	3.3151499 	0.00053384101 	1.24089e-22
0.0019740768 	3.3789386 	0.00058874079 	-6.9858651e-23
0.0021159754 	3.4414551 	0.00064835932 	7.0302619e-24
0.0022666117 	3.5028514 	0.00071313888 	-1.1523117e-22
0.0024265239 	3.5632683 	0.00078356794 	-1.9861258e-22
0.002596283 	3.6228381 	0.0008601887 	9.8241182e-23
0.0027764954 	3.6816851 	0.00094360693 	1.5451582e-22
0.0029678048 	3.7399278 	0.0010345015 	5.2101164e-23
0.0031708945 	3.79768 	0.0011336331 	-4.9086698e-23
0.00338649 	3.8550516 	0.001241849 	-1.9294737e-22
0.0036153613 	3.9121504 	0.001360096 	-9.3180455e-24
0.0038583258 	3.9690938 	0.001489557 	9.7643497e-23
0.0041162514 	4.0260336 	0.0016317477 	-8.7660708e-23
0.0043900594 	4.0831465 	0.0017885082 	-1.3377423e-22
0.0046807278 	4.1405948 	0.0019618736 	6.9361063e-23
0.0049892948 	4.1985118 	0.0021539114 	2.5745698e-22
0.0053168625 	4.2570123 	0.0023667691 	-1.102877e-22
0.0056646009 	4.3162011 	0.0026027744 	-8.7190932e-23
0.0060337521 	4.3761777 	0.0028645001 	4.1248645e-22
0.0064256347 	4.4370391 	0.0031548064 	-2.3748779e-23
0.0068416484 	4.4988808 	0.0034768703 	-3.3228547e-22
0.007283279 	4.5617976 	0.0038342089 	1.9544714e-22
0.0077521041 	4.6258837 	0.0042306954 	2.5224071e-22
0.0082497982 	4.6912304 	0.0046705583 	-2.8176413e-23
0.008778139 	4.7579168 	0.0051583139 	-1.0811327e-22
0.0093390136 	4.8259785 	0.0056984814 	-2.1707406e-22
0.0099344254 	4.8953245 	0.0062946344 	-3.469478e-22
0.010566501 	4.9655512 	0.0069468221 	-2.0873618e-22
0.011237498 	5.0356631 	0.0076470885 	5.8226977e-24
0.011949813 	5.1039431 	0.008375611 	-5.1175124e-23
0.012705991 	5.1683186 	0.0091023404 	2.4983787e-22
0.013508733 	5.2272819 	0.0098020498 	4.1763053e-22
0.014360904 	5.280555 	0.01046497 	-1.7783904e-22
0.015265551 	5.3282672 	0.011085658 	-3.329986e-22
0.016225903 	5.3698113 	0.011646466 	2.4793101e-25
0.017245391 	5.4042984 	0.01211989 	6.1068529e-23
0.018327656 	5.4315224 	0.012488126 	-3.4495251e-23
0.019476565 	5.4521355 	0.012751121 	-4.689412e-23
0.02069622 	5.467285 	0.012919803 	1.5415738e-23
0.021990978 	5.4782161 	0.013010449 	1.3633563e-23
0.023365464 	5.4861091 	0.013041497 	-7.8081125e-24
0.024824587 	5.4919658 	0.013029171 	-9.6607926e-25
0.026373559 	5.4964856 	0.01298562 	2.0034113e-24
0.028017912 	5.5000868 	0.012918234 	-4.3721777e-24
0.02976352 	5.5030151 	0.012830679 	3.0422065e-23
0.031616619 	5.5054212 	0.012725174 	8.3734854e-23
0.033583826 	5.5074013 	0.012602846 	-4.3902725e-24
0.035672168 	5.5090187 	0.012464128 	-8.2056575e-23
0.037889105 	5.5103161 	0.012308982 	-3.6405033e-23
0.040242556 	5.5113229 	0.012137039 	-2.718806e-24
0.042740925 	5.5120606 	0.011947684 	-3.7146148e-23
0.045393137 	5.5125457 	0.011740143 	-1.3752324e-23
0.048208665 	5.5127928 	0.011513551 	1.2827822e-24
0.051197566 	5.5128158 	0.011266913 	-9.2464325e-23
0.054370516 	5.5126296 	0.010999216 	-1.185159e-23
0.057738847 	5.5122508 	0.010709518 	1.0703086e-22
0.061314592 	5.5116986 	0.010396854 	6.878833e-25
0.06511052 	5.5109952 	0.010060287 	-5.747119e-23
0.069140193 	5.5101646 	0.0096989367 	-1.7254773e-23
0.073418001 	5.5092324 	0.0093119223 	-2.0666063e-23
0.077959226 	5.5082248 	0.0088983368 	-2.6002288e-23
0.082780087 	5.5071678 	0.0084572129 	-5.1658817e-24
0.087897803 	5.506086 	0.0079874769 	1.0997069e-22
0.093330656 	5.5050019 	0.0074879098 	9.1695305e-23
