/*--------------------------------*- C++ -*----------------------------------*\
| =========                 |                                                 |
| \\      /  F ield         | OpenFOAM: The Open Source CFD Toolbox           |
|  \\    /   O peration     | Version:  2206                                  |
|   \\  /    A nd           | Website:  www.openfoam.com                      |
|    \\/     M anipulation  |                                                 |
\*---------------------------------------------------------------------------*/
FoamFile
{
    version     2.0;
    format      ascii;
    arch        "LSB;label=32;scalar=64";
    class       volScalarField;
    location    "900";
    object      omega;
}
// * * * * * * * * * * * * * * * * * * * * * * * * * * * * * * * * * * * * * //

dimensions      [0 0 -1 0 0 0 0];

internalField   nonuniform List<scalar> 
7480
(
7569.1045
7590.8124
7571.1087
7538.1522
7512.562
7498.0733
7491.1175
7487.7273
7485.8482
7484.6246
7483.6793
7482.8685
7482.1621
7481.5509
7481.0209
7480.5587
7480.1554
7479.8012
7479.486
7479.2035
7478.9499
7478.7209
7478.5127
7478.3229
7478.1495
7477.9905
7477.844
7477.7088
7477.584
7477.4686
7477.3616
7477.2624
7477.1704
7477.0851
7477.0061
7476.9328
7476.8651
7476.8026
7476.7452
7476.6926
7476.6449
7476.602
7476.5638
7476.5304
7476.5018
7476.4785
7476.4604
7476.4481
7476.4416
7476.4407
7476.4452
7476.4548
7476.4692
7476.4872
7476.5081
7476.5312
7476.5551
7476.5778
7476.5972
7476.612
7476.6219
7476.627
7476.6278
7476.625
7476.6192
7476.6113
7476.6019
7476.5915
7476.5805
7476.5691
7476.5576
7476.546
7476.5346
7476.5232
7476.512
7476.501
7476.4901
7476.479
7476.4676
7476.4561
7476.4446
7476.4331
7476.4215
7476.4098
7476.398
7476.3861
7476.3742
7476.3622
7476.3501
7476.3381
7476.326
7476.3139
7476.3019
7476.2898
7476.2778
7476.2653
7476.2544
7476.2387
7476.2298
7476.2059
1003.2584
1574.4199
1842.5152
1920.794
1937.0348
1923.8635
1863.1505
1797.7844
1744.1629
1703.9716
1673.327
1647.667
1624.4414
1603.0256
1583.2503
1564.8795
1547.8152
1532.1807
1517.8282
1504.5245
1492.175
1480.7573
1470.1643
1460.2834
1451.069
1442.4943
1434.4878
1426.9809
1419.9426
1413.3492
1407.1585
1401.3351
1395.8626
1390.7246
1385.897
1381.3611
1377.108
1373.1261
1369.4018
1365.927
1362.7001
1359.7185
1356.9789
1354.4844
1352.2379
1350.2278
1348.4592
1346.9574
1345.7192
1344.7361
1344.0304
1343.6356
1343.447
1343.4322
1343.5535
1343.7726
1344.0471
1344.3168
1344.5255
1344.6171
1344.5763
1344.396
1344.1213
1343.7442
1343.264
1342.7041
1342.0859
1341.4301
1340.7524
1340.0646
1339.3757
1338.6923
1338.0181
1337.3562
1336.7094
1336.0772
1335.4624
1334.8561
1334.2535
1333.6562
1333.0639
1332.477
1331.8946
1331.3144
1330.7359
1330.1581
1329.5809
1329.0044
1328.4288
1327.8547
1327.2821
1326.7117
1326.144
1325.5777
1325.0175
1324.446
1323.901
1323.3385
1322.6623
1322.0508
190.6706
396.64501
585.9751
709.2195
769.26155
785.38321
782.09082
789.21414
803.67964
812.84102
819.32265
823.53878
825.03583
824.13797
821.413
817.39485
811.92861
805.27042
797.68164
789.37866
780.57301
771.46885
762.20981
752.89985
743.64383
734.53634
725.59342
716.81523
708.21789
699.82497
691.65087
683.70552
676.00247
668.55416
661.36786
654.45146
647.8146
641.45747
635.3773
629.57468
624.05565
618.82797
613.89918
609.27848
604.9823
601.00455
597.33332
593.96844
590.89909
588.11002
585.63774
583.48682
581.5523
579.8
578.20495
576.71397
575.26522
573.81821
572.36111
570.89658
569.41523
567.90957
566.45828
565.01302
563.5563
562.09096
560.62322
559.16199
557.71558
556.29094
554.89353
553.52781
552.1969
550.90285
549.64752
548.43002
547.25113
546.13301
545.05924
544.01692
542.9994
542.00347
541.02726
540.06716
539.12128
538.18727
537.26387
536.35013
535.44517
534.54899
533.66082
532.78075
531.9089
531.0436
530.1889
529.32812
528.49418
527.65722
526.73744
525.6512
72.003483
121.36956
194.00488
267.7367
324.63772
359.74774
377.81659
386.78876
392.45805
397.57354
404.52327
415.23237
426.21411
437.93865
452.2876
470.56056
485.15051
496.5408
505.31014
511.8685
516.53989
519.61592
521.35567
522.02854
521.95029
521.36743
520.00948
517.82409
514.89921
511.35901
507.32269
502.89409
498.16404
493.21299
488.11555
482.94607
477.75217
472.5169
467.23986
461.93813
456.63791
451.3669
446.15056
441.01196
435.98397
431.06407
426.21225
421.40321
416.63437
411.91165
407.2555
402.76475
398.34029
393.99391
389.76105
385.59677
381.46562
377.41313
373.52265
369.86481
366.45964
363.32481
360.4939
357.89139
355.46784
353.18793
351.02472
348.95947
346.97935
345.07564
343.24227
341.47572
339.77383
338.13426
336.55543
335.03477
333.57139
332.19045
330.88421
329.63714
328.43902
327.28437
326.17037
325.09321
324.05002
323.03752
322.05297
321.09401
320.15826
319.2442
318.34989
317.47416
316.61582
315.77289
314.94671
314.1276
313.32497
312.57351
311.71936
310.76034
55.641557
64.533379
83.914052
111.35559
140.42976
165.53859
184.59397
198.1422
207.75221
214.79782
220.42922
225.67122
230.96703
236.8388
244.1066
253.55557
263.35321
273.15696
282.75311
292.01101
300.83716
309.31179
317.72813
326.71903
337.34926
349.83588
359.69808
366.93099
372.21345
375.99599
378.58509
380.20198
381.02509
381.22209
380.98387
380.52194
379.81482
378.47018
376.48388
373.94073
370.93596
367.55219
363.85741
359.91222
355.79304
351.50136
346.96483
342.16284
337.12618
331.9005
326.53395
321.08653
315.6314
310.17813
304.76286
299.33995
293.9347
288.6712
283.66638
279.00029
274.73697
270.89115
267.42225
264.27321
261.39034
258.72719
256.24425
253.9105
251.7023
249.6019
247.59651
245.67814
243.83951
242.07482
240.38005
238.75136
237.1877
235.69189
234.26677
232.90828
231.61066
230.36946
229.18201
228.04499
226.95551
225.91018
224.90577
223.93921
223.00733
222.10762
221.23768
220.39529
219.57822
218.78421
218.01274
217.25858
216.51836
215.85028
215.10055
214.28328
53.50924
54.437163
58.088841
65.26732
75.161629
86.046531
96.440085
105.64795
113.5482
120.26769
125.97295
130.87868
135.18968
139.11813
142.94696
147.01492
151.423
156.27353
161.71268
167.82097
174.15947
180.72673
187.52834
194.61637
202.1029
210.07159
218.05391
225.69176
232.8108
239.34993
245.32268
250.8085
255.97819
261.16158
266.96845
274.11997
281.53544
286.10877
288.75699
290.08779
290.45558
290.07768
289.10693
287.68926
286.00697
284.20693
281.8424
278.81972
275.2399
271.21154
266.83481
262.20785
257.43096
252.53556
247.57398
242.61851
237.72365
232.97371
228.44741
224.19641
220.24239
216.59223
213.22909
210.12443
207.24832
204.57046
202.0618
199.69823
197.45962
195.32946
193.29519
191.34861
189.48229
187.69032
185.96844
184.31277
182.7224
181.19222
179.72368
178.31836
176.97535
175.69268
174.46868
173.30092
172.18696
171.12381
170.10838
169.13756
168.208
167.3168
166.46118
165.63852
164.84623
164.08187
163.34403
162.62941
161.93107
161.30246
160.63057
159.89052
53.223734
52.808289
52.9589
54.085441
56.274088
59.365273
62.97565
66.792131
70.620985
74.359475
77.937449
81.308877
84.452029
87.364913
90.078499
92.661365
95.183643
97.715963
100.34251
103.15392
106.19321
109.52844
113.2425
117.3864
121.86421
126.7253
131.94016
137.42485
143.08264
148.82956
154.59311
160.31612
165.96737
171.55682
177.13997
182.82288
188.52696
193.80282
198.43802
202.38743
205.68753
208.42576
210.75388
212.95096
215.48313
218.48146
219.85935
219.67833
218.49829
216.6327
214.30206
211.70621
209.01285
205.98491
202.56696
199.06277
195.62546
192.30267
189.05236
185.88421
182.82557
179.89021
177.07937
174.39501
171.83745
169.39952
167.07165
164.847
162.71628
160.67054
158.70273
156.80806
154.98266
153.2238
151.52909
149.8956
148.32304
146.80723
145.34689
143.94369
142.59878
141.31219
140.08348
138.9112
137.79353
136.72815
135.7125
134.74381
133.81891
132.93498
132.08905
131.27852
130.50088
129.75371
129.03529
128.34301
127.67044
127.05804
126.43568
125.7347
53.161573
52.542011
52.020392
51.712445
51.71198
52.04711
52.633473
53.455863
54.480398
55.669705
56.984087
58.38563
59.839078
61.31155
62.777739
64.225024
65.651287
67.061633
68.47051
69.901983
71.38207
72.942072
74.622034
76.467592
78.515272
80.816676
83.428682
86.355262
89.55099
93.014063
96.734142
100.69159
104.86339
109.22998
113.78236
118.52113
123.42641
128.40569
133.35487
138.1776
142.79311
147.13941
151.17325
154.87872
158.27905
161.33827
163.88125
165.76939
167.00259
167.67374
167.93539
167.98764
167.98189
167.25001
165.73843
163.8903
162.06329
160.2835
158.32793
156.29895
154.2592
152.20805
150.14136
148.08088
146.04342
144.03277
142.05528
140.12316
138.23482
136.39083
134.59284
132.84215
131.13942
129.48765
127.88751
126.33746
124.83884
123.39003
121.98905
120.63678
119.3348
118.08428
116.88581
115.73896
114.64259
113.59534
112.59556
111.64114
110.72935
109.85782
109.02396
108.22538
107.45998
106.72552
106.02037
105.34225
104.68647
104.08089
103.4886
102.80773
53.125194
52.474974
51.838574
51.240315
50.710558
50.272134
49.929255
49.684209
49.539123
49.48321
49.494231
49.598732
49.796609
50.077886
50.429021
50.836912
51.291315
51.784071
52.309933
52.867561
53.458767
54.088238
54.764725
55.501565
56.314954
57.225758
58.260564
59.445254
60.801315
62.354592
64.135166
66.145789
68.383651
70.855094
73.571554
76.541905
79.772524
83.256116
86.970055
90.883583
94.960831
99.161356
103.44116
107.75419
112.06106
116.26084
120.20916
123.79554
126.93117
129.55955
131.65385
133.21635
134.27787
134.88506
135.04548
134.79727
134.37895
133.85055
133.00097
132.01815
130.99766
129.85184
128.5521
127.16962
125.73004
124.23281
122.7002
121.15096
119.59187
118.03238
116.48181
114.94771
113.4353
111.95696
110.51491
109.10727
107.73868
106.40875
105.11539
103.85984
102.64374
101.46858
100.33558
99.245227
98.196863
97.190503
96.225695
95.301187
94.41474
93.564879
92.74975
91.967446
91.216626
90.495357
89.80236
89.135741
88.492693
87.89129
87.317546
86.648338
53.095151
52.438403
51.782416
51.131052
50.491139
49.870025
49.273222
48.705373
48.171259
47.674646
47.217089
46.802664
46.434955
46.115673
45.830271
45.572862
45.356086
45.18539
45.060974
44.981318
44.944324
44.947564
44.990139
45.073529
45.201185
45.378512
45.613444
45.915884
46.297158
46.770631
47.352543
48.058922
48.906297
49.914123
51.106123
52.488917
54.079313
55.895981
57.950527
60.251753
62.808855
65.628613
68.715235
72.070243
75.693985
79.564913
83.599979
87.697865
91.754369
95.662144
99.315761
102.61677
105.48081
107.85228
109.69264
110.92438
111.55504
111.76235
111.74557
111.56556
111.32781
110.96478
110.42395
109.77641
109.01978
108.09791
107.07428
105.9735
104.80103
103.5784
102.32206
101.04746
99.764977
98.506927
97.268037
96.045828
94.843732
93.663614
92.505685
91.371516
90.262984
89.181898
88.130179
87.109242
86.118581
85.159832
84.235153
83.344071
82.485006
81.657215
80.859787
80.091476
79.352186
78.640135
77.954672
77.294457
76.658238
76.057224
75.492346
74.827874
53.068768
52.408642
51.747485
51.085568
50.424012
49.764361
49.10838
48.458099
47.815926
47.184466
46.566188
45.963645
45.379419
44.815916
44.273851
43.753352
43.255809
42.78301
42.336573
41.917667
41.521925
41.139044
40.773807
40.435714
40.130793
39.862555
39.633622
39.446273
39.302994
39.207872
39.167008
39.187854
39.279129
39.451121
39.716219
40.087009
40.578472
41.208959
41.998537
42.95836
44.10853
45.471076
47.070073
48.93173
51.084818
53.559327
56.373829
59.517165
62.959787
66.648704
70.506397
74.431062
78.299952
81.982824
85.35664
88.280179
90.623197
92.355884
93.519877
94.224218
94.589204
94.758595
94.78794
94.713331
94.549693
94.22732
93.787488
93.229862
92.524369
91.718982
90.833956
89.898066
88.921167
87.937917
86.94189
85.934192
84.920633
83.90521
82.891053
81.882017
80.881435
79.892468
78.918563
77.962541
77.026094
76.111596
75.221558
74.357202
73.518839
72.706763
71.921012
71.161317
70.427646
69.719309
69.036273
68.377556
67.743226
67.139791
66.577224
65.912941
53.030743
52.366737
51.701864
51.035888
50.368791
49.700618
49.031628
48.362415
47.693897
47.027218
46.36362
45.704412
45.050973
44.404732
43.767005
43.138971
42.521821
41.916787
41.325125
40.748075
40.186324
39.639486
39.107718
38.592151
38.094405
37.616251
37.158798
36.716269
36.283472
35.868979
35.483211
35.133364
34.824565
34.560825
34.345846
34.184819
34.084783
34.054735
34.105498
34.248557
34.497764
34.870266
35.385705
36.063892
36.932997
38.027263
39.386143
41.048766
43.051204
45.421136
48.170896
51.289072
54.731784
58.418101
62.233381
66.02417
69.602757
72.795934
75.473154
77.597443
79.180457
80.300453
81.055811
81.524604
81.797161
81.939125
81.962168
81.888301
81.681179
81.362617
80.92756
80.398687
79.79576
79.126547
78.398925
77.626364
76.819286
75.983887
75.126654
74.254411
73.372542
72.486115
71.600388
70.719569
69.847084
68.986548
68.141149
67.313283
66.504662
65.716553
64.94989
64.205265
63.483178
62.783717
62.10727
61.453222
60.822666
60.219245
59.65851
58.995549
52.972345
52.293246
51.615635
50.939157
50.26339
49.587828
48.912107
48.236153
47.560184
46.884607
46.209911
45.536631
44.865343
44.196676
43.531297
42.869905
42.213233
41.562052
40.917172
40.27944
39.649682
39.028599
38.416841
37.815107
37.224184
36.644948
36.078288
35.524409
34.982965
34.454552
33.940819
33.443984
32.966204
32.503638
32.049407
31.613333
31.207843
30.841007
30.518434
30.244174
30.023174
29.863111
29.773982
29.767833
29.860108
30.070996
30.42584
30.954758
31.69642
32.696081
34.003736
35.669824
37.737917
40.233349
43.15085
46.439876
49.990419
53.638359
57.186491
60.457872
63.314907
65.688945
67.584298
69.025955
70.074313
70.817045
71.311044
71.628207
71.81898
71.890899
71.863771
71.726509
71.497708
71.187239
70.775686
70.288316
69.738461
69.130984
68.474302
67.778298
67.050667
66.298337
65.528778
64.747941
63.961179
63.173955
62.390578
61.614758
60.849636
60.097581
59.36059
58.640198
57.937634
57.253787
56.589611
55.945024
55.321966
54.722347
54.165046
53.505514
52.921455
52.221498
51.523957
50.828857
50.135986
49.444915
48.755226
48.066695
47.379331
46.693314
46.008901
45.326375
44.646028
43.968167
43.29311
42.621189
41.952751
41.288163
40.627811
39.972101
39.321461
38.676326
38.037133
37.404334
36.778405
36.15985
35.549206
34.946975
34.35357
33.769419
33.195083
32.631297
32.078928
31.538322
31.009048
30.491823
29.988652
29.502156
29.033242
28.572206
28.123422
27.702246
27.318525
26.978452
26.686695
26.450356
26.280534
26.192248
26.20554
26.346997
26.650809
27.15946
27.92639
29.012874
30.482134
32.38764
34.75435
37.556551
40.703061
44.046695
47.405944
50.602565
53.500987
56.009
58.08663
59.753272
61.03829
61.988864
62.678536
63.151889
63.472091
63.661974
63.741594
63.740886
63.649282
63.473749
63.226571
62.891846
62.478721
62.002765
61.471469
60.89105
60.272145
59.622346
58.948732
58.259281
57.559567
56.854904
56.150166
55.449003
54.754748
54.070032
53.397003
52.737475
52.093091
51.464448
50.85426
50.263494
49.713017
49.060385
52.891474
52.176821
51.463802
50.75276
50.043819
49.336869
48.631723
47.92827
47.22654
46.526692
45.828957
45.133595
44.440879
43.751088
43.064503
42.381408
41.702086
41.026822
40.355901
39.689608
39.028228
38.372045
37.721338
37.076384
36.437457
35.804831
35.178779
34.559578
33.94749
33.342772
32.745694
32.156554
31.575694
31.003436
30.440016
29.885715
29.341
28.806557
28.283081
27.770092
27.267683
26.777707
26.302876
25.843879
25.38933
24.949037
24.5394
24.170046
23.847946
23.581707
23.385734
23.280444
23.294019
23.464725
23.84259
24.488803
25.474129
26.865949
28.708304
31.000276
33.680956
36.631676
39.698838
42.718626
45.544693
48.077004
50.255423
52.056618
53.504771
54.628766
55.468365
56.07916
56.501727
56.778722
56.951906
57.03461
57.044077
56.97444
56.82574
56.609443
56.314722
55.943106
55.513249
55.030507
54.502349
53.94062
53.350981
52.740749
52.117054
51.484882
50.849304
50.214246
49.583009
48.958569
48.343386
47.738908
47.148629
46.573125
46.034591
45.39379
52.876543
52.153865
51.431933
50.711179
49.991877
49.274116
48.557896
47.843235
47.130228
46.419052
45.709943
45.003169
44.299015
43.597772
42.899741
42.205221
41.51451
40.827908
40.14571
39.468209
38.795693
38.128445
37.46674
36.810846
36.161023
35.517522
34.880582
34.250433
33.627292
33.011362
32.402831
31.801881
31.208681
30.623395
30.046163
29.47712
28.916407
28.364194
27.820685
27.285983
26.760174
26.243526
25.736572
25.239836
24.752466
24.274901
23.809484
23.359347
22.91695
22.481476
22.074284
21.70835
21.393562
21.143111
20.978741
20.931719
21.045395
21.376583
21.992325
22.961252
24.338902
26.146861
28.356909
30.886588
33.60997
36.383571
39.0686
41.548049
43.74824
45.629724
47.180303
48.423619
49.385777
50.099006
50.619157
50.983987
51.221011
51.363468
51.435112
51.437274
51.366965
51.223334
51.019258
50.737972
50.387899
49.988322
49.538853
49.050389
48.532781
47.991549
47.434121
46.86576
46.291216
45.714978
45.140454
44.5702
44.008564
43.456161
42.936414
42.313919
52.869937
52.143187
51.416617
50.690665
49.965648
49.241737
48.519026
47.797608
47.077614
46.359232
45.642697
44.928273
44.216242
43.506899
42.800546
42.097487
41.39803
40.70248
40.011143
39.324321
38.642313
37.965413
37.293908
36.628081
35.968206
35.314549
34.667368
34.02691
33.393412
32.767097
32.148176
31.536847
30.933292
30.337677
29.750151
29.170846
28.599876
28.037339
27.483321
26.93789
26.401085
25.872947
25.353542
24.842963
24.341165
23.848142
23.364158
22.889794
22.424676
21.968439
21.523363
21.092979
20.670319
20.257268
19.878207
19.548432
19.282383
19.103735
19.04743
19.160799
19.502901
20.138931
21.128584
22.510523
24.284736
26.403166
28.773122
31.27145
33.76918
36.149938
38.320363
40.225888
41.840024
43.157854
44.207808
45.014131
45.60936
46.038372
46.340312
46.530221
46.63556
46.68341
46.666195
46.580878
46.430367
46.22796
45.946281
45.608705
45.226207
44.801375
44.345573
43.864515
43.364771
42.852716
42.332724
41.808878
41.286473
40.766573
40.274187
39.67813
52.867726
52.138923
51.409972
50.681304
49.953253
49.226027
48.499771
47.774613
47.050705
46.328237
45.607436
44.888555
44.171867
43.457657
42.746218
42.037848
41.332849
40.631522
39.934168
39.241086
38.552572
37.868919
37.190414
36.517341
35.849976
35.188588
34.53344
33.884786
33.242874
32.607939
31.980209
31.359898
30.747212
30.142342
29.545466
28.956747
28.376334
27.804358
27.240934
26.686158
26.140107
25.602838
25.074391
24.554798
24.044062
23.542168
23.049118
22.564966
22.089703
21.62327
21.16588
20.718124
20.279695
19.850598
19.433868
19.034044
18.637441
18.267408
17.946326
17.691764
17.529404
17.496796
17.643228
18.026283
18.706561
19.733097
21.127374
22.871191
24.902176
27.122744
29.415289
31.664755
33.772731
35.664566
37.303261
38.673044
39.77954
40.651943
41.311277
41.792907
42.133003
42.367952
42.502896
42.575042
42.590999
42.547667
42.440824
42.279248
42.061564
41.778483
41.451016
41.080906
40.677425
40.248902
39.800218
39.337615
38.867245
38.391152
37.936474
37.376859
52.867879
52.138036
51.407841
50.677723
49.948022
49.218978
48.490765
47.763541
47.037471
46.312746
45.589587
44.868239
44.148963
43.432034
42.717734
42.006351
41.298178
40.593505
39.892627
39.195831
38.503407
37.815639
37.132806
36.455184
35.783042
35.116643
34.456245
33.802097
33.154442
32.513514
31.879538
31.252732
30.633304
30.021452
29.417362
28.821212
28.233166
27.653376
27.081981
26.519106
25.964861
25.419341
24.882624
24.354775
23.835841
23.325853
22.824832
22.332799
21.849764
21.375728
20.910709
20.454788
20.00799
19.570338
19.142208
18.724466
18.316188
17.919543
17.539306
17.166905
16.820174
16.524256
16.298328
16.17073
16.181262
16.380034
16.822428
17.563718
18.640236
20.057448
21.780503
23.735147
25.820429
27.924344
29.945559
31.802001
33.438237
34.832928
35.97802
36.889671
37.595707
38.117416
38.488968
38.74893
38.916489
38.995336
39.033928
39.016971
38.944146
38.816478
38.643995
38.40766
38.123647
37.801042
37.443297
37.059939
36.657063
36.238542
35.83376
35.322959
52.869352
52.138988
51.408133
50.67721
49.946569
49.21647
48.487118
47.758692
47.031372
46.305354
45.580859
44.858123
44.137403
43.418964
42.70308
41.990033
41.280104
40.573579
39.87074
39.17187
38.477247
37.787149
37.101845
36.421603
35.746683
35.07734
34.413822
33.75637
33.105218
32.460592
31.82271
31.191783
30.568012
29.95159
29.342699
28.741515
28.148201
27.562911
26.985789
26.416967
25.856567
25.304697
24.761454
24.226923
23.701178
23.184278
22.676276
22.177215
21.687135
21.206067
20.734045
20.271106
19.817287
19.372624
18.937191
18.511151
18.094529
17.6876
17.291176
16.904847
16.530595
16.173503
15.825159
15.508956
15.246953
15.059705
14.978505
15.045875
15.311555
15.829831
16.648549
17.789565
19.24145
20.952261
22.837194
24.793214
26.716047
28.519449
30.137014
31.532498
32.697595
33.633456
34.363807
34.913399
35.311158
35.581523
35.766783
35.869333
35.912158
35.912351
35.862661
35.761821
35.616777
35.423049
35.176495
34.893317
34.575836
34.231546
33.890844
33.444217
52.871592
52.140984
51.409777
50.678391
49.947183
49.216431
48.486363
47.75718
47.029078
46.302261
45.576951
44.853385
44.131812
43.412495
42.695703
41.98171
41.270794
40.563232
39.859303
39.159283
38.463444
37.772057
37.085384
36.403687
35.727219
35.056228
34.390953
33.731629
33.078481
32.431729
31.791582
31.158241
30.531901
29.912747
29.300953
28.696687
28.100106
27.511359
26.930584
26.35791
25.793455
25.23733
24.689631
24.150448
23.61986
23.097934
22.584732
22.080308
21.58471
21.097982
20.620169
20.151311
19.691453
19.240637
18.798914
18.366347
17.942995
17.528935
17.124321
16.729218
16.343904
15.969266
15.60494
15.253811
14.921404
14.599859
14.317858
14.094209
13.952613
13.927794
14.064497
14.413477
15.026122
15.939037
17.157874
18.651476
20.350625
22.162241
23.983718
25.721754
27.306621
28.689868
29.85422
30.799862
31.543018
32.107362
32.516618
32.801475
32.992255
33.108172
33.155138
33.165393
33.131336
33.05152
32.929011
32.767968
32.553547
32.302522
32.04197
31.678013
52.874298
52.143594
51.412206
50.680548
49.948978
49.217792
48.487238
47.757536
47.028899
46.301539
45.575684
44.85157
44.129447
43.409575
42.692219
41.97765
41.266143
40.557971
39.853408
39.152727
38.456196
37.76408
37.076639
36.39413
35.7168
35.044892
34.378642
33.718278
33.06402
32.41608
31.774664
31.139966
30.512173
29.891464
29.278008
28.671964
28.073483
27.482706
26.899767
26.324786
25.757878
25.199146
24.648684
24.106576
23.572898
23.047717
22.53109
22.023069
21.523702
21.033029
20.551091
20.077925
19.613568
19.15806
18.71144
18.273753
17.845044
17.425362
17.014759
16.613282
16.220984
15.838016
15.464448
15.100702
14.747873
14.405811
14.07845
13.766749
13.477197
13.232949
13.052979
12.96546
13.009306
13.231408
13.683357
14.410749
15.43324
16.737026
18.268757
19.943652
21.663786
23.332399
24.872492
26.231254
27.383117
28.326446
29.068991
29.636598
30.050775
30.341606
30.532997
30.654515
30.709308
30.722013
30.699226
30.635388
30.532199
30.393451
30.229139
29.968198
52.877294
52.146581
51.41511
50.683288
49.951477
49.219985
48.489076
47.758989
47.029952
46.302188
45.57593
44.851417
44.1289
43.408638
42.690895
41.97594
41.264044
40.555479
39.850517
39.149427
38.452475
37.759923
37.072029
36.389046
35.711218
35.038786
34.371982
33.71103
33.056148
32.407543
31.765417
31.12996
30.501355
29.879776
29.265386
28.658342
28.058788
27.466861
26.882687
26.306384
25.73806
25.177812
24.62573
24.081892
23.54637
23.019225
22.50051
21.990271
21.488549
20.995378
20.51079
20.034812
19.567473
19.108797
18.658811
18.217542
17.785021
17.361277
16.946338
16.540227
16.14296
15.754563
15.375058
15.004506
14.643095
14.290954
13.948725
13.617077
13.29751
12.994643
12.706401
12.45186
12.248814
12.119642
12.097612
12.225841
12.554246
13.132122
13.992143
15.133155
16.516293
18.066217
19.688002
21.284669
22.773988
24.100046
25.22931
26.157182
26.89058
27.452046
27.864071
28.1532
28.34365
28.464511
28.525104
28.538951
28.525336
28.474095
28.405518
28.265628
52.88048
52.149805
51.418307
50.686387
49.954409
49.222689
48.491507
47.761117
47.031759
46.30367
45.577087
44.852256
44.129429
43.408864
42.690826
41.975582
41.263402
40.554557
39.849316
39.147946
38.450713
37.757876
37.069692
36.386411
35.708276
35.035525
34.368388
33.707088
33.051839
32.402848
31.760313
31.124421
30.495353
29.873281
29.258364
28.650754
28.050595
27.458019
26.873148
26.296097
25.726969
25.165859
24.612851
24.068021
23.531435
23.00315
22.483215
21.971671
21.468552
20.973887
20.4877
20.010009
19.540831
19.08018
18.628069
18.184511
17.749518
17.323103
16.905275
16.496041
16.095402
15.703351
15.319883
14.944989
14.578681
14.22098
13.871979
13.531845
13.200917
12.880119
12.569937
12.27357
11.994845
11.736934
11.520382
11.363988
11.29595
11.355227
11.58957
12.049621
12.776357
13.780011
15.033456
16.470667
18.00017
19.525841
20.96131
22.246202
23.344803
24.248594
24.9652
25.512923
25.917294
26.198489
26.385662
26.502917
26.567308
26.585913
26.592915
26.547931
52.883791
52.15318
51.42169
50.689715
49.957617
49.225721
48.494317
47.763675
47.034048
46.305681
45.578822
44.853719
44.130627
43.409807
42.691522
41.976041
41.263632
40.554565
39.849107
39.147526
38.450084
37.757041
37.068651
36.385163
35.706819
35.033857
34.366503
33.704981
33.049502
32.400272
31.757487
31.121333
30.49199
29.869626
29.2544
28.646462
28.045952
27.453002
26.867732
26.290253
25.720666
25.159063
24.605527
24.06013
23.522936
22.993997
22.473361
21.961064
21.457137
20.961603
20.474481
19.995782
19.525517
19.06369
18.610305
18.165361
17.728859
17.300797
16.881169
16.46997
16.067183
15.672791
15.286769
14.909088
14.53972
14.178636
13.825819
13.481271
13.145034
12.817264
12.498154
12.18831
11.88878
11.600917
11.328928
11.073832
10.851455
10.678768
10.579798
10.589568
10.753102
11.121271
11.739746
12.62924
13.771703
15.109561
16.554832
18.011007
19.39031
20.629069
21.691032
22.564209
23.25783
23.785454
24.175294
24.445913
24.628337
24.743004
24.822829
24.850008
52.887186
52.156654
51.425192
50.693188
49.961002
49.228965
48.497377
47.76652
47.036657
46.308045
45.580939
44.855592
44.132263
43.411214
42.69271
41.97702
41.26441
40.555151
39.84951
39.147752
38.45014
37.756931
37.068379
36.384733
35.706233
35.033114
34.365606
33.703927
33.04829
32.398899
31.755949
31.119625
30.490106
29.867558
29.252141
28.644002
28.04328
27.450106
26.864597
26.286865
25.717008
25.155118
24.601274
24.055548
23.518
22.988684
22.467643
21.954911
21.450516
20.95448
20.466816
19.987534
19.516636
19.054123
18.599991
18.154233
17.71684
17.287799
16.867095
16.45471
16.050621
15.654795
15.267198
14.88779
14.516525
14.153356
13.798234
13.451115
13.111961
12.780756
12.457509
12.142305
11.835355
11.537022
11.248205
10.969807
10.704968
10.456939
10.233537
10.051798
9.932471
9.9070182
10.017716
10.315041
10.847357
11.643406
12.692778
13.944215
15.313046
16.702791
18.02545
19.215117
20.23601
21.073229
21.736876
22.240249
22.612775
22.872241
23.062601
23.17869
52.890638
52.160192
51.428771
50.696754
49.964503
49.23235
48.500605
47.769559
47.039486
46.310652
45.583319
44.857746
44.134197
43.412936
42.694229
41.978344
41.26555
40.556116
39.850308
39.148392
38.450628
37.757275
37.068585
36.384804
35.706175
35.032931
34.365299
33.7035
33.047743
32.398232
31.755163
31.118719
30.489077
29.866404
29.250858
28.642587
28.041728
27.44841
26.862752
26.284862
25.714839
25.152773
24.598743
24.052819
23.515061
22.98552
22.464239
21.951251
21.446583
20.950253
20.462273
19.98265
19.511384
19.048472
18.593906
18.147673
17.709759
17.280145
16.85881
16.445728
16.040866
15.644188
15.255649
14.875201
14.50279
14.138357
13.781843
13.433183
13.092316
12.759182
12.433728
12.115916
11.80574
11.503238
11.208563
10.921965
10.644099
10.375985
10.119652
9.8794253
9.6586102
9.4729881
9.3410615
9.2912242
9.3633385
9.6068832
10.071999
10.792916
11.765315
12.942772
14.243409
15.570882
16.837604
17.976225
18.951306
19.74813
20.378882
20.856378
21.225069
21.474627
52.894127
52.16377
51.432395
50.700378
49.968076
49.235827
48.503946
47.772732
47.042469
46.313431
45.585886
44.860102
44.136345
43.414882
42.69598
41.97991
41.26694
40.557339
39.851373
39.149308
38.451403
37.757916
37.069099
36.385198
35.706453
35.033099
34.365361
33.703459
33.047603
32.397995
31.75483
31.118292
30.488557
29.865791
29.250151
28.641785
28.040829
27.447413
26.861653
26.283658
25.713527
25.151347
24.597198
24.051149
23.513259
22.98358
22.462152
21.949009
21.444175
20.947669
20.459501
19.979676
19.508193
19.045046
18.590225
18.143715
17.705496
17.275548
16.853844
16.440353
16.035039
15.637859
15.248764
14.8677
14.494608
14.129422
13.772075
13.422494
13.080608
12.746341
12.41962
12.100374
11.788536
11.484055
11.186901
10.897081
10.614688
10.339938
10.073297
9.8157835
9.5687435
9.335742
9.1202984
8.9348145
8.7961404
8.7302921
8.7750001
8.9786295
9.3923783
10.054211
10.964434
12.079907
13.320792
14.590537
15.801847
16.887356
17.814974
18.569559
19.182574
19.638352
52.897639
52.16737
51.436045
50.704035
49.971695
49.239364
48.507363
47.775998
47.04556
46.316333
45.588591
44.862606
44.138649
43.416991
42.697902
41.981652
41.26851
40.558747
39.852628
39.150418
38.452376
37.758761
37.069822
36.385807
35.706954
35.033497
34.365661
33.703666
33.047721
32.398028
31.75478
31.118162
30.48835
29.865508
29.249793
28.641352
28.040323
27.446833
26.860998
26.282928
25.712719
25.150461
24.59623
24.050098
23.512121
22.982351
22.460829
21.947587
21.44265
20.946034
20.457751
19.977803
19.506189
19.042902
18.587929
18.141255
17.702857
17.272712
16.85079
16.437059
16.031479
15.634004
15.244581
14.863154
14.489659
14.124026
13.766184
13.416056
13.073563
12.738625
12.411157
12.091078
11.778304
11.472755
11.174355
10.883037
10.598756
10.321497
10.05131
9.7883761
9.5330342
9.2860853
9.0487228
8.8238597
8.6154067
8.4325219
8.2912776
8.2155554
8.2415403
8.416386
8.7921475
9.4089218
10.270775
11.335764
12.524873
13.740526
14.898837
15.931029
16.830094
17.551749
52.901163
52.17098
51.439706
50.707707
49.975337
49.242936
48.510828
47.779326
47.048729
46.319324
45.591395
44.865219
44.141071
43.419224
42.699952
41.983525
41.270216
40.560292
39.854022
39.151669
38.453493
37.759751
37.070693
36.386566
35.707607
35.034051
34.366122
33.704038
33.048009
32.398236
31.754913
31.118223
30.48834
29.865431
29.249652
28.641149
28.040058
27.446507
26.860613
26.282484
25.712216
25.149898
24.595608
24.049415
23.511377
22.981544
22.459958
21.94665
21.441644
20.944958
20.456601
19.976577
19.504882
19.041508
18.586444
18.13967
17.701165
17.270903
16.848853
16.434979
16.029242
15.631591
15.241974
14.860331
14.486596
14.120698
13.762561
13.412107
13.069253
12.733914
12.406003
12.085431
11.772108
11.465944
11.16685
10.874736
10.589519
10.311123
10.039489
9.7745857
9.5164322
9.2651534
9.0210204
8.7846821
8.5572617
8.3411103
8.1407661
7.9622278
7.8213069
7.7403832
7.7543534
7.9096552
8.2589895
8.8436657
9.669923
10.694532
11.840788
13.006669
14.138454
15.131919
52.904691
52.17459
51.443366
50.711381
49.978987
49.246525
48.514322
47.782696
47.05195
46.32238
45.594274
44.867915
44.143582
43.421552
42.7021
41.9855
41.272025
40.561943
39.855522
39.153027
38.454717
37.760848
37.071672
36.387433
35.70837
35.034715
34.366694
33.704523
33.048412
32.398563
31.755166
31.118407
30.48846
29.865489
29.24965
28.641089
28.039944
27.44634
26.860395
26.282216
25.711899
25.149533
24.595196
24.048956
23.510871
22.980992
22.459358
21.946003
21.44095
20.944216
20.45581
19.975735
19.503988
19.040561
18.58544
18.138605
17.700035
17.269702
16.847575
16.433617
16.027785
15.63003
15.240297
14.858524
14.484646
14.118588
13.760275
13.409625
13.066554
12.730975
12.402798
12.081931
11.768281
11.461753
11.162252
10.869682
10.583948
10.304956
10.032615
9.7668437
9.50757
9.2547488
9.0083764
8.7685376
8.5354607
8.3096767
8.0923034
7.8851978
7.692443
7.5198094
7.3816482
7.2993445
7.3069448
7.4507739
7.7841986
8.3484743
9.1525222
10.146827
11.287461
12.420597
52.908215
52.178192
51.447016
50.715047
49.982634
49.250118
48.51783
47.786089
47.055205
46.32548
45.597206
44.870672
44.146161
43.423953
42.704325
41.987555
41.273915
40.563675
39.857105
39.154467
38.456023
37.762028
37.072732
36.388381
35.709213
35.03546
34.367346
33.705089
33.048897
32.398971
31.755503
31.118676
30.488664
29.865633
29.249738
28.641123
28.039927
27.446274
26.860282
26.282058
25.711698
25.14929
24.594913
24.048633
23.51051
22.980593
22.458923
21.945532
21.440444
20.943675
20.455235
19.975125
19.503344
19.039882
18.584725
18.137853
17.699243
17.268868
16.846694
16.432685
16.026796
15.628978
15.239175
14.857325
14.483359
14.117205
13.758785
13.408017
13.064815
12.72909
12.400752
12.079707
11.765859
11.459112
11.159368
10.866527
10.58049
10.301156
10.028427
9.7622053
9.5023948
9.2489067
9.0016628
8.7606058
8.5257165
8.2970504
8.0748112
7.8594364
7.6518992
7.4538993
7.2691536
7.1032807
6.9695916
6.8888939
6.8950859
7.0345013
7.3629621
7.9186406
8.7436714
9.7226259
52.91173
52.181779
51.45065
50.718697
49.986268
49.253704
48.521337
47.789491
47.05848
46.328609
45.600176
44.873474
44.148791
43.42641
42.706611
41.989672
41.275869
40.565473
39.858753
39.155973
38.457394
37.763271
37.073856
36.389392
35.710118
35.036265
34.368058
33.705713
33.049439
32.399436
31.755896
31.119002
30.488927
29.865836
29.249885
28.641218
28.039971
27.446271
26.860235
26.281968
25.711568
25.149123
24.594708
24.048394
23.510237
22.980288
22.458588
21.945168
21.440052
20.943256
20.45479
19.974656
19.502851
19.039365
18.584185
18.137289
17.698655
17.268254
16.846053
16.432013
16.026091
15.628235
15.23839
14.856492
14.482474
14.116261
13.757776
13.406935
13.063653
12.72784
12.399403
12.078249
11.764281
11.457401
11.157508
10.864503
10.578283
10.298746
10.025789
9.7593099
9.4992054
9.2453748
8.9977196
8.7561465
8.5205716
8.2909294
8.0671904
7.8493888
7.63769
7.4324773
7.2346244
7.0457242
6.8692411
6.7107345
6.5829378
6.5064088
6.5163926
6.6585703
7.016622
7.5735585
52.91523
52.185347
51.454261
50.722323
49.98988
49.257273
48.524835
47.792892
47.061762
46.331754
45.60317
44.876308
44.151459
43.428909
42.708942
41.991839
41.277875
40.567323
39.860454
39.157531
38.458816
37.764566
37.075029
36.390451
35.711069
35.037116
34.368814
33.70638
33.050023
32.399943
31.75633
31.119367
30.489229
29.866078
29.250071
28.641351
28.040055
27.446309
26.860229
26.281921
25.711483
25.149
24.594552
24.048205
23.510017
22.98004
22.458312
21.944867
21.439727
20.942909
20.454423
19.974271
19.502448
19.038946
18.58375
18.13684
17.698191
17.267774
16.845557
16.4315
16.025557
15.627679
15.237809
14.855883
14.481833
14.115584
13.757059
13.406174
13.062843
12.726975
12.398478
12.077257
11.763215
11.456252
11.156269
10.863163
10.576831
10.29717
10.024075
9.7574417
9.4971642
9.2431379
8.9952585
8.7534227
8.5175298
8.2874837
8.0631969
7.8445983
7.6316485
7.4243662
7.2228898
7.0275652
6.8391983
6.6593173
6.4912538
6.3405883
6.2201873
6.150484
6.1819454
6.3307916
52.918711
52.18889
51.457844
50.725921
49.993466
49.26082
48.528316
47.796283
47.065041
46.334903
45.606177
44.879161
44.154152
43.431439
42.711309
41.994043
41.27992
40.569214
39.862196
39.15913
38.46028
37.7659
37.076241
36.391547
35.712057
35.038001
34.369604
33.70708
33.050638
32.400479
31.756792
31.119761
30.489557
29.866346
29.250282
28.64151
28.040164
27.446372
26.860248
26.2819
25.711423
25.148905
24.594423
24.048044
23.509828
22.979823
22.458071
21.944602
21.439441
20.942605
20.454101
19.973934
19.502098
19.038584
18.583377
18.136457
17.697799
17.267374
16.845148
16.43108
16.025126
15.627236
15.237351
14.855409
14.48134
14.11507
13.756521
13.405609
13.062248
12.726346
12.397812
12.07655
11.762462
11.455449
11.15541
10.862242
10.575841
10.296103
10.022923
9.7561951
9.4958122
9.2416681
8.9936564
8.7516705
8.5156051
8.2853558
8.0608205
7.8419014
7.6285085
7.4205668
7.2180299
7.0209058
6.8293147
6.6435786
6.4644672
6.2934785
6.1340082
5.9917279
5.8848463
5.8230442
52.922168
52.192404
51.461395
50.729485
49.997019
49.264336
48.531771
47.799654
47.068308
46.338049
45.609186
44.882024
44.156861
43.43399
42.7137
41.996275
41.281995
40.571137
39.86397
39.160763
38.461776
37.767266
37.077484
36.392674
35.713073
35.038914
34.370419
33.707804
33.051276
32.401036
31.757274
31.120172
30.489903
29.866631
29.250509
28.641683
28.040287
27.446448
26.86028
26.281891
25.711376
25.148823
24.594307
24.047898
23.509654
22.979623
22.457846
21.944356
21.439176
20.942322
20.453803
19.973622
19.501775
19.038252
18.583038
18.136112
17.697449
17.267019
16.844788
16.430716
16.024757
15.62686
15.236968
14.855016
14.480937
14.114655
13.756092
13.405164
13.061785
12.725863
12.397306
12.076019
11.761903
11.454859
11.154785
10.861578
10.575135
10.29535
10.022117
9.7553304
9.4948824
9.2406658
8.9925731
8.7504966
8.5143292
8.283964
8.0592948
7.8402169
7.6266277
7.4184286
7.2155284
7.0178492
6.8253406
6.6380038
6.4559493
6.2794858
6.1093981
5.9471999
5.7978679
5.6640295
52.925597
52.195886
51.464909
50.733011
50.000534
49.267817
48.535196
47.803
47.071556
46.341181
45.612189
44.884887
44.159576
43.436553
42.716107
41.998526
41.284093
40.573083
39.865769
39.16242
38.463297
37.768657
37.078751
36.393823
35.714111
35.039847
34.371253
33.708545
33.05193
32.401608
31.75777
31.120596
30.49026
29.866925
29.250744
28.641863
28.040417
27.44653
26.860318
26.281887
25.711334
25.148745
24.594196
24.047757
23.509484
22.979427
22.457627
21.944116
21.438917
20.942047
20.453515
19.973322
19.501466
19.037935
18.582715
18.135784
17.697119
17.266687
16.844455
16.430381
16.02442
15.626521
15.236626
14.854671
14.480586
14.114298
13.755728
13.404791
13.061401
12.725467
12.396897
12.075595
11.761462
11.454399
11.154304
10.861074
10.574605
10.29479
10.021525
9.7547023
9.4942139
9.2399524
8.9918095
8.7496772
8.5134472
8.2830118
8.0582635
7.8390953
7.6254014
7.4170772
7.2140201
7.0161316
6.8233198
6.6355059
6.4526375
6.2747121
6.1018429
5.9343464
5.7734119
5.6198091
52.928994
52.19933
51.468383
50.736496
50.004007
49.271258
48.538583
47.806314
47.074777
46.344293
45.615179
44.887743
44.16229
43.439118
42.718522
42.000789
41.286204
40.575045
39.867586
39.164095
38.464836
37.770066
37.080035
36.394989
35.715165
35.040794
34.3721
33.709298
33.052594
32.402189
31.758273
31.121026
30.490621
29.867222
29.250982
28.642046
28.040547
27.446612
26.860355
26.281882
25.71129
25.148665
24.594083
24.047612
23.509311
22.979229
22.457406
21.943874
21.438657
20.941771
20.453226
19.973022
19.501157
19.03762
18.582396
18.135463
17.696796
17.266364
16.844132
16.430059
16.024099
15.626201
15.236306
14.85435
14.480264
14.113973
13.755399
13.404458
13.061063
12.725123
12.396546
12.075235
11.761093
11.454019
11.153912
10.860668
10.574182
10.294351
10.021066
9.7542206
9.4937076
9.2394183
8.9912445
8.7490775
8.5128089
8.2823301
8.0575333
7.8383105
7.6245549
7.4161599
7.2130203
7.0150321
6.8220936
6.6341066
6.4509798
6.2726342
6.0990175
5.9301341
5.7661873
5.6073873
52.932356
52.202734
51.471814
50.739934
50.007435
49.274654
48.541928
47.80959
47.077965
46.347379
45.618148
44.890584
44.164994
43.44168
42.720937
42.003056
41.288322
40.577016
39.869413
39.165783
38.466388
37.771487
37.081332
36.396166
35.716229
35.041751
34.372956
33.710058
33.053264
32.402775
31.758779
31.121457
30.490983
29.867519
29.251218
28.642225
28.040674
27.446689
26.860386
26.281871
25.711239
25.148577
24.593962
24.04746
23.509131
22.979023
22.457177
21.943624
21.438389
20.941488
20.45293
19.972716
19.500843
19.0373
18.582072
18.135137
17.69647
17.266039
16.843809
16.429739
16.023781
15.625885
15.235992
14.854038
14.479953
14.113663
13.755088
13.404146
13.060749
12.724807
12.396226
12.074911
11.760764
11.453684
11.15357
10.860318
10.573824
10.293982
10.020686
9.7538278
9.4933
9.2389941
8.9908015
8.7486135
8.5123211
8.2818158
8.0569891
7.8377328
7.6239394
7.4155019
7.2123139
7.0142701
6.8212662
6.6331992
6.4499685
6.2714768
6.0976332
5.9283659
5.7636321
5.6034883
52.935678
52.206095
51.475197
50.743323
50.010812
49.278001
48.545227
47.812822
47.081116
46.350431
45.621089
44.893403
44.167682
43.44423
42.723345
42.005319
41.290441
40.578991
39.871246
39.167476
38.467946
37.772916
37.082635
36.39735
35.717299
35.042713
34.373815
33.71082
33.053936
32.40336
31.759284
31.121887
30.491342
29.867812
29.251449
28.642398
28.040792
27.446758
26.860408
26.28185
25.711178
25.148479
24.593829
24.047296
23.508938
22.978804
22.456935
21.943362
21.438109
20.941193
20.452622
19.972398
19.500517
19.036969
18.581738
18.134802
17.696135
17.265706
16.843479
16.429411
16.023458
15.625567
15.235677
14.853726
14.479643
14.113355
13.754781
13.40384
13.060443
12.7245
12.395919
12.074602
11.760453
11.453371
11.153254
10.859999
10.5735
10.293653
10.020351
9.7534857
9.4929498
9.2386346
8.9904313
8.7482311
8.5119248
8.2814037
8.056559
7.8372825
7.6234662
7.4150028
7.2117856
7.0137087
6.8206668
6.6325559
6.449273
6.2707162
6.0967878
5.9273912
5.7624331
5.6019257
52.938958
52.209408
51.478529
50.746659
50.014135
49.281296
48.548475
47.816008
47.084222
46.353445
45.623997
44.896194
44.170347
43.446762
42.72574
42.007573
41.292553
40.580961
39.873076
39.16917
38.469506
37.774346
37.08394
36.398536
35.718371
35.043676
34.374675
33.711582
33.054605
32.403943
31.759784
31.122311
30.491694
29.868096
29.25167
28.64256
28.0409
27.446814
26.860418
26.281815
25.711102
25.148365
24.593681
24.047116
23.508729
22.978569
22.456677
21.943083
21.437812
20.940881
20.452298
19.972064
19.500176
19.036623
18.581389
18.134453
17.695787
17.26536
16.843135
16.429072
16.023125
15.625238
15.235352
14.853404
14.479324
14.113038
13.754466
13.403527
13.060131
12.72419
12.39561
12.074294
11.760145
11.453063
11.152946
10.85969
10.573191
10.293342
10.020038
9.7531696
9.4926302
9.2383107
8.9901022
8.7478957
8.511582
8.2810522
8.0561975
7.8369094
7.6230798
7.4146012
7.2113666
7.0132698
6.8202054
6.6320687
6.4487561
6.2701647
6.096193
5.9267417
5.761708
5.6010889
52.942191
52.21267
51.481807
50.749938
50.017402
49.284533
48.551668
47.819141
47.08728
46.356414
45.626865
44.89895
44.172983
43.44927
42.728114
42.009812
41.294653
40.582923
39.8749
39.170858
38.471062
37.775773
37.085243
36.399719
35.719439
35.044635
34.37553
33.712339
33.055269
32.404519
31.760277
31.122726
30.492036
29.86837
29.25188
28.64271
28.040994
27.446856
26.860411
26.281764
25.71101
25.148235
24.593515
24.046918
23.508502
22.978316
22.4564
21.942785
21.437497
20.94055
20.451954
19.971711
19.499816
19.036259
18.581022
18.134085
17.695421
17.264996
16.842776
16.428718
16.022775
15.624891
15.235008
14.853064
14.478988
14.112706
13.754138
13.403201
13.059809
12.72387
12.395293
12.07398
11.759833
11.452753
11.152638
10.859383
10.572885
10.293037
10.019733
9.7528655
9.4923257
9.2380052
8.9897951
8.7475863
8.5112696
8.280736
8.0558764
7.8365824
7.6227458
7.4142588
7.2110145
7.0129064
6.8198289
6.6316771
6.4483471
6.2697359
6.0957401
5.9262607
5.7611971
5.600537
52.945374
52.215877
51.485027
50.753159
50.020608
49.28771
48.554802
47.822217
47.090285
46.359334
45.629688
44.901667
44.175583
43.451748
42.730463
42.012028
41.296735
40.584869
39.876711
39.172536
38.472609
37.777192
37.086539
36.400895
35.720501
35.045587
34.376378
33.713087
33.055923
32.405084
31.760759
31.123129
30.492365
29.868629
29.252075
28.642844
28.041072
27.446881
26.860387
26.281694
25.710898
25.148084
24.593329
24.0467
23.508254
22.978041
22.456101
21.942466
21.437159
20.940198
20.451589
19.971337
19.499435
19.035873
18.580634
18.133697
17.695034
17.264613
16.842397
16.428344
16.022405
15.624526
15.234648
14.852709
14.478638
14.11236
13.753796
13.402864
13.059476
12.723541
12.394967
12.073658
11.759515
11.452438
11.152325
10.859074
10.572578
10.292733
10.019432
9.7525657
9.4920275
9.2377082
8.989499
8.7472906
8.5109737
8.2804393
8.0555784
7.8362822
7.6224427
7.413952
7.2107029
7.012589
6.8195045
6.6313444
6.4480047
6.2693822
6.0953729
5.9258784
5.7607953
5.6001132
52.948504
52.219027
51.488187
50.756316
50.023749
49.290824
48.557873
47.825232
47.093232
46.3622
45.632462
44.904338
44.178143
43.454189
42.73278
42.014217
41.298792
40.586795
39.878505
39.174197
38.474142
37.778598
37.087822
36.40206
35.721552
35.046528
34.377214
33.713824
33.056565
32.405637
31.761227
31.123517
30.492678
29.868872
29.252252
28.64296
28.04113
27.446886
26.860342
26.281603
25.710764
25.147911
24.59312
24.046458
23.507982
22.977742
22.455778
21.942122
21.436798
20.939821
20.4512
19.970938
19.499029
19.035463
18.580222
18.133286
17.694625
17.264207
16.841995
16.427948
16.022014
15.62414
15.234269
14.852335
14.478269
14.111997
13.753439
13.402511
13.059128
12.723198
12.394629
12.073324
11.759185
11.452113
11.152005
10.858757
10.572266
10.292425
10.019127
9.7522641
9.4917291
9.2374128
8.9892061
8.7469999
8.5106849
8.280152
8.055292
7.8359964
7.6221568
7.4136653
7.2104149
7.0122989
6.8192115
6.6310477
6.4477031
6.2690748
6.0950585
5.9255556
5.7604624
5.5997673
52.951575
52.222116
51.491282
50.759406
50.026824
49.293869
48.560878
47.828183
47.096116
46.365007
45.63518
44.906958
44.180657
43.456588
42.73506
42.016372
41.30082
40.588694
39.880274
39.175838
38.475655
37.779987
37.089089
36.403209
35.722587
35.047454
34.378035
33.714545
33.057191
32.406173
31.761678
31.123888
30.492973
29.869096
29.252409
28.643055
28.041167
27.446868
26.860274
26.281489
25.710607
25.147714
24.592886
24.046191
23.507685
22.977418
22.45543
21.941753
21.43641
20.939418
20.450786
19.970514
19.498598
19.035028
18.579786
18.132849
17.69419
17.263777
16.84157
16.427527
16.021599
15.623732
15.233867
14.85194
14.477881
14.111615
13.753063
13.402141
13.058764
12.72284
12.394276
12.072976
11.758843
11.451776
11.151673
10.858431
10.571944
10.292107
10.018814
9.7519561
9.4914254
9.2371132
8.9889104
8.7467079
8.5103963
8.2798664
8.0550091
7.8357158
7.6218782
7.4133882
7.2101388
7.0120233
6.8189358
6.6307713
6.4474254
6.268795
6.0947759
5.9252691
5.7601721
5.5994703
52.954585
52.225139
51.494309
50.762427
50.029827
49.296843
48.563811
47.831064
47.098934
46.36775
45.637839
44.909522
44.183118
43.45894
42.737296
42.018488
41.302813
40.590561
39.882015
39.177453
38.477145
37.781354
37.090336
36.404339
35.723603
35.048361
34.378837
33.715247
33.057798
32.406689
31.762109
31.124237
30.493247
29.869298
29.252544
28.643126
28.041179
27.446826
26.860181
26.281349
25.710423
25.14749
24.592625
24.045896
23.50736
22.977066
22.455054
21.941356
21.435995
20.938988
20.450343
19.970062
19.49814
19.034565
18.579321
18.132385
17.693729
17.26332
16.841118
16.427081
16.021159
15.6233
15.233443
14.851524
14.477472
14.111213
13.752667
13.401753
13.058381
12.722463
12.393905
12.072612
11.758485
11.451423
11.151326
10.858089
10.571608
10.291777
10.018489
9.7516369
9.4911114
9.2368043
8.9886065
8.7464087
8.5101016
8.279576
8.0547229
7.8354333
7.6215991
7.4131124
7.2098657
7.0117526
6.8186671
6.6305042
6.4471593
6.2685294
6.0945106
5.9250031
5.7599061
5.5992018
52.957529
52.228094
51.497264
50.765374
50.032755
49.299743
48.566671
47.833873
47.101681
46.370426
45.640433
44.912026
44.185523
43.46124
42.739484
42.02056
41.304765
40.592391
39.883722
39.179036
38.478605
37.782693
37.091557
36.405444
35.724596
35.049245
34.379617
33.715927
33.058383
32.407183
31.762517
31.124564
30.493496
29.869475
29.252653
28.643173
28.041166
27.446758
26.860061
26.281181
25.710211
25.147238
24.592336
24.045573
23.507007
22.976685
22.454649
21.940929
21.435551
20.938528
20.449871
19.969581
19.497652
19.034074
18.578828
18.131893
17.693239
17.262834
16.840638
16.426607
16.020694
15.622842
15.232993
14.851081
14.477037
14.110786
13.752247
13.40134
13.057975
12.722064
12.393513
12.072226
11.758105
11.45105
11.15096
10.857729
10.571255
10.29143
10.018148
9.751302
9.4907826
9.2364815
8.9882895
8.7460974
8.5097959
8.2792757
8.0544277
7.8351431
7.6213136
7.4128313
7.2095889
7.0114797
6.8183978
6.6302381
6.4468961
6.2682688
6.0942522
5.9247464
5.759652
5.5989482
52.960402
52.230974
51.500143
50.768242
50.035604
49.302562
48.569451
47.836603
47.104352
46.373028
45.642956
44.914462
44.187865
43.46348
42.741617
42.022581
41.30667
40.594177
39.885388
39.180582
38.480031
37.784001
37.092747
36.406519
35.72556
35.050102
34.38037
33.716581
33.058942
32.407651
31.762898
31.124864
30.493719
29.869625
29.252735
28.64319
28.041124
27.44666
26.859912
26.280983
25.709969
25.146955
24.592016
24.045219
23.506621
22.976272
22.454212
21.940471
21.435074
20.938037
20.449368
19.969069
19.497134
19.033551
18.578305
18.13137
17.69272
17.262319
16.840129
16.426105
16.020198
15.622355
15.232514
14.85061
14.476574
14.110331
13.7518
13.4009
13.057543
12.72164
12.393096
12.071816
11.757702
11.450655
11.150571
10.857348
10.57088
10.291063
10.017788
9.7509486
9.4904361
9.2361417
8.9879564
8.7457708
8.5094757
8.2789617
8.0541199
7.8348412
7.6210175
7.4125407
7.2093036
7.0111995
6.8181224
6.6299672
6.4466296
6.2680063
6.0939936
5.9244913
5.7594014
5.5986999
52.963193
52.233768
51.502933
50.771021
50.038361
49.30529
48.57214
47.839244
47.106936
46.375544
45.645398
44.91682
44.190132
43.465649
42.743683
42.024539
41.308516
40.595909
39.887003
39.18208
38.481412
37.785265
37.093896
36.407556
35.726488
35.050923
34.381088
33.7172
33.059466
32.408085
31.763246
31.12513
30.493908
29.869742
29.252783
28.643174
28.041048
27.446528
26.859728
26.280751
25.709692
25.146637
24.59166
24.04483
23.506202
22.975825
22.45374
21.939979
21.434564
20.937512
20.448831
19.968523
19.496581
19.032996
18.577748
18.130815
17.692168
17.261772
16.839588
16.425571
16.019673
15.621838
15.232006
14.850111
14.476083
14.109848
13.751326
13.400434
13.057085
12.721189
12.392654
12.071382
11.757276
11.450236
11.15016
10.856945
10.570485
10.290675
10.017408
9.7505764
9.4900714
9.2357844
8.9876065
8.7454282
8.5091402
8.2786332
8.0537982
7.8345262
7.620709
7.4122386
7.2090076
7.0109095
6.8178381
6.6296885
6.4463563
6.267738
6.0937305
5.924233
5.7591497
5.5984511
52.965873
52.236451
51.505612
50.773687
50.041008
49.307908
48.57472
47.841779
47.109416
46.377961
45.647743
44.919087
44.192312
43.467737
42.745672
42.026424
41.310294
40.597577
39.888559
39.183522
38.482741
37.78648
37.095
36.40855
35.727373
35.051704
34.381768
33.717782
33.059954
32.408483
31.763559
31.125362
30.494063
29.869824
29.252797
28.643124
28.040938
27.446362
26.85951
26.280485
25.709382
25.146286
24.591272
24.044407
23.505749
22.975345
22.453236
21.939454
21.434022
20.936955
20.448263
19.967946
19.495999
19.032411
18.577162
18.130231
17.691587
17.261197
16.839019
16.425011
16.019121
15.621295
15.231471
14.849585
14.475567
14.109341
13.750828
13.399945
13.056605
12.720718
12.39219
12.070927
11.756829
11.449798
11.14973
10.856523
10.570072
10.29027
10.017011
9.7501877
9.4896907
9.2354118
8.9872417
8.7450711
8.5087908
8.2782913
8.0534636
7.8341989
7.6203888
7.4119253
7.2087011
7.0106095
6.8175446
6.6294012
6.446075
6.2674627
6.0934611
5.9239693
5.7588928
5.5981971
248.72815
138.01938
97.985957
79.208172
68.980399
62.875175
59.009078
56.477253
54.979069
80.500955
248.72815
138.01893
97.985914
79.208211
68.98049
62.875244
59.009483
56.475877
54.954946
60.80924
248.72815
138.01871
97.985842
79.208195
68.980536
62.875247
59.009708
56.474072
54.941145
55.314829
248.72815
138.01856
97.985788
79.208182
68.980581
62.875289
59.009948
56.473581
54.928666
54.166565
248.72815
138.01843
97.985746
79.208181
68.980635
62.875373
59.010199
56.473206
54.923034
53.927583
248.72815
138.0183
97.98571
79.208191
68.980701
62.875497
59.010425
56.472723
54.912641
53.869868
248.72815
138.01817
97.985676
79.208211
68.980784
62.875656
59.010677
56.472318
54.894343
53.840245
248.72815
138.01803
97.985643
79.208239
68.980883
62.875849
59.010992
56.472006
54.869145
53.810946
248.72815
138.0179
97.985612
79.208276
68.981
62.876078
59.011373
56.471849
54.841126
53.78075
248.72815
138.01776
97.985583
79.20832
68.981137
62.876346
59.011825
56.471884
54.815801
53.753587
248.72815
138.01762
97.985556
79.208374
68.981294
62.876657
59.012354
56.472128
54.79633
53.729645
248.72815
138.01748
97.985531
79.208439
68.981474
62.877014
59.012965
56.472588
54.782961
53.695447
248.72815
138.01734
97.98551
79.208514
68.981679
62.877419
59.013662
56.473266
54.774559
53.654191
248.72815
138.0172
97.985492
79.208601
68.98191
62.877876
59.014449
56.474157
54.769787
53.624548
248.72815
138.01706
97.985479
79.208702
68.982169
62.878388
59.015329
56.475254
54.767515
53.60821
248.72815
138.01692
97.985471
79.208818
68.98246
62.878958
59.016305
56.476543
54.766916
53.600377
248.72815
138.01679
97.985469
79.208949
68.982784
62.879588
59.017378
56.478011
54.767431
53.597284
248.72815
138.01666
97.985475
79.209098
68.983143
62.880281
59.018548
56.479646
54.768691
53.596799
248.72815
138.01653
97.985488
79.209266
68.983541
62.881041
59.019816
56.481433
54.770462
53.597787
248.72815
138.01642
97.985511
79.209455
68.983979
62.881869
59.021182
56.483359
54.77259
53.599639
248.72815
138.01631
97.985545
79.209666
68.98446
62.882767
59.022645
56.485412
54.774975
53.60202
248.72815
138.01622
97.985591
79.209901
68.984986
62.883737
59.024203
56.48758
54.77755
53.604736
248.72815
138.01613
97.98565
79.210164
68.985561
62.884782
59.025854
56.489853
54.78027
53.607674
248.72815
138.01606
97.985725
79.210454
68.986186
62.885901
59.027596
56.492222
54.783103
53.610763
248.72815
138.01601
97.985816
79.210775
68.986864
62.887096
59.029426
56.494678
54.786026
53.613958
248.72815
138.01598
97.985926
79.211129
68.987597
62.888366
59.031341
56.497212
54.789021
53.617228
248.72815
138.01596
97.986057
79.211518
68.988386
62.889713
59.033337
56.499817
54.792076
53.620554
248.72815
138.01597
97.98621
79.211944
68.989234
62.891136
59.035411
56.502485
54.795177
53.623918
248.72815
138.01601
97.986389
79.21241
68.990142
62.892634
59.037558
56.50521
54.798318
53.627309
248.72815
138.01607
97.986594
79.212916
68.991112
62.894205
59.039774
56.507986
54.801489
53.630717
248.72815
138.01616
97.986828
79.213467
68.992144
62.895849
59.042055
56.510806
54.804683
53.634135
248.72815
138.01629
97.987093
79.214063
68.993239
62.897563
59.044396
56.513664
54.807894
53.637557
248.72815
138.01645
97.987392
79.214706
68.994397
62.899345
59.046792
56.516554
54.811117
53.640975
248.72815
138.01665
97.987727
79.215398
68.995619
62.901192
59.049238
56.519471
54.814346
53.644386
248.72815
138.0169
97.9881
79.216141
68.996904
62.9031
59.05173
56.522409
54.817575
53.647784
248.72815
138.01719
97.988513
79.216935
68.998251
62.905068
59.054261
56.525363
54.8208
53.651165
248.72815
138.01753
97.988969
79.217782
68.999659
62.90709
59.056827
56.528328
54.824017
53.654525
248.72815
138.01792
97.989468
79.218683
69.001127
62.909163
59.059422
56.531298
54.827219
53.657859
248.72815
138.01837
97.990013
79.219638
69.002652
62.911281
59.06204
56.534268
54.830404
53.661164
248.72815
138.01888
97.990606
79.220646
69.004232
62.913442
59.064677
56.537232
54.833566
53.664435
248.72815
138.01945
97.991247
79.221708
69.005864
62.915639
59.067327
56.540186
54.836702
53.667668
248.72815
138.02009
97.991937
79.222823
69.007546
62.917867
59.069983
56.543125
54.839806
53.670861
248.72815
138.02079
97.992677
79.22399
69.009272
62.920122
59.07264
56.546044
54.842874
53.674008
248.72815
138.02158
97.993467
79.225207
69.011039
62.922396
59.075292
56.548936
54.845902
53.677107
248.72815
138.02243
97.994305
79.226472
69.012843
62.924684
59.077934
56.551798
54.848885
53.680152
248.72815
138.02337
97.995189
79.227782
69.014678
62.926981
59.080559
56.554623
54.851819
53.683139
248.72815
138.02438
97.996117
79.229133
69.016539
62.929278
59.083161
56.557406
54.854698
53.686065
248.72815
138.02547
97.997083
79.23052
69.018418
62.931569
59.085732
56.560141
54.857518
53.688924
248.72815
138.02662
97.998073
79.231928
69.020298
62.933837
59.088257
56.562813
54.860264
53.691703
248.72815
138.02779
97.999035
79.233299
69.022131
62.936038
59.090698
56.565388
54.862905
53.694374
248.72815
138.0288
98.000067
79.234766
69.024049
62.938342
59.093252
56.56808
54.865666
53.697165
248.72815
138.02951
98.001137
79.236646
69.026588
62.941299
59.096453
56.571405
54.869045
53.700562
248.72815
138.02985
98.002462
79.238647
69.029248
62.944421
59.099845
56.574936
54.872638
53.704177
248.72815
138.03005
98.004204
79.241107
69.032384
62.94802
59.103706
56.578923
54.876675
53.708228
248.72815
138.03031
98.006266
79.244133
69.036158
62.952272
59.10821
56.583537
54.881326
53.712881
248.72815
138.03072
98.008815
79.248043
69.040924
62.957527
59.1137
56.589116
54.886921
53.718462
248.72815
138.03143
98.011744
79.252451
69.046189
62.963243
59.119613
56.595091
54.892895
53.724411
248.72815
138.0325
98.015001
79.25716
69.051674
62.969085
59.125577
56.601063
54.898829
53.730295
248.72815
138.03392
98.018447
79.261899
69.05705
62.974708
59.13125
56.606699
54.904402
53.735804
248.72815
138.03534
98.021659
79.266191
69.061813
62.979602
59.13612
56.61149
54.909103
53.740424
248.72815
138.03674
98.024444
79.269713
69.065585
62.983375
59.139795
56.615044
54.912546
53.743776
248.72815
138.03779
98.026393
79.272046
69.067967
62.985658
59.141937
56.61705
54.914436
53.745574
248.72815
138.03836
98.027343
79.273036
69.068809
62.986293
59.142375
56.617324
54.914583
53.745623
248.72815
138.03843
98.027378
79.272901
69.068453
62.985728
59.141632
56.616441
54.913592
53.744553
248.72815
138.03813
98.026741
79.27188
69.067066
62.984033
59.139696
56.614321
54.911331
53.742182
248.72815
138.03771
98.026352
79.271482
69.066588
62.983421
59.138916
56.61335
54.910158
53.740803
248.72815
138.03652
98.024426
79.268953
69.063598
62.980076
59.135283
56.609472
54.906065
53.736516
248.72815
138.03796
98.025328
79.269138
69.06321
62.979311
59.134316
56.608445
54.905084
53.735655
52.968676
52.239259
51.508418
50.776483
50.043786
49.31066
48.577437
47.844452
47.112035
46.380519
45.650231
44.921495
44.194635
43.469966
42.747802
42.02845
41.312211
40.599381
39.890248
39.185095
38.484195
37.787817
37.09622
36.409655
35.728366
35.052586
34.382543
33.718454
33.060526
32.408959
31.763943
31.125659
30.494277
29.86996
29.252859
28.643116
28.040865
27.446228
26.859318
26.28024
25.709088
25.145947
24.590892
24.043989
23.505297
22.974863
22.452727
21.938921
21.433469
20.936385
20.447679
19.967352
19.495398
19.031805
18.576554
18.129624
17.690983
17.260596
16.838425
16.424424
16.018542
15.620724
15.23091
14.849033
14.475023
14.108806
13.750302
13.399428
13.056096
12.720218
12.391699
12.070444
11.756355
11.449332
11.149273
10.856075
10.569632
10.289839
10.016588
9.7497728
9.4892841
9.2350135
8.9868516
8.7446892
8.5084169
8.2779253
8.0531055
7.8338485
7.6200459
7.4115898
7.2083729
7.0102884
6.8172305
6.629094
6.4457745
6.2671687
6.0931737
5.9236888
5.7586204
5.5979286
52.972074
52.242652
51.511798
50.779842
50.047116
49.313952
48.580683
47.847642
47.115161
46.383571
45.6532
44.924375
44.197416
43.472642
42.750366
42.030896
41.314534
40.601578
39.892315
39.187031
38.485999
37.789488
37.097759
36.411063
35.729645
35.053739
34.383573
33.719364
33.061321
32.409643
31.76452
31.126134
30.494655
29.870245
29.253057
28.643231
28.040902
27.446192
26.859214
26.280072
25.70886
25.145663
24.590557
24.043608
23.504873
22.974401
22.45223
21.938394
21.432915
20.935809
20.447084
19.966741
19.494775
19.031174
18.575918
18.128985
17.690344
17.25996
16.837793
16.423797
16.017921
15.62011
15.230303
14.848434
14.474433
14.108224
13.749728
13.398862
13.055538
12.719668
12.391157
12.06991
11.755829
11.448815
11.148764
10.855574
10.569139
10.289354
10.016112
9.7493055
9.4888254
9.2345633
8.9864099
8.744256
8.5079921
8.277509
8.0526975
7.8334488
7.6196544
7.4112063
7.2079974
7.0099208
6.8168706
6.6287417
6.4454298
6.2668315
6.0928441
5.923367
5.7583057
5.5976193
52.975693
52.246266
51.515399
50.783423
50.050667
49.317463
48.584145
47.851046
47.118497
46.386829
45.656372
44.92745
44.200386
43.475498
42.753102
42.033505
41.31701
40.603916
39.894513
39.189084
38.487907
37.79125
37.099375
36.412534
35.730973
35.054927
34.384623
33.720281
33.062109
32.410306
31.765064
31.126564
30.494976
29.870462
29.253175
28.643257
28.04084
27.446048
26.858994
26.279781
25.708503
25.145246
24.590084
24.043083
23.504302
22.973788
22.45158
21.937712
21.432205
20.935075
20.446331
19.965973
19.493996
19.030387
18.575128
18.128194
17.689555
17.259176
16.837016
16.423028
16.017162
15.619362
15.229566
14.847708
14.473718
14.10752
13.749035
13.39818
13.054867
12.719008
12.390508
12.069272
11.755202
11.448197
11.148157
10.854978
10.568554
10.28878
10.015548
9.7487519
9.4882823
9.2340306
8.9858877
8.7437441
8.5074904
8.2770174
8.0522159
7.8329771
7.6191925
7.4107541
7.2075546
7.0094874
6.8164465
6.6283267
6.4450238
6.2664345
6.0924561
5.9229885
5.7579371
5.5972572
52.979742
52.250306
51.519422
50.787418
50.054624
49.321374
48.587999
47.854831
47.122204
46.390448
45.659891
44.93086
44.203677
43.478662
42.75613
42.036389
41.319745
40.606496
39.896932
39.19134
38.489997
37.793173
37.101131
36.414124
35.732397
35.056189
34.385727
33.721229
33.062906
32.410958
31.765576
31.126941
30.495224
29.870589
29.253186
28.643158
28.040639
27.44575
26.858605
26.279308
25.707952
25.144623
24.589395
24.042335
23.5035
22.972937
22.450687
21.936781
21.431243
20.934087
20.445321
19.964948
19.492959
19.029343
18.574082
18.127149
17.688515
17.258144
16.835994
16.422018
16.016166
15.61838
15.2286
14.846758
14.472784
14.106602
13.748133
13.397294
13.053997
12.718153
12.389668
12.068448
11.754393
11.447404
11.14738
10.854215
10.567807
10.288047
10.014831
9.7480499
9.4875952
9.2333582
8.9852299
8.7431007
8.5068613
8.2764024
8.0516148
7.8323897
7.6186185
7.4101934
7.207007
7.0089526
6.8159243
6.6278169
6.4445263
6.2659491
6.091983
5.922528
5.7574891
5.5968188
52.984386
52.254932
51.524021
50.791981
50.059142
49.325836
48.592394
47.859149
47.126434
46.394579
45.663913
44.934762
44.207449
43.482295
42.759614
42.039717
41.322909
40.609489
39.89975
39.193977
38.49245
37.79544
37.10321
36.416016
35.734103
35.057711
34.387067
33.722391
33.063895
32.411778
31.766232
31.12744
30.495573
29.870793
29.253253
28.643095
28.040452
27.445447
26.858193
26.278794
25.707344
25.143927
24.588619
24.041485
23.502583
22.97196
22.449657
21.935704
21.430125
20.932934
20.444141
19.963745
19.49174
19.028113
18.572846
18.125912
17.687281
17.256916
16.834775
16.420812
16.014974
15.617204
15.22744
14.845615
14.471658
14.105494
13.747043
13.396222
13.052943
12.717116
12.38865
12.067447
11.75341
11.446439
11.146432
10.853285
10.566894
10.287153
10.013954
9.7471905
9.4867534
9.2325339
8.984423
8.7423111
8.5060889
8.275647
8.0508763
7.8316678
7.6179131
7.4095043
7.2063339
7.0082954
6.8152827
6.6271909
6.4439155
6.2653537
6.091403
5.9219639
5.7569406
5.5962834
52.989948
52.260465
51.529516
50.797429
50.064533
49.331159
48.59764
47.864308
47.131494
46.399529
45.668742
44.93946
44.212005
43.486699
42.763857
42.04379
41.326804
40.613198
39.903267
39.197298
38.495569
37.798355
37.105918
36.418516
35.736396
35.059797
34.388948
33.724071
33.065376
32.413067
31.767333
31.128359
30.496316
29.871367
29.253665
28.643353
28.040563
27.445419
26.858035
26.278512
25.706947
25.143423
24.588015
24.040789
23.501803
22.971104
22.448732
21.934717
21.429084
20.931848
20.443015
19.962586
19.490555
19.026909
18.571627
18.124685
17.68605
17.255686
16.833549
16.419593
16.013765
15.616007
15.226255
14.844445
14.470503
14.104354
13.745918
13.395112
13.051849
12.716038
12.387587
12.0664
11.752379
11.445424
11.145433
10.852302
10.565927
10.286202
10.01302
9.746273
9.4858523
9.2316494
8.9835549
8.7414595
8.5052537
8.2748281
8.0500736
7.8308812
7.6171425
7.4087495
7.2055949
7.007572
6.8145749
6.6264984
6.4432385
6.2646921
6.0907571
5.9213342
5.756327
5.5956829
52.99587
52.266351
51.535357
50.803215
50.070255
49.336806
48.603202
47.869774
47.136854
46.404772
45.673857
44.944437
44.216834
43.491369
42.768359
42.048114
41.330942
40.617143
39.907011
39.200835
38.498895
37.801465
37.10881
36.421188
35.738847
35.062026
34.390958
33.725864
33.066956
32.414436
31.768497
31.129324
30.497087
29.871952
29.254071
28.643587
28.040633
27.445334
26.857802
26.278141
25.706446
25.1428
24.58728
24.039951
23.500869
22.970084
22.447634
21.933551
21.427856
20.930567
20.441689
19.961223
19.489163
19.025494
18.570196
18.123244
17.684605
17.254241
16.83211
16.418163
16.012346
15.614602
15.224867
14.843073
14.469149
14.103019
13.744602
13.393815
13.050572
12.714781
12.386349
12.065182
11.751181
11.444246
11.144275
10.851164
10.56481
10.285105
10.011943
9.7452163
9.4848159
9.2306332
8.9825589
8.7404835
8.5042976
8.2738918
8.0491569
7.829984
7.6162646
7.4078907
7.2047549
7.0067507
6.8137721
6.625714
6.4424724
6.2639442
6.0900278
5.9206236
5.7556352
5.5950067
53.001711
52.272142
51.54109
50.808881
50.075846
49.342313
48.608615
47.875084
47.14205
46.409846
45.678799
44.949236
44.221482
43.495856
42.772676
42.052253
41.334894
40.6209
39.910567
39.204184
38.502032
37.804384
37.111509
36.423663
35.741097
35.064051
34.392757
33.727439
33.068309
32.415571
31.769419
31.130036
30.497596
29.872263
29.254192
28.643525
28.040396
27.44493
26.85724
26.27743
25.705595
25.141818
24.586176
24.038734
23.49955
22.968671
22.446137
21.931979
21.426219
20.928873
20.439947
19.959443
19.487351
19.023659
18.568345
18.121384
17.682743
17.252382
16.830259
16.416324
16.010523
15.612797
15.223083
14.841312
14.467412
14.101307
13.742916
13.392155
13.048938
12.713173
12.384769
12.063628
11.749654
11.442746
11.142802
10.849719
10.563392
10.283714
10.010579
9.7438795
9.4835062
9.2293505
8.981303
8.7392543
8.503095
8.2727155
8.0480067
7.8288596
7.6151657
7.4068172
7.2037065
7.005727
6.8127729
6.6247392
6.4415217
6.2630177
6.0891255
5.9197457
5.7547814
5.5941742
53.00717
52.277543
51.546426
50.814144
50.081028
49.347406
48.61361
47.879973
47.146825
46.414497
45.683317
44.953613
44.225709
43.499925
42.776578
42.05598
41.338438
40.624255
39.913726
39.20714
38.504779
37.806918
37.113826
36.42576
35.742971
35.065701
34.394183
33.72864
33.069288
32.416329
31.769959
31.130362
30.497714
29.872178
29.253909
28.643052
28.03974
27.444099
26.856243
26.276275
25.704291
25.140375
24.584603
24.037042
23.497747
22.966768
22.444144
21.929906
21.424075
20.926668
20.437692
19.957145
19.48502
19.021303
18.565974
18.119004
17.68036
17.250004
16.827891
16.413971
16.00819
15.610487
15.220799
14.839056
14.465186
14.099112
13.740753
13.390026
13.046842
12.711112
12.382741
12.061636
11.747696
11.440823
11.140914
10.847866
10.561573
10.281931
10.008831
9.7421665
9.4818281
9.2277071
8.9796943
8.73768
8.5015548
8.2712092
8.046534
7.8274202
7.6137594
7.4054435
7.2023651
7.0044176
6.8114952
6.6234928
6.4403066
6.2618336
6.0879725
5.9186237
5.7536899
5.5931108
53.011731
52.282039
51.55085
50.81849
50.085288
49.351574
48.617679
47.883935
47.150673
46.418224
45.686916
44.957076
44.229028
43.503094
42.779589
42.058826
41.341114
40.626753
39.916041
39.209265
38.506711
37.808652
37.115357
36.427085
35.744088
35.066608
34.394879
33.729125
33.069561
32.416393
31.769815
31.130014
30.497164
29.871432
29.252972
28.641929
28.038439
27.442626
26.854605
26.274482
25.70235
25.138296
24.582395
24.034713
23.495309
22.96423
22.441515
21.927197
21.421296
20.923829
20.434802
19.954214
19.482057
19.018318
18.562974
18.115998
17.677356
17.247008
16.824909
16.411009
16.005252
15.607578
15.217922
14.836214
14.462381
14.096346
13.738028
13.387342
13.044201
12.708514
12.380187
12.059125
11.74523
11.438401
11.138536
10.845532
10.559285
10.279687
10.006631
9.7400106
9.4797162
9.2256391
8.9776698
8.7356989
8.4996166
8.2693137
8.0446807
7.8256087
7.6119893
7.4037143
7.2006764
7.002769
6.8098863
6.6219232
6.438776
6.2603418
6.0865192
5.9172087
5.7523124
5.5917688
53.015019
52.285257
51.553994
50.821554
50.088266
49.354461
48.620469
47.886622
47.153251
46.420687
45.689259
44.959292
44.231113
43.50504
42.781392
42.060481
41.342614
40.628094
39.917216
39.210272
38.507544
37.809308
37.115832
36.427376
35.744193
35.066525
34.394606
33.728662
33.068907
32.415549
31.768783
31.128795
30.495761
29.869848
29.251211
28.639997
28.03634
27.440366
26.852191
26.27192
25.699649
25.135464
24.57944
24.031644
23.492134
22.960959
22.438159
21.923763
21.417796
20.920271
20.431196
19.95057
19.478384
19.014625
18.559269
18.11229
17.673652
17.243316
16.821235
16.40736
16.001632
15.603992
15.214374
14.832708
14.45892
14.092932
13.734663
13.384028
13.040938
12.705303
12.37703
12.056022
11.74218
11.435406
11.135596
10.842647
10.556454
10.276911
10.00391
9.7373438
9.4771038
9.2230807
8.9751652
8.7332476
8.4972184
8.266968
8.0423871
7.8233667
7.6097983
7.4015738
7.198586
7.000728
6.8078942
6.6199796
6.4368803
6.2584937
6.0847184
5.9154545
5.7506038
5.5901039
53.016754
52.286926
51.555591
50.823075
50.089707
49.355818
48.621737
47.887797
47.154328
46.421662
45.690127
44.960051
44.231756
43.505564
42.781793
42.060754
41.342756
40.6281
39.917084
39.209998
38.507124
37.808739
37.115111
36.426502
35.743162
35.065336
34.393258
33.727154
33.06724
32.413721
31.766795
31.126649
30.493459
29.867391
29.248603
28.637241
28.03344
27.437327
26.849018
26.268619
25.696225
25.131924
24.575791
24.027894
23.488291
22.95703
22.434152
21.919688
21.413661
20.916085
20.426968
19.946308
19.474098
19.010322
18.554958
18.107978
17.669347
17.239025
16.816966
16.403117
15.997422
15.59982
15.210244
14.828624
14.454885
14.088949
13.730734
13.380155
13.037123
12.701548
12.373335
12.052388
11.738608
11.431896
11.132149
10.839263
10.553133
10.273652
10.000715
9.7342114
9.474034
9.2200733
8.9722198
8.7303639
8.4943959
8.2642063
8.0396856
7.8207249
7.6072157
7.3990497
7.1961198
6.9983192
6.8055421
6.6176837
6.4346401
6.2563086
6.0825878
5.9133775
5.7485793
5.5881301
53.016738
52.286842
51.555435
50.822845
50.0894
49.355431
48.621267
47.887242
47.153686
46.420929
45.689301
44.959129
44.230736
43.504443
42.780568
42.059424
41.341317
40.626551
39.915422
39.208221
38.50523
37.806726
37.112978
36.424247
35.740784
35.062833
34.39063
33.7244
33.064359
32.410715
31.763663
31.123393
30.490079
29.86389
29.244983
28.633504
28.029589
27.433366
26.844951
26.26445
25.691959
25.127566
24.571347
24.02337
23.483692
22.952365
22.429426
21.914908
21.408835
20.91122
20.422071
19.941388
19.469161
19.005376
18.550011
18.103037
17.664419
17.234116
16.812082
16.398264
15.992606
15.595046
15.205516
14.823947
14.450262
14.084384
13.726229
13.375713
13.032746
12.697237
12.369092
12.048214
11.734505
11.427863
11.128187
10.835373
10.549315
10.269906
9.9970408
9.7306095
9.4705038
9.2166145
8.9688322
8.7270469
8.4911492
8.2610292
8.0365777
7.8176855
7.6042441
7.3961453
7.1932818
6.995547
6.8028349
6.6150409
6.4320609
6.2537923
6.0801336
5.9109844
5.7462459
5.5858549
53.015613
52.285661
51.554196
50.821546
50.088039
49.354006
48.619777
47.885685
47.152061
46.419235
45.687537
44.957292
44.228826
43.502459
42.778509
42.057287
41.339102
40.624256
39.913047
39.205763
38.502688
37.8041
37.110266
36.421447
35.737896
35.059856
34.387564
33.721243
33.061112
32.407377
31.760235
31.119873
30.48647
29.860193
29.241199
28.629636
28.025639
27.429335
26.84084
26.260262
25.687697
25.123232
24.566945
24.018904
23.479167
22.947784
22.424796
21.910234
21.404121
20.906472
20.417296
19.93659
19.464346
19.000551
18.545181
18.098207
17.659596
17.229305
16.807288
16.393493
15.987863
15.590334
15.200841
14.819312
14.445671
14.07984
13.721736
13.371273
13.028362
12.692911
12.364825
12.044009
11.730362
11.423784
11.124173
10.831424
10.545432
10.266091
9.9932925
9.7269287
9.4668907
9.2130692
8.9653546
8.723637
8.4878067
8.257754
8.0333694
7.8145437
7.6011684
7.3931354
7.1903371
6.992667
6.8000192
6.6122887
6.4293718
6.2511656
6.0775684
5.9084798
5.7438008
5.5834675
53.013161
52.283125
51.551576
50.818841
50.08525
49.351132
48.61682
47.882645
47.148939
46.416033
45.684254
44.953931
44.225386
43.498942
42.774915
42.053618
41.335358
40.620438
39.909154
39.201797
38.498651
37.79999
37.106085
36.417196
35.733575
35.055465
34.383103
33.716714
33.056514
32.40271
31.755499
31.115069
30.481598
29.855253
29.236191
28.624558
28.020494
27.424126
26.835571
26.254936
25.682318
25.117803
24.561471
24.013387
23.473613
22.942196
22.419178
21.904592
21.39846
20.900797
20.411612
19.930904
19.458664
18.994878
18.539524
18.092573
17.653989
17.223731
16.801753
16.388003
15.982421
15.584947
15.195512
14.814045
14.440471
14.074709
13.716678
13.36629
13.023456
12.688083
12.360078
12.039343
11.725779
11.419285
11.119757
10.827092
10.541184
10.261926
9.9892109
9.7229299
9.4629741
9.2092341
8.9616003
8.7199627
8.4842114
8.2542368
8.0299294
7.8111799
7.5978798
7.3899209
7.1871957
6.9895976
6.7970207
6.6093601
6.4265119
6.2483732
6.0748424
5.9058189
5.7412035
5.5809328
53.011578
52.281346
51.549612
50.816703
50.08295
49.348681
48.614229
47.879925
47.146098
46.413078
45.681194
44.950771
44.222133
43.495599
42.771487
42.050108
41.331769
40.616772
39.905413
39.197983
38.494764
37.796033
37.102058
36.4131
35.729412
35.051236
34.378808
33.712355
33.052091
32.398226
31.750956
31.110468
30.476941
29.850541
29.231426
28.619743
28.015628
27.41921
26.830606
26.249921
25.677255
25.112693
24.556315
24.008188
23.468371
22.936915
22.413861
21.89924
21.393077
20.895388
20.40618
19.925454
19.453201
18.989405
18.534045
18.087092
17.648511
17.218261
16.796295
16.38256
15.976999
15.57955
15.190144
14.808711
14.435175
14.069456
13.71147
13.361132
13.018351
12.683036
12.355091
12.034419
11.72092
11.414494
11.115036
10.822443
10.536608
10.257426
9.9847871
9.7185837
9.4587065
9.2050458
8.9574917
8.7159343
8.4802635
8.2503695
8.0261425
7.8074734
7.5942533
7.386374
7.183728
6.9862084
6.7937094
6.6061258
6.4233537
6.2452902
6.0718333
5.9028825
5.7383384
5.5781371
53.007115
52.276722
51.54484
50.811794
50.077915
49.343531
48.608972
47.874569
47.140653
46.407551
45.675592
44.9451
44.216399
43.489808
42.765642
42.044215
41.325831
40.610794
39.899398
39.191932
38.488681
37.789919
37.095914
36.406927
35.723209
35.045006
34.37255
33.706068
33.045777
32.391883
31.744584
31.104066
30.470508
29.844077
29.22493
28.613216
28.00907
27.412621
26.823985
26.24327
25.670574
25.105982
24.549574
24.001418
23.461573
22.930089
22.407006
21.892358
21.386166
20.888447
20.399209
19.918451
19.446167
18.982342
18.526954
18.079976
17.641373
17.211104
16.789122
16.375374
15.969804
15.572349
15.182941
14.80151
14.42798
14.06227
13.704298
13.353977
13.011218
12.675928
12.348012
12.027372
11.71391
11.407524
11.108111
10.815566
10.529783
10.250656
9.9780765
9.7119355
9.4521241
9.1985324
8.9510504
8.709568
8.473975
8.2441613
8.0200173
7.8014333
7.5883006
7.3805105
7.1779556
6.9805287
6.7881237
6.6006355
6.4179599
6.2399937
6.0666349
5.8977827
5.7333379
5.5732367
53.006437
52.276205
51.54446
50.811529
50.07774
49.343425
48.608914
47.874539
47.140632
46.407523
45.675542
44.945014
44.216264
43.489613
42.765378
42.043872
41.325402
40.610271
39.898775
39.191206
38.487846
37.788971
37.094851
36.405746
35.721909
35.043584
34.371006
33.704401
33.043986
32.389968
31.742544
31.101903
30.468221
29.841667
29.222398
28.610561
28.006295
27.409725
26.820971
26.240138
25.667324
25.102617
24.546095
23.997827
23.457871
22.926279
22.403091
21.88834
21.382051
20.884238
20.394909
19.914065
19.441698
18.977793
18.522328
18.075275
17.636599
17.20626
16.784211
16.370399
15.964769
15.567256
15.177795
14.796313
14.422736
14.056983
13.698972
13.348616
13.005827
12.67051
12.342572
12.021916
11.708441
11.402046
11.102629
10.810084
10.524306
10.245187
9.9726193
9.7064948
9.4467035
9.1931359
8.9456816
8.7042305
8.4686722
8.2388966
8.0147938
7.7962542
7.5831686
7.3754285
7.172926
6.975554
6.7832061
6.595777
6.4131621
6.2352581
6.0619626
5.8931745
5.7287939
5.5687566
)
;

boundaryField
{
    inlet
    {
        type            fixedValue;
        value           uniform 750;
    }
    top
    {
        type            zeroGradient;
    }
    outlet
    {
        type            zeroGradient;
    }
    slipsurface
    {
        type            slip;
    }
    bottom
    {
        type            omegaWallFunction;
        blending        binomial;
        n               2;
        value           nonuniform List<scalar> 
100
(
7569.1045
7590.8124
7571.1087
7538.1522
7512.562
7498.0733
7491.1175
7487.7273
7485.8482
7484.6246
7483.6793
7482.8685
7482.1621
7481.5509
7481.0209
7480.5587
7480.1554
7479.8012
7479.486
7479.2035
7478.9499
7478.7209
7478.5127
7478.3229
7478.1495
7477.9905
7477.844
7477.7088
7477.584
7477.4686
7477.3616
7477.2624
7477.1704
7477.0851
7477.0061
7476.9328
7476.8651
7476.8026
7476.7452
7476.6926
7476.6449
7476.602
7476.5638
7476.5304
7476.5018
7476.4785
7476.4604
7476.4481
7476.4416
7476.4407
7476.4452
7476.4548
7476.4692
7476.4872
7476.5081
7476.5312
7476.5551
7476.5778
7476.5972
7476.612
7476.6219
7476.627
7476.6278
7476.625
7476.6192
7476.6113
7476.6019
7476.5915
7476.5805
7476.5691
7476.5576
7476.546
7476.5346
7476.5232
7476.512
7476.501
7476.4901
7476.479
7476.4676
7476.4561
7476.4446
7476.4331
7476.4215
7476.4098
7476.398
7476.3861
7476.3742
7476.3622
7476.3501
7476.3381
7476.326
7476.3139
7476.3019
7476.2898
7476.2778
7476.2653
7476.2544
7476.2387
7476.2298
7476.2059
)
;
    }
    frontandback
    {
        type            empty;
    }
}


// ************************************************************************* //
