/*--------------------------------*- C++ -*----------------------------------*\
| =========                 |                                                 |
| \\      /  F ield         | OpenFOAM: The Open Source CFD Toolbox           |
|  \\    /   O peration     | Version:  2206                                  |
|   \\  /    A nd           | Website:  www.openfoam.com                      |
|    \\/     M anipulation  |                                                 |
\*---------------------------------------------------------------------------*/
FoamFile
{
    version     2.0;
    format      ascii;
    arch        "LSB;label=32;scalar=64";
    class       volScalarField;
    location    "900";
    object      p;
}
// * * * * * * * * * * * * * * * * * * * * * * * * * * * * * * * * * * * * * //

dimensions      [0 2 -2 0 0 0 0];

internalField   nonuniform List<scalar> 
7480
(
0.054529108
0.042278127
0.028159947
0.016355101
0.0057509107
0.00030609164
-0.00094776986
7.1154787e-05
0.0016269429
0.0026599775
0.0031382187
0.0033439961
0.0034379037
0.0034697318
0.0034749046
0.0034829248
0.0034937371
0.0034903646
0.0034767665
0.0034618434
0.0034443808
0.0034201796
0.0033920693
0.0033633992
0.0033328918
0.0032981411
0.0032605635
0.0032217145
0.0031807074
0.0031367383
0.0030909226
0.0030440317
0.002995452
0.0029449927
0.002893514
0.0028416218
0.0027893607
0.0027373904
0.0026869454
0.0026390467
0.0025945369
0.0025549728
0.0025228714
0.0025006664
0.0024923409
0.0025033684
0.0025359817
0.0025896334
0.0026648016
0.0027615345
0.0028780637
0.0030115102
0.0031573814
0.0033093614
0.003465241
0.0036186069
0.0037513717
0.0038507333
0.00390891
0.00392782
0.0039104618
0.0038637851
0.0037963949
0.0037153973
0.0036258772
0.0035317954
0.0034364955
0.0033412546
0.0032469828
0.003154236
0.003063134
0.0029731796
0.0028844065
0.0027967866
0.002709524
0.0026232087
0.0025369212
0.0024485466
0.0023584963
0.0022668868
0.00217453
0.0020810153
0.0019852032
0.0018881443
0.0017889141
0.0016881691
0.0015857344
0.0014816747
0.001376614
0.0012701578
0.0011636028
0.001056631
0.00095108041
0.00084633874
0.00074922544
0.00064632299
0.00059425629
0.00031191727
0.00083880637
-0.00087493933
0.049550952
0.039041665
0.027093721
0.016205899
0.0063513788
0.0011072183
-0.00024068388
0.00054073829
0.0018538253
0.0027838685
0.0032159272
0.0034031843
0.0034887325
0.0035137476
0.0035148185
0.0035208495
0.0035256464
0.0035171625
0.0035006535
0.0034834224
0.0034638258
0.0034376752
0.0034079561
0.0033778981
0.0033461144
0.0033102036
0.0032716226
0.003231876
0.0031900327
0.0031452989
0.0030988013
0.0030512854
0.0030021196
0.0029511184
0.0028991418
0.0028467834
0.0027940802
0.0027416926
0.0026908508
0.0026425687
0.0025976852
0.0025577572
0.002525299
0.0025027386
0.0024942062
0.0025048332
0.0025368676
0.0025902386
0.0026651231
0.0027615701
0.0028778351
0.0030110494
0.0031567256
0.0033085601
0.0034643529
0.0036176843
0.00375047
0.0038499334
0.0039082589
0.0039272925
0.0039101566
0.0038636861
0.0037964381
0.0037155532
0.0036261146
0.0035320879
0.0034368222
0.0033415996
0.0032473348
0.0031545872
0.003063479
0.0029735153
0.0028847309
0.0027970984
0.002709823
0.0026234953
0.0025372015
0.0024488263
0.0023587727
0.0022671571
0.0021747936
0.0020812726
0.0019854549
0.0018883908
0.0017891556
0.0016884057
0.0015859659
0.001481901
0.0013768348
0.0012703731
0.0011638125
0.0010568349
0.00095127864
0.00084653123
0.00074941353
0.00064650322
0.00059450222
0.00031289743
0.00084102084
-0.00087445192
0.045490713
0.037360639
0.026730155
0.016479993
0.0077257241
0.0026358001
0.00093252647
0.0012026878
0.0021902679
0.0029682242
0.0033368936
0.0035040611
0.0035768762
0.0035868456
0.0035788222
0.0035777291
0.0035738767
0.0035580892
0.0035368491
0.0035159603
0.003492792
0.0034632847
0.0034310324
0.0033988486
0.0033650222
0.00332727
0.0032872107
0.0032461933
0.0032031443
0.0031573121
0.0031098802
0.0030615268
0.0030115673
0.0029598399
0.0029072172
0.0028542625
0.0028009956
0.0027480881
0.0026967666
0.002648028
0.0026027025
0.0025623522
0.0025294887
0.002506531
0.0024977582
0.0025081127
0.0025395396
0.0025923901
0.0026669422
0.0027630311
0.0028789463
0.0030118231
0.0031571772
0.0033087244
0.0034643002
0.0036174638
0.0037501058
0.0038495337
0.0039079333
0.0039270395
0.003910138
0.0038638855
0.0037968065
0.0037160631
0.0036267286
0.0035327716
0.0034375474
0.0033423425
0.0032480788
0.0031553203
0.0030641931
0.0029742049
0.0028853933
0.0027977318
0.0027104265
0.0026240697
0.002537747
0.0024493494
0.0023592796
0.0022676463
0.0021752655
0.0020817281
0.0019858955
0.0018888186
0.001789571
0.0016888097
0.0015863587
0.0014822827
0.0013772056
0.0012707329
0.0011641615
0.001057173
0.00095160653
0.00084684825
0.00074972323
0.00064679616
0.00059490251
0.0003144733
0.00084494525
-0.00087384014
0.042769865
0.036059002
0.026375206
0.016779463
0.0090119027
0.0040985029
0.0020144963
0.0018966707
0.0025822677
0.0032057307
0.0035188465
0.0036616156
0.003711292
0.0036916063
0.0036630077
0.0036500223
0.0036355752
0.0036093262
0.0035815091
0.0035563348
0.0035287334
0.0034947062
0.0034592611
0.0034245067
0.0033880616
0.0033478786
0.0033060185
0.0032635397
0.0032190646
0.0031719425
0.0031235031
0.0030742877
0.0030234972
0.0029710275
0.0029177897
0.0028642874
0.0028105103
0.0027571686
0.0027054892
0.002656433
0.0026108124
0.0025702065
0.0025371227
0.0025139683
0.0025051104
0.0025155049
0.0025466476
0.0025989836
0.0026732974
0.00276907
0.0028845963
0.0030170255
0.0031618658
0.0033128635
0.0034679175
0.0036205463
0.0037526474
0.0038515688
0.0039097078
0.0039285685
0.0039116454
0.0038654328
0.0037984023
0.0037177164
0.0036284248
0.0035344886
0.0034392641
0.0033440352
0.0032497312
0.0031569202
0.0030657314
0.0029756755
0.0028867946
0.0027990623
0.0027116853
0.0026252584
0.0025388347
0.0024503382
0.0023602116
0.002268531
0.0021761067
0.0020825283
0.0019866583
0.0018895491
0.0017902715
0.0016894833
0.0015870069
0.001482907
0.0013778073
0.0012713125
0.0011647205
0.0010577115
0.00095212605
0.00084734813
0.00075020938
0.00064725501
0.0005955181
0.00031696723
0.00085137233
-0.00087278861
0.040300798
0.034465424
0.025750484
0.017131746
0.010079749
0.0053049056
0.0030534197
0.0026653698
0.0030585495
0.0035046521
0.0037406995
0.0038328293
0.0038504903
0.0038128943
0.0037733113
0.0037506387
0.0037233335
0.0036814153
0.0036426674
0.0036106734
0.0035766303
0.0035362673
0.0034965854
0.0034587152
0.0034190248
0.0033756476
0.0033314533
0.0032870924
0.0032407108
0.0031918526
0.0031421218
0.0030918389
0.0030400174
0.0029866604
0.0029327526
0.0028786937
0.0028244096
0.0027706866
0.0027187716
0.0026695562
0.0026238157
0.0025831569
0.0025500788
0.0025269562
0.0025182671
0.0025289741
0.0025599846
0.0026119513
0.0026860254
0.0027814122
0.002896415
0.0030281865
0.0031722132
0.003322293
0.0034764636
0.0036282437
0.0037593566
0.0038571832
0.0039146439
0.0039328185
0.0039154803
0.0038690572
0.0038018833
0.0037211104
0.0036317466
0.0035377361
0.0034424306
0.0033471039
0.0032526908
0.0031597619
0.0030684475
0.002978261
0.0028892517
0.0028013907
0.0027138847
0.0026273315
0.0025407427
0.0024520849
0.0023618498
0.0022700739
0.0021775624
0.0020839024
0.0019879576
0.0018907827
0.0017914444
0.001690602
0.0015880752
0.0014839288
0.0013787857
0.0012722496
0.0011656193
0.0010585733
0.00095295381
0.00084814172
0.0007509767
0.00064798172
0.00059646205
0.00032067123
0.00086087405
-0.0008707525
0.03798728
0.032873155
0.025162199
0.017443554
0.010964586
0.0064019523
0.0040525825
0.0034128683
0.003556375
0.0038272555
0.0039752321
0.004015188
0.0040019252
0.0039500401
0.0038971057
0.0038559119
0.0038131819
0.0037614791
0.0037159522
0.0036780559
0.0036364538
0.0035882007
0.0035426091
0.0035005238
0.0034567513
0.0034094755
0.0033625764
0.0033161237
0.0032675671
0.0032166944
0.0031655079
0.0031140304
0.0030610377
0.0030067291
0.0029522357
0.0028978023
0.0028431286
0.0027890693
0.0027369958
0.0026877358
0.002642016
0.0026014826
0.0025686254
0.0025457588
0.0025374132
0.0025484302
0.0025792254
0.0026308602
0.0027044392
0.0027991604
0.0029133724
0.0030442026
0.0031870817
0.0033358708
0.0034888154
0.0036393698
0.003768994
0.0038652823
0.0039218146
0.003939019
0.0039210129
0.0038742888
0.0038068961
0.0037259709
0.003636472
0.0035423277
0.0034468871
0.0033514102
0.0032568384
0.003163743
0.003072252
0.0029818863
0.0028927063
0.0028046747
0.0027169962
0.002630272
0.0025434976
0.0024546661
0.0023642837
0.0022723643
0.0021797193
0.0020859335
0.0019898716
0.0018925928
0.0017931577
0.0016922286
0.0015896213
0.0014854009
0.0013801893
0.0012735881
0.0011668978
0.0010597949
0.00095412291
0.00084925964
0.00075205157
0.00064900398
0.00059777154
0.00032571116
0.00087356239
-0.00086725725
0.035886107
0.03139454
0.024609493
0.017672965
0.011722558
0.0074001983
0.0049887042
0.0041212562
0.0040407407
0.004158172
0.0042210088
0.0042108897
0.0041655768
0.0040956266
0.0040252295
0.0039652763
0.0039087016
0.003848946
0.0037953551
0.0037477823
0.0036977822
0.0036442974
0.0035946146
0.0035486036
0.0035002147
0.003448526
0.0033983435
0.0033491913
0.0032979388
0.0032447018
0.0031919016
0.0031391368
0.0030848521
0.0030295171
0.0029744599
0.0029196982
0.0028646736
0.0028103754
0.0027583184
0.0027092323
0.0026637808
0.00262368
0.002591435
0.0025693859
0.0025611921
0.0025716203
0.0026021897
0.0026537076
0.0027268625
0.0028209095
0.0029341927
0.0030637804
0.0032051486
0.0033523891
0.0035030088
0.0036505982
0.003778051
0.003872894
0.0039288597
0.0039452937
0.0039267798
0.0038799878
0.0038125521
0.0037316015
0.0036420485
0.0035478202
0.003452273
0.0033566555
0.0032619239
0.0031686544
0.0030769738
0.0029864115
0.0028970413
0.0028088162
0.0027209381
0.0026340139
0.0025470307
0.002458006
0.0023674485
0.0022753501
0.0021825346
0.0020885852
0.0019923688
0.0018949511
0.0017953855
0.0016943386
0.0015916214
0.0014872998
0.0013819949
0.0012753053
0.0011685338
0.0010613539
0.00095561102
0.00085067966
0.00075341048
0.00065030049
0.00059942269
0.00033203075
0.00088908966
-0.00086215705
0.033987437
0.030012664
0.024042726
0.017816458
0.01236924
0.0082914139
0.0058515259
0.004798762
0.0045230284
0.0044991086
0.0044769229
0.0044155044
0.0043359912
0.0042445981
0.004156344
0.0040796994
0.0040097581
0.0039405762
0.0038772599
0.0038197354
0.0037625126
0.003704377
0.0036499208
0.0035983342
0.0035451419
0.0034902869
0.0034375305
0.0033856894
0.0033314572
0.0032755745
0.0032209023
0.0031666024
0.0031106094
0.0030537759
0.0029977878
0.0029423409
0.0028866801
0.0028320235
0.0027799724
0.0027311124
0.0026860265
0.0026465296
0.0026151631
0.0025942849
0.0025862908
0.0025958872
0.0026261281
0.0026776064
0.0027504523
0.0028438709
0.002956116
0.0030841598
0.0032237811
0.0033695369
0.0035168751
0.0036600123
0.0037849145
0.0038786847
0.0039345632
0.0039506183
0.0039319543
0.0038854382
0.0038182304
0.0037374702
0.0036480277
0.0035538378
0.0034582708
0.0033625679
0.0032677136
0.0031742952
0.0030824421
0.0029916896
0.0029021258
0.0028136976
0.0027256048
0.0026384626
0.0025512486
0.0024620092
0.0023712571
0.0022789556
0.0021859427
0.0020918004
0.0019953994
0.0018978137
0.0017980888
0.0016968969
0.0015940438
0.0014895967
0.0013841755
0.0012773764
0.0011705044
0.0010632292
0.00095739769
0.00085238223
0.00075503387
0.00065185338
0.00060138243
0.00033950514
0.00090692717
-0.00085560991
0.03226676
0.028721192
0.023468249
0.017895722
0.012919317
0.0090823696
0.0066456014
0.0054478735
0.0050017892
0.0048462724
0.0047404521
0.0046269061
0.0045122887
0.0043978023
0.0042909315
0.0041977632
0.0041139873
0.0040342844
0.0039614141
0.0038949003
0.0038305431
0.0037669447
0.0037069546
0.003649769
0.0035923277
0.0035344011
0.0034785193
0.0034233291
0.0033662612
0.003308378
0.0032520959
0.0031961254
0.0031382036
0.0030796845
0.0030225747
0.0029662411
0.0029097202
0.002854369
0.0028018626
0.0027527563
0.0027075893
0.0026682812
0.0026374159
0.0026172426
0.0026097602
0.0026193064
0.0026491949
0.0027002487
0.0027724824
0.0028650869
0.0029762266
0.0031027817
0.003240795
0.003385141
0.0035296945
0.0036686352
0.0037906224
0.0038832665
0.003938985
0.0039548678
0.0039363442
0.0038903416
0.0038235481
0.0037431691
0.0036540153
0.0035600005
0.0034645192
0.0033688133
0.003273903
0.0031803857
0.0030883962
0.0029974805
0.0029077437
0.0028191238
0.0027308191
0.0026434577
0.0025560044
0.00246654
0.0023755853
0.0022830691
0.0021898446
0.0020954923
0.0019988869
0.0019011135
0.0018012087
0.0016998518
0.0015968428
0.0014922506
0.0013866947
0.0012797684
0.0011727795
0.0010653929
0.00095945732
0.00085434371
0.00075689922
0.0006536421
0.00060360783
0.00034798602
0.00092649129
-0.0008476847
0.030703465
0.027521456
0.022897478
0.017920861
0.01338071
0.0097799568
0.0073730195
0.0060650041
0.0054717497
0.0051958083
0.0050098914
0.004844674
0.00469444
0.0045554857
0.0044293452
0.0043192977
0.0042214917
0.0041306748
0.0040477924
0.0039724134
0.0039006891
0.0038311122
0.0037656777
0.0037033373
0.0036416107
0.0035801153
0.0035208156
0.0034624132
0.0034027537
0.0033428353
0.0032844872
0.0032264383
0.0031667946
0.0031070303
0.0030489203
0.0029915875
0.0029340496
0.0028777985
0.0028246371
0.0027750499
0.0027294751
0.002689922
0.0026590158
0.0026388376
0.002631371
0.0026407724
0.0026702051
0.0027205684
0.0027919557
0.0028835984
0.0029936388
0.0031189112
0.0032555043
0.0033983766
0.0035410498
0.0036772501
0.0037967361
0.0038873517
0.0039419368
0.0039577653
0.0039395912
0.0038942154
0.0038280085
0.0037482398
0.0036595731
0.0035658588
0.0034705839
0.0033749949
0.0032801199
0.0031865742
0.0030945112
0.003003489
0.0029136266
0.00282485
0.0027363582
0.0026487958
0.0025611125
0.0024714298
0.0023802794
0.0022875509
0.0021941151
0.0020995495
0.0020027331
0.0019047641
0.0018046693
0.0017031367
0.0015999597
0.0014952102
0.0013895071
0.0012824406
0.0011753225
0.0010678122
0.00096176011
0.00085653694
0.00075898112
0.00065564346
0.0006060503
0.00035732774
0.00094721136
-0.00083831398
0.029280113
0.02641118
0.022335346
0.0178967
0.01376067
0.010391054
0.0080352221
0.0066474029
0.0059298294
0.0055455955
0.0052840288
0.0050680667
0.0048819221
0.0047174329
0.0045713976
0.0044442093
0.004332067
0.0042297155
0.0041366848
0.0040522985
0.0039731096
0.003897302
0.0038260499
0.0037585097
0.0036924425
0.0036271388
0.0035644364
0.003503013
0.0034406981
0.0033784288
0.0033178879
0.0032579375
0.0031967349
0.0031356809
0.0030762297
0.0030176852
0.0029592281
0.0029022356
0.0028485097
0.0027984047
0.0027523156
0.0027123261
0.0026811178
0.0026605836
0.0026526294
0.0026614151
0.0026900824
0.0027394429
0.0028096043
0.0028998978
0.0030085033
0.0031322446
0.0032672288
0.0034085112
0.0035496651
0.0036842979
0.0038022283
0.0038909712
0.0039445797
0.0039603646
0.0039418192
0.0038966331
0.0038312318
0.0037523032
0.003664246
0.003570966
0.0034760745
0.003380757
0.0032860052
0.003192514
0.0031004763
0.0030094268
0.0029194987
0.0028306172
0.0027419817
0.0026542534
0.0025663673
0.0024764926
0.0023851706
0.0022922475
0.0021986167
0.00210385
0.0020068299
0.0019086707
0.0018083878
0.0017066794
0.0016033318
0.0014984206
0.0013925645
0.0012853508
0.001178096
0.0010704535
0.00096427593
0.00085893468
0.00076125432
0.00065783453
0.00060865993
0.00036739631
0.00096855318
-0.00082736694
0.027981471
0.025385471
0.021785583
0.017829654
0.01406773
0.010922902
0.0086345283
0.0071936263
0.0063736208
0.005893361
0.0055611107
0.0052958504
0.0050739396
0.0048832724
0.0047168608
0.0045723594
0.0044456405
0.0043314265
0.0042280951
0.0041345586
0.0040476872
0.0039654195
0.0038882434
0.0038154164
0.0037448923
0.0036757968
0.0036094363
0.0035447402
0.0034798103
0.0034151073
0.0033523631
0.0032905814
0.0032277697
0.0031652294
0.003104374
0.0030447684
0.0029854846
0.0029277228
0.002873249
0.0028225294
0.0027759907
0.0027355823
0.0027040161
0.0026830398
0.002674494
0.0026824784
0.0027101332
0.0027581964
0.0028267502
0.0029152593
0.003021965
0.0031436974
0.0032766204
0.0034159507
0.0035553518
0.0036883078
0.0038047491
0.0038926178
0.0039461846
0.0039621587
0.0039435632
0.0038987357
0.0038341034
0.0037554402
0.0036676715
0.0035750332
0.0034807279
0.0033857586
0.0032912203
0.0031979156
0.0031060288
0.0030150195
0.002925087
0.002836173
0.002747447
0.0026595992
0.0025715582
0.0024815376
0.002390084
0.0022970009
0.0022032087
0.0021082681
0.0020110658
0.0019127355
0.0018122785
0.0017104051
0.0016068942
0.0015018254
0.0013958178
0.001288456
0.0011810621
0.0010732835
0.00096697501
0.0008615102
0.00076369421
0.00066019311
0.000611387
0.00037806679
0.00099000721
-0.00081468091
0.026794179
0.024438528
0.021251532
0.017726489
0.014309717
0.011382
0.0091734867
0.0077026369
0.0068006871
0.0062366588
0.0058392799
0.0055268056
0.0052697528
0.0050526564
0.0048655418
0.0047036034
0.0045621316
0.0044357688
0.0043219626
0.0042191515
0.0041244034
0.0040354854
0.003952298
0.0038740802
0.0037989582
0.00372594
0.0036558284
0.0035877942
0.0035201587
0.0034530969
0.0033880201
0.0033241338
0.0032597086
0.0031956923
0.0031334336
0.0030727579
0.0030126124
0.0029539912
0.002898744
0.0028475048
0.0028005592
0.0027596836
0.0027276656
0.0027062238
0.0026971176
0.0027042851
0.0027308468
0.0027774684
0.0028442223
0.0029306984
0.0030351966
0.0031545446
0.0032849775
0.0034219014
0.0035590853
0.0036899284
0.0038045963
0.0038916031
0.0039449991
0.0039614356
0.0039438091
0.0039001747
0.0038363879
0.0037580293
0.003670815
0.0035788829
0.0034846806
0.0033897118
0.0032955486
0.0032025965
0.0031108948
0.0030199755
0.0029301438
0.0028412953
0.0027525261
0.0026646209
0.0025764989
0.0024863858
0.0023948509
0.0023016594
0.0022077531
0.0021126762
0.0020153264
0.0019168575
0.0018162517
0.001714235
0.0016105776
0.001505364
0.0013992143
0.0012917102
0.0011841807
0.0010762669
0.00096982617
0.00086423575
0.00076627548
0.00066269666
0.00061418167
0.00038921625
0.0010110554
-0.00080007731
0.025706473
0.023564228
0.020735604
0.017593372
0.014493649
0.011774421
0.0096549735
0.0081739059
0.0072089008
0.0065732582
0.0061168103
0.0057597507
0.0054685865
0.0052251503
0.0050171737
0.0048377413
0.00468141
0.0045426751
0.0044182403
0.0043060508
0.0042032637
0.0041075162
0.004018208
0.0039344951
0.0038546444
0.0037775658
0.003703655
0.0036322241
0.0035617766
0.0034922737
0.0034247932
0.0033587498
0.0032926656
0.0032271894
0.0031635171
0.0031015754
0.0030404752
0.0029810514
0.0029250292
0.0028732399
0.0028258606
0.0027844743
0.0027520146
0.0027301511
0.0027204683
0.0027267635
0.0027521558
0.0027972953
0.0028622386
0.002946624
0.0030487885
0.0031655639
0.003293266
0.0034274804
0.003562085
0.0036904244
0.0038029329
0.0038887208
0.0039416255
0.0039584088
0.0039418227
0.0038995053
0.003836846
0.003759611
0.0036735314
0.0035823196
0.0034881965
0.0033934449
0.0032997376
0.0032067089
0.0031148391
0.0030241268
0.0029345259
0.002845761
0.0027570068
0.0026691548
0.0025810354
0.0024908725
0.0023993238
0.0023060907
0.0022121166
0.0021169494
0.0020194991
0.0019209326
0.0018202118
0.0017180835
0.0016143056
0.0015089687
0.0014026945
0.0012950615
0.0011874066
0.0010793642
0.00097279476
0.00086708083
0.00076897065
0.00066532095
0.00061699357
0.00040071675
0.0010311276
-0.00078338209
0.024707961
0.022756432
0.020239273
0.017435882
0.01462613
0.012106028
0.01008214
0.0086074027
0.0075965011
0.0069011214
0.0063920185
0.0059934518
0.0056695835
0.0054002309
0.0051714322
0.0049745406
0.0048033207
0.0046520613
0.0045168723
0.0043952168
0.0042842526
0.0041815112
0.004085973
0.0039966707
0.0039119721
0.003830708
0.0037529363
0.0036780353
0.0036046704
0.0035326302
0.0034627127
0.0033944822
0.003326665
0.0032596716
0.0031945431
0.0031312895
0.0030692028
0.0030089809
0.002952191
0.0028997089
0.0028518145
0.0028099478
0.0027770324
0.0027547619
0.0027444587
0.0027498144
0.0027740267
0.0028177001
0.0028808231
0.0029630611
0.0030627978
0.0031769254
0.0033018345
0.0034332341
0.0035650892
0.0036907113
0.0038007957
0.0038850501
0.0039371342
0.0039539947
0.0039384036
0.0038971671
0.003835657
0.0037596624
0.0036746909
0.0035843386
0.0034909307
0.0033969002
0.0033036285
0.0032104588
0.0031186105
0.0030281558
0.0029383803
0.002849407
0.0027607977
0.0026730982
0.0025849867
0.0024948399
0.0024033869
0.0023101724
0.002216168
0.0021209769
0.0020234793
0.0019248549
0.0018240605
0.0017218606
0.0016179939
0.0015125636
0.0014061914
0.0012984504
0.0011906876
0.0010825297
0.00097584088
0.00087001043
0.00077174845
0.00066803878
0.00061977166
0.00041243019
0.0010495556
-0.00076444363
0.023789438
0.022009202
0.019763262
0.017259019
0.014713366
0.012382391
0.010458244
0.0090034973
0.0079620668
0.0072183808
0.0066632651
0.0062266551
0.0058718461
0.0055773215
0.0053279512
0.0051137405
0.0049276825
0.0047638184
0.0046177838
0.004486594
0.0043673405
0.0042574617
0.004155591
0.0040606125
0.0039709556
0.003885388
0.0038036858
0.0037252438
0.0036488645
0.0035742014
0.0035018078
0.0034313431
0.0033617123
0.0032931417
0.0032265237
0.0031619374
0.0030988219
0.0030377578
0.0029801704
0.0029269596
0.0028785175
0.0028362145
0.0028027224
0.002779933
0.0027690696
0.0027734892
0.0027964904
0.0028386561
0.0028999074
0.0029799426
0.0030772134
0.003188674
0.0033107603
0.0034392725
0.0035682648
0.003691086
0.0037986682
0.0038812598
0.0039323746
0.0039491637
0.0039343082
0.003893917
0.0038333995
0.0037585066
0.0036745706
0.003585139
0.0034925499
0.00339918
0.0033063875
0.0032135836
0.0031221977
0.0030319594
0.0029419522
0.0028529591
0.0027644576
0.0026765123
0.002588228
0.0024982374
0.0024069292
0.0023137414
0.0022197867
0.0021246679
0.0020271641
0.0019285217
0.0018277068
0.0017254747
0.0016215552
0.0015160694
0.001409632
0.0013018105
0.0011939642
0.0010857105
0.00097891787
0.00087298333
0.00077457232
0.00067081857
0.00062246449
0.00042420495
0.0010655377
-0.00074315025
0.022942741
0.021316936
0.019307712
0.017067152
0.014761112
0.012608771
0.01078659
0.0093629209
0.008304531
0.0075233728
0.0069289945
0.0064581201
0.0060744531
0.0057557963
0.0054863167
0.0052550436
0.0050542824
0.004877809
0.0047208804
0.0045801128
0.0044524859
0.0043353503
0.004227053
0.0041263178
0.0040316019
0.0039416207
0.0038559167
0.0037738671
0.0036943829
0.0036170134
0.0035420968
0.003469349
0.0033978313
0.0033276281
0.0032594873
0.0031935362
0.0031293399
0.0030673871
0.0030089728
0.0029550144
0.0029059939
0.0028632169
0.0028291567
0.0028057346
0.0027942575
0.0027978027
0.0028195296
0.0028601135
0.002919456
0.0029972556
0.0030920031
0.0032007578
0.0033200078
0.0034455772
0.0035716472
0.0036916437
0.0037966943
0.003877556
0.0039276293
0.003944263
0.0039300351
0.0038903917
0.0038307695
0.0037567579
0.0036737228
0.0035851116
0.0034932669
0.0034004846
0.003308204
0.0032158447
0.0031248486
0.0030348519
0.0029450565
0.0028563956
0.00276792
0.0026797122
0.0025914518
0.0025014568
0.0024098957
0.0023167056
0.0022229424
0.0021278935
0.0020304167
0.001931838
0.0018310634
0.0017288322
0.0016249104
0.0015194112
0.0014129425
0.0013050718
0.001197172
0.0010888468
0.000981972
0.00087595122
0.00077739934
0.00067362305
0.00062502088
0.00043587456
0.0010781394
-0.00071944876
0.022160613
0.020674434
0.018872332
0.01686402
0.014774656
0.01279013
0.011070494
0.0096867131
0.0086231711
0.007814653
0.007187751
0.0066866309
0.0062764644
0.0059349841
0.0056460675
0.0053981168
0.0051828776
0.0049938691
0.0048260483
0.0046756892
0.0045396346
0.0044151481
0.0043003416
0.0041937778
0.004093913
0.0039994175
0.0039096409
0.0038239194
0.003741245
0.0036610872
0.0035835978
0.0035085198
0.0034350468
0.0033631546
0.0032934538
0.0032261028
0.003160776
0.0030978913
0.0030386216
0.0029838892
0.0029342506
0.0028909552
0.0028563029
0.0028322122
0.0028200741
0.0028227196
0.0028431257
0.0028820725
0.0029394748
0.0030150008
0.0031071855
0.0032131953
0.0033295573
0.0034521268
0.0035752175
0.0036923442
0.0037948473
0.0038739397
0.0039229523
0.0039394058
0.0039257676
0.0038868306
0.0038280457
0.0037548717
0.0036727112
0.0035847355
0.0034935236
0.0034012371
0.0033093829
0.003217377
0.0031267119
0.0030369877
0.0029474583
0.0028590303
0.0027706548
0.0026826007
0.0025945878
0.0025044693
0.0024127196
0.0023196895
0.0022258435
0.0021305239
0.002033166
0.0019347341
0.0018340014
0.001731836
0.0016279913
0.0015225151
0.0014160512
0.0013081686
0.0012002453
0.0010918767
0.00098494451
0.00087886018
0.00078018073
0.00067640909
0.00062739127
0.000447259
0.0010863675
-0.00069336122
0.021436597
0.020076928
0.018456524
0.016652766
0.014758809
0.012931138
0.011313246
0.0099761606
0.0089175857
0.0080910051
0.0074381938
0.0069110107
0.0064769342
0.0061141799
0.0058067015
0.005542593
0.0053131962
0.0051118073
0.0049331523
0.0047732234
0.0046287181
0.004496814
0.0043754307
0.0042629765
0.0041578849
0.0040587846
0.0039648665
0.0038754113
0.0037894672
0.0037064425
0.003626329
0.0035488745
0.0034733808
0.003399742
0.0033284421
0.0032596559
0.0031931511
0.0031292907
0.0030691343
0.0030135983
0.0029633017
0.0029194462
0.0028841723
0.0028593855
0.0028465352
0.0028482357
0.002867288
0.0029045616
0.0029599862
0.0030331962
0.0031227731
0.0032259825
0.0033393964
0.0034589126
0.003578976
0.0036932041
0.0037931586
0.0038703811
0.0039183334
0.0039345945
0.0039214789
0.0038832372
0.0038252615
0.0037530215
0.0036717276
0.0035843412
0.0034936114
0.0034018514
0.0033103604
0.0032185484
0.0031281058
0.0030385832
0.0029492508
0.0028610024
0.0027727637
0.0026848829
0.0025969898
0.0025069208
0.0024153931
0.002322592
0.0022285448
0.0021331065
0.0020358372
0.0019372458
0.0018364478
0.0017344651
0.0016306925
0.0015252769
0.0014188831
0.0013110337
0.0012031178
0.0010947409
0.00098777581
0.00088165621
0.00078286487
0.00067912966
0.00062953019
0.00045817003
0.0010893583
-0.00066499482
0.020764943
0.019520078
0.018059488
0.016435999
0.014717903
0.013036162
0.011518076
0.010232744
0.0091876698
0.008351447
0.0076791131
0.0071301375
0.0066749245
0.0062926553
0.005967681
0.0056880722
0.0054449369
0.0052314053
0.005042035
0.0048725979
0.0047196528
0.0045802941
0.0044522846
0.0043338906
0.0042235068
0.0041197223
0.0040215976
0.0039283502
0.0038390632
0.0037530968
0.0036703072
0.00359043
0.0035128531
0.0034374105
0.0033644714
0.0032942144
0.0032264849
0.003161604
0.0031005272
0.0030441571
0.0029931629
0.0029487051
0.0029127786
0.0028872624
0.0028736478
0.0028743595
0.0028920281
0.0029275902
0.0029809938
0.0030518447
0.0031387686
0.0032391256
0.0033495393
0.003465954
0.003582942
0.0036942326
0.0037916161
0.0038669031
0.0039137719
0.0039298122
0.0039171843
0.0038796277
0.0038224542
0.0037511466
0.0036706685
0.0035840676
0.003493679
0.0034025087
0.0033113217
0.0032196606
0.0031293724
0.0030399396
0.0029506968
0.0028625476
0.002774388
0.0026866233
0.0025988122
0.0025088515
0.0024175174
0.002324835
0.0022308633
0.0021356583
0.0020384027
0.0019396494
0.0018389414
0.0017369116
0.0016329115
0.0015276437
0.0014213641
0.0013135652
0.0012057155
0.0010973778
0.00099040677
0.00088429094
0.00078540147
0.00068173834
0.00063140236
0.00046842031
0.0010865855
-0.00063453879
0.020140531
0.018999962
0.017680304
0.016215851
0.014655799
0.013109261
0.011688128
0.01045809
0.0094335843
0.0085952305
0.007909442
0.0073429581
0.006869517
0.0064696686
0.0061284389
0.0058341239
0.0055777706
0.0053524177
0.0051525162
0.0049736774
0.0048123398
0.0046655209
0.004530857
0.0044064881
0.0042907605
0.0041822246
0.0040798337
0.0039827398
0.0038900429
0.0038010647
0.0037155471
0.0036332017
0.0035534824
0.0034761795
0.0034015602
0.0033297959
0.0032607959
0.003194849
0.0031328169
0.0030755809
0.0030238493
0.0029787456
0.0029421331
0.0029158522
0.0029014223
0.0029011017
0.0029173544
0.0029511642
0.0030025029
0.0030709528
0.0031551793
0.0032526337
0.0033599961
0.0034732601
0.0035871229
0.0036954416
0.003790182
0.0038635426
0.0039092887
0.003925066
0.0039128777
0.0038759891
0.0038196316
0.0037492544
0.0036695816
0.0035837735
0.0034938037
0.0034031654
0.0033122762
0.0032208416
0.0031306801
0.003041278
0.0029520865
0.0028639554
0.0027757666
0.0026880265
0.0026002338
0.0025103367
0.002419145
0.0023265697
0.0022327396
0.0021376797
0.002040484
0.0019418817
0.0018413936
0.0017392083
0.0016351276
0.0015299368
0.0014234977
0.0013157086
0.0012079978
0.0010996927
0.00099277191
0.00088670946
0.00078773824
0.00068419039
0.00063299117
0.0004778373
0.0010779542
-0.0006022635
0.019558793
0.01851305
0.017317994
0.015994049
0.014575902
0.013154181
0.011826434
0.010653932
0.0096557231
0.008821834
0.0081282663
0.0075485005
0.0070598254
0.0066444754
0.0062883858
0.0059802903
0.0057113415
0.0054745736
0.0052643925
0.0050763077
0.0049066638
0.0047524125
0.0046110901
0.0044807279
0.0043596199
0.0042462786
0.0041395694
0.0040385799
0.0039424129
0.0038503579
0.0037620611
0.0036772029
0.0035952855
0.0035160671
0.0034397255
0.0033664171
0.0032961015
0.0032290431
0.0031660193
0.0031078844
0.0030553751
0.0030095813
0.0029722469
0.0029451646
0.0029298689
0.0029284709
0.0029432732
0.0029752901
0.0030245207
0.0030905279
0.0031720131
0.0032665151
0.0033707751
0.0034808391
0.0035915287
0.0036968419
0.0037888715
0.0038603101
0.0039048917
0.0039203682
0.0039085592
0.0038723156
0.0038167813
0.0037473341
0.0036684874
0.0035833821
0.0034940399
0.003403832
0.0033132338
0.0032220507
0.0031320162
0.0030426927
0.0029535687
0.0028653965
0.0027771246
0.002689352
0.0026014844
0.0025115572
0.0024204324
0.0023279211
0.0022342022
0.0021392454
0.0020421422
0.0019436876
0.0018433114
0.0017411956
0.0016373415
0.0015321459
0.0014255902
0.0013178584
0.0012100583
0.0011016376
0.00099485694
0.00088881884
0.00078980293
0.00068642704
0.00063428103
0.00048628445
0.0010637614
-0.00056854659
0.019015659
0.018056177
0.016971562
0.015771971
0.014481197
0.013174352
0.0119359
0.010822072
0.0098546795
0.0090309517
0.0083348295
0.0077458848
0.0072450066
0.0068163394
0.0064469179
0.0061260909
0.0058452698
0.0055975774
0.0053774376
0.0051803152
0.0050024929
0.0048408722
0.0046929138
0.0045565593
0.0044300506
0.0043118642
0.0042007933
0.0040958654
0.003996175
0.0039009843
0.0038098592
0.003722445
0.0036382769
0.0035570896
0.0034789836
0.0034040938
0.0033324183
0.003264203
0.0032001499
0.0031410818
0.003087754
0.0030412252
0.0030031309
0.0029752091
0.0029589971
0.0029564749
0.002969791
0.002999975
0.0030470542
0.0031105768
0.0031892768
0.0032807776
0.0033818849
0.0034887006
0.0035961695
0.0036984478
0.0037877213
0.0038571987
0.0039005816
0.0039157291
0.0039042386
0.0038686131
0.0038139056
0.003745387
0.0036673724
0.0035829803
0.0034942975
0.0034045001
0.0033142129
0.0032233128
0.0031333977
0.003044132
0.0029550787
0.0028668899
0.0027785797
0.0026907407
0.0026027356
0.0025127361
0.0024216054
0.002329069
0.0022353827
0.0021404731
0.0020434352
0.0019450983
0.00184482
0.0017428344
0.001639116
0.0015339919
0.0014275973
0.0013199709
0.0012120448
0.0011036487
0.00099680897
0.00089055369
0.00079156863
0.00068836669
0.00063523072
0.00049367135
0.0010445156
-0.00053389921
0.018507496
0.017626513
0.016640026
0.015550712
0.014374273
0.013172897
0.012019287
0.010964347
0.010031213
0.0092224781
0.0085285356
0.0079343331
0.0074242712
0.0069845423
0.0066034253
0.0062710274
0.0059791539
0.0057211107
0.0054914034
0.0052855066
0.0050996778
0.0049307881
0.004776245
0.0046339204
0.0045020087
0.0043789529
0.0042634879
0.004154586
0.004051327
0.0039529478
0.0038589483
0.0037689369
0.0036824689
0.0035992616
0.0035193489
0.0034428405
0.0033697618
0.0033003444
0.0032352233
0.0031751863
0.0031209986
0.0030736894
0.0030347956
0.0030059948
0.0029888157
0.0029851216
0.0029969143
0.0030252253
0.0030701099
0.003131106
0.0032069776
0.0032954292
0.0033933344
0.0034968554
0.0036010515
0.0037002668
0.0037867725
0.0038542163
0.0038963632
0.0039111535
0.0038999246
0.0038648881
0.003811009
0.0037434153
0.0036662394
0.0035825746
0.0034945493
0.0034051755
0.0033152144
0.0032246061
0.0031348155
0.0030456297
0.0029566343
0.0028684152
0.0027800694
0.0026921616
0.0026040633
0.0025140013
0.0024228091
0.0023301979
0.0022364868
0.0021415393
0.0020444908
0.0019462116
0.0018460017
0.0017441313
0.0016405172
0.0015355062
0.0014292404
0.0013216935
0.0012138633
0.0011056509
0.0009986523
0.00089233112
0.00079323803
0.00068997808
0.00063582612
0.00049997648
0.001020716
-0.0004989264
0.01803106
0.01722153
0.016322441
0.015331128
0.014257371
0.013152634
0.012079196
0.011082601
0.010186218
0.00939649
0.008708947
0.0081131757
0.007596893
0.0071483934
0.0067573003
0.0064145893
0.0061125743
0.0058448341
0.0056060201
0.0053916693
0.0051980519
0.0050220323
0.0048609871
0.0047127382
0.0045754406
0.0044475081
0.0043276283
0.004214726
0.0041078612
0.0040062483
0.0039093322
0.0038166847
0.0037278714
0.0036425955
0.0035608344
0.0034826701
0.0034081461
0.0033374817
0.0032712529
0.0032102105
0.0031551213
0.0031069857
0.0030672507
0.0030375298
0.0030193333
0.0030144184
0.0030246491
0.0030510471
0.003093694
0.0031521217
0.0032251224
0.0033104779
0.0034051331
0.0035053109
0.0036062035
0.003702183
0.0037860705
0.0038514062
0.0038922674
0.0039066606
0.0038956352
0.0038611561
0.0038081007
0.0037414256
0.0036650937
0.0035821635
0.0034947977
0.0034058643
0.0033162382
0.0032259225
0.0031362667
0.003047168
0.0029582315
0.0028699834
0.0027816264
0.00269363
0.0026054213
0.0025153072
0.0024240589
0.0023314062
0.0022376413
0.0021426006
0.0020454945
0.0019471989
0.0018469835
0.0017451664
0.0016416187
0.0015367109
0.0014305521
0.0013230948
0.0012153743
0.001107246
0.0010002647
0.00089412082
0.00079481041
0.00069159826
0.00063628979
0.00050527222
0.00099283343
-0.00046414874
0.017583453
0.016838976
0.016017908
0.015113884
0.014132411
0.013116093
0.012118061
0.011178659
0.010320693
0.0095532259
0.0088757795
0.0082818564
0.0077622172
0.0073072393
0.0069079461
0.0065562603
0.0062450972
0.0059683904
0.0057209985
0.0054985717
0.0052974313
0.0051144611
0.0049470293
0.0047929279
0.0046502825
0.0045174836
0.0043931825
0.0042762631
0.0041657647
0.0040608807
0.0039610104
0.0038656913
0.0037744912
0.0036871012
0.0036034512
0.0035235941
0.0034475836
0.003375628
0.0033082514
0.0032461659
0.0031901332
0.0031411247
0.0031005054
0.0030698221
0.0030505574
0.0030443723
0.0030530013
0.0030774463
0.0031178126
0.0031736304
0.0032437181
0.0033259318
0.0034172897
0.0035140809
0.0036116179
0.0037043305
0.0037856118
0.0038487504
0.0038882842
0.0039022458
0.0038913754
0.0038574268
0.0038051873
0.0037394231
0.003663939
0.0035817492
0.0034950469
0.0034065684
0.0033172841
0.0032272639
0.0031377527
0.0030487429
0.0029598676
0.0028715951
0.0027832296
0.0026951432
0.0026068221
0.002516673
0.0024253584
0.0023326363
0.0022388248
0.0021437338
0.0020465631
0.001948196
0.0018479294
0.0017461026
0.0016425465
0.0015376836
0.0014315905
0.0013242103
0.0012165885
0.0011085295
0.001001613
0.00089554463
0.00079611641
0.00069318771
0.00063660788
0.00050982016
0.00096176337
-0.00042977329
0.017162086
0.016476846
0.015725584
0.014899487
0.014001038
0.013065532
0.012138145
0.011254308
0.010435714
0.0096930656
0.0090288944
0.0084399341
0.0079196671
0.0074604716
0.0070547846
0.0066955249
0.0063762793
0.006091407
0.0058360318
0.0056059639
0.0053976149
0.0052079147
0.0050342465
0.0048743918
0.0047264595
0.0045888241
0.00446011
0.0043391684
0.0042250186
0.0041168346
0.0040139787
0.0039159564
0.0038223321
0.003732786
0.0036472079
0.003565622
0.003488085
0.0034147951
0.00334623
0.003283063
0.0032260444
0.0031761163
0.0031345682
0.0031028787
0.0030824952
0.0030749897
0.003081976
0.003104428
0.0031424713
0.0031956378
0.0032627713
0.0033417989
0.0034298138
0.0035231744
0.0036173175
0.00370669
0.0037853863
0.0038462704
0.0038844401
0.0038979281
0.0038871619
0.0038537163
0.0038022783
0.0037374151
0.00366278
0.0035813353
0.0034952997
0.0034072888
0.0033183533
0.0032286319
0.0031392744
0.003050356
0.0029615432
0.00287325
0.002784872
0.0026966988
0.002608266
0.0025180834
0.0024266998
0.0023339289
0.0022400505
0.0021448861
0.0020476678
0.0019492432
0.0018489382
0.0017470636
0.00164345
0.0015385771
0.0014324748
0.001325115
0.0012175501
0.0011095456
0.0010026895
0.00089667046
0.00079715945
0.0006944363
0.00063659175
0.0005135496
0.00092859425
-0.0003956479
0.01676464
0.016133351
0.015444685
0.014688319
0.013864653
0.013002955
0.012141534
0.011311277
0.01053241
0.0098165083
0.009168288
0.0085870829
0.0080687488
0.0076075342
0.0071972644
0.006831875
0.0065056724
0.0062134998
0.0059507973
0.0057135797
0.005498385
0.0053022178
0.0051224989
0.0049570196
0.0048038854
0.0046614636
0.0045283615
0.0044034058
0.0042855976
0.0041740942
0.0040682278
0.0039674754
0.0038713943
0.0037796541
0.003692111
0.0036087612
0.0035296594
0.0034549928
0.0033851986
0.0033209111
0.0032628639
0.0032119692
0.0031694466
0.0031367061
0.003115153
0.0031062767
0.0031115783
0.0031319972
0.0031676755
0.0032181497
0.0032822886
0.0033580868
0.0034427147
0.0035326016
0.0036233207
0.0037092959
0.0037853656
0.0038439787
0.0038807544
0.0038937264
0.0038830114
0.0038500404
0.0037993829
0.0037354084
0.0036616212
0.003580925
0.0034955585
0.0034080268
0.0033194473
0.0032300278
0.0031408323
0.0030520083
0.0029632593
0.0028749489
0.0027865554
0.0026982979
0.0026097537
0.0025195328
0.0024280807
0.0023352647
0.0022413155
0.0021460768
0.0020488259
0.0019503305
0.0018499672
0.0017480588
0.0016444169
0.0015395071
0.0014333437
0.001325952
0.0012183709
0.0011103658
0.0010035263
0.00089753686
0.00079793427
0.00069538895
0.00063627085
0.0005162816
0.00089413273
-0.00036175175
0.016389037
0.015806898
0.015174481
0.014480661
0.013724446
0.012930134
0.012130141
0.011351224
0.010611939
0.0099241516
0.0092940795
0.0087230889
0.0082090553
0.0077479297
0.0073348675
0.0069648162
0.0066328293
0.0063342767
0.0060649598
0.0058211373
0.0055995081
0.0053971793
0.0052116323
0.0050406877
0.0048824623
0.0047353261
0.0045978788
0.0044689309
0.0043474693
0.0042326374
0.0041237435
0.0040202398
0.0039216742
0.0038277063
0.003738164
0.0036530169
0.0035723132
0.0034962293
0.0034251654
0.003359718
0.0033005993
0.003248691
0.0032051472
0.0031713096
0.0031485362
0.0031382384
0.0031418124
0.0031601581
0.00319343
0.0032411717
0.0033022764
0.0033748037
0.0034560012
0.0035423777
0.0036296144
0.0037123598
0.0037855171
0.003841854
0.0038771966
0.0038896315
0.0038789285
0.0038464075
0.0037965068
0.0037334083
0.0036604664
0.0035805211
0.0034958254
0.0034087837
0.0033205674
0.0032314527
0.0031424272
0.0030537008
0.0029650167
0.0028766925
0.0027882816
0.0026999416
0.0026112865
0.0025210227
0.0024295032
0.0023366379
0.0022426183
0.0021473048
0.0020500226
0.0019514535
0.0018510488
0.0017490932
0.0016453935
0.0015404613
0.0014342752
0.0013268279
0.0012191763
0.0011111246
0.001004231
0.00089821276
0.00079846897
0.00069607138
0.00063565536
0.00051818889
0.0008590257
-0.00032838447
0.016033418
0.015496069
0.014914304
0.014276714
0.013581422
0.01284863
0.012105712
0.011375724
0.010675469
0.010016672
0.009406497
0.0088478457
0.0083402668
0.0078812241
0.0074671164
0.007093875
0.0067573083
0.0064533422
0.0061781743
0.005928342
0.0057007362
0.0054925935
0.0053014779
0.005125259
0.00496208
0.0048103243
0.0046685937
0.0045356911
0.0044105941
0.0042924358
0.0041805059
0.004074236
0.003973164
0.0038769397
0.0037853671
0.0036983913
0.0036160509
0.0035385103
0.0034661369
0.0033994899
0.003339257
0.003286288
0.0032416756
0.0032066941
0.0031826496
0.0031708793
0.0031726822
0.0031889147
0.0032197393
0.0032647088
0.0033227407
0.0033919569
0.0034696833
0.0035525099
0.0036362378
0.0037157151
0.0037858878
0.0038399928
0.003873792
0.0038856614
0.0038749348
0.0038428339
0.0037936598
0.0037314225
0.0036593207
0.0035801269
0.0034961029
0.0034095607
0.0033217148
0.0032329075
0.0031440596
0.0030554344
0.0029668163
0.0028784816
0.0027900514
0.0027016308
0.0026128652
0.0025225548
0.0024309681
0.0023380502
0.0022439597
0.0021485702
0.0020512528
0.0019526101
0.0018521673
0.0017501595
0.0016464256
0.0015414477
0.0014352089
0.0013277302
0.0012200342
0.0011119175
0.0010049198
0.00089882346
0.00079886538
0.0006965434
0.00063477191
0.00051947818
0.00082388389
-0.00029597144
0.015696111
0.015199596
0.014663536
0.014076615
0.013436435
0.012759812
0.012069829
0.011386263
0.010724162
0.010094805
0.009505864
0.0089613474
0.0084621516
0.0080070502
0.0075935787
0.0072186041
0.0068786795
0.0065703012
0.0062900894
0.0060348882
0.0058018085
0.0055882406
0.0053918533
0.0052105835
0.0050426161
0.0048863598
0.0047404281
0.0046036251
0.0044749247
0.0043534538
0.004238489
0.0041294456
0.0040258515
0.0039273474
0.0038337173
0.0037448839
0.003660874
0.0035818393
0.0035081173
0.0034402312
0.0033788415
0.0033247648
0.0032790361
0.003242863
0.0032174968
0.0032042032
0.0032041908
0.0032182701
0.0032466074
0.0032887657
0.0033436875
0.0034095542
0.0034837703
0.0035630107
0.0036431971
0.0037193601
0.0037865366
0.0038384123
0.0038705573
0.003881819
0.0038710415
0.0038393287
0.0037908468
0.003729456
0.0036581876
0.003579745
0.0034963931
0.0034103591
0.0033228903
0.0032343931
0.0031457302
0.0030572098
0.0029686587
0.002880317
0.0027918658
0.0027033663
0.0026144911
0.0025241303
0.0024324764
0.0023395032
0.0022453409
0.002149874
0.0020525178
0.0019538021
0.0018533173
0.0017512573
0.0016474932
0.0015424631
0.0014361799
0.0013286714
0.0012209096
0.0011127274
0.001005646
0.00089945938
0.00079923506
0.00069692066
0.00063369703
0.00052039744
0.000789348
-0.00026503429
0.015375616
0.014916346
0.01442161
0.013880448
0.0132902
0.012664879
0.012023925
0.011384231
0.010759157
0.010159328
0.0095925842
0.0090636806
0.0085745628
0.0081251102
0.0077138725
0.0073385881
0.0069965294
0.0066847642
0.0064003509
0.0061404626
0.0059024528
0.0056838883
0.0054825626
0.0052964979
0.005123936
0.0049633226
0.0048132933
0.0046726619
0.0045404052
0.0044156485
0.0042976603
0.0041858442
0.0040797193
0.003978918
0.0038832076
0.0037924908
0.0037067813
0.0036262172
0.0035511088
0.0034819446
0.0034193556
0.0033641248
0.0033172317
0.0032798189
0.0032530804
0.0032382129
0.0032363408
0.0032482271
0.0032740376
0.003313347
0.0033651222
0.0034276028
0.0034982715
0.0035738914
0.0036505029
0.0037233167
0.0037874916
0.0038370388
0.0038675305
0.0038781402
0.0038672724
0.0038359019
0.0037880764
0.0037275153
0.0036570712
0.0035793779
0.0034966978
0.0034111796
0.0033240946
0.0032359101
0.0031474392
0.0030590275
0.0029705445
0.0028821991
0.0027937255
0.0027051488
0.0026161649
0.00252575
0.0024340288
0.0023409977
0.0022467627
0.0021512172
0.0020538191
0.0019550305
0.0018545004
0.0017523878
0.0016485896
0.0015435079
0.0014371809
0.0013296405
0.0012218095
0.0011135748
0.0010063949
0.00090009705
0.00079962373
0.00069729705
0.00063249838
0.00052121966
0.00075599966
-0.00023598662
0.015070583
0.014645306
0.014188006
0.01368826
0.013143321
0.012564879
0.011969286
0.011370925
0.01078156
0.010211044
0.0096671281
0.0091550153
0.0086774359
0.0082351758
0.0078276692
0.0074534485
0.0071104667
0.0067963515
0.0065086059
0.0062447464
0.0060023881
0.0057792929
0.0055733976
0.0053828266
0.0052058929
0.0050410915
0.0048870901
0.0047427212
0.0046069712
0.004478969
0.0043579806
0.0042434017
0.0041347448
0.0040316353
0.003933827
0.0038412045
0.0037537682
0.003671642
0.0035951109
0.0035246302
0.0034608004
0.0034043693
0.0033562637
0.0033175628
0.0032894017
0.0032729102
0.0032691338
0.0032787874
0.003302033
0.0033384565
0.0033870503
0.0034461099
0.0035131961
0.003585163
0.0036581682
0.0037276003
0.0037887723
0.0038358641
0.003864731
0.0038746423
0.0038636408
0.0038325568
0.0037853568
0.0037256071
0.0036559759
0.0035790287
0.0034970192
0.0034120233
0.0033253285
0.003237459
0.0031491868
0.0030608878
0.0029724742
0.0028841284
0.0027956313
0.002706979
0.0026178875
0.0025274149
0.0024356263
0.0023425348
0.0022482261
0.0021526008
0.0020551576
0.0019562961
0.0018557179
0.0017535516
0.0016497164
0.0015445826
0.001438209
0.0013306337
0.0012227322
0.0011144455
0.0010071615
0.000900758
0.00080001888
0.00069764947
0.00063125834
0.00052229723
0.0007243046
-0.00020929277
0.014779797
0.014385566
0.013962247
0.013500065
0.012996304
0.012460725
0.011907068
0.01134754
0.010792437
0.010250771
0.0097300183
0.0092355949
0.0087707831
0.0083370883
0.0079346962
0.0075628475
0.0072201263
0.0069046979
0.0066145062
0.0063474192
0.0061013265
0.0058742012
0.0056641389
0.0054693818
0.0052883281
0.0051195336
0.0049617083
0.0048137125
0.0046745491
0.0045433566
0.004419403
0.0043020813
0.0041908996
0.0040854782
0.0039855598
0.0038910137
0.0038018266
0.0037181085
0.0036401204
0.0035682861
0.0035031745
0.0034454978
0.003396132
0.0033560946
0.003326461
0.0033082959
0.0033025708
0.0033099523
0.0033305956
0.0033640976
0.0034094766
0.0034650823
0.0035285533
0.0035968363
0.0036662083
0.0037322171
0.0037903864
0.0038349926
0.0038621649
0.0038713111
0.0038601499
0.0038292955
0.0037826933
0.0037237362
0.0036549048
0.0035786995
0.0034973588
0.0034128908
0.0033265922
0.0032390405
0.0031509731
0.003062791
0.0029744481
0.0028861051
0.0027975838
0.0027088574
0.0026196597
0.0025291261
0.0024372696
0.0023441153
0.002249732
0.0021540257
0.0020565342
0.0019575996
0.0018569706
0.0017547495
0.0016508749
0.0015456879
0.0014392651
0.0013316522
0.0012236785
0.0011153344
0.0010079419
0.00090143083
0.00080041482
0.00069798392
0.00062993706
0.00052369781
0.00069424808
-0.00018506807
0.014502165
0.01413631
0.013743894
0.01331585
0.012849573
0.012353212
0.011838303
0.011315182
0.010792804
0.010279324
0.0097818173
0.0093057258
0.0088546875
0.0084307562
0.008034738
0.0076664916
0.0073251739
0.0070094568
0.0067177128
0.006448162
0.0061989767
0.0059683523
0.0057545574
0.005555965
0.0053710714
0.0051985047
0.0050370272
0.0048855353
0.0047430563
0.0046087437
0.0044818732
0.0043618393
0.0042481492
0.0041404198
0.0040383854
0.0039419025
0.0038509448
0.003765608
0.003686131
0.0036129074
0.0035464743
0.0034875078
0.0034368347
0.0033954126
0.0033642572
0.0033443694
0.0033366515
0.0033417223
0.003359727
0.0033902733
0.0034324056
0.0034845266
0.003544352
0.0036089232
0.0036746327
0.0037372072
0.0037921606
0.0038345133
0.003859889
0.0038681652
0.0038568337
0.0038261402
0.0037801034
0.0037219147
0.0036538652
0.0035783948
0.0034977197
0.0034137836
0.0033278868
0.0032406551
0.0031527984
0.0030647374
0.0029764667
0.0028881295
0.0027995836
0.0027107847
0.0026214822
0.0025308844
0.0024389597
0.0023457404
0.0022512812
0.0021554928
0.0020579499
0.001958942
0.0018582594
0.0017559822
0.0016520657
0.0015468242
0.00144035
0.0013326967
0.0012246488
0.0011162424
0.0010087372
0.00090211143
0.00080080473
0.00069830933
0.00062855851
0.00052505562
0.00066534014
-0.00016307995
0.014236699
0.013896801
0.013532541
0.013135584
0.012703479
0.012243031
0.011763915
0.01127486
0.010783621
0.010297509
0.0098231155
0.0093657677
0.0089292968
0.0085161522
0.0081276365
0.0077641333
0.0074253096
0.0071103043
0.0068178994
0.0065466608
0.0062950458
0.0060614804
0.0058444158
0.0056423678
0.0054539422
0.00527785
0.0051129152
0.0049580791
0.0048124004
0.004675054
0.0045453286
0.004422625
0.0043064526
0.0041964274
0.0040922781
0.0039938506
0.0039011067
0.0038141283
0.0037331332
0.0036584866
0.0035906937
0.0035303943
0.0034783676
0.0034355133
0.0034027874
0.003381129
0.0033713748
0.0033740968
0.0033894279
0.0034169858
0.0034558413
0.003504449
0.0035606009
0.0036214345
0.003683456
0.0037425787
0.0037942269
0.0038343893
0.0038578958
0.0038651677
0.0038537043
0.0038230991
0.0037775977
0.0037201526
0.0036528655
0.0035781206
0.0034981061
0.0034147042
0.0033292137
0.003242304
0.0031546631
0.0030667275
0.0029785304
0.002890202
0.0028016312
0.0027127613
0.0026233557
0.0025326906
0.0024406972
0.0023474108
0.0022528746
0.0021570031
0.0020594056
0.001960324
0.0018595852
0.0017572506
0.0016532898
0.0015479924
0.0014414643
0.0013337676
0.0012256436
0.00111717
0.0010095476
0.00090279962
0.00080118959
0.00069861967
0.000627182
0.00052609211
0.00063717792
-0.00014310419
0.013982505
0.013666377
0.013327817
0.012959222
0.012558317
0.012130782
0.011684723
0.011227499
0.010765795
0.010306114
0.0098545201
0.0094161229
0.0089948152
0.0085933096
0.0082132896
0.0078555731
0.0075202703
0.0072069431
0.0069147564
0.0066426098
0.0063892431
0.0061533161
0.0059334703
0.0057283732
0.0055367499
0.005357404
0.0051892302
0.0050312229
0.0048824794
0.0047422021
0.0046096983
0.0044843798
0.0043657617
0.0042534621
0.0041472064
0.0040468325
0.0039522919
0.0038636529
0.0037811138
0.0037050128
0.0036358237
0.00357415
0.0035207247
0.0034763915
0.0034420476
0.0034185717
0.0034067384
0.0034070744
0.0034196982
0.0034442368
0.0034797874
0.0035248553
0.0035773085
0.0036343802
0.0036926961
0.0037483208
0.0037968596
0.0038345539
0.0038561399
0.0038622516
0.0038507621
0.0038201732
0.0037751759
0.0037184494
0.0036519077
0.0035778809
0.0034985219
0.0034156555
0.0033305754
0.0032439892
0.0031565686
0.0030687624
0.0029806401
0.0028923231
0.0028037274
0.0027147879
0.0026252805
0.0025345456
0.0024424826
0.0023491273
0.002254513
0.0021585573
0.0020609022
0.0019617465
0.0018609489
0.0017585555
0.0016545477
0.001549193
0.0014426088
0.0013348654
0.001226663
0.0011181175
0.0010103729
0.00090349489
0.0008015703
0.00069890659
0.00062578779
0.00052666386
0.00060996425
-0.00012492305
0.013738776
0.013444437
0.013129377
0.012786704
0.012414328
0.012016983
0.011601457
0.01117394
0.010740173
0.010305901
0.0098766459
0.009457227
0.0090514964
0.0086623173
0.0082916501
0.0079406597
0.0076098326
0.0072991052
0.0070079942
0.0067357153
0.0064812829
0.0062435905
0.0060214734
0.0058137576
0.0056192956
0.005436992
0.0052658205
0.005104836
0.0049531817
0.0048100937
0.0046749031
0.0045470374
0.0044260215
0.0043114783
0.0042031328
0.0041008176
0.004004475
0.0039141611
0.0038300558
0.0037524719
0.0036818523
0.0036187648
0.0035638974
0.0035180397
0.0034820314
0.0034566925
0.0034427387
0.0034406525
0.0034505368
0.003472027
0.0035042465
0.0035457508
0.0035944827
0.0036477717
0.0037023625
0.0037544724
0.0037999354
0.0038350442
0.0038546666
0.0038594316
0.0038480314
0.0038174095
0.003772867
0.0037168127
0.0036509934
0.0035776757
0.0034989671
0.0034166374
0.0033319716
0.0032457112
0.0031585153
0.0030708424
0.0029827964
0.0028944933
0.0028058727
0.0027168648
0.0026272574
0.0025364499
0.0024443166
0.0023508904
0.0022561969
0.002160156
0.0020624402
0.0019632099
0.0018623511
0.0017598973
0.0016558401
0.0015504265
0.0014437837
0.0013359905
0.0012277073
0.0011190848
0.0010112128
0.00090419713
0.00080194331
0.00069918511
0.00062436321
0.00052671007
0.00058362697
-0.00010831054
0.013504782
0.013230437
0.012936902
0.012617964
0.012271711
0.011902086
0.011514764
0.011114945
0.010707543
0.010297604
0.0098901069
0.0094895402
0.0090996357
0.0087233145
0.008362722
0.0080192894
0.0076938132
0.0073865543
0.0070973461
0.0068256979
0.0065708872
0.0063320361
0.0061081747
0.0058982915
0.0057013724
0.00551643
0.0053425243
0.0051787777
0.0050243861
0.004878625
0.0047408546
0.0046105233
0.0044871693
0.0043704236
0.0042600137
0.0041557694
0.0040576257
0.0039656277
0.0038799382
0.003800846
0.0037287644
0.0036642258
0.0036078748
0.0035604487
0.0035227313
0.0034954852
0.0034793708
0.0034748276
0.0034819419
0.0035003565
0.0035292212
0.0035671404
0.0036121313
0.0036616193
0.0037124685
0.0037610498
0.0038033931
0.0038359342
0.0038535267
0.0038568037
0.0038454094
0.0038148224
0.003770719
0.0037152746
0.0036501438
0.0035775201
0.0034994524
0.0034176575
0.0033334083
0.0032474746
0.003160507
0.0030729709
0.0029850023
0.0028967152
0.0028080695
0.0027189941
0.0026292879
0.0025384051
0.0024462002
0.0023527012
0.0022579271
0.0021618
0.0020640205
0.001964715
0.0018637925
0.0017612767
0.0016571676
0.0015516936
0.0014449897
0.0013371432
0.0012287767
0.001120072
0.0010120672
0.00090490504
0.00080231141
0.0006994308
0.00062293362
0.00052632641
0.00055790687
-9.333048e-05
0.013279859
0.013023882
0.012750099
0.012452928
0.012130628
0.011786478
0.011425218
0.011051207
0.010668638
0.01028192
0.00989551
0.0095135391
0.0091395628
0.0087764854
0.0084265587
0.0080914061
0.0077720714
0.0074690893
0.0071825722
0.0069122976
0.0066577899
0.0064183916
0.0061933252
0.005981743
0.0057827684
0.0055955273
0.0054191718
0.0052528987
0.0050959621
0.0049476829
0.0048074559
0.0046747543
0.0045491343
0.004430238
0.0043177985
0.0042116452
0.0041117079
0.004018022
0.003930735
0.003850113
0.0037765409
0.0037105167
0.0036526427
0.0036036063
0.0035641367
0.0035349415
0.0035166278
0.0035095944
0.0035139102
0.0035292243
0.0035547126
0.0035890282
0.0036302612
0.0036759328
0.003723027
0.0037680615
0.0038072516
0.0038371593
0.0038528572
0.0038546799
0.0038426877
0.003812301
0.0037686982
0.0037138246
0.0036493566
0.0035774146
0.0034999795
0.0034187174
0.0033348871
0.0032492816
0.0031625456
0.0030751501
0.0029872604
0.0028989912
0.0028103207
0.0027211785
0.0026313746
0.0025404138
0.0024481356
0.0023545617
0.0022597052
0.0021634906
0.0020656443
0.0019662626
0.001865274
0.0017626945
0.0016585308
0.0015529946
0.0014462272
0.0013383237
0.0012298715
0.0011210791
0.0010129357
0.00090561852
0.00080266944
0.00069966754
0.00062152311
0.00052545739
0.0005328683
-8.0004672e-05
0.013063403
0.012824322
0.012568691
0.012291515
0.011991211
0.011670496
0.011333325
0.010983348
0.010624131
0.01025951
0.009893447
0.0095297074
0.0091716322
0.0088220509
0.0084832551
0.008156996
0.0078445051
0.0075465418
0.0072634587
0.006995273
0.0067417369
0.0065024022
0.0062766776
0.0060638783
0.0058632668
0.005674086
0.0054955854
0.0053270409
0.0051677706
0.0050171461
0.0048746016
0.00473964
0.004611839
0.0044908554
0.0043764309
0.004268397
0.0041666808
0.0040713095
0.0039824167
0.0039002477
0.0038251601
0.0037576187
0.0036981851
0.0036474987
0.0036062361
0.0035750518
0.0035545022
0.0035449471
0.0035464378
0.0035586288
0.0035807219
0.0036114179
0.0036488792
0.0036907222
0.0037340507
0.0037755181
0.0038115502
0.0038385532
0.0038527739
0.0038532621
0.0038398849
0.0038098447
0.0037667837
0.0037124444
0.0036486155
0.0035773443
0.0035005354
0.0034198062
0.0033363989
0.003251125
0.0031646257
0.0030773762
0.0029895684
0.0029013202
0.002812626
0.0027234185
0.0026335183
0.0025424773
0.0024501242
0.0023564732
0.0022615327
0.002165229
0.0020673128
0.0019678538
0.0018667964
0.0017641513
0.0016599305
0.0015543301
0.0014474965
0.0013395325
0.0012309915
0.001122106
0.001013818
0.00090633626
0.00080301899
0.00069987205
0.00061996201
0.0005240549
0.0005087976
-6.7794554e-05
0.012854865
0.012631344
0.012392424
0.012133643
0.011853563
0.011554429
0.011239535
0.010911932
0.010574648
0.010231002
0.0098844968
0.0095385366
0.0091962236
0.0088602693
0.0085329515
0.0082160921
0.0079110571
0.0076187834
0.0073398248
0.0070744085
0.006822493
0.0065838246
0.0063579905
0.0061444645
0.0059426481
0.005751903
0.0055715794
0.005401037
0.0052396623
0.0050868825
0.0049421756
0.0048050787
0.0046751948
0.0045521991
0.0044358445
0.0043259677
0.0042224951
0.0041254475
0.0040349463
0.0039512178
0.003874594
0.0038055075
0.0037444809
0.0036921076
0.0036490138
0.0036158029
0.0035929832
0.0035808771
0.0035795184
0.0035885664
0.0036072482
0.0036343118
0.0036679908
0.0037059959
0.0037455497
0.0037834393
0.0038162736
0.0038403314
0.0038532208
0.0038524057
0.0038373617
0.0038076088
0.0037650045
0.0037111417
0.0036479215
0.0035773054
0.0035011149
0.0034209178
0.0033379377
0.0032529996
0.0031667429
0.0030796455
0.0029919235
0.0029037002
0.0028149841
0.0027257131
0.0026357187
0.0025445956
0.002452166
0.002358436
0.0022634099
0.0021670158
0.0020690265
0.0019694889
0.0018683605
0.0017656476
0.001661367
0.0015557005
0.001448798
0.0013407698
0.001232137
0.0011231526
0.0010147137
0.00090705761
0.00080335746
0.0007000398
0.0006181674
0.00052195273
0.00048656801
-5.5336229e-05
0.012653745
0.012444572
0.012221057
0.011979224
0.011717763
0.011438521
0.011144238
0.010837461
0.010520751
0.010196973
0.0098692056
0.0095405042
0.0092137205
0.008891417
0.0085758151
0.0082687597
0.0079717037
0.0076857172
0.0074115179
0.007149512
0.006899841
0.0066624294
0.0064370317
0.0062232745
0.0060206954
0.0058287755
0.0056469673
0.0054747174
0.005311485
0.0051567567
0.0050100586
0.0048709658
0.0047391108
0.0046141901
0.004495971
0.0043842983
0.0042790997
0.0041803921
0.0040882861
0.0040029909
0.0039248144
0.0038541586
0.003791509
0.003737415
0.0036924546
0.0036571822
0.0036320606
0.0036173765
0.0036131465
0.0036190342
0.0036342915
0.0036577129
0.0036876022
0.0037217635
0.0037575364
0.0037918401
0.0038214477
0.0038425928
0.003853999
0.0038519285
0.00383545
0.0038056872
0.0037633816
0.0037099485
0.0036473087
0.0035773276
0.0035017429
0.0034220728
0.0033395198
0.0032549184
0.0031689069
0.0030819654
0.0029943315
0.0029061352
0.0028173984
0.002728065
0.0026379775
0.0025467702
0.0024542623
0.0023604512
0.0022653376
0.0021688516
0.0020707861
0.0019711685
0.0018699666
0.001767184
0.0016628408
0.0015571061
0.001450132
0.0013420356
0.0012333078
0.0011242187
0.0010156223
0.00090778138
0.00080368492
0.00070015082
0.00061624068
0.000519321
0.00046646574
-4.1511275e-05
0.012459585
0.012263662
0.012054376
0.011828182
0.011583886
0.011322999
0.011047798
0.010760403
0.010462977
0.010157983
0.0098481148
0.009536097
0.0092245285
0.0089158025
0.008612052
0.0083151055
0.0080264613
0.0077472829
0.0074784158
0.0072204147
0.00697358
0.006737996
0.0065135716
0.0063000779
0.0060971841
0.005904489
0.005721548
0.0055478964
0.0053830688
0.0052266148
0.0050781122
0.0049371779
0.0048034772
0.0046767312
0.0045567248
0.0044433131
0.0043364282
0.0042360845
0.0041423842
0.004055521
0.0039757807
0.0039035363
0.0038392379
0.0037833932
0.0037365343
0.003699169
0.0036717168
0.0036544308
0.0036473107
0.003650024
0.0036618469
0.0036816197
0.0037077155
0.0037380305
0.0037700192
0.0038007346
0.0038270927
0.003845404
0.0038548372
0.0038516867
0.0038340957
0.0038040592
0.0037619287
0.0037088963
0.0036468075
0.0035774353
0.0035024386
0.0034232857
0.003341156
0.0032568895
0.0031711239
0.0030843405
0.0029967957
0.0029086279
0.0028198707
0.0027304754
0.0026402958
0.0025490022
0.0024564137
0.0023625194
0.0022673164
0.0021707369
0.0020725922
0.0019728932
0.0018716154
0.001768761
0.0016643524
0.0015585474
0.0014514989
0.0013433303
0.0012345041
0.0011253042
0.0010165434
0.00090850661
0.00080399972
0.00070019918
0.00061426038
0.00051637646
0.00044832714
-2.6616556e-05
0.01227195
0.012088272
0.011892139
0.011680395
0.011451945
0.011208015
0.010950493
0.010681141
0.010401782
0.010114524
0.0098217161
0.0095257724
0.009229044
0.0089337438
0.0086418923
0.008355271
0.0080753879
0.007803465
0.0075404415
0.0072869917
0.00704355
0.0068103414
0.0065874144
0.0063746746
0.0061719166
0.0059788533
0.005795142
0.0056204075
0.0054542616
0.0052963194
0.0051462136
0.0050036062
0.0048681981
0.0047397386
0.0046180327
0.0045029489
0.0043944256
0.0042924773
0.0041971997
0.0041087729
0.0040274623
0.0039536142
0.0038876451
0.003830023
0.0037812368
0.00374175
0.0037119413
0.003692032
0.0036820055
0.0036815329
0.0036899144
0.0037060355
0.003728337
0.0037548064
0.0037830107
0.0038101385
0.0038332289
0.0038488826
0.0038559107
0.0038516079
0.0038331321
0.0038026968
0.0037606527
0.0037079863
0.0036464124
0.0035776191
0.0035031917
0.0034245466
0.0033428372
0.003258905
0.0031733868
0.0030867647
0.0029993114
0.0029111742
0.0028223979
0.0027329421
0.0026426717
0.0025512904
0.0024586196
0.0023646403
0.0022693464
0.0021726721
0.0020744455
0.0019746636
0.0018733077
0.0017703792
0.0016659027
0.0015600249
0.0014528992
0.0013446543
0.001235726
0.001126409
0.0010174764
0.00090923234
0.00080430004
0.00070018575
0.0006122334
0.0005131356
0.00043239628
-1.1546317e-05
0.012090522
0.011918178
0.011734221
0.01153584
0.011322026
0.011093769
0.010852628
0.010600068
0.010337617
0.010067077
0.0097904861
0.0095099741
0.0092276531
0.0089455512
0.0086655611
0.0083893926
0.0081185352
0.0078542375
0.0075975028
0.0073490968
0.0071095637
0.0068792489
0.0066583251
0.0064468207
0.0062446475
0.0060516275
0.0058675176
0.0056920313
0.0055248581
0.0053656807
0.0052141889
0.0050700921
0.0049331303
0.0048030833
0.0046797791
0.0045631021
0.0044529996
0.0043494883
0.0042526592
0.0041626813
0.0040798015
0.004004341
0.0039366849
0.0038772644
0.0038265271
0.0037848949
0.003752708
0.0037301579
0.0037172126
0.0037135467
0.0037184838
0.0037309539
0.0037494646
0.0037720929
0.0037965169
0.0038200568
0.0038398944
0.0038528722
0.00385758
0.0038517234
0.0038324767
0.0038016011
0.0037595693
0.0037072253
0.0036461284
0.0035778843
0.0035040071
0.0034258594
0.0033445663
0.003260967
0.0031756971
0.0030892389
0.0030018791
0.0029137747
0.0028249808
0.0027354658
0.0026451062
0.002553636
0.0024608813
0.0023668152
0.0022714287
0.0021746584
0.0020763471
0.0019764806
0.0018750443
0.0017720395
0.0016674922
0.0015615392
0.0014543332
0.0013460077
0.0012369733
0.0011275327
0.0010184209
0.00090995735
0.00080458446
0.00070010913
0.00061015319
0.00050963965
0.00041847862
3.1132197e-06
0.011914792
0.011752972
0.01158033
0.011394348
0.011194097
0.010980363
0.010754433
0.010517521
0.010270904
0.010016118
0.009754924
0.0094891945
0.0092208152
0.0089516306
0.0086833962
0.0084177332
0.0081560892
0.0078997136
0.0076496469
0.0074067202
0.0071715646
0.0069446259
0.0067261847
0.0065163796
0.0063152303
0.0061226617
0.005938526
0.0057626237
0.005594722
0.0054345715
0.0052819208
0.0051365292
0.0049981778
0.0048666794
0.0047418878
0.0046237055
0.004512091
0.0044070656
0.0043087178
0.004217207
0.0041327641
0.0040556874
0.0039863327
0.0039250963
0.0038723877
0.0038285895
0.0037940059
0.0037688004
0.0037529267
0.003746063
0.0037475558
0.0037563788
0.0037711052
0.0037899002
0.00381055
0.0038305083
0.0038470865
0.0038573844
0.0038598333
0.0038521025
0.0038321142
0.0038007708
0.0037586841
0.0037066147
0.0036459591
0.003578236
0.0035048903
0.0034272292
0.0033463477
0.0032630795
0.0031780584
0.0030917661
0.0030045017
0.0029164317
0.0028276214
0.0027380485
0.0026476011
0.0025560411
0.0024632005
0.002369046
0.0022735653
0.0021766972
0.0020782985
0.0019783455
0.0018768265
0.0017737428
0.0016691217
0.0015630909
0.0014558014
0.0013473907
0.001238246
0.0011286752
0.0010193761
0.00091068044
0.00080485156
0.0006999672
0.00060801582
0.00050593743
0.00040563795
1.7274652e-05
0.011744607
0.01159251
0.011430336
0.011255832
0.011068128
0.01086784
0.010656026
0.010433685
0.010201883
0.0099619231
0.0097153234
0.0094637208
0.0092087904
0.0089521979
0.0086955575
0.0084403893
0.0081880811
0.0079398614
0.0076967841
0.0074597228
0.0072293731
0.0070062618
0.0067907611
0.0065831058
0.0063834134
0.006191704
0.0060079204
0.0058319467
0.0056636265
0.0055027783
0.0053492104
0.0052027332
0.0050631709
0.0049303718
0.0048042174
0.0046846306
0.0045715837
0.0044651043
0.0043652806
0.0042722649
0.0041862739
0.004107585
0.0040365271
0.0039734646
0.0039187708
0.0038727919
0.0038357985
0.0038079282
0.0037891215
0.0037790601
0.0037771133
0.0037822978
0.003793251
0.0038082245
0.0038251111
0.0038414939
0.0038548137
0.0038623895
0.0038624629
0.0038530036
0.0038321679
0.0038002727
0.0037580461
0.0037061854
0.0036459248
0.0035786879
0.0035058491
0.0034286601
0.0033481829
0.0032652423
0.0031804692
0.0030943442
0.0030071768
0.002919143
0.0028303179
0.0027406886
0.0026501549
0.0025585044
0.0024655765
0.0023713318
0.0022757554
0.0021787883
0.0020802996
0.0019802582
0.0018786541
0.0017754891
0.0016707912
0.0015646797
0.0014573034
0.0013488031
0.0012395435
0.0011298357
0.001020341
0.00091140014
0.00080509955
0.00069975827
0.00060581766
0.00050206995
0.00039384632
3.0769769e-05
0.011579659
0.011436629
0.011284205
0.011120368
0.010944304
0.010756487
0.010557784
0.010349015
0.010131069
0.0099050467
0.0096722528
0.009434114
0.0091921112
0.0089477393
0.0087024713
0.0084577189
0.0082147967
0.0079748948
0.0077390605
0.0075081889
0.0072830201
0.0070641432
0.0068520051
0.0066469233
0.0064491018
0.0062586474
0.0060755869
0.0058998844
0.0057314571
0.0055701907
0.005415953
0.0052686064
0.0051280199
0.0049940787
0.004866694
0.0047458114
0.0046314188
0.0045235523
0.004422302
0.004327815
0.0042402961
0.0041600041
0.0040872434
0.0040223485
0.0039656596
0.0039174891
0.0038780764
0.0038475351
0.0038257938
0.0038125381
0.0038071597
0.0038087174
0.0038159116
0.0038270786
0.0038402155
0.0038530315
0.0038630917
0.0038679126
0.0038655178
0.003854481
0.0038326019
0.0038000841
0.0037576577
0.0037059479
0.0036460377
0.0035792517
0.003506894
0.0034301603
0.0033500781
0.0032674602
0.0031829331
0.0030969758
0.0030099063
0.00292191
0.0028330714
0.002743387
0.0026527685
0.0025610269
0.0024680102
0.0023736739
0.0022780003
0.0021809326
0.0020823514
0.0019822196
0.0018805281
0.0017772793
0.0016725015
0.0015663065
0.0014588399
0.0013502451
0.0012408661
0.001131014
0.0010213152
0.00091211552
0.00080532722
0.00069948169
0.00060355597
0.00049806024
0.0003823594
4.3596027e-05
0.011419254
0.011284658
0.011141329
0.010987423
0.010822176
0.010645947
0.010459442
0.010263335
0.010058361
0.0098454484
0.0096257163
0.0094004036
0.0091708137
0.0089382809
0.0087041395
0.0084696893
0.0082361624
0.0080046969
0.0077763168
0.0075519205
0.0073322742
0.0071180114
0.0069096381
0.0067075406
0.0065119975
0.0063231929
0.0061412309
0.0059661502
0.0057979385
0.0056365466
0.0054819013
0.0053339175
0.0051925092
0.0050576002
0.0049291332
0.0048070782
0.0046914406
0.0045822672
0.004479652
0.0043837391
0.0042947234
0.0042128474
0.0041383933
0.0040716686
0.004012983
0.0039626175
0.0039207831
0.0038875713
0.0038629001
0.0038464595
0.0038376633
0.0038356116
0.0038390665
0.0038464471
0.0038558523
0.0038651127
0.0038719199
0.0038739362
0.0038691977
0.0038563526
0.0038333348
0.003800189
0.0037575293
0.0037059172
0.0036463122
0.00357994
0.0035080348
0.0034317372
0.0033520383
0.003269736
0.0031854513
0.0030996609
0.0030126895
0.0029247315
0.0028358804
0.0027461422
0.0026554403
0.0025636073
0.0024705002
0.0023760708
0.0022802985
0.002183129
0.0020844528
0.0019842287
0.0018824475
0.0017791123
0.0016742516
0.0015679701
0.0014604099
0.0013517158
0.0012422123
0.0011322087
0.0010222969
0.0009128245
0.00080553228
0.00069913631
0.00060122893
0.00049392416
0.00037153669
5.5111722e-05
0.011445309
0.012353079
0.013435205
0.01490459
0.016901761
0.019547479
0.023046097
0.028115052
0.035406937
0.050337362
0.011445124
0.012352882
0.013434948
0.014903967
0.016900174
0.019543327
0.023033837
0.028062014
0.035189936
0.047648006
0.01144482
0.01235253
0.013434453
0.014902776
0.016897131
0.019535162
0.02301098
0.027957376
0.034812333
0.044700692
0.011444361
0.012351979
0.013433665
0.014900892
0.016892339
0.019522251
0.022974784
0.027805104
0.034266105
0.042193652
0.011443745
0.012351209
0.013432552
0.014898249
0.016885635
0.019504277
0.022922617
0.027611058
0.033589518
0.040064602
0.011442973
0.0123502
0.013431088
0.014894782
0.016876866
0.019480789
0.022854366
0.027378144
0.032838051
0.038143954
0.011442041
0.012348933
0.013429239
0.014890418
0.016865858
0.01945135
0.022770446
0.027108468
0.032058384
0.03636977
0.011440949
0.012347384
0.013426968
0.014885079
0.016852427
0.019415616
0.02267061
0.026806335
0.031264399
0.03472149
0.011439694
0.01234553
0.013424238
0.014878681
0.016836386
0.01937324
0.022554792
0.026475556
0.030461584
0.033188716
0.011438271
0.012343345
0.013421007
0.014871139
0.016817544
0.019323898
0.022423112
0.026119397
0.029656096
0.03176279
0.011436678
0.0123408
0.013417231
0.014862361
0.016795707
0.019267301
0.022275809
0.025741069
0.028853641
0.030435381
0.01143491
0.012337867
0.013412862
0.014852252
0.016770679
0.019203194
0.022113242
0.025343724
0.028059017
0.02919877
0.011432962
0.012334513
0.013407851
0.014840712
0.016742266
0.019131362
0.021935889
0.02493039
0.027276232
0.028045939
0.011430828
0.012330707
0.013402144
0.014827638
0.016710274
0.019051628
0.021744334
0.024503955
0.026508608
0.026970476
0.011428502
0.012326411
0.013395683
0.014812924
0.016674513
0.018963863
0.021539261
0.024067158
0.02575885
0.025966497
0.011425976
0.012321589
0.01338841
0.014796458
0.0166348
0.018867981
0.021321438
0.023622577
0.025029104
0.025028587
0.011423243
0.0123162
0.013380259
0.014778129
0.01659096
0.018763947
0.02109171
0.02317262
0.024321015
0.024151765
0.011420294
0.012310201
0.013371164
0.014757819
0.016542824
0.018651771
0.02085098
0.02271952
0.023635787
0.023331437
0.011417118
0.012303546
0.013361054
0.014735413
0.016490239
0.018531516
0.020600206
0.022265328
0.022974237
0.022563367
0.011413706
0.012296189
0.013349853
0.014710791
0.016433064
0.018403292
0.020340379
0.021811915
0.022336846
0.021843645
0.011410045
0.012288078
0.013337484
0.014683835
0.016371172
0.018267257
0.020072518
0.02136097
0.021723809
0.021168656
0.011406124
0.012279159
0.013323866
0.014654426
0.016304456
0.018123617
0.019797654
0.020914001
0.021135078
0.020535057
0.011401928
0.012269376
0.013308913
0.014622448
0.016232826
0.017972624
0.019516822
0.020472342
0.020570401
0.019939758
0.011397443
0.012258669
0.013292537
0.014587784
0.016156215
0.017814571
0.019231044
0.020037157
0.020029362
0.019379897
0.011392654
0.012246974
0.013274648
0.014550322
0.016074575
0.017649791
0.018941329
0.019609448
0.019511411
0.018852827
0.011387542
0.012234224
0.013255151
0.014509955
0.015987885
0.017478653
0.018648655
0.019190062
0.019015894
0.0183561
0.01138209
0.01222035
0.01323395
0.01446658
0.015896143
0.01730156
0.018353965
0.018779702
0.018542078
0.017887451
0.011376278
0.012205279
0.013210947
0.0144201
0.015799378
0.017118941
0.018058161
0.018378937
0.018089171
0.017444786
0.011370085
0.012188932
0.013186043
0.014370425
0.015697638
0.016931251
0.017762097
0.017988213
0.017656345
0.017026172
0.011363489
0.012171229
0.013159138
0.014317475
0.015591
0.016738963
0.017466574
0.017607862
0.017242745
0.016629825
0.011356467
0.012152085
0.013130131
0.014261178
0.015479566
0.016542564
0.017172336
0.017238113
0.016847507
0.016254099
0.011348993
0.012131412
0.013098921
0.014201471
0.015363461
0.016342553
0.016880071
0.016879107
0.016469768
0.015897479
0.011341042
0.012109117
0.01306541
0.014138305
0.015242833
0.016139433
0.016590404
0.0165309
0.016108672
0.015558568
0.011332585
0.012085104
0.013029503
0.014071643
0.015117856
0.015933707
0.016303902
0.016193481
0.015763382
0.015236084
0.011323593
0.012059274
0.012991104
0.014001458
0.014988721
0.015725877
0.016021069
0.015866775
0.015433079
0.014928845
0.011314036
0.012031524
0.012950127
0.013927739
0.014855642
0.015516434
0.015742351
0.015550654
0.015116972
0.014635768
0.011303882
0.012001747
0.012906489
0.013850489
0.014718849
0.01530586
0.015468138
0.015244946
0.014814299
0.014355855
0.011293098
0.011969832
0.012860114
0.013769722
0.014578587
0.015094623
0.015198761
0.014949443
0.014524326
0.014088193
0.011281649
0.011935667
0.012810935
0.013685471
0.014435116
0.014883171
0.014934502
0.014663904
0.014246355
0.013831941
0.011269499
0.011899139
0.012758897
0.01359778
0.014288708
0.014671935
0.014675589
0.014388067
0.013979718
0.013586329
0.011256613
0.011860129
0.012703958
0.013506707
0.01413964
0.01446132
0.014422208
0.014121648
0.013723783
0.013350647
0.011242952
0.011818522
0.012646089
0.013412322
0.013988199
0.01425171
0.014174499
0.013864349
0.013477948
0.013124245
0.011228476
0.011774205
0.012585278
0.013314709
0.013834675
0.014043464
0.013932563
0.013615864
0.013241647
0.012906526
0.011213145
0.011727066
0.012521536
0.013213959
0.01367936
0.013836913
0.013696466
0.01337588
0.013014341
0.012696936
0.011196914
0.011677007
0.012454895
0.013110172
0.013522548
0.01363236
0.013466239
0.013144083
0.012795528
0.012494968
0.011179737
0.011623946
0.012385409
0.01300345
0.013364534
0.013430087
0.013241879
0.012920151
0.012584743
0.01230019
0.011161559
0.011567832
0.012313165
0.01289389
0.013205611
0.013230364
0.013023362
0.012703735
0.012381462
0.012112052
0.011142317
0.011508665
0.012238288
0.012781593
0.013046027
0.013033444
0.012810738
0.012494665
0.012185436
0.011930343
0.011121927
0.011446532
0.012160887
0.012666773
0.012885941
0.012839317
0.012603721
0.012292442
0.011996112
0.011754599
0.011100239
0.011381927
0.012080712
0.012550041
0.012726038
0.012648415
0.012402382
0.012096826
0.011813066
0.011584265
0.011075776
0.011314528
0.011992329
0.012426143
0.012559991
0.012453276
0.012198823
0.011900214
0.011629411
0.011413328
0.011043622
0.011244447
0.011883857
0.012280144
0.012370299
0.012234097
0.011972566
0.011682691
0.011426177
0.011223599
0.010997837
0.011175359
0.011749925
0.012102234
0.012146608
0.011980686
0.011714033
0.011435569
0.011195597
0.011008132
0.010936255
0.011100639
0.011589964
0.011887413
0.011884464
0.011690455
0.011421558
0.011157198
0.01093561
0.010764382
0.010856836
0.011005407
0.01140126
0.011630535
0.011579931
0.011362313
0.011095386
0.010847753
0.010645827
0.010491474
0.010754395
0.010881526
0.011181906
0.011332019
0.011235768
0.011002054
0.010742937
0.010515223
0.010334629
0.010197984
0.010622954
0.010721274
0.010922271
0.010987148
0.010849224
0.010607627
0.010361189
0.010154176
0.0099939259
0.0098741137
0.010454589
0.010516174
0.010618495
0.010600751
0.010429273
0.010189995
0.009963038
0.0097798038
0.0096410194
0.0095382201
0.01024012
0.010259337
0.01026944
0.010178371
0.0099827811
0.0097533479
0.0095487399
0.0093883636
0.0092689562
0.0091815926
0.0099703924
0.0099459295
0.0098761128
0.0097269985
0.0095189816
0.0093065731
0.0091274848
0.008990656
0.008890247
0.0088175627
0.0096379019
0.009574906
0.0094430375
0.0092554665
0.0090474589
0.0088571369
0.0087040517
0.008589236
0.0085058777
0.0084462264
0.0092402531
0.0091494096
0.0089780188
0.0087728945
0.0085751367
0.0084081472
0.0082785587
0.0081828866
0.0081143422
0.0080660786
0.0087832384
0.0086785239
0.0084916809
0.0082893355
0.0081125571
0.0079726649
0.0078670462
0.0077895819
0.0077342916
0.0076956951
0.0082835896
0.0081787922
0.0079962673
0.0078075515
0.0076506398
0.0075311723
0.0074433092
0.0073802369
0.0073362948
0.0073064941
0.0077698679
0.0076766769
0.0075178944
0.0073598915
0.0072326831
0.0071365084
0.0070646046
0.0070119419
0.0069748485
0.0069498718
0.0072818501
0.007203216
0.0070655219
0.0069281093
0.0068183824
0.0067359098
0.0066728685
0.0066234169
0.0065834634
0.0065508545
0.0068716972
0.0068297112
0.0067476483
0.0066634414
0.006592205
0.0065337773
0.0064835988
0.0064372881
0.0063933633
0.0063526488
0.0065684146
0.0064911046
0.0063994808
0.0063233985
0.0062588209
0.0062023672
0.0061530822
0.0061099008
0.0060715343
0.0060376346
0.011258205
0.011131747
0.010997141
0.010852766
0.010697901
0.0105328
0.010358031
0.010174143
0.0099817354
0.0097815849
0.0095746415
0.0093619713
0.0091447104
0.008924037
0.0087011462
0.0084772202
0.0082533988
0.0080307543
0.0078102723
0.007592838
0.0073792272
0.0071701029
0.0069660159
0.0067674096
0.0065746278
0.006387925
0.006207477
0.0060333942
0.0058657333
0.0057045099
0.0055497107
0.0054013045
0.0052592529
0.0051235206
0.0049940841
0.0048709407
0.0047541157
0.0046436691
0.0045397009
0.0044423541
0.0043518156
0.0042683136
0.0041921095
0.0041234852
0.0040627215
0.0040100698
0.0039657135
0.0039297238
0.0039020088
0.0038822635
0.0038699248
0.0038641348
0.0038637186
0.003867179
0.0038727187
0.0038782907
0.0038817112
0.003880787
0.0038736182
0.0038587802
0.0038345354
0.0038006985
0.0037577296
0.003706145
0.0036467981
0.0035808109
0.0035093422
0.0034334745
0.0033541596
0.0032721768
0.0031881394
0.0031025209
0.0030156513
0.0029277337
0.0028388704
0.0027490772
0.0026582896
0.0025663608
0.002473158
0.0023786298
0.0022827531
0.0021854758
0.0020866981
0.0019863755
0.0018844983
0.0017810703
0.0016761198
0.0015697447
0.0014620829
0.0013532801
0.0012436414
0.0011334721
0.0010233287
0.00091355706
0.00080572288
0.00069870605
0.0005987447
0.00048950232
0.00036119124
6.5327459e-05
0.01107883
0.010961166
0.010835992
0.010701818
0.010557988
0.010404681
0.010242348
0.010071419
0.0098923737
0.0097058445
0.0095126189
0.0093135933
0.0091097351
0.0089020607
0.0086916159
0.0084794515
0.0082665984
0.0080540449
0.007842719
0.007633474
0.0074270784
0.0072242094
0.0070254507
0.0068312934
0.0066421406
0.0064583134
0.0062800592
0.0061075612
0.0059409485
0.0057803065
0.0056256871
0.0054771193
0.0053346187
0.005198197
0.005067871
0.0049436703
0.0048256452
0.004713873
0.0046084628
0.0045095591
0.0044173426
0.0043320278
0.0042538559
0.0041830828
0.0041199598
0.0040647078
0.0040174825
0.0039783341
0.0039471614
0.0039236663
0.0039073112
0.0038972857
0.0038924848
0.0038915046
0.0038926624
0.0038940449
0.0038936091
0.0038893085
0.0038793136
0.0038621889
0.0038364635
0.003801742
0.0037583283
0.0037066892
0.0036475683
0.0035819679
0.0035109574
0.0034355527
0.0033566586
0.0032750303
0.00319127
0.0031058465
0.0030190938
0.0029312238
0.0028423486
0.0027524949
0.0026616117
0.0025695739
0.0024762606
0.0023816181
0.0022856207
0.0021882189
0.0020893225
0.0019888849
0.0018868953
0.001783358
0.001678301
0.001571815
0.0014640327
0.0013550993
0.0012452993
0.0011349309
0.0010245109
0.00091437846
0.00080590449
0.00069812142
0.00059583501
0.00048431532
0.00034955251
7.535074e-05
0.010874782
0.01076651
0.010651386
0.010528129
0.010396129
0.010255478
0.010106514
0.0099495665
0.0097849992
0.0096133063
0.0094351169
0.0092511579
0.0090622234
0.0088691595
0.0086728492
0.0084741941
0.0082740949
0.0080734325
0.0078730523
0.0076737514
0.0074762674
0.007281271
0.0070893609
0.0069010621
0.0067168262
0.0065370349
0.006362004
0.0061919901
0.0060271974
0.0058677861
0.0057138802
0.0055655766
0.0054229529
0.0052860766
0.0051550123
0.0050298302
0.0049106121
0.0047974584
0.0046904925
0.0045898641
0.0044957502
0.0044083531
0.0043278945
0.0042546041
0.0041887032
0.0041303814
0.0040797658
0.0040368856
0.0040016315
0.0039737145
0.0039526279
0.0039376159
0.0039276544
0.0039214463
0.00391744
0.0039138743
0.0039088651
0.0039005237
0.0038871201
0.003867244
0.0038396186
0.0038037089
0.0037596522
0.0037078355
0.0036488836
0.0035836616
0.0035131318
0.0034382303
0.0033598048
0.0032785774
0.0031951342
0.0031099362
0.00302332
0.002935506
0.0028466172
0.0027566927
0.0026656971
0.0025735286
0.0024800807
0.0023852987
0.0022891543
0.0021916009
0.0020925585
0.0019919792
0.0018898507
0.0017861775
0.0016809871
0.0015743622
0.0014664284
0.0013573293
0.0012473261
0.0011367056
0.0010259377
0.00091534732
0.00080608177
0.00069730751
0.000592295
0.00047798062
0.00033707989
8.4976941e-05
0.010643121
0.010544852
0.01044046
0.01032884
0.010209419
0.01008221
0.0099474521
0.0098053842
0.0096562706
0.0095004804
0.0093384963
0.0091708847
0.0089982723
0.0088213343
0.0086407858
0.0084573686
0.0082718368
0.0080849431
0.0078974266
0.0077100017
0.0075233483
0.0073381043
0.0071548589
0.006974149
0.0067964569
0.0066222101
0.0064517824
0.0062854971
0.0061236307
0.0059664182
0.0058140583
0.0056667204
0.0055245507
0.0053876793
0.0052562267
0.0051303108
0.0050100528
0.0048955829
0.0047870449
0.0046845987
0.0045884222
0.0044987089
0.0044156632
0.0043394908
0.0042703843
0.004208503
0.0041539471
0.0041067264
0.0040667259
0.0040336694
0.0040070868
0.0039862851
0.0039703318
0.0039580502
0.0039480358
0.0039386961
0.0039283243
0.0039152015
0.0038977243
0.0038745397
0.0038445102
0.0038070242
0.0037620504
0.0037098636
0.0036509617
0.0035860625
0.0035160025
0.0034416223
0.0033637
0.0032829134
0.0031998249
0.0031148833
0.0030284248
0.002940677
0.0028517742
0.0027617694
0.0026706448
0.0025783228
0.0024847138
0.0023897641
0.0022934434
0.0021957078
0.0020964879
0.001995736
0.0018934376
0.0017895971
0.0016842409
0.0015774431
0.0014693203
0.0013600118
0.0012497533
0.001138814
0.0010276095
0.00091643864
0.00080619817
0.00069615049
0.00058800452
0.00047030538
0.00032371544
9.3620202e-05
0.010382825
0.010295231
0.010202275
0.010102911
0.0099966364
0.0098834348
0.0097634741
0.0096369159
0.0095039404
0.0093648123
0.0092198881
0.0090695923
0.0089143984
0.0087548216
0.008591414
0.0084247563
0.008255449
0.0080841031
0.0079113321
0.0077377441
0.0075639345
0.0073904792
0.0072179288
0.0070468036
0.0068775899
0.0067107377
0.0065466588
0.0063857272
0.0062282796
0.0060746177
0.0059250104
0.0057796983
0.0056388974
0.0055028036
0.0053715985
0.0052454537
0.0051245363
0.0050090132
0.0048990551
0.0047948389
0.0046965489
0.0046043755
0.0045185108
0.0044391409
0.0043664339
0.0043005231
0.0042414855
0.0041893159
0.0041438981
0.0041049745
0.0040721177
0.0040447063
0.0040219095
0.0040026835
0.0039857849
0.0039698049
0.003953229
0.0039345219
0.0039122286
0.0038850847
0.0038520564
0.003812497
0.0037662242
0.0037133778
0.0036543214
0.0035896182
0.0035199618
0.0034460794
0.0033686645
0.0032883379
0.003205628
0.003120965
0.0030346795
0.0029470043
0.0028580841
0.0027679867
0.0026767132
0.0025842109
0.0024904088
0.0023952572
0.0022987241
0.0022007693
0.0021013332
0.0020003699
0.0018978628
0.001793815
0.0016882513
0.0015812364
0.0014728758
0.001363301
0.0012527196
0.0011413757
0.0010296216
0.00091771418
0.00080627716
0.00069461528
0.00058293514
0.00046139873
0.00030995279
0.00010068448
0.010102099
0.010024757
0.0099427592
0.0098553088
0.0097619178
0.0096624902
0.0095571273
0.009445939
0.009329042
0.0092066132
0.0090789014
0.0089462085
0.0088088742
0.0086672706
0.0085217992
0.0083728878
0.0082209847
0.0080665546
0.0079100743
0.007752028
0.0075929036
0.0074331878
0.0072733616
0.0071138966
0.0069552504
0.0067978635
0.0066421563
0.0064885266
0.0063373481
0.0061889701
0.0060437168
0.0059018887
0.0057637641
0.0056296012
0.0054996412
0.0053741107
0.005253226
0.0051371953
0.0050262218
0.004920506
0.0048202453
0.0047256341
0.0046368595
0.0045540953
0.0044774925
0.0044071658
0.0043431765
0.0042855117
0.0042340612
0.0041885933
0.004148731
0.0041139327
0.0040834787
0.0040564683
0.0040318301
0.0040083497
0.0039847167
0.0039595913
0.0039316848
0.0038998477
0.0038631335
0.0038208869
0.0037728071
0.0037188935
0.0036593678
0.0035946347
0.0035252322
0.0034517573
0.0033748032
0.0032949191
0.0032125862
0.0031282072
0.0030421001
0.0029544982
0.0028655546
0.0027753512
0.0026839085
0.0025911981
0.0024971691
0.0024017781
0.0023049937
0.002206779
0.0021070837
0.0020058653
0.0019031049
0.0017988038
0.0016929835
0.0015856989
0.0014770419
0.0013671314
0.0012561439
0.0011442897
0.0010318481
0.00091901388
0.00080612229
0.00069246338
0.00057688918
0.00045140138
0.00029588301
0.000105478
0.0097908258
0.009724185
0.0096536078
0.0095783246
0.0094979455
0.0094123852
0.0093216976
0.009225939
0.0091251738
0.0090195155
0.0089091325
0.0087942321
0.0086750475
0.008551834
0.0084248678
0.0082944443
0.0081608761
0.0080244917
0.0078856342
0.0077446603
0.0076019394
0.0074578514
0.007312785
0.0071671347
0.0070212983
0.0068756736
0.0067306551
0.0065866313
0.0064439814
0.0063030728
0.0061642595
0.0060278801
0.0058942573
0.0057636977
0.005636492
0.0055129159
0.0053932314
0.005277688
0.0051665242
0.0050599677
0.0049582359
0.0048615346
0.0047700547
0.0046839676
0.0046034177
0.0045285119
0.0044593065
0.0043957918
0.004337874
0.0042853564
0.0042379214
0.0041951152
0.0041563366
0.0041208351
0.0040877178
0.0040559707
0.0040244938
0.0039921514
0.0039578341
0.0039205268
0.0038793708
0.0038337232
0.0037832033
0.0037276828
0.0036672409
0.0036021254
0.003532714
0.0034594611
0.0033828443
0.0033033253
0.0032213239
0.0031372028
0.0030512581
0.0029637161
0.0028747339
0.0027844051
0.0026927682
0.0025998172
0.0025055211
0.0024098461
0.0023127626
0.0022142379
0.0021142299
0.0020127001
0.0019096282
0.0018050124
0.0016988696
0.0015912438
0.0014822103
0.0013718705
0.0012603656
0.0011478622
0.0010345564
0.00092055879
0.00080591374
0.00068984528
0.00057012765
0.00044074725
0.00028200561
0.00010791163
0.0094671316
0.0094103656
0.0093503
0.0092863312
0.009218095
0.0091454631
0.0090684525
0.0089870964
0.0089014312
0.0088115277
0.0087174986
0.0086194845
0.0085176424
0.0084121411
0.0083031607
0.008190892
0.0080755361
0.0079573047
0.0078364218
0.0077131246
0.0075876651
0.0074603107
0.0073313446
0.0072010653
0.0070697857
0.0069378311
0.0068055375
0.0066732484
0.0065413118
0.0064100779
0.0062798951
0.0061511078
0.0060240539
0.0058990623
0.0057764517
0.0056565289
0.0055395887
0.0054259124
0.005315768
0.0052094093
0.005107075
0.0050089869
0.004915347
0.0048263336
0.0047420954
0.0046627438
0.0045883432
0.0045188994
0.0044543469
0.0043945348
0.0043392137
0.0042880242
0.0042404888
0.0041960094
0.0041538728
0.004113265
0.0040732965
0.0040330383
0.0039915674
0.0039480168
0.0039016262
0.0038517871
0.0037980772
0.0037402694
0.003678314
0.003612312
0.0035424855
0.0034691416
0.0033926311
0.0033133139
0.0032315331
0.0031475974
0.0030617689
0.0029742567
0.0028852141
0.0027947412
0.0027028903
0.0026096743
0.0025150803
0.0024190852
0.0023216636
0.0022227866
0.0021224192
0.0020205275
0.0019170895
0.0018120994
0.0017055676
0.0015975255
0.0014880291
0.0013771559
0.0012650073
0.0011516959
0.0010373251
0.00092190048
0.0008051919
0.00068633297
0.00056239114
0.00042931302
0.00026841762
0.00010762643
0.0091219709
0.0090748005
0.0090248899
0.0089716855
0.0089149076
0.0088544418
0.008790281
0.0087224362
0.008650928
0.0085758061
0.0084971518
0.0084150648
0.0083296526
0.0082410269
0.0081493013
0.0080545916
0.0079570158
0.0078566955
0.0077537582
0.0076483403
0.0075405901
0.0074306702
0.0073187601
0.0072050572
0.0070897785
0.0069731596
0.0068554551
0.0067369362
0.0066178892
0.0064986129
0.0063794154
0.0062606115
0.0061425193
0.0060254571
0.0059097409
0.0057956817
0.0056835828
0.0055737385
0.005466431
0.0053619297
0.0052604882
0.0051623425
0.0050677075
0.004976774
0.0048897033
0.0048066218
0.0047276137
0.0046527127
0.004581893
0.0045150595
0.0044520388
0.0043925704
0.0043363016
0.0042827851
0.0042314822
0.0041817723
0.0041329698
0.0040843485
0.0040351722
0.0039847308
0.0039323773
0.0038775613
0.0038198571
0.003758978
0.003694775
0.0036272245
0.00355641
0.0034824977
0.0034057095
0.0033262945
0.0032445071
0.0031605881
0.0030747525
0.0029871795
0.0028980084
0.0028073371
0.0027152247
0.0026216972
0.0025267558
0.0024303876
0.0023325725
0.0022332856
0.0021324969
0.0020301762
0.0019263003
0.001820858
0.0017138508
0.0016052954
0.0014952253
0.0013836876
0.0012707385
0.0011564276
0.0010407591
0.00092362044
0.00080454709
0.00068259935
0.00055454119
0.00041812449
0.0002562295
0.00010560718
0.0087685677
0.0087300966
0.0086893503
0.0086458535
0.0085993786
0.0085498111
0.0084971298
0.0084413396
0.0083824585
0.0083205293
0.0082556195
0.0081878086
0.0081171789
0.0080438101
0.007967777
0.0078891489
0.0078079896
0.0077243591
0.0076383162
0.0075499221
0.0074592439
0.0073663586
0.0072713566
0.0071743441
0.007075446
0.0069748071
0.0068725933
0.0067689909
0.0066642063
0.0065584645
0.006452007
0.0063450892
0.0062379781
0.0061309488
0.006024282
0.0059182608
0.0058131677
0.005709282
0.0056068766
0.0055062159
0.0054075528
0.0053111254
0.0052171548
0.0051258407
0.0050373577
0.0049518505
0.0048694285
0.0047901598
0.0047140647
0.004641109
0.0045711976
0.0045041685
0.004439789
0.0043777542
0.0043176878
0.0042591488
0.0042016412
0.0041446293
0.0040875581
0.0040298764
0.0039710621
0.003910647
0.0038482376
0.0037835303
0.0037163179
0.0036464873
0.0035740118
0.0034989377
0.0034213674
0.0033414408
0.0032593172
0.0031751603
0.0030891252
0.0030013487
0.0029119432
0.0028209932
0.0027285546
0.0026346577
0.0025393117
0.0024425106
0.0023442389
0.002244475
0.0021431923
0.0020403627
0.0019359613
0.0018299704
0.0017223807
0.0016131917
0.0015024113
0.0013900512
0.0012761174
0.0011605909
0.0010433772
0.00092424845
0.00080257079
0.00067739082
0.00054553879
0.00040630594
0.00024446342
0.00010134523
0.0084067142
0.0083760552
0.008343532
0.0083087156
0.0082714242
0.0082315482
0.0081890554
0.008143945
0.0080962349
0.0080459672
0.0079932047
0.0079380199
0.0078804846
0.0078206649
0.0077586171
0.0076943869
0.0076280085
0.0075595057
0.0074888952
0.0074161892
0.0073413996
0.0072645421
0.0071856399
0.0071047277
0.0070218544
0.006937086
0.0068505071
0.0067622222
0.0066723558
0.006581052
0.0064884738
0.0063948016
0.0063002306
0.0062049698
0.0061092384
0.0060132641
0.0059172801
0.0058215226
0.0057262281
0.0056316308
0.00553796
0.0054454377
0.0053542749
0.005264669
0.0051767994
0.0050908235
0.0050068725
0.0049250463
0.004845409
0.0047679837
0.0046927483
0.0046196307
0.0045485067
0.0044791976
0.0044114714
0.0043450456
0.0042795928
0.00421475
0.0041501301
0.0040853363
0.0040199786
0.0039536891
0.0038861383
0.0038170467
0.0037461936
0.0036734206
0.0035986304
0.0035217821
0.0034428824
0.0033619754
0.0032791305
0.0031944317
0.0031079672
0.0030198205
0.0029300648
0.0028387577
0.0027459396
0.0026516334
0.0025558464
0.0024585732
0.0023597991
0.0022595028
0.0021576582
0.0020542368
0.0019492106
0.0018425541
0.0017342456
0.0016242654
0.0015125929
0.0013992018
0.0012840463
0.0011670392
0.0010479992
0.00092660779
0.00080214633
0.00067373621
0.00053853696
0.00039708314
0.00023596942
9.8022579e-05
0.0080348792
0.008011103
0.0079858491
0.0079587204
0.0079295638
0.0078982624
0.0078647642
0.0078290556
0.0077911491
0.0077510841
0.0077089194
0.0076647236
0.0076185646
0.0075705042
0.007520593
0.0074688682
0.0074153525
0.0073600544
0.00730297
0.0072440863
0.0071833846
0.0071208441
0.0070564461
0.0069901777
0.0069220353
0.0068520271
0.0067801759
0.0067065206
0.0066311171
0.0065540387
0.0064753761
0.0063952364
0.0063137422
0.0062310302
0.006147249
0.0060625577
0.0059771234
0.0058911195
0.0058047241
0.0057181188
0.005631488
0.0055450169
0.0054588878
0.0053732776
0.0052883531
0.0052042683
0.0051211604
0.0050391456
0.0049583155
0.0048787329
0.004800429
0.0047234003
0.0046476074
0.0045729731
0.0044993826
0.0044266846
0.0043546943
0.0042831978
0.0042119584
0.0041407246
0.0040692385
0.0039972461
0.0039245062
0.0038507993
0.0037759344
0.0036997541
0.0036221365
0.003542995
0.0034622758
0.003379953
0.0032960234
0.0032104994
0.0031234036
0.0030347619
0.0029445993
0.0028529354
0.0027597821
0.0026651422
0.0025690092
0.0024713682
0.0023721976
0.0022714705
0.0021691563
0.0020652217
0.0019596321
0.0018523523
0.0017433468
0.0016325745
0.0015199845
0.0014055122
0.0012890638
0.0011704923
0.001049552
0.00092587594
0.00079874937
0.00066745162
0.00052960356
0.00038663997
0.00022680035
9.2991229e-05
0.007671232
0.0076528692
0.0076333541
0.0076123534
0.0075897296
0.0075653615
0.0075391896
0.0075111933
0.0074813794
0.007449781
0.0074164514
0.0073814543
0.0073448541
0.0073067094
0.0072670678
0.0072259629
0.0071834121
0.0071394167
0.007093963
0.0070470247
0.0069985657
0.0069485438
0.006896914
0.0068436322
0.0067886587
0.0067319607
0.0066735149
0.0066133096
0.0065513455
0.0064876369
0.0064222117
0.0063551112
0.00628639
0.0062161169
0.0061443754
0.0060712638
0.0059968915
0.0059213722
0.0058448261
0.005767386
0.0056892022
0.0056104392
0.0055312617
0.0054518217
0.0053722566
0.0052926895
0.0052132285
0.0051339672
0.005054982
0.0049763299
0.0048980481
0.004820154
0.0047426457
0.0046655027
0.004588685
0.0045121341
0.0044357734
0.0043595099
0.0042832358
0.0042068318
0.0041301695
0.004053116
0.0039755378
0.0038973046
0.0038182936
0.0037383926
0.003657502
0.0035755361
0.0034924232
0.0034081041
0.0033225307
0.003235664
0.0031474726
0.00305793
0.0029670128
0.0028746985
0.0027809635
0.0026857818
0.0025891236
0.0024909557
0.0023912415
0.0022899419
0.0021870158
0.0020824203
0.0019761108
0.0018680405
0.0017581582
0.0016463995
0.0015326867
0.001416923
0.0012989766
0.0011786634
0.0010557066
0.00092973577
0.00080010262
0.00066628869
0.00052635902
0.00038240037
0.00022358526
9.1880909e-05
0.0072885073
0.007275477
0.0072614258
0.0072460132
0.0072291212
0.0072106371
0.0071905054
0.007168714
0.0071452836
0.0071202634
0.0070937232
0.0070657432
0.0070364056
0.0070057871
0.0069739526
0.0069409511
0.0069068131
0.0068715502
0.0068351551
0.0067976036
0.0067588572
0.0067188663
0.0066775734
0.0066349166
0.0065908332
0.0065452617
0.0064981445
0.0064494292
0.0063990699
0.0063470352
0.0062932884
0.0062377754
0.0061804382
0.0061212148
0.0060600265
0.0059968377
0.0059317193
0.0058648291
0.0057964304
0.0057268218
0.0056562564
0.0055849758
0.0055131763
0.0054409913
0.0053685162
0.0052958067
0.0052228832
0.0051497381
0.0050763424
0.0050026545
0.0049286301
0.0048542261
0.0047794029
0.0047041256
0.0046283649
0.0045520978
0.0044753074
0.0043979813
0.0043201091
0.0042416803
0.0041626817
0.0040830956
0.0040028985
0.0039220607
0.0038405471
0.0037583172
0.0036753253
0.0035915206
0.0035068465
0.0034212404
0.0033346357
0.0032469637
0.0031581558
0.003068145
0.0029768674
0.0028842634
0.0027902776
0.0026948575
0.002597951
0.002499507
0.0023994748
0.0022978041
0.0021944447
0.0020893458
0.0019824543
0.0018737129
0.0017630562
0.0016504077
0.001535677
0.0014187495
0.0012994741
0.0011776551
0.0010530171
0.00092521961
0.00079370896
0.00065814713
0.00051696486
0.00037263019
0.00021546048
8.695687e-05
0.0069353243
0.0069254149
0.0069154562
0.0069051693
0.0068942571
0.0068824567
0.0068695973
0.0068555572
0.0068402561
0.0068236593
0.0068057698
0.0067866167
0.0067662473
0.0067447201
0.0067220897
0.0066984015
0.0066736948
0.0066480038
0.006621354
0.0065937582
0.006565216
0.0065357136
0.006505228
0.006473731
0.0064411915
0.0064075754
0.00637285
0.0063369849
0.0063002092
0.0062626568
0.0062237476
0.0061827385
0.0061389879
0.0060908965
0.006036791
0.0059769147
0.005911423
0.0058414718
0.0057701868
0.0056981618
0.0056257067
0.0055546417
0.0054851508
0.0054165767
0.0053485445
0.00528069
0.0052127893
0.0051447061
0.0050762352
0.0050071429
0.0049372467
0.0048664213
0.0047945794
0.0047216589
0.0046476237
0.0045724734
0.004496244
0.0044189955
0.0043408025
0.0042617535
0.0041819385
0.0041014364
0.0040203148
0.0039386248
0.0038563985
0.0037736504
0.003690377
0.0036065533
0.0035221236
0.0034369981
0.003351065
0.003264205
0.0031762971
0.0030872224
0.0029968668
0.0029051243
0.0028119008
0.0027171121
0.0026206825
0.0025225447
0.0024226394
0.002320914
0.0022173206
0.002111813
0.0020043435
0.0018948591
0.0017832981
0.0016695915
0.0015536514
0.001435364
0.0013145813
0.0011911151
0.0010647154
0.00093509747
0.00080180489
0.00066464757
0.00052223063
0.00037714865
0.0002193839
8.9547095e-05
0.0065242005
0.006500771
0.0064770617
0.0064533399
0.0064296921
0.0064065813
0.0063844484
0.0063636066
0.0063442439
0.0063264071
0.0063100207
0.0062948886
0.0062807919
0.0062673616
0.0062540735
0.0062406157
0.0062268593
0.0062126269
0.0061977093
0.0061820129
0.0061653229
0.0061472912
0.0061279514
0.006107432
0.0060856659
0.006062593
0.0060382634
0.0060128066
0.005985999
0.005957518
0.0059272898
0.0058952163
0.0058611209
0.0058248638
0.0057863387
0.0057454321
0.0057021229
0.0056565067
0.0056087068
0.0055588781
0.0055072756
0.005454104
0.0053994091
0.0053431093
0.0052851325
0.0052255192
0.0051643416
0.0051015985
0.0050372067
0.0049710488
0.0049029885
0.0048329327
0.0047608561
0.0046867682
0.004610739
0.0045329275
0.0044535873
0.0043729859
0.0042913572
0.0042089575
0.00412604
0.0040428231
0.0039595101
0.0038762612
0.0037931906
0.0037103465
0.0036277141
0.0035452034
0.0034626397
0.0033798064
0.0032965011
0.0032125255
0.0031276743
0.0030417501
0.0029545745
0.0028659837
0.002775823
0.00268395
0.0025902418
0.0024946001
0.0023969499
0.0022972355
0.0021954143
0.0020914508
0.0019853099
0.0018769522
0.0017663289
0.0016533779
0.0015380194
0.0014201506
0.0012996409
0.0011763291
0.0010500077
0.00092045523
0.00078731325
0.00065051609
0.00050890659
0.00036526619
0.00021055113
8.4866831e-05
0.0063146357
0.0062796323
0.0062451295
0.0062113235
0.0061778819
0.0061448378
0.0061123894
0.0060807515
0.0060503387
0.0060217382
0.0059952617
0.0059710931
0.0059496849
0.0059310891
0.0059150318
0.0059012557
0.0058889983
0.0058779133
0.0058684943
0.0058609227
0.0058547061
0.0058493621
0.0058442672
0.005838625
0.0058320665
0.0058245609
0.0058157502
0.0058049963
0.005791998
0.0057766658
0.0057588627
0.0057384217
0.005715218
0.0056891719
0.0056602513
0.005628475
0.0055939132
0.0055566899
0.0055168783
0.005474518
0.0054297695
0.0053829152
0.0053343094
0.005284316
0.0052333405
0.0051819487
0.0051302953
0.0050775929
0.0050226903
0.0049638274
0.0048999094
0.0048320977
0.0047611076
0.0046860319
0.0046065315
0.0045245439
0.0044422559
0.0043590943
0.0042744108
0.0041892172
0.0041038176
0.0040182983
0.003933145
0.0038486914
0.0037652796
0.0036833836
0.0036035806
0.0035255838
0.003448128
0.0033701002
0.0032910921
0.0032109733
0.0031295793
0.0030467332
0.0029622935
0.0028761323
0.0027881082
0.0026980739
0.0026058997
0.0025114861
0.0024147677
0.0023157069
0.0022142854
0.0021104944
0.0020043261
0.0018957661
0.0017847889
0.0016713544
0.0015554044
0.0014368602
0.0013156175
0.0011915458
0.0010644711
0.00093420492
0.00080040665
0.00066299488
0.00052066292
0.00037591882
0.00021869431
8.895074e-05
0.0060075531
0.0059812057
0.0059562123
0.0059321398
0.0059084287
0.0058848334
0.0058612789
0.0058377754
0.0058143871
0.0057911929
0.0057683205
0.0057459807
0.0057243714
0.0057035992
0.0056836957
0.0056646966
0.00564661
0.0056293285
0.0056127292
0.0055967338
0.0055812622
0.0055662089
0.0055514333
0.0055367151
0.0055218112
0.0055065501
0.0054907705
0.0054742775
0.0054568497
0.0054382654
0.0054183056
0.0053967514
0.0053733853
0.0053479986
0.0053203968
0.0052904047
0.0052578694
0.0052226622
0.0051846833
0.0051438692
0.0051002007
0.0050537065
0.0050044591
0.0049525654
0.0048981555
0.0048413569
0.0047822699
0.0047209871
0.0046576029
0.0045921916
0.0045248608
0.0044556991
0.0043846748
0.0043117187
0.0042369003
0.0041604873
0.0040827952
0.0040042146
0.0039253641
0.0038469031
0.0037693642
0.0036932143
0.0036188363
0.0035465146
0.0034764196
0.0034085285
0.003342611
0.0032783065
0.003215214
0.0031525305
0.0030889452
0.0030232777
0.0029549875
0.0028841204
0.0028107972
0.0027349982
0.0026566249
0.0025755847
0.0024918124
0.0024052639
0.0023159128
0.0022237509
0.0021287864
0.0020310363
0.0019305191
0.0018272486
0.0017212301
0.0016124583
0.0015009175
0.0013865813
0.001269414
0.0011493728
0.0010264115
0.00090048825
0.00077156835
0.00063966642
0.00050474861
0.00036737473
0.00022571484
9.6782349e-05
)
;

boundaryField
{
    inlet
    {
        type            zeroGradient;
    }
    top
    {
        type            zeroGradient;
    }
    outlet
    {
        type            fixedValue;
        value           uniform 0;
    }
    slipsurface
    {
        type            slip;
    }
    bottom
    {
        type            zeroGradient;
    }
    frontandback
    {
        type            empty;
    }
}


// ************************************************************************* //
