/*--------------------------------*- C++ -*----------------------------------*\
| =========                 |                                                 |
| \\      /  F ield         | OpenFOAM: The Open Source CFD Toolbox           |
|  \\    /   O peration     | Version:  2206                                  |
|   \\  /    A nd           | Website:  www.openfoam.com                      |
|    \\/     M anipulation  |                                                 |
\*---------------------------------------------------------------------------*/
FoamFile
{
    version     2.0;
    format      ascii;
    arch        "LSB;label=32;scalar=64";
    class       volScalarField;
    location    "800";
    object      p;
}
// * * * * * * * * * * * * * * * * * * * * * * * * * * * * * * * * * * * * * //

dimensions      [0 2 -2 0 0 0 0];

internalField   nonuniform List<scalar> 
3000
(
0.307111928773
0.307255992643
0.30754033631
0.307928284498
0.3083950753
0.308921054599
0.309490151146
0.310089063203
0.310706733959
0.31133397235
0.311963163044
0.312588036002
0.313203477536
0.313805371361
0.314390462163
0.314956236735
0.315500819425
0.316022879787
0.316521550995
0.316996356155
0.317447134159
0.317873964955
0.318277162773
0.31865744319
0.319015955558
0.319353378624
0.319669692226
0.319969703435
0.320261701544
0.32050401073
0.280209345565
0.280126042336
0.279957789859
0.279725709569
0.27944239302
0.279118156419
0.278761647281
0.278380339817
0.277980813491
0.277568902963
0.277149782782
0.276728017887
0.276307597692
0.275891964123
0.275484039304
0.275086255553
0.27470058865
0.274328594602
0.273971450298
0.273629994551
0.27330474851
0.272995891896
0.272703302979
0.272427017562
0.272168281886
0.271930696298
0.27172173345
0.271555530051
0.271449149498
0.271402417983
0.257730258618
0.257697751402
0.257632516255
0.25754657721
0.257447068615
0.257340007752
0.257230028105
0.257120636609
0.2570143751
0.256912977118
0.256817521173
0.256728571128
0.256646300119
0.25657059674
0.256501153488
0.256437538428
0.256379251577
0.256325767516
0.256276565952
0.256231153579
0.256189079257
0.256149941564
0.256113426624
0.256079489884
0.256048679283
0.256022240742
0.256001659718
0.255987550059
0.255978260536
0.255971619407
0.251474617083
0.251482031316
0.251496218152
0.251515705212
0.251537747666
0.25156070929
0.251583182673
0.251604112974
0.251622740223
0.251638560661
0.251651290164
0.251660826544
0.251667213022
0.251670604083
0.251671234524
0.251669392325
0.251665395788
0.251659574645
0.251652253681
0.251643739355
0.251634317242
0.251624274515
0.251613962843
0.251603904425
0.251594870151
0.251587731285
0.251582919919
0.251579815134
0.251577146041
0.251574834845
0.247152251411
0.247144989259
0.247129740772
0.247109254202
0.247084263879
0.247056079104
0.247025610748
0.246993688119
0.246961024064
0.246928225875
0.246895801154
0.246864162529
0.246833633955
0.246804458472
0.246776807074
0.246750788234
0.246726457712
0.246703827943
0.246682875471
0.246663547727
0.246645781215
0.246629551728
0.246614960752
0.246602310332
0.246592049116
0.246584486398
0.246579422648
0.246576114116
0.24657372946
0.246572011914
0.240224632988
0.240219246289
0.240207435297
0.24019202075
0.240173901374
0.240154371182
0.240134173398
0.240113928923
0.240094077361
0.24007492357
0.240056666653
0.240039424494
0.240023254635
0.240008171086
0.239994157538
0.239981177482
0.239969181767
0.239958114024
0.239947914393
0.239938524273
0.239929900427
0.23992204725
0.239915059969
0.23990913564
0.239904477232
0.239901101706
0.239898749885
0.239897011341
0.239895529279
0.239894329324
0.233574424596
0.233573793162
0.233571588743
0.233569019017
0.233565759233
0.233562135726
0.233558146244
0.233553887323
0.233549418636
0.233544795758
0.233540068545
0.233535281788
0.233530475853
0.233525686845
0.233520946687
0.233516283157
0.233511719856
0.233507276298
0.233502969172
0.233498817648
0.233494855947
0.233491151648
0.233487818804
0.233484996794
0.233482767639
0.23348107484
0.233479747761
0.233478583823
0.233477435478
0.23347644451
0.228035478669
0.228034435741
0.228031668224
0.228028323517
0.228024111906
0.228019418954
0.228014289821
0.228008876895
0.228003275265
0.227997572718
0.22799184234
0.227986144489
0.227980528314
0.227975033013
0.227969689127
0.227964519747
0.227959541508
0.22795476568
0.227950201266
0.227945863615
0.227941789601
0.227938053218
0.227934766169
0.227932037773
0.22792989957
0.227928270674
0.227926999418
0.227925918568
0.227924902325
0.227924052494
0.222931021427
0.222929556382
0.2229259859
0.222921532133
0.222916062359
0.222910066739
0.222903653242
0.222897025599
0.222890303472
0.222883591429
0.222876968369
0.222870494262
0.222864213738
0.222858158991
0.222852352253
0.222846807778
0.222841533378
0.222836532201
0.222831807171
0.222827371377
0.222823263668
0.222819561061
0.222816369117
0.222813771308
0.222811766347
0.222810258314
0.222809101356
0.222808146151
0.222807278357
0.222806567022
0.217970562181
0.217969459623
0.217966610071
0.217963090688
0.217958729532
0.217953955179
0.217948823275
0.217943506009
0.217938092805
0.217932669725
0.217927300925
0.217922036607
0.217916915034
0.21791196463
0.217907205782
0.217902652283
0.217898312592
0.217894191901
0.217890297337
0.217886648114
0.217883288123
0.217880292033
0.217877747196
0.217875704687
0.217874138024
0.2178729514
0.217872023229
0.217871239286
0.217870514347
0.21786991436
0.213214408284
0.213213581102
0.213211321189
0.213208582487
0.213205153588
0.213201407497
0.213197360036
0.213193158314
0.21318886672
0.213184555564
0.21318027551
0.213176067303
0.213171962284
0.213167984087
0.213164149992
0.213160472015
0.213156958086
0.213153614536
0.21315045184
0.213147493762
0.213144786336
0.213142397743
0.213140394949
0.213138802163
0.213137578429
0.213136636041
0.213135878555
0.213135220297
0.213134598404
0.213134078229
0.208688935938
0.208688208361
0.208686187854
0.208683759598
0.208680709465
0.208677386824
0.20867379405
0.208670069867
0.208666267117
0.208662449783
0.208658661744
0.208654938925
0.208651308667
0.208647791533
0.208644402485
0.208641151882
0.208638046803
0.208635094085
0.208632306437
0.208629710661
0.20862735375
0.208625297696
0.208623593275
0.208622246499
0.208621209206
0.208620401823
0.208619744474
0.208619167652
0.208618620145
0.208618161631
0.204353672628
0.204353016529
0.204351165114
0.204348949411
0.204346159215
0.20434312593
0.204339843745
0.204336445501
0.204332976059
0.20432949563
0.20432604355
0.204322652792
0.204319348163
0.204316148313
0.204313066753
0.204310112839
0.204307293327
0.204304615888
0.204302095309
0.204299760651
0.204297658779
0.204295845019
0.20429435641
0.204293186114
0.204292282953
0.204291575053
0.204290994409
0.204290482554
0.204289996267
0.204289589198
0.200174227028
0.200173651585
0.200171982554
0.20016999936
0.2001674921
0.200164772251
0.200161825048
0.200158775789
0.200155661209
0.200152537192
0.200149438318
0.200146394507
0.200143427989
0.200140555557
0.200137789365
0.20013513794
0.200132607984
0.200130208204
0.200127955247
0.200125879575
0.200124026414
0.200122443324
0.200121155029
0.20012014552
0.20011936362
0.200118745392
0.200118233133
0.200117777915
0.200117343619
0.200116979511
0.196135340484
0.196134837102
0.196133332412
0.196131559763
0.196129309057
0.196126873018
0.196124229284
0.196121495818
0.196118702184
0.196115900212
0.196113120116
0.196110389044
0.196107726854
0.196105148655
0.196102665388
0.196100284902
0.196098014015
0.196095862508
0.196093848573
0.196092003352
0.196090369426
0.196088986395
0.196087868614
0.196086993972
0.196086313114
0.196085769574
0.196085314365
0.19608490641
0.196084515377
0.196084186931
0.192225769626
0.19222532263
0.192223949276
0.192222343765
0.192220297491
0.192218087275
0.192215685474
0.192213203918
0.192210666588
0.192208122098
0.192205597133
0.192203116656
0.192200698597
0.192198356709
0.192196100951
0.192193938697
0.192191877016
0.192189926721
0.192188107247
0.192186449883
0.192184994058
0.192183771918
0.192182789535
0.192182021019
0.192181419633
0.192180935379
0.19218052624
0.192180157208
0.192179802345
0.192179503941
0.188433312636
0.188432911946
0.18843164763
0.188430179977
0.188428302851
0.188426279212
0.188424077621
0.188421804549
0.188419479509
0.188417148428
0.188414835064
0.188412562592
0.188410347323
0.188408201889
0.188406135448
0.188404155057
0.188402268136
0.188400486449
0.188398830379
0.188397330886
0.188396023897
0.188394934766
0.188394063058
0.188393380751
0.188392844048
0.188392408522
0.188392037798
0.188391701674
0.18839137767
0.188391104999
0.184747007218
0.184746647061
0.184745478545
0.184744131739
0.184742403127
0.184740543077
0.184738517158
0.184736426871
0.184734287955
0.184732143918
0.184730015964
0.184727925707
0.184725888032
0.184723914601
0.184722013902
0.184720192797
0.184718459117
0.184716825476
0.184715312921
0.184713951637
0.18471277382
0.184711798722
0.18471102087
0.184710411279
0.184709929208
0.184709535104
0.184709197294
0.184708889535
0.184708592194
0.184708341763
0.181157939919
0.181157615257
0.181156531193
0.181155290701
0.181153692948
0.181151976847
0.181150105622
0.181148176172
0.181146201048
0.181144221562
0.181142256689
0.181140326671
0.181138445133
0.181136622898
0.181134867895
0.181133186893
0.181131588165
0.181130085066
0.18112869904
0.181127459136
0.181126393752
0.18112551677
0.181124818898
0.181124271001
0.181123835355
0.181123476667
0.181123167218
0.181122884045
0.18112260988
0.181122378798
0.177658521717
0.177658227841
0.177657217699
0.177656069969
0.177654586626
0.177652996214
0.177651260195
0.177649471256
0.177647639278
0.177645803599
0.177643981264
0.177642191316
0.177640446274
0.177638756237
0.177637128677
0.177635570358
0.177634089998
0.177632701576
0.177631426707
0.177630293019
0.177629325182
0.177628532448
0.177627902696
0.177627407181
0.177627011058
0.177626682736
0.177626397817
0.177626136069
0.177625882182
0.177625668057
0.174242009639
0.174241742666
0.174240797677
0.174239731437
0.174238348796
0.174236868878
0.174235251836
0.174233586484
0.17423188046
0.174230171312
0.174228474409
0.174226807732
0.174225182827
0.174223609167
0.174222093861
0.174220643728
0.17421926792
0.174217980928
0.174216804324
0.174215764105
0.174214881376
0.174214161445
0.174213590152
0.174213139498
0.174212777332
0.174212475286
0.17421221177
0.174211968837
0.174211732825
0.174211533667
0.170902422971
0.170902179766
0.170901292784
0.170900298893
0.170899005807
0.17089762404
0.170896112771
0.170894557231
0.170892963159
0.170891366459
0.170889781034
0.170888223913
0.170886705781
0.170885235567
0.170883820094
0.170882466285
0.170881183701
0.170879987235
0.17087889822
0.170877940879
0.170877132961
0.170876476459
0.170875955794
0.170875543941
0.170875211243
0.170874932149
0.170874687463
0.170874461178
0.170874241024
0.170874055156
0.167634478385
0.167634256297
0.167633421258
0.167632491977
0.167631278994
0.167629984922
0.167628568234
0.167627110835
0.167625616846
0.167624120656
0.167622634881
0.167621175689
0.167619752999
0.167618375272
0.167617049108
0.16761578157
0.167614582591
0.167613467365
0.167612456813
0.16761157329
0.167610831445
0.167610230507
0.167609753966
0.167609375902
0.167609068958
0.16760881005
0.167608582037
0.167608370564
0.167608164555
0.167607990553
0.164433476058
0.164433272803
0.164432484458
0.1644316131
0.164430472044
0.164429256634
0.164427924849
0.164426555505
0.164425151345
0.164423745351
0.16442234901
0.164420977707
0.164419640679
0.164418345982
0.164417100051
0.164415910109
0.164414786428
0.164413744396
0.164412804379
0.164411986821
0.164411303541
0.164410751488
0.164410313598
0.164409965127
0.164409680823
0.164409439771
0.164409226598
0.164409028372
0.164408835044
0.164408671689
0.161295202614
0.161295016226
0.161294270045
0.161293450849
0.161292374663
0.161291230127
0.161289974895
0.161288684911
0.161287361733
0.161286037043
0.161284721324
0.16128342925
0.16128216945
0.161280949631
0.161279776111
0.161278656286
0.161277600725
0.161276624916
0.161275748543
0.161274990142
0.161274358974
0.161273850128
0.161273446273
0.16127312387
0.161272859584
0.161272634414
0.161272434522
0.161272248202
0.161272066296
0.161271912536
0.158215864024
0.158215692813
0.158214984876
0.158214212866
0.15821319545
0.158212115061
0.158210929166
0.158209711025
0.158208461183
0.158207210109
0.158205967395
0.158204747064
0.158203557201
0.158202405214
0.158201297347
0.15820024117
0.158199247507
0.158198331859
0.158197513123
0.158196807963
0.158196223347
0.158195752862
0.158195379132
0.158195079816
0.15819483333
0.158194622364
0.158194434414
0.158194258842
0.158194087267
0.158193942193
0.155192031806
0.155191874305
0.155191201192
0.15519047204
0.155189508075
0.155188485977
0.155187363128
0.155186210286
0.155185027119
0.155183842962
0.155182666617
0.155181511506
0.155180385231
0.155179294942
0.15517824684
0.155177248672
0.155176311476
0.155175450676
0.155174684304
0.155174027211
0.155173484329
0.155173048042
0.155172701103
0.155172422335
0.155172191756
0.155171993553
0.155171816389
0.155171650561
0.155171488367
0.155171351186
0.152220595671
0.152220450598
0.152219809307
0.152219119218
0.152218204039
0.152217235098
0.15221616978
0.152215076498
0.152213954163
0.152212831051
0.152211715257
0.152210619646
0.152209551391
0.152208517423
0.152207523929
0.152206578823
0.152205693314
0.152204882676
0.152204164015
0.152203550444
0.152203045099
0.152202639418
0.152202316402
0.15220205601
0.152201839711
0.152201653024
0.152201485643
0.15220132868
0.152201175037
0.152201045053
0.14929872326
0.14929858949
0.149297977375
0.14929732301
0.149296452507
0.149295532203
0.149294519555
0.14929348078
0.149292414131
0.149291346891
0.149290286522
0.149289245375
0.149288230239
0.14928724786
0.149286304431
0.149285408026
0.149284569983
0.149283805356
0.149283130279
0.149282556224
0.149282084745
0.149281706553
0.14928140499
0.149281161099
0.149280957673
0.149280781422
0.149280622944
0.149280474077
0.149280328253
0.149280204855
0.146423826606
0.146423703146
0.146423117864
0.146422496273
0.146421666807
0.146420791146
0.146419826869
0.146418838132
0.146417822618
0.146416806675
0.146415797198
0.146414806061
0.146413839709
0.146412904736
0.146412007356
0.14641115579
0.146410361467
0.146409639154
0.146409003992
0.146408465908
0.146408025077
0.146407671659
0.146407389406
0.14640716039
0.146406968616
0.146406801857
0.146406651512
0.146406510061
0.146406371411
0.146406254056
0.143593533742
0.143593419714
0.143592859182
0.143592267745
0.143591476084
0.143590641517
0.143589721791
0.143588779124
0.143587810702
0.143586841993
0.143585879381
0.143584934297
0.143584012882
0.1435831216
0.143582266702
0.143581456541
0.143580702597
0.143580019295
0.143579420772
0.143578915513
0.143578502493
0.143578171476
0.143577906665
0.143577691111
0.143577509923
0.143577351826
0.143577208934
0.143577074298
0.143576942246
0.143576830454
0.140805664338
0.140805558962
0.14080502132
0.140804457703
0.140803700962
0.140802904328
0.140802025745
0.140801125609
0.140800200671
0.140799275573
0.140798356235
0.140797453675
0.140796573766
0.140795722865
0.140794907266
0.140794135444
0.140793418887
0.140792771632
0.140792206813
0.140791731576
0.140791343864
0.140791033162
0.14079078416
0.140790580831
0.140790409291
0.140790259125
0.140790123084
0.140789994727
0.140789868764
0.140789762106
0.13805820873
0.138058111311
0.13805759489
0.138057057006
0.138056332602
0.13805557107
0.138054730578
0.138053869808
0.138052985125
0.138052100394
0.138051221114
0.138050357921
0.138049516448
0.138048702967
0.138047923819
0.138047187582
0.138046505723
0.138045891846
0.138045358094
0.138044910379
0.138044545752
0.138044253529
0.1380440189
0.138043826707
0.138043663991
0.13804352111
0.138043391382
0.138043268828
0.138043148495
0.138043046588
0.135349309818
0.135349219731
0.135348723034
0.135348209008
0.13534751462
0.13534678565
0.135345980507
0.135345156257
0.135344308929
0.135343461651
0.135342619542
0.135341792881
0.135340987087
0.135340208365
0.135339463109
0.135338759982
0.135338110395
0.135337527484
0.135337022423
0.135336599989
0.135336256473
0.135335981104
0.135335759581
0.135335577566
0.135335422943
0.13533528677
0.135335162878
0.135335045697
0.135334930585
0.135334833083
0.132677247365
0.132677164052
0.132676685726
0.132676193869
0.132675527406
0.132674828707
0.132674056443
0.132673266151
0.132672453563
0.132671641113
0.132670833572
0.132670040887
0.132669268291
0.132668521933
0.13266780826
0.132667136008
0.132666516496
0.132665962366
0.132665483848
0.132665084685
0.132664760519
0.132664500561
0.132664291024
0.132664118336
0.132663971157
0.132663841179
0.132663722693
0.1326636105
0.13266350024
0.132663406833
0.130040424315
0.130040347272
0.130039886094
0.130039414881
0.130038774449
0.130038103954
0.130037362335
0.130036603684
0.130035823473
0.130035043478
0.130034268154
0.130033507136
0.130032765494
0.130032049335
0.130031365157
0.130030721754
0.130030130322
0.130029602986
0.13002914907
0.130028771366
0.130028464974
0.130028219146
0.130028020597
0.130027856481
0.130027716167
0.130027591924
0.130027478457
0.130027370906
0.130027265163
0.130027175571
0.127437354813
0.127437283585
0.127436838444
0.127436386494
0.127435770378
0.127435126212
0.127434413211
0.127433684102
0.127432934125
0.127432184433
0.127431439193
0.127430707751
0.12742999503
0.127429307108
0.127428650532
0.127428034136
0.127427468966
0.127426966617
0.127426535537
0.12742617766
0.12742588763
0.127425654784
0.127425466337
0.127425310117
0.12742517615
0.127425057228
0.127424948433
0.127424845209
0.127424743681
0.127424657649
0.124866653683
0.124866587857
0.124866157744
0.1248657238
0.12486513044
0.124864510899
0.124863824675
0.1248631232
0.124862401509
0.124861680165
0.124860963071
0.124860259302
0.124859573657
0.124858912188
0.124858281491
0.124857690424
0.124857149856
0.124856670841
0.124856260993
0.124855921467
0.124855646529
0.124855425638
0.124855246499
0.124855097572
0.124854969487
0.124854855513
0.124854751074
0.124854651892
0.124854554304
0.124854471601
0.122327027152
0.122326966355
0.122326550347
0.122326133267
0.12232556124
0.122324964772
0.122324303645
0.122323628066
0.122322932886
0.122322238108
0.122321547394
0.122320869566
0.122320209314
0.122319572672
0.122318966283
0.12231839901
0.122317881524
0.122317424332
0.122317034252
0.12231671174
0.122316450749
0.122316240893
0.122316070349
0.122315928173
0.12231580555
0.122315696187
0.122315595818
0.122315500418
0.122315406521
0.122315326937
0.119817264646
0.119817208537
0.119816805791
0.119816404531
0.119815852536
0.119815277724
0.11981464016
0.119813988889
0.119813318597
0.119812648758
0.119811982809
0.11981132934
0.119810692945
0.119810079646
0.119809496127
0.119808951241
0.119808455442
0.119808018686
0.119807647041
0.119807340326
0.119807092249
0.119806892597
0.119806730008
0.119806594095
0.119806476555
0.119806371498
0.119806274939
0.119806183085
0.11980609265
0.119806015992
0.117336231502
0.117336179769
0.117335789514
0.117335403118
0.117334869965
0.117334315511
0.117333700105
0.117333071686
0.117332424797
0.117331778406
0.117331135746
0.117330505188
0.117329891244
0.117329299928
0.117328737961
0.117328214171
0.117327738773
0.11732732118
0.117326966747
0.117326674726
0.117326438626
0.117326248429
0.117326093218
0.117325963125
0.117325850327
0.117325749297
0.11732565631
0.117325567786
0.117325480603
0.117325406696
0.114882862486
0.114882814846
0.114882436371
0.114882063963
0.114881548558
0.114881013271
0.114880418733
0.114879811834
0.114879186983
0.114878562672
0.114877941945
0.11487733297
0.114876740187
0.114876169606
0.114875627979
0.114875124095
0.114874667916
0.114874268313
0.114873929972
0.114873651637
0.114873426665
0.114873245246
0.11487309689
0.114872972219
0.11487286385
0.114872766594
0.114872676962
0.114872591569
0.114872507448
0.114872436129
0.112456156003
0.112456112195
0.112455744847
0.112455385621
0.112454886959
0.112454369744
0.112453794888
0.112453208281
0.112452604215
0.112452000727
0.112451400687
0.112450812072
0.112450239264
0.11244968827
0.112449165867
0.112448680792
0.112448242737
0.112447860043
0.112447536767
0.112447271198
0.112447056582
0.112446883326
0.112446741351
0.11244662174
0.112446517516
0.112446423803
0.112446337326
0.112446254883
0.112446173647
0.112446104768
0.110055168911
0.110055128697
0.110054771872
0.110054425087
0.110053942241
0.11005344209
0.110052885822
0.110052318376
0.110051733939
0.110051150115
0.110050569613
0.110050000235
0.110049446309
0.110048913844
0.110048409635
0.110047942353
0.11004752141
0.110047154626
0.11004684547
0.110046591825
0.110046386862
0.11004622121
0.110046085186
0.110045970304
0.110045869968
0.110045779584
0.110045696081
0.110045616421
0.110045537907
0.110045471331
0.107679011869
0.107678975028
0.107678628171
0.107678293141
0.107677825255
0.107677341236
0.107676802547
0.107676253219
0.107675687344
0.107675122114
0.107674560091
0.107674008911
0.107673472859
0.107672957945
0.107672470977
0.107672020547
0.107671615778
0.107671263981
0.107670968074
0.107670725583
0.10767052963
0.107670371074
0.107670240609
0.107670130156
0.107670033468
0.10766994622
0.107669865522
0.10766978849
0.107669712549
0.107669648151
0.105326845146
0.105326811476
0.10532647407
0.105326150162
0.105325696444
0.105325227697
0.105324705653
0.105324173478
0.105323625178
0.105323077553
0.105322533027
0.105321999086
0.105321479976
0.105320981708
0.105320511098
0.105320076647
0.10531968718
0.105319349514
0.105319066054
0.105318834009
0.10531864648
0.105318494554
0.105318369291
0.105318262991
0.105318169736
0.105318085445
0.105318007396
0.10531793285
0.105317859344
0.105317797005
0.102997874843
0.102997844157
0.102997515724
0.102997202352
0.102996762068
0.102996307795
0.102995801531
0.102995285615
0.102994753974
0.102994223038
0.102993695102
0.102993177511
0.102992674479
0.102992192019
0.102991736947
0.102991317661
0.102990942685
0.102990618357
0.102990346604
0.102990124354
0.10298994471
0.102989798991
0.102989678602
0.102989576203
0.102989486181
0.102989404681
0.102989329139
0.102989256947
0.102989185747
0.102989125361
0.100691349475
0.1006913216
0.100691001696
0.100690698317
0.100690270785
0.100689830246
0.100689338958
0.100688838471
0.100688322642
0.100687807543
0.100687295356
0.10068679329
0.100686305533
0.100685838102
0.100685397806
0.10068499293
0.10068463169
0.100684319963
0.100684059231
0.100683846177
0.100683673924
0.100683534022
0.100683418209
0.100683319479
0.100683232506
0.100683153646
0.100683080477
0.100683010516
0.100682941504
0.10068288297
0.0984065568754
0.0984065316507
0.098406219862
0.0984059259706
0.0984055105579
0.0984050830657
0.0984046060068
0.0984041201773
0.0984036193706
0.0984031193197
0.098402622097
0.0984021347902
0.098401661565
0.0984012084375
0.0984007822064
0.0984003910329
0.0984000428256
0.098399743014
0.0983994926685
0.0983992882581
0.0983991229433
0.0983989885019
0.0983988769878
0.0983987817148
0.0983986976218
0.0983986212598
0.0983985503421
0.0983984824992
0.0983984155644
0.0983983587883
0.0961428213813
0.096142798659
0.0961424946006
0.0961422097264
0.0961418058428
0.0961413907569
0.0961409272322
0.0961404553426
0.0961399688238
0.0961394830848
0.0961390000985
0.0961385268379
0.0961380674502
0.0961376279514
0.096137215122
0.0961368369915
0.0961365011588
0.0961362126245
0.0961359720773
0.0961357758008
0.096135617006
0.0961354876964
0.0961353802289
0.0961352882164
0.0961352068467
0.0961351328526
0.0961350640717
0.0961349982412
0.0961349332807
0.0961348781764
0.0938995012764
0.0938994809187
0.0938991842311
0.093898907936
0.0938985150315
0.0938981117552
0.0938976611163
0.0938972024975
0.0938967295816
0.0938962574689
0.0938957880399
0.093895328161
0.0938948819642
0.0938944554638
0.0938940554165
0.0938936897112
0.0938933656382
0.0938930877863
0.0938928564914
0.0938926678772
0.0938925152172
0.0938923907369
0.0938922870829
0.09389219815
0.0938921193586
0.0938920476113
0.0938919808609
0.0938919169446
0.0938918538627
0.0938918003493
0.0916759864566
0.0916759683352
0.0916756786824
0.0916754105577
0.0916750281186
0.0916746360949
0.0916741977365
0.0916737517638
0.0916732918114
0.0916728326849
0.0916723761794
0.0916719290621
0.0916714954524
0.0916710813615
0.0916706935159
0.0916703396571
0.0916700267681
0.0916697590436
0.0916695364934
0.091669355105
0.0916692082239
0.0916690882941
0.0916689882383
0.0916689022174
0.0916688258702
0.0916687562571
0.0916686914384
0.0916686293445
0.0916685680519
0.0916685160539
0.0894716962983
0.089471680294
0.0894713973616
0.0894711370252
0.0894707645711
0.0894703832794
0.0894699566356
0.089469522725
0.0894690751384
0.0894686283997
0.0894681842255
0.0894677492902
0.0894673277029
0.0894669254702
0.0894665492824
0.089466206727
0.0894659044825
0.0894656463668
0.0894654320893
0.0894652575219
0.0894651160908
0.0894650004537
0.0894649037971
0.0894648205333
0.0894647465055
0.0894646789218
0.0894646159425
0.0894645555854
0.0894644959987
0.0894644454455
0.0872860777086
0.08728606371
0.0872857872035
0.0872855342979
0.0872851713792
0.0872848003321
0.0872843848731
0.087283962478
0.0872835266975
0.0872830917868
0.0872826593896
0.087282236094
0.0872818260006
0.0872814351093
0.0872810700687
0.0872807383065
0.0872804462004
0.0872801972085
0.0872799907638
0.0872798226417
0.087279686356
0.087279574773
0.0872794813315
0.0872794006808
0.0872793288565
0.0872792632045
0.0872792019784
0.0872791432782
0.0872790853191
0.0872790361447
0.0851186033369
0.0851185912402
0.0851183208832
0.0851180750735
0.0851177212686
0.0851173600095
0.0851169552386
0.0851165438467
0.085116119348
0.0851156957406
0.0851152746012
0.085114862437
0.0851144633418
0.085114083307
0.0851137289336
0.0851134074849
0.0851131250417
0.0851128847197
0.0851126856978
0.0851125236719
0.085112392249
0.085112284499
0.0851121941018
0.0851121159307
0.0851120462018
0.0851119823903
0.0851119228369
0.0851118657185
0.085111809314
0.0851117614565
0.0829687699339
0.082968759642
0.0829684951749
0.082968256147
0.0829679110602
0.0829675591607
0.0829671646119
0.0829667637425
0.0829663500335
0.0829659372372
0.0829655268683
0.0829651253589
0.0829647367966
0.0829643671625
0.0829640230047
0.0829637114176
0.0829634381905
0.0829632061131
0.0829630141311
0.0829628578765
0.0829627310541
0.0829626269322
0.0829625394205
0.0829624636046
0.0829623958705
0.0829623338143
0.0829622758581
0.0829622202512
0.0829621653326
0.0829621187341
0.080836096842
0.080836088264
0.0808358294428
0.0808355969017
0.0808352601613
0.0808349172187
0.0808345324542
0.0808341416558
0.0808337382742
0.0808333358267
0.0808329357709
0.0808325444683
0.0808321660018
0.0808318063396
0.0808314719718
0.0808311698204
0.0808309053889
0.0808306811572
0.0808304958575
0.0808303450716
0.0808302226057
0.0808301219212
0.0808300371476
0.0808299635712
0.0808298977377
0.080829837357
0.0808297809273
0.080829726766
0.0808296732688
0.0808296278747
0.0787201246049
0.0787201176558
0.0787198642507
0.0787196379191
0.0787193091752
0.0787189748112
0.0787185994191
0.078718218267
0.0787178247781
0.0787174322447
0.0787170420718
0.078716660555
0.0787162917728
0.0787159416785
0.0787156166992
0.0787153235818
0.0787150675498
0.0787148507894
0.0787146718375
0.0787145262381
0.0787144079016
0.0787143104773
0.0787142283043
0.0787141568593
0.0787140928386
0.0787140340585
0.0787139790888
0.0787139263112
0.0787138741748
0.078713829934
0.0766204136855
0.0766204082855
0.0766201600799
0.0766199396969
0.0766196186202
0.0766192924784
0.076618926071
0.0766185541653
0.0766181701598
0.0766177871314
0.0766174064365
0.0766170343092
0.0766166748237
0.0766163339163
0.0766160179463
0.0766157334833
0.0766154854778
0.0766152758368
0.0766151029195
0.0766149622431
0.0766148478245
0.0766147534951
0.0766146737947
0.0766146043801
0.0766145420899
0.0766144848403
0.0766144312682
0.0766143798158
0.0766143289833
0.0766142858475
0.0745365432815
0.0745365393557
0.0745362961453
0.0745360814649
0.074535767745
0.0745354494896
0.0745350917014
0.0745347286655
0.0745343537575
0.0745339798485
0.0745336082503
0.0745332451388
0.0745328945845
0.0745325625042
0.0745322551852
0.074531979018
0.0745317386866
0.0745315358343
0.0745313686581
0.0745312326586
0.0745311219604
0.0745310305718
0.0745309532244
0.0745308857459
0.0745308251089
0.0745307693238
0.0745307170907
0.0745306669087
0.0745306173263
0.07453057525
0.0724681102297
0.0724681077078
0.0724678692996
0.0724676600899
0.0724673534339
0.0724670427482
0.0724666932342
0.0724663387126
0.0724659725384
0.0724656073852
0.0724652445238
0.0724648900757
0.0724645481076
0.0724642245144
0.0724639255071
0.0724636572962
0.0724634243066
0.0724632279318
0.0724630662213
0.0724629346684
0.0724628275061
0.0724627389145
0.0724626638082
0.0724625981775
0.0724625391212
0.0724624847388
0.0724624337892
0.0724623848259
0.0724623364429
0.0724622953833
0.0704147279914
0.0704147268072
0.0704144930189
0.0704142890611
0.0704139891921
0.070413685777
0.0704133442117
0.0704129978687
0.0704126400846
0.0704122833439
0.0704119288798
0.0704115827623
0.0704112490542
0.0704109336263
0.0704106426094
0.0704103820336
0.0704101560717
0.0704099658811
0.070409809378
0.0704096820559
0.0704095782572
0.0704094923279
0.0704094193582
0.0704093554923
0.0704092979487
0.0704092449106
0.0704091951925
0.0704091473989
0.0704091001676
0.0704090600841
0.0683760257117
0.0683760258029
0.0683757964619
0.0683755975492
0.0683753042058
0.0683750077785
0.0683746738539
0.0683743353723
0.0683739856535
0.068373637001
0.0683732906131
0.0683729525116
0.0683726267551
0.0683723191878
0.0683720358567
0.0683717826114
0.0683715633801
0.0683713790975
0.0683712275589
0.0683711042655
0.0683710036688
0.068370920276
0.068370849345
0.068370787166
0.0683707310712
0.0683706793223
0.0683706307864
0.0683705841165
0.0683705379916
0.0683704988462
0.0663516473455
0.0663516486536
0.0663514235965
0.0663512295332
0.0663509424677
0.0663506527608
0.0663503261858
0.0663499952654
0.0663496533047
0.0663493124335
0.0663489738183
0.0663486434352
0.0663483253381
0.0663480253424
0.0663477494082
0.0663475032045
0.0663472904228
0.0663471117875
0.066346964985
0.0663468455307
0.0663467479848
0.0663466670105
0.0663465980261
0.0663465374611
0.0663464827547
0.0663464322432
0.0663463848431
0.0663463392532
0.066346294192
0.0663462559484
0.0643412508458
0.0643412533153
0.0643410323872
0.0643408429882
0.0643405619663
0.0643402787265
0.0643399592251
0.0643396355818
0.0643393010884
0.064338967708
0.0643386365782
0.0643383136315
0.064338002917
0.0643377102188
0.0643374414067
0.0643372019707
0.0643369953724
0.0643368221383
0.0643366798572
0.0643365640638
0.0643364694268
0.0643363907604
0.0643363236363
0.0643362646164
0.0643362112417
0.0643361619185
0.0643361156102
0.0643360710591
0.0643360270212
0.0643359896452
0.0623445074073
0.062344510986
0.0623442940401
0.0623441091299
0.0623438339293
0.0623435569167
0.0623432442276
0.062342927592
0.0623426002901
0.0623422741255
0.0623419502087
0.0623416344312
0.0623413308367
0.0623410451755
0.0623407832248
0.0623405502959
0.0623403496289
0.0623401815637
0.0623400436015
0.0623399313015
0.0623398394403
0.0623397629777
0.0623396976329
0.0623396400934
0.0623395879967
0.0623395398156
0.0623394945575
0.0623394510062
0.0623394079532
0.0623393714123
0.0603611007626
0.0603611054013
0.0603608922979
0.0603607117103
0.0603604421202
0.0603601711072
0.0603598649823
0.0603595550991
0.0603592347273
0.0603589155174
0.0603585985554
0.0603582896938
0.0603579929697
0.0603577140981
0.0603574587603
0.0603572320912
0.0603570371164
0.0603568740004
0.0603567401663
0.0603566312023
0.0603565419916
0.0603564676353
0.0603564039933
0.0603563478733
0.060356297004
0.0603562499212
0.0603562056739
0.0603561630852
0.0603561209809
0.0603560852444
0.058390726525
0.058390732177
0.0583905227837
0.0583903463608
0.0583900821811
0.0583898169516
0.0583895171555
0.0583892137822
0.0583889000925
0.0583885875896
0.0583882773374
0.0583879751509
0.0583876850604
0.0583874127427
0.0583871637816
0.0583869431369
0.0583867536274
0.0583865952528
0.0583864653668
0.0583863595906
0.0583862729125
0.0583862005706
0.0583861385596
0.0583860838015
0.0583860341118
0.0583859880858
0.058385944812
0.0583859031508
0.0583858619606
0.0583858269993
0.0564330915753
0.0564330981966
0.0564328923873
0.0564327199792
0.0564324610197
0.0564322013684
0.0564319076776
0.0564316105838
0.0564313033404
0.0564309973095
0.0564306935342
0.0564303977941
0.0564301141118
0.0564298481237
0.0564296053142
0.0564293904699
0.0564292062105
0.0564290523805
0.0564289262726
0.0564288235445
0.0564287392883
0.0564286688742
0.0564286084265
0.0564285549759
0.0564285064204
0.0564284614121
0.0564284190763
0.0564283783092
0.0564283380004
0.0564283037866
0.0544879134884
0.0544879210372
0.0544877186919
0.0544875501562
0.0544872962362
0.054487041968
0.0544867541697
0.0544864631365
0.0544861621154
0.0544858623329
0.0544855648132
0.0544852753021
0.0544849978133
0.0544847379412
0.0544845010686
0.0544842918115
0.0544841125974
0.0544839631258
0.0544838406356
0.0544837408237
0.0544836588849
0.0544835903172
0.0544835313687
0.0544834791743
0.0544834317103
0.0544833876822
0.0544833462508
0.0544833063461
0.0544832668877
0.054483233395
0.0525549199968
0.0525549284335
0.0525547294381
0.0525545646393
0.0525543155865
0.0525540665159
0.0525537844078
0.052553499227
0.052553204215
0.0525529104683
0.0525526189938
0.0525523355046
0.052552064005
0.0525518100449
0.0525515789044
0.0525513750313
0.0525512006682
0.0525510553784
0.052550936354
0.0525508393341
0.0525507596141
0.0525506928158
0.0525506353062
0.0525505843194
0.0525505379062
0.052550494823
0.052550454264
0.0525504151917
0.0525503765539
0.0525503437573
0.0506338484883
0.0506338577756
0.050633662021
0.0506335008303
0.0506332564809
0.050633012431
0.0506327358206
0.0506324562938
0.0506321670882
0.0506318791748
0.0506315935451
0.0506313158807
0.0506310501753
0.0506308019328
0.0506305763289
0.0506303776461
0.0506302079491
0.0506300666735
0.0506299509714
0.050629856626
0.0506297790318
0.0506297139304
0.0506296578026
0.0506296079773
0.0506295625765
0.0506295204046
0.0506294806876
0.0506294424189
0.0506294045736
0.0506293724492
0.0487244455352
0.0487244556374
0.04872426302
0.0487241053144
0.0487238655123
0.0487236263149
0.0487233550185
0.0487230809568
0.0487227973642
0.0487225150915
0.0487222351157
0.0487219630881
0.0487217029911
0.0487214602803
0.0487212400264
0.048721046349
0.0487208811421
0.0487207437218
0.0487206312062
0.0487205394242
0.0487204638681
0.0487204003948
0.0487203455948
0.0487202968875
0.0487202524624
0.0487202111699
0.048720172266
0.0487201347736
0.0487200976941
0.0487200662192
0.0468264664522
0.0468264773356
0.0468262877563
0.0468261334189
0.0468258980152
0.0468256635096
0.0468253973524
0.0468251285756
0.0468248504119
0.0468245735961
0.0468242990922
0.0468240325222
0.046823777856
0.0468235404993
0.0468233254169
0.0468231365685
0.0468229756842
0.0468228419685
0.0468227325104
0.0468226431869
0.0468225695857
0.0468225076757
0.0468224541525
0.0468224065218
0.0468223630377
0.0468223225942
0.0468222844758
0.0468222477337
0.0468222113943
0.0468221805473
0.0449396748817
0.0449396865143
0.0449394998784
0.0449393487975
0.0449391176502
0.0449388876834
0.0449386264983
0.0449383628347
0.0449380899242
0.04493781839
0.0449375491844
0.0449372879009
0.044937038496
0.0449368063235
0.0449365962419
0.0449364120542
0.0449362553329
0.0449361251783
0.0449360186558
0.0449359316914
0.0449358599665
0.0449357995584
0.0449357472635
0.0449357006702
0.0449356580941
0.0449356184706
0.0449355811115
0.0449355450949
0.0449355094713
0.0449354792314
0.0430638424038
0.0430638547551
0.0430636709722
0.0430635230413
0.0430632960146
0.0430630704404
0.0430628140681
0.0430625553537
0.0430622875287
0.043062021109
0.0430617570359
0.0430615008755
0.0430612565696
0.0430610294188
0.0430608241747
0.0430606444868
0.0430604917764
0.0430603650466
0.0430602613439
0.0430601766444
0.0430601067216
0.0430600477572
0.0430599966446
0.0430599510515
0.043059909352
0.0430598705209
0.0430598338961
0.0430597985813
0.0430597636502
0.0430597339977
0.041198748169
0.04119876121
0.0411985801937
0.0411984353111
0.0411982122756
0.0411979909543
0.0411977392426
0.0411974853208
0.0411972224211
0.0411969609561
0.0411967018572
0.0411964506636
0.0411962113016
0.041195989017
0.0411957884541
0.041195613112
0.0411954642675
0.041195340833
0.0411952398402
0.0411951573164
0.0411950891251
0.0411950315492
0.0411949815755
0.0411949369471
0.0411948960942
0.0411948580294
0.041194822115
0.0411947874793
0.0411947532185
0.0411947241347
0.0393441785534
0.0393441922566
0.0393440139243
0.0393438719928
0.0393436528244
0.0393434356227
0.0393431884261
0.0393429391471
0.0393426810197
0.0393424243568
0.0393421700809
0.0393419237047
0.0393416891381
0.0393414715705
0.0393412755389
0.0393411043957
0.0393409592788
0.0393408390162
0.0393407406288
0.0393406601961
0.0393405936695
0.0393405374299
0.0393404885536
0.0393404448562
0.0393404048215
0.0393403674979
0.039340332271
0.0393402982929
0.0393402646812
0.039340236148
0.037499926833
0.0374999411722
0.0374997654446
0.0374996263713
0.0374994109517
0.0374991977419
0.0374989549211
0.0374987101419
0.0374984566404
0.0374982046337
0.037497955036
0.0374977133344
0.0374974834208
0.0374972704272
0.0374970787835
0.0374969116984
0.037496770177
0.0374966529689
0.0374965570879
0.0374964786658
0.0374964137405
0.0374963587876
0.0374963109693
0.0374962681709
0.0374962289273
0.0374961923208
0.0374961577597
0.0374961244187
0.0374960914356
0.0374960634359
0.0356657928769
0.035665807827
0.0356656346283
0.0356654983243
0.0356652865401
0.0356650772001
0.0356648386221
0.0356645982057
0.0356643491901
0.0356641017001
0.0356638566421
0.035663619478
0.0356633940811
0.0356631855245
0.035662998131
0.0356628349692
0.0356626969172
0.0356625826517
0.0356624891827
0.0356624126951
0.0356623493109
0.0356622955975
0.0356622487999
0.0356622068699
0.0356621683914
0.0356621324793
0.0356620985632
0.0356620658393
0.0356620334656
0.0356620059829
0.0338415828575
0.0338415983946
0.0338414276522
0.0338412940325
0.033841085775
0.033840880188
0.0338406457253
0.0338404095404
0.0338401648769
0.0338399217698
0.0338396811189
0.0338394483612
0.0338392273502
0.0338390230988
0.0338388398236
0.0338386804561
0.0338385457531
0.0338384343235
0.0338383431769
0.0338382685512
0.033838206651
0.0338381541322
0.0338381083196
0.0338380672291
0.0338380294909
0.0338379942514
0.0338379609602
0.0338379288347
0.0338378970518
0.0338378700703
0.0320271089777
0.0320271250792
0.0320269567234
0.0320268257066
0.0320266208717
0.0320264189256
0.032026188456
0.0320259563773
0.0320257159374
0.0320254770853
0.0320252407145
0.0320250122374
0.0320247954868
0.0320245954143
0.0320244161305
0.0320242604338
0.0320241289646
0.0320240202693
0.0320239313597
0.0320238585269
0.0320237980563
0.0320237466895
0.0320237018281
0.0320236615491
0.0320236245277
0.0320235899399
0.0320235572547
0.0320235257094
0.0320234944995
0.0320234680042
0.0302221892105
0.0302222058547
0.0302220398187
0.0302219113266
0.0302217098148
0.0302215114022
0.0302212848088
0.0302210567157
0.0302208203765
0.0302205856567
0.0302203534442
0.0302201291271
0.0302199165162
0.0302197205012
0.0302195450873
0.0302193929429
0.0302192645974
0.0302191585394
0.0302190717854
0.03021900068
0.0302189415872
0.0302188913318
0.0302188473894
0.0302188078955
0.0302187715682
0.0302187376121
0.0302187055146
0.0302186745323
0.0302186438782
0.0302186178546
0.0284266470615
0.0284266642277
0.0284265004473
0.0284263744052
0.0284261761206
0.0284259811388
0.0284257583092
0.0284255340865
0.02842530173
0.0284250710251
0.028424842854
0.028424622581
0.0284244139942
0.0284242219199
0.028424050259
0.0284239015534
0.0284237762261
0.0284236727129
0.0284235880369
0.0284235185965
0.0284234608324
0.0284234116498
0.0284233685954
0.0284233298613
0.0284232942067
0.0284232608631
0.0284232293358
0.0284231988998
0.0284231687854
0.0284231432196
0.0266403113158
0.0266403289843
0.0266401673978
0.0266400437339
0.0266398485849
0.026639656935
0.0266394377615
0.0266392172984
0.0266389888116
0.0266387620085
0.0266385377668
0.0266383214268
0.0266381167526
0.0266379285069
0.0266377604867
0.0266376151107
0.026637492701
0.026637391644
0.0266373089723
0.0266372411373
0.026637184655
0.0266371365083
0.0266370943127
0.0266370563142
0.0266370213116
0.0266369885622
0.0266369575883
0.0266369276828
0.0266368980921
0.026636872971
0.0248630158863
0.024863034038
0.0248628745864
0.0248627532319
0.0248625611304
0.0248623727177
0.0248621570971
0.0248619402875
0.0248617155619
0.0248614925526
0.0248612721327
0.0248610596188
0.0248608587503
0.0248606742251
0.0248605097378
0.024860367587
0.0248602479984
0.0248601493132
0.0248600685753
0.0248600022891
0.0248599470439
0.0248598998982
0.0248598585331
0.0248598212473
0.0248597868768
0.0248597547041
0.0248597242676
0.0248596948772
0.0248596657954
0.024859641106
0.0230945993999
0.0230946180169
0.023094460643
0.0230943415315
0.0230941523925
0.0230939671257
0.0230937549583
0.0230935416998
0.0230933206307
0.0230931013109
0.023092884609
0.0230926758182
0.023092478652
0.0230922977432
0.0230921366845
0.0230919976583
0.0230918807981
0.0230917844038
0.0230917055322
0.0230916407405
0.0230915866897
0.0230915405112
0.02309149995
0.0230914633546
0.0230914295972
0.0230913979844
0.0230913680697
0.0230913391798
0.0230913105924
0.0230912863225
0.0213349056314
0.0213349246967
0.0213347693463
0.0213346524153
0.0213344661585
0.0213342839514
0.0213340751431
0.021333865339
0.0213336478278
0.0213334320989
0.021333219017
0.0213330138518
0.02133282029
0.0213326428987
0.0213324851699
0.0213323491729
0.0213322349534
0.0213321407735
0.0213320637048
0.0213320003567
0.0213319474602
0.0213319022174
0.0213318624347
0.0213318265088
0.0213317933467
0.0213317622776
0.0213317328701
0.0213317044666
0.0213316763597
0.0213316524976
0.0195837813976
0.019583800894
0.0195836475129
0.0195835326989
0.0195833492432
0.0195831700083
0.0195829644639
0.0195827580163
0.0195825439629
0.0195823317251
0.0195821221639
0.0195819205254
0.0195817304689
0.0195815564952
0.019581401997
0.0195812689337
0.0195811572675
0.019581065226
0.0195809898968
0.0195809279416
0.0195808761593
0.0195808318205
0.019580792791
0.0195807575137
0.0195807249289
0.0195806943877
0.0195806654729
0.0195806375422
0.0195806099025
0.019580586437
0.0178410822072
0.0178411021194
0.0178409506599
0.0178408379085
0.0178406571838
0.017840480846
0.0178402784832
0.0178400753076
0.0178398646256
0.0178396557924
0.0178394496656
0.0178392514678
0.0178390648297
0.0178388941853
0.0178387428292
0.0178386126142
0.0178385034228
0.0178384134513
0.0178383398051
0.0178382791972
0.0178382284935
0.0178381850309
0.0178381467323
0.0178381120852
0.0178380800621
0.0178380500348
0.0178380215997
0.0178379941289
0.0178379669434
0.0178379438633
0.0161066543841
0.0161066746981
0.0161065251082
0.0161064143588
0.0161062362886
0.016106062767
0.0161058634995
0.0161056635095
0.0161054561128
0.0161052506008
0.0161050478275
0.0161048529918
0.0161046696946
0.0161045023024
0.0161043540124
0.0161042265732
0.016104119791
0.0161040318331
0.0161039598232
0.0161039005252
0.0161038508697
0.0161038082583
0.0161037706692
0.0161037366333
0.0161037051542
0.0161036756246
0.0161036476543
0.0161036206305
0.0161035938878
0.0161035711836
0.0143803892491
0.0143804099447
0.014380262182
0.0143801533842
0.0143799778979
0.0143798071076
0.0143796108321
0.0143794139083
0.0143792096615
0.0143790073205
0.0143788077371
0.0143786160881
0.0143784359469
0.0143782716167
0.0143781262035
0.0143780013603
0.0143778968247
0.0143778107413
0.0143777402552
0.0143776821806
0.0143776335109
0.0143775917081
0.0143775548015
0.0143775213609
0.0143774904167
0.0143774613786
0.0143774338665
0.0143774072793
0.0143773809639
0.0143773586216
0.0126620540019
0.0126620750228
0.0126619289057
0.0126618218315
0.0126616486727
0.012661480364
0.0126612868542
0.0126610928123
0.0126608915828
0.01266069234
0.0126604959341
0.012660307516
0.0126601306208
0.0126599694717
0.0126598270644
0.0126597049381
0.0126596027481
0.0126595186071
0.0126594496774
0.0126593928247
0.0126593451094
0.0126593040612
0.012659267769
0.0126592348502
0.0126592043708
0.0126591757644
0.0126591486677
0.0126591224963
0.0126590966095
0.0126590746347
0.0109518183943
0.0109518402827
0.0109516970374
0.0109515933529
0.0109514244775
0.010951260776
0.0109510722223
0.0109508832369
0.0109506871158
0.010950492927
0.0109503014806
0.0109501178767
0.0109499456047
0.0109497888221
0.0109496504485
0.0109495319536
0.0109494329524
0.0109493515546
0.010949284952
0.0109492300586
0.0109491839882
0.0109491443203
0.0109491091859
0.0109490772365
0.0109490475656
0.0109490196299
0.0109489930845
0.0109489673655
0.0109489418597
0.0109489201964
0.00924860567174
0.00924862610988
0.00924848043211
0.0092483726965
0.00924819890332
0.00924802922532
0.00924783397612
0.00924763762393
0.00924743368822
0.00924723138787
0.00924703174332
0.00924684005856
0.00924666002674
0.00924649595819
0.00924635085669
0.0092462262173
0.00924612165478
0.00924603528216
0.00924596430725
0.00924590566676
0.00924585649108
0.00924581435956
0.00924577738028
0.00924574415823
0.00924571371955
0.00924568543762
0.00924565888186
0.00924563341607
0.00924560834754
0.00924558707343
0.00755488281841
0.00755491528312
0.00755479579577
0.00755472384561
0.00755459423633
0.00755447522183
0.00755433601185
0.00755419984747
0.00755405929282
0.00755392255383
0.00755378956693
0.00755366427766
0.00755354874032
0.0075534454868
0.00755335590207
0.00755328030208
0.0075532177058
0.00755316619349
0.00755312337667
0.00755308687269
0.00755305462721
0.00755302506557
0.00755299710799
0.00755297010462
0.00755294374692
0.00755291798856
0.00755289288702
0.00755286820224
0.00755284358706
0.00755282275312
0.00586237229584
0.00586242627393
0.00586234305417
0.00586231336881
0.0058622242564
0.00586213730171
0.00586201707307
0.00586188336593
0.00586172687724
0.00586155531529
0.00586136985672
0.00586117767433
0.00586098601468
0.00586080378799
0.00586063863124
0.00586049572722
0.00586037692029
0.00586028111966
0.00586020526624
0.00586014542891
0.00586009765727
0.00586005849196
0.00586002517665
0.00585999567005
0.00585996856064
0.00585994295646
0.00585991828518
0.0058598938362
0.00585986890275
0.00585984718987
0.00418683823615
0.00418692382105
0.00418692286419
0.00418701327077
0.00418708205962
0.00418718961979
0.00418729974035
0.00418743053365
0.00418756981507
0.00418771985898
0.00418787236749
0.00418801953533
0.00418814851349
0.00418824636176
0.00418830269546
0.00418831347084
0.00418828188153
0.00418821692862
0.0041881304752
0.00418803433405
0.00418793827366
0.00418784914737
0.00418777089214
0.00418770501731
0.00418765127776
0.00418760835171
0.00418757436937
0.0041875471065
0.00418752430102
0.00418750656139
0.00246312015239
0.00246426325947
0.00246630453413
0.00246918577725
0.00247262875303
0.00247656179566
0.00248083934088
0.0024853851549
0.00249010003727
0.00249489426158
0.00249964957725
0.00250422566498
0.00250846659857
0.00251223150668
0.00251542352642
0.00251800729237
0.00252000679044
0.0025214891919
0.0025225437827
0.00252326373826
0.00252373410083
0.0025240259075
0.00252419480245
0.00252428225655
0.00252431795365
0.00252432243313
0.00252430938552
0.00252428727926
0.00252426141288
0.00252423979194
0.000899360276458
0.000897409513552
0.000893406564941
0.000887995271122
0.000881353657478
0.000873774445136
0.000865418971864
0.000856481312781
0.000847124437791
0.000837551525055
0.000828009005816
0.000818805787779
0.000810278913556
0.000802735603659
0.000796386815465
0.000791309238656
0.00078744782367
0.000784651140466
0.000782718989148
0.000781444497454
0.000780642007899
0.000780160344104
0.00077988526618
0.000779735706776
0.000779657405901
0.000779616175873
0.000779591827857
0.00077957293294
0.000779552971747
0.000779531997819
)
;

boundaryField
{
    top
    {
        type            zeroGradient;
    }
    inlet
    {
        type            zeroGradient;
    }
    outlet
    {
        type            fixedValue;
        value           uniform 0;
    }
    front
    {
        type            wedge;
    }
    back
    {
        type            wedge;
    }
}


// ************************************************************************* //
