0 	0.00013253236 	4.1562442e-09 	7476.2271 	0.0003124782 	0 	0 	0
0.0001001001 	0.00013723127 	1.4499244e-08 	7091.8645 	0.00031256373 	0.01521545 	3.9896443e-06 	0
0.0002002002 	0.00014193017 	2.4842244e-08 	6707.502 	0.00031264926 	0.0304309 	7.9792885e-06 	0
0.0003003003 	0.00014662907 	3.5185245e-08 	6323.1395 	0.00031273479 	0.04564635 	1.1968933e-05 	0
0.0004004004 	0.00015136256 	4.5601475e-08 	5938.7955 	0.00031282712 	0.060915429 	1.6060922e-05 	0
0.0005005005 	0.0001561345 	5.6099158e-08 	5554.4722 	0.00031292702 	0.076244156 	2.0266748e-05 	0
0.0006006006 	0.00016090645 	6.6596842e-08 	5170.1488 	0.00031302691 	0.091572884 	2.4472573e-05 	0
0.0007007007 	0.00016567839 	7.7094525e-08 	4785.8255 	0.00031312681 	0.10690161 	2.8678398e-05 	0
0.0008008008 	0.00017045033 	8.7592208e-08 	4401.5021 	0.0003132267 	0.12223034 	3.2884223e-05 	0
0.0009009009 	0.00023508982 	2.2440093e-07 	3981.6274 	0.00031344624 	0.13675585 	3.7003744e-05 	0
0.001001001 	0.00030004725 	3.6188045e-07 	3561.564 	0.0003136664 	0.15127709 	4.1122806e-05 	0
0.0011011011 	0.00036500468 	4.9935997e-07 	3141.5005 	0.00031388657 	0.16579833 	4.5241868e-05 	0
0.0012012012 	0.00043026691 	6.3739972e-07 	2721.4579 	0.00031412176 	0.18035434 	4.955581e-05 	0
0.0013013013 	0.00049609423 	7.7647814e-07 	2301.4541 	0.00031438478 	0.19497478 	5.4231061e-05 	0
0.0014014014 	0.00056192156 	9.1555656e-07 	1881.4502 	0.0003146478 	0.20959523 	5.8906313e-05 	0
0.0015015015 	0.00062774888 	1.054635e-06 	1461.4463 	0.00031491083 	0.22421567 	6.3581564e-05 	0
0.0016016016 	0.0006935762 	1.1937134e-06 	1041.4424 	0.00031517385 	0.23883612 	6.8256815e-05 	0
0.0017017017 	0.00082334097 	1.611958e-06 	882.03073 	0.00031550096 	0.2518994 	7.2714405e-05 	0
0.0018018018 	0.00097770838 	2.1376235e-06 	822.89292 	0.00031585273 	0.26436349 	7.7088241e-05 	0
0.0019019019 	0.0011320758 	2.663289e-06 	763.75511 	0.0003162045 	0.27682759 	8.1462077e-05 	0
0.002002002 	0.0012864432 	3.1889546e-06 	704.6173 	0.00031655626 	0.28929169 	8.5835913e-05 	0
0.0021021021 	0.0014421994 	3.7180237e-06 	645.49417 	0.00031697537 	0.30182149 	9.0495444e-05 	0
0.0022022022 	0.0015980194 	4.247249e-06 	586.37171 	0.00031739757 	0.3143543 	9.516809e-05 	0
0.0023023023 	0.0017538393 	4.7764743e-06 	527.24925 	0.00031781977 	0.32688711 	9.9840736e-05 	0
0.0024024024 	0.0019096593 	5.3056996e-06 	468.12678 	0.00031824196 	0.33941992 	0.00010451338 	0
0.0025025025 	0.0020665223 	5.901604e-06 	416.19541 	0.00031868432 	0.35140919 	0.00010925332 	0
0.0026026026 	0.0022283602 	6.8155634e-06 	398.56506 	0.00031922281 	0.36080578 	0.00011431423 	0
0.0027027027 	0.0023901982 	7.7295227e-06 	380.93471 	0.0003197613 	0.37020236 	0.00011937514 	0
0.0028028028 	0.0025520362 	8.643482e-06 	363.30436 	0.00032029979 	0.37959895 	0.00012443605 	0
0.0029029029 	0.0027140857 	9.5577949e-06 	345.67052 	0.00032086326 	0.38900735 	0.000129303 	0
0.003003003 	0.002876675 	1.047301e-05 	328.02778 	0.00032149048 	0.3984459 	0.00013367495 	0
0.0031031031 	0.0030392644 	1.1388224e-05 	310.38503 	0.0003221177 	0.40788445 	0.0001380469 	0
0.0032032032 	0.0032018537 	1.2303439e-05 	292.74229 	0.00032274492 	0.41732299 	0.00014241885 	0
0.0033033033 	0.003364443 	1.3218654e-05 	275.09955 	0.00032337213 	0.42676154 	0.0001467908 	0
0.0034034034 	0.0035088508 	1.4195147e-05 	260.63489 	0.0003240441 	0.4353145 	0.00015134485 	0
0.0035035035 	0.0036178135 	1.5291102e-05 	252.36592 	0.0003248033 	0.44214101 	0.00015625393 	0
0.0036036036 	0.0037267763 	1.6387057e-05 	244.09695 	0.0003255625 	0.44896751 	0.000161163 	0
0.0037037037 	0.003835739 	1.7483011e-05 	235.82798 	0.00032632171 	0.45579402 	0.00016607208 	0
0.0038038038 	0.0039447137 	1.8578142e-05 	227.55554 	0.00032710939 	0.46263056 	0.00017074535 	0
0.0039039039 	0.0040537139 	1.9671499e-05 	219.2756 	0.00032795836 	0.46948868 	0.00017491134 	0
0.004004004 	0.0041627142 	2.0764855e-05 	210.99567 	0.00032880733 	0.47634681 	0.00017907733 	0
0.0041041041 	0.0042717144 	2.1858212e-05 	202.71574 	0.0003296563 	0.48320494 	0.00018324332 	0
0.0042042042 	0.0043807147 	2.2951569e-05 	194.4358 	0.00033050526 	0.49006306 	0.00018740931 	0
0.0043043043 	0.004480674 	2.4063798e-05 	186.9077 	0.00033138046 	0.49656058 	0.00019164076 	0
0.0044044044 	0.0045465779 	2.5247111e-05 	182.21162 	0.00033235446 	0.50169974 	0.00019611885 	0
0.0045045045 	0.0046124817 	2.6430425e-05 	177.51553 	0.00033332846 	0.5068389 	0.00020059693 	0
0.0046046046 	0.0046783855 	2.7613739e-05 	172.81945 	0.00033430246 	0.51197806 	0.00020507501 	0
0.0047047047 	0.0047442793 	2.8796741e-05 	168.12301 	0.00033528061 	0.51711872 	0.00020953981 	0
0.0048048048 	0.0048099974 	2.9974245e-05 	163.42048 	0.00033633192 	0.5222857 	0.00021377099 	0
0.0049049049 	0.0048757155 	3.115175e-05 	158.71795 	0.00033738323 	0.52745269 	0.00021800216 	0
0.005005005 	0.0049414335 	3.2329254e-05 	154.01542 	0.00033843454 	0.53261967 	0.00022223334 	0
0.0051051051 	0.0050071516 	3.3506759e-05 	149.31289 	0.00033948585 	0.53778665 	0.00022646451 	0
0.0052052052 	0.0050728697 	3.4684263e-05 	144.61036 	0.00034053716 	0.54295364 	0.00023069569 	0
0.0053053053 	0.0051178642 	3.5887034e-05 	141.28345 	0.00034166612 	0.54724276 	0.00023520301 	0
0.0054054054 	0.005156866 	3.7097112e-05 	138.35434 	0.00034281753 	0.55127803 	0.00023979018 	0
0.0055055055 	0.0051958678 	3.8307189e-05 	135.42522 	0.00034396893 	0.5553133 	0.00024437735 	0
0.0056056056 	0.0052348696 	3.9517267e-05 	132.49611 	0.00034512034 	0.55934857 	0.00024896452 	0
0.0057057057 	0.0052737239 	4.0722264e-05 	129.56529 	0.00034630112 	0.5633963 	0.00025350222 	0
0.0058058058 	0.0053124189 	4.1921778e-05 	126.63262 	0.0003475136 	0.56745749 	0.00025798651 	0
0.0059059059 	0.0053511139 	4.3121292e-05 	123.69995 	0.00034872607 	0.57151867 	0.00026247081 	0
0.006006006 	0.0053898089 	4.4320806e-05 	120.76729 	0.00034993855 	0.57557986 	0.00026695511 	0
0.0061061061 	0.0054285039 	4.552032e-05 	117.83462 	0.00035115103 	0.57964104 	0.0002714394 	0
0.0062062062 	0.0054667677 	4.6719409e-05 	114.92832 	0.00035236542 	0.58368167 	0.00027593308 	0
0.0063063063 	0.0054892447 	4.7902929e-05 	112.98768 	0.00035364988 	0.5869696 	0.00028077042 	0
0.0064064064 	0.0055117216 	4.9086449e-05 	111.04704 	0.00035493433 	0.59025752 	0.00028560776 	0
0.0065065065 	0.0055341986 	5.0269969e-05 	109.1064 	0.00035621879 	0.59354544 	0.0002904451 	0
0.0066066066 	0.0055566755 	5.1453489e-05 	107.16576 	0.00035750324 	0.59683336 	0.00029528244 	0
0.0067067067 	0.005578927 	5.2627668e-05 	105.22395 	0.00035881312 	0.60013614 	0.00030012431 	0
0.0068068068 	0.0056010208 	5.3795312e-05 	103.28132 	0.00036014079 	0.60344931 	0.00030496935 	0
0.0069069069 	0.0056231147 	5.4962956e-05 	101.33869 	0.00036146845 	0.60676248 	0.00030981438 	0
0.007007007 	0.0056452085 	5.61306e-05 	99.396054 	0.00036279611 	0.61007565 	0.00031465942 	0
0.0071071071 	0.0056673023 	5.7298244e-05 	97.453421 	0.00036412378 	0.61338883 	0.00031950446 	0
0.0072072072 	0.0056893961 	5.8465888e-05 	95.510788 	0.00036545144 	0.616702 	0.0003243495 	0
0.0073073073 	0.0057018662 	5.9583531e-05 	94.137863 	0.00036682957 	0.61949276 	0.00032950076 	0
0.0074074074 	0.0057138506 	6.069865e-05 	92.793698 	0.00036821025 	0.62225716 	0.00033466749 	0
0.0075075075 	0.0057258349 	6.1813768e-05 	91.449532 	0.00036959093 	0.62502155 	0.00033983422 	0
0.0076076076 	0.0057378192 	6.2928887e-05 	90.105367 	0.00037097161 	0.62778594 	0.00034500094 	0
0.0077077077 	0.0057496385 	6.4036175e-05 	88.760817 	0.00037235909 	0.63055956 	0.00035020391 	0
0.0078078078 	0.0057611715 	6.5129872e-05 	87.415599 	0.00037375836 	0.63334917 	0.00035546975 	0
0.0079079079 	0.0057727045 	6.622357e-05 	86.070381 	0.00037515764 	0.63613879 	0.0003607356 	0
0.008008008 	0.0057842375 	6.7317267e-05 	84.725163 	0.00037655691 	0.63892841 	0.00036600145 	0
0.0081081081 	0.0057957705 	6.8410964e-05 	83.379945 	0.00037795619 	0.64171802 	0.0003712673 	0
0.0082082082 	0.0058073035 	6.9504662e-05 	82.034727 	0.00037935546 	0.64450764 	0.00037653315 	0
0.0083083083 	0.0058152843 	7.0556895e-05 	80.895827 	0.00038078131 	0.64707884 	0.00038194534 	0
0.0084084084 	0.0058202502 	7.1573937e-05 	79.932042 	0.00038222971 	0.64946464 	0.00038748175 	0
0.0085085085 	0.0058252161 	7.2590978e-05 	78.968258 	0.00038367811 	0.65185045 	0.00039301815 	0
0.0086086086 	0.0058301819 	7.3608019e-05 	78.004473 	0.00038512651 	0.65423626 	0.00039855456 	0
0.0087087087 	0.0058351478 	7.462506e-05 	77.040688 	0.00038657491 	0.65662207 	0.00040409097 	0
0.0088088088 	0.0058396951 	7.5620589e-05 	76.076603 	0.00038801066 	0.65902835 	0.00040977358 	0
0.0089089089 	0.0058441388 	7.6610786e-05 	75.112443 	0.00038944327 	0.66143971 	0.00041549243 	0
0.009009009 	0.0058485824 	7.7600984e-05 	74.148283 	0.00039087588 	0.66385107 	0.00042121128 	0
0.0091091091 	0.005853026 	7.8591181e-05 	73.184123 	0.00039230849 	0.66626244 	0.00042693013 	0
0.0092092092 	0.0058574696 	7.9581378e-05 	72.219963 	0.0003937411 	0.6686738 	0.00043264899 	0
0.0093093093 	0.0058619132 	8.0571575e-05 	71.255803 	0.00039517372 	0.67108516 	0.00043836784 	0
0.0094094094 	0.0058628707 	8.1490773e-05 	70.488842 	0.00039665381 	0.67325616 	0.00044425506 	0
0.0095095095 	0.0058628576 	8.2390204e-05 	69.776781 	0.00039814713 	0.67536024 	0.00045018916 	0
0.0096096096 	0.0058628446 	8.3289635e-05 	69.064721 	0.00039964044 	0.67746432 	0.00045612326 	0
0.0097097097 	0.0058628315 	8.4189067e-05 	68.352661 	0.00040113376 	0.67956841 	0.00046205736 	0
0.0098098098 	0.0058628184 	8.5088498e-05 	67.640601 	0.00040262708 	0.68167249 	0.00046799147 	0
0.0099099099 	0.0058622759 	8.5959749e-05 	66.928427 	0.00040406701 	0.68379964 	0.00047415087 	0
0.01001001 	0.0058616642 	8.6827318e-05 	66.216239 	0.00040549997 	0.68592981 	0.00048033971 	0
0.01011011 	0.0058610525 	8.7694887e-05 	65.504051 	0.00040693294 	0.68805998 	0.00048652855 	0
0.01021021 	0.0058604408 	8.8562456e-05 	64.791863 	0.0004083659 	0.69019015 	0.0004927174 	0
0.01031031 	0.0058598291 	8.9430025e-05 	64.079675 	0.00040979886 	0.69232031 	0.00049890624 	0
0.01041041 	0.0058592174 	9.0297595e-05 	63.367487 	0.00041123182 	0.69445048 	0.00050509508 	0
0.010510511 	0.005856505 	9.1100146e-05 	62.769637 	0.00041272176 	0.69642052 	0.00051139035 	0
0.010610611 	0.0058527309 	9.186984e-05 	62.229567 	0.00041424049 	0.69830965 	0.00051773939 	0
0.010710711 	0.0058489568 	9.2639535e-05 	61.689497 	0.00041575922 	0.70019877 	0.00052408844 	0
0.010810811 	0.0058451828 	9.340923e-05 	61.149427 	0.00041727795 	0.70208789 	0.00053043748 	0
0.010910911 	0.0058414087 	9.4178924e-05 	60.609357 	0.00041879668 	0.70397702 	0.00053678653 	0
0.011011011 	0.0058372231 	9.4926724e-05 	60.069155 	0.00042024621 	0.70588226 	0.00054332778 	0
0.011111111 	0.0058327664 	9.5660106e-05 	59.528867 	0.00042165017 	0.70779811 	0.00054999559 	0
0.011211211 	0.0058283097 	9.6393488e-05 	58.988579 	0.00042305413 	0.70971396 	0.0005566634 	0
0.011311311 	0.005823853 	9.712687e-05 	58.448291 	0.00042445809 	0.71162981 	0.00056333121 	0
0.011411411 	0.0058193964 	9.7860253e-05 	57.908002 	0.00042586206 	0.71354566 	0.00056999902 	0
0.011511512 	0.0058149397 	9.8593635e-05 	57.367714 	0.00042726602 	0.71546151 	0.00057666684 	0
0.011611612 	0.005810073 	9.9309424e-05 	56.848735 	0.00042869124 	0.71734333 	0.00058335302 	0
0.011711712 	0.0058032755 	9.9942356e-05 	56.430117 	0.00043021656 	0.71906491 	0.00059012574 	0
0.011811812 	0.005796478 	0.00010057529 	56.011498 	0.00043174188 	0.72078649 	0.00059689846 	0
0.011911912 	0.0057896805 	0.00010120822 	55.592879 	0.00043326721 	0.72250806 	0.00060367118 	0
0.012012012 	0.005782883 	0.00010184115 	55.17426 	0.00043479253 	0.72422964 	0.0006104439 	0
0.012112112 	0.0057760855 	0.00010247408 	54.755642 	0.00043631785 	0.72595122 	0.00061721662 	0
0.012212212 	0.005768555 	0.00010306912 	54.336613 	0.00043767476 	0.72769871 	0.00062434658 	0
0.012312312 	0.0057609816 	0.00010366195 	53.917561 	0.00043902183 	0.72944771 	0.00063149741 	0
0.012412412 	0.0057534083 	0.00010425478 	53.498509 	0.0004403689 	0.73119671 	0.00063864824 	0
0.012512513 	0.0057458349 	0.0001048476 	53.079457 	0.00044171597 	0.73294571 	0.00064579907 	0
0.012612613 	0.0057382615 	0.00010544043 	52.660405 	0.00044306304 	0.73469471 	0.0006529499 	0
0.012712713 	0.0057306882 	0.00010603326 	52.241353 	0.00044441011 	0.73644371 	0.00066010073 	0
0.012812813 	0.0057225715 	0.0001065958 	51.848938 	0.0004458068 	0.73814423 	0.00066726599 	0
0.012912913 	0.0057132011 	0.00010708846 	51.517987 	0.00044731801 	0.73973287 	0.00067446454 	0
0.013013013 	0.0057038307 	0.00010758111 	51.187036 	0.00044882922 	0.74132151 	0.00068166309 	0
0.013113113 	0.0056944604 	0.00010807377 	50.856085 	0.00045034044 	0.74291015 	0.00068886163 	0
0.013213213 	0.00568509 	0.00010856643 	50.525134 	0.00045185165 	0.74449879 	0.00069606018 	0
0.013313313 	0.0056757196 	0.00010905908 	50.194183 	0.00045336286 	0.74608743 	0.00070325873 	0
0.013413413 	0.0056655604 	0.00010951304 	49.862546 	0.00045465013 	0.74770132 	0.00071084744 	0
0.013513514 	0.005655311 	0.00010996257 	49.530832 	0.00045591178 	0.7493181 	0.00071848079 	0
0.013613614 	0.0056450615 	0.00011041209 	49.199117 	0.00045717344 	0.75093488 	0.00072611413 	0
0.013713714 	0.0056348121 	0.00011086162 	48.867402 	0.0004584351 	0.75255166 	0.00073374748 	0
0.013813814 	0.0056245627 	0.00011131115 	48.535688 	0.00045969676 	0.75416844 	0.00074138082 	0
0.013913914 	0.0056143132 	0.00011176068 	48.203973 	0.00046095842 	0.75578522 	0.00074901416 	0
0.014014014 	0.0056040167 	0.00011220696 	47.874413 	0.00046222705 	0.75739753 	0.00075664707 	0
0.014114114 	0.0055923453 	0.00011255834 	47.607773 	0.0004636996 	0.75887913 	0.00076426707 	0
0.014214214 	0.0055806738 	0.00011290972 	47.341132 	0.00046517215 	0.76036073 	0.00077188707 	0
0.014314314 	0.0055690024 	0.00011326111 	47.074492 	0.0004666447 	0.76184233 	0.00077950708 	0
0.014414414 	0.0055573309 	0.00011361249 	46.807852 	0.00046811725 	0.76332393 	0.00078712708 	0
0.014514515 	0.0055456595 	0.00011396387 	46.541212 	0.0004695898 	0.76480554 	0.00079474708 	0
0.014614615 	0.0055335439 	0.00011429504 	46.274035 	0.00047091598 	0.76630004 	0.00080258646 	0
0.014714715 	0.0055208805 	0.00011460127 	46.006195 	0.00047206157 	0.76781046 	0.00081069652 	0
0.014814815 	0.005508217 	0.0001149075 	45.738355 	0.00047320716 	0.76932088 	0.00081880658 	0
0.014914915 	0.0054955535 	0.00011521373 	45.470515 	0.00047435275 	0.7708313 	0.00082691664 	0
0.015015015 	0.00548289 	0.00011551996 	45.202675 	0.00047549834 	0.77234172 	0.00083502671 	0
0.015115115 	0.0054702265 	0.00011582619 	44.934836 	0.00047664393 	0.77385213 	0.00084313677 	0
0.015215215 	0.0054575631 	0.00011613242 	44.666996 	0.00047778951 	0.77536255 	0.00085124683 	0
0.015315315 	0.0054444918 	0.00011640502 	44.416467 	0.0004790269 	0.77683186 	0.00085932907 	0
0.015415415 	0.0054306771 	0.00011661628 	44.197502 	0.00048043166 	0.77822621 	0.00086736056 	0
0.015515516 	0.0054168623 	0.00011682753 	43.978537 	0.00048183642 	0.77962055 	0.00087539206 	0
0.015615616 	0.0054030476 	0.00011703879 	43.759573 	0.00048324118 	0.78101489 	0.00088342356 	0
0.015715716 	0.0053892329 	0.00011725005 	43.540608 	0.00048464594 	0.78240924 	0.00089145506 	0
0.015815816 	0.0053754181 	0.00011746131 	43.321644 	0.0004860507 	0.78380358 	0.00089948656 	0
0.015915916 	0.0053609556 	0.00011764593 	43.101669 	0.00048721772 	0.78521502 	0.00090783502 	0
0.016016016 	0.0053460282 	0.00011781144 	42.880971 	0.00048821415 	0.78663873 	0.00091641092 	0
0.016116116 	0.0053311008 	0.00011797694 	42.660272 	0.00048921057 	0.78806244 	0.00092498682 	0
0.016216216 	0.0053161734 	0.00011814245 	42.439573 	0.000490207 	0.78948616 	0.00093356271 	0
0.016316316 	0.005301246 	0.00011830795 	42.218875 	0.00049120343 	0.79090987 	0.00094213861 	0
0.016416416 	0.0052863186 	0.00011847345 	41.998176 	0.00049219985 	0.79233358 	0.00095071451 	0
0.016516517 	0.0052713912 	0.00011863896 	41.777478 	0.00049319628 	0.79375729 	0.00095929041 	0
0.016616617 	0.005256226 	0.00011878162 	41.566156 	0.00049427037 	0.79515548 	0.00096783023 	0
0.016716717 	0.0052403549 	0.00011885644 	41.382685 	0.00049557512 	0.79647785 	0.00097626289 	0
0.016816817 	0.0052244838 	0.00011893125 	41.199214 	0.00049687987 	0.79780023 	0.00098469555 	0
0.016916917 	0.0052086127 	0.00011900607 	41.015742 	0.00049818462 	0.79912261 	0.00099312821 	0
0.017017017 	0.0051927416 	0.00011908089 	40.832271 	0.00049948937 	0.80044498 	0.0010015609 	0
0.017117117 	0.0051768704 	0.00011915571 	40.6488 	0.00050079412 	0.80176736 	0.0010099935 	0
0.017217217 	0.0051606444 	0.00011921779 	40.46465 	0.00050195783 	0.80309824 	0.0010185977 	0
0.017317317 	0.0051435377 	0.00011924828 	40.278816 	0.00050277148 	0.80445025 	0.0010276273 	0
0.017417417 	0.005126431 	0.00011927877 	40.092982 	0.00050358513 	0.80580225 	0.001036657 	0
0.017517518 	0.0051093242 	0.00011930925 	39.907148 	0.00050439879 	0.80715425 	0.0010456867 	0
0.017617618 	0.0050922175 	0.00011933974 	39.721314 	0.00050521244 	0.80850625 	0.0010547164 	0
0.017717718 	0.0050751108 	0.00011937023 	39.53548 	0.00050602609 	0.80985825 	0.0010637461 	0
0.017817818 	0.005058004 	0.00011940071 	39.349646 	0.00050683974 	0.81121026 	0.0010727758 	0
0.017917918 	0.0050408973 	0.0001194312 	39.163813 	0.00050765339 	0.81256226 	0.0010818055 	0
0.018018018 	0.0050232419 	0.0001194014 	38.998405 	0.00050872381 	0.81385027 	0.001090697 	0
0.018118118 	0.0050053646 	0.00011934722 	38.841256 	0.00050989803 	0.81511241 	0.0010995326 	0
0.018218218 	0.0049874874 	0.00011929304 	38.684107 	0.00051107225 	0.81637455 	0.0011083682 	0
0.018318318 	0.0049696101 	0.00011923887 	38.526957 	0.00051224648 	0.81763669 	0.0011172038 	0
0.018418418 	0.0049517329 	0.00011918469 	38.369808 	0.0005134207 	0.81889882 	0.0011260394 	0
0.018518519 	0.0049338556 	0.00011913051 	38.212659 	0.00051459492 	0.82016096 	0.001134875 	0
0.018618619 	0.0049152378 	0.00011905429 	38.053816 	0.00051545533 	0.82143918 	0.0011440641 	0
0.018718719 	0.0048960097 	0.00011895989 	37.893577 	0.00051605717 	0.82273063 	0.0011535445 	0
0.018818819 	0.0048767816 	0.0001188655 	37.733339 	0.00051665901 	0.82402209 	0.0011630249 	0
0.018918919 	0.0048575534 	0.00011877111 	37.5731 	0.00051726085 	0.82531355 	0.0011725053 	0
0.019019019 	0.0048383253 	0.00011867671 	37.412861 	0.00051786269 	0.826605 	0.0011819857 	0
0.019119119 	0.0048190972 	0.00011858232 	37.252623 	0.00051846453 	0.82789646 	0.0011914661 	0
0.019219219 	0.0047998691 	0.00011848792 	37.092384 	0.00051906637 	0.82918792 	0.0012009465 	0
0.019319319 	0.004780641 	0.00011839353 	36.932146 	0.00051966821 	0.83047938 	0.0012104269 	0
0.019419419 	0.0047609752 	0.00011824456 	36.787966 	0.00052057237 	0.83171245 	0.0012197591 	0
0.01951952 	0.0047411393 	0.00011807438 	36.650025 	0.00052159398 	0.83292284 	0.0012290337 	0
0.01961962 	0.0047213035 	0.0001179042 	36.512084 	0.00052261558 	0.83413323 	0.0012383084 	0
0.01971972 	0.0047014676 	0.00011773402 	36.374142 	0.00052363718 	0.83534363 	0.001247583 	0
0.01981982 	0.0046816318 	0.00011756384 	36.236201 	0.00052465878 	0.83655402 	0.0012568577 	0
0.01991992 	0.0046617959 	0.00011739366 	36.09826 	0.00052568039 	0.83776441 	0.0012661323 	0
0.02002002 	0.0046414544 	0.00011721197 	35.958942 	0.00052647439 	0.83898463 	0.0012756457 	0
0.02012012 	0.004620176 	0.00011700896 	35.817076 	0.0005268467 	0.84022307 	0.0012856015 	0
0.02022022 	0.0045988976 	0.00011680594 	35.675209 	0.00052721901 	0.8414615 	0.0012955572 	0
0.02032032 	0.0045776192 	0.00011660292 	35.533342 	0.00052759132 	0.84269993 	0.001305513 	0
0.02042042 	0.0045563408 	0.00011639991 	35.391475 	0.00052796363 	0.84393837 	0.0013154687 	0
0.020520521 	0.0045350624 	0.00011619689 	35.249608 	0.00052833594 	0.8451768 	0.0013254245 	0
0.020620621 	0.004513784 	0.00011599388 	35.107741 	0.00052870825 	0.84641523 	0.0013353802 	0
0.020720721 	0.0044925056 	0.00011579086 	34.965874 	0.00052908056 	0.84765367 	0.001345336 	0
0.020820821 	0.0044711146 	0.00011557131 	34.828561 	0.0005295801 	0.84887258 	0.0013552431 	0
0.020920921 	0.0044494049 	0.00011530497 	34.704135 	0.00053043965 	0.85003626 	0.0013650123 	0
0.021021021 	0.0044276952 	0.00011503864 	34.579708 	0.0005312992 	0.85119994 	0.0013747816 	0
0.021121121 	0.0044059855 	0.0001147723 	34.455282 	0.00053215875 	0.85236361 	0.0013845509 	0
0.021221221 	0.0043842759 	0.00011450597 	34.330855 	0.0005330183 	0.85352729 	0.0013943202 	0
0.021321321 	0.0043625662 	0.00011423964 	34.206429 	0.00053387785 	0.85469097 	0.0014040894 	0
0.021421421 	0.0043408565 	0.0001139733 	34.082002 	0.0005347374 	0.85585465 	0.0014138587 	0
0.021521522 	0.0043181375 	0.00011369222 	33.954269 	0.00053510894 	0.85703545 	0.0014241019 	0
0.021621622 	0.0042949409 	0.00011340417 	33.82497 	0.0005352495 	0.85822436 	0.0014345693 	0
0.021721722 	0.0042717442 	0.00011311612 	33.695671 	0.00053539007 	0.85941327 	0.0014450367 	0
0.021821822 	0.0042485476 	0.00011282806 	33.566371 	0.00053553063 	0.86060218 	0.0014555042 	0
0.021921922 	0.004225351 	0.00011254001 	33.437072 	0.00053567119 	0.86179108 	0.0014659716 	0
0.022022022 	0.0042021543 	0.00011225195 	33.307773 	0.00053581175 	0.86297999 	0.001476439 	0
0.022122122 	0.0041789577 	0.0001119639 	33.178474 	0.00053595232 	0.8641689 	0.0014869064 	0
0.022222222 	0.0041557611 	0.00011167584 	33.049175 	0.00053609288 	0.86535781 	0.0014973739 	0
0.022322322 	0.0041324962 	0.00011137269 	32.924259 	0.00053641193 	0.86652407 	0.0015077767 	0
0.022422422 	0.0041090859 	0.00011103734 	32.80869 	0.00053711163 	0.86764202 	0.0015180418 	0
0.022522523 	0.0040856756 	0.00011070198 	32.693121 	0.00053781133 	0.86875998 	0.0015283069 	0
0.022622623 	0.0040622653 	0.00011036663 	32.577551 	0.00053851103 	0.86987793 	0.001538572 	0
0.022722723 	0.004038855 	0.00011003128 	32.461982 	0.00053921073 	0.87099588 	0.0015488371 	0
0.022822823 	0.0040154448 	0.00010969592 	32.346413 	0.00053991043 	0.87211384 	0.0015591022 	0
0.022922923 	0.0039920345 	0.00010936057 	32.230844 	0.00054061013 	0.87323179 	0.0015693673 	0
0.023023023 	0.0039678753 	0.00010902186 	32.112241 	0.00054090755 	0.87436015 	0.0015799897 	0
0.023123123 	0.0039430165 	0.00010868003 	31.990806 	0.00054082922 	0.87549825 	0.0015909458 	0
0.023223223 	0.0039181578 	0.00010833819 	31.869371 	0.00054075089 	0.87663634 	0.0016019019 	0
0.023323323 	0.0038932991 	0.00010799635 	31.747936 	0.00054067256 	0.87777443 	0.001612858 	0
0.023423423 	0.0038684404 	0.00010765452 	31.626501 	0.00054059423 	0.87891252 	0.0016238141 	0
0.023523524 	0.0038435817 	0.00010731268 	31.505066 	0.0005405159 	0.88005061 	0.0016347702 	0
0.023623624 	0.0038187229 	0.00010697084 	31.38363 	0.00054043757 	0.8811887 	0.0016457263 	0
0.023723724 	0.0037938642 	0.00010662901 	31.262195 	0.00054035924 	0.8823268 	0.0016566824 	0
0.023823824 	0.0037690055 	0.00010628717 	31.14076 	0.00054028091 	0.88346489 	0.0016676385 	0
0.023923924 	0.0037442144 	0.00010592092 	31.028976 	0.00054075273 	0.88454172 	0.0016783335 	0
0.024024024 	0.0037194328 	0.00010555128 	30.918529 	0.00054130072 	0.88561007 	0.0016889923 	0
0.024124124 	0.0036946511 	0.00010518165 	30.808081 	0.00054184871 	0.88667842 	0.0016996511 	0
0.024224224 	0.0036698694 	0.00010481202 	30.697634 	0.0005423967 	0.88774677 	0.0017103099 	0
0.024324324 	0.0036450878 	0.00010444239 	30.587186 	0.00054294468 	0.88881512 	0.0017209687 	0
0.024424424 	0.0036203061 	0.00010407275 	30.476739 	0.00054349267 	0.88988347 	0.0017316275 	0
0.024524525 	0.0035955244 	0.00010370312 	30.366291 	0.00054404066 	0.89095182 	0.0017422863 	0
0.024624625 	0.0035696678 	0.00010334437 	30.250307 	0.00054389057 	0.89203028 	0.0017534999 	0
0.024724725 	0.0035436202 	0.00010298755 	30.133339 	0.00054361642 	0.89311053 	0.0017648121 	0
0.024824825 	0.0035175726 	0.00010263073 	30.01637 	0.00054334227 	0.89419078 	0.0017761243 	0
0.024924925 	0.003491525 	0.00010227392 	29.899402 	0.00054306812 	0.89527103 	0.0017874365 	0
0.025025025 	0.0034654773 	0.0001019171 	29.782433 	0.00054279397 	0.89635128 	0.0017987487 	0
0.025125125 	0.0034394297 	0.00010156028 	29.665465 	0.00054251981 	0.89743154 	0.0018100609 	0
0.025225225 	0.0034133821 	0.00010120347 	29.548497 	0.00054224566 	0.89851179 	0.0018213731 	0
0.025325325 	0.0033873345 	0.00010084665 	29.431528 	0.00054197151 	0.89959204 	0.0018326853 	0
0.025425425 	0.0033612869 	0.00010048983 	29.31456 	0.00054169736 	0.90067229 	0.0018439975 	0
0.025525526 	0.0033357255 	0.00010012846 	29.206785 	0.00054204818 	0.90168694 	0.0018548732 	0
0.025625626 	0.0033102054 	9.9766709e-05 	29.099788 	0.00054245189 	0.90269603 	0.0018657119 	0
0.025725726 	0.0032846852 	9.9404955e-05 	28.992791 	0.00054285559 	0.90370512 	0.0018765506 	0
0.025825826 	0.003259165 	9.9043202e-05 	28.885794 	0.0005432593 	0.90471421 	0.0018873894 	0
0.025925926 	0.0032336449 	9.8681448e-05 	28.778797 	0.00054366301 	0.9057233 	0.0018982281 	0
0.026026026 	0.0032081247 	9.8319695e-05 	28.6718 	0.00054406671 	0.90673239 	0.0019090668 	0
0.026126126 	0.0031826045 	9.7957941e-05 	28.564803 	0.00054447042 	0.90774148 	0.0019199055 	0
0.026226226 	0.0031565226 	9.7617715e-05 	28.453943 	0.00054431661 	0.90875063 	0.0019311261 	0
0.026326326 	0.0031301487 	9.7288681e-05 	28.341074 	0.00054387298 	0.90975982 	0.0019425451 	0
0.026426426 	0.0031037748 	9.6959646e-05 	28.228206 	0.00054342935 	0.910769 	0.0019539642 	0
0.026526527 	0.0030774009 	9.6630612e-05 	28.115337 	0.00054298572 	0.91177818 	0.0019653832 	0
0.026626627 	0.0030510269 	9.6301577e-05 	28.002468 	0.00054254209 	0.91278737 	0.0019768023 	0
0.026726727 	0.003024653 	9.5972543e-05 	27.8896 	0.00054209845 	0.91379655 	0.0019882214 	0
0.026826827 	0.0029982791 	9.5643508e-05 	27.776731 	0.00054165482 	0.91480574 	0.0019996404 	0
0.026926927 	0.0029719052 	9.5314474e-05 	27.663863 	0.00054121119 	0.91581492 	0.0020110595 	0
0.027027027 	0.0029455313 	9.4985439e-05 	27.550994 	0.00054076756 	0.91682411 	0.0020224785 	0
0.027127127 	0.0029196245 	9.4660257e-05 	27.442533 	0.00054063099 	0.91780123 	0.002033593 	0
0.027227227 	0.0028943299 	9.4340125e-05 	27.339849 	0.00054089688 	0.91873632 	0.0020443084 	0
0.027327327 	0.0028690354 	9.4019993e-05 	27.237165 	0.00054116277 	0.91967142 	0.0020550238 	0
0.027427427 	0.0028437409 	9.3699861e-05 	27.13448 	0.00054142866 	0.92060651 	0.0020657392 	0
0.027527528 	0.0028184464 	9.3379729e-05 	27.031796 	0.00054169455 	0.92154161 	0.0020764545 	0
0.027627628 	0.0027931518 	9.3059597e-05 	26.929112 	0.00054196044 	0.9224767 	0.0020871699 	0
0.027727728 	0.0027678573 	9.2739465e-05 	26.826428 	0.00054222633 	0.9234118 	0.0020978853 	0
0.027827828 	0.0027425628 	9.2419333e-05 	26.723743 	0.00054249222 	0.92434689 	0.0021086007 	0
0.027927928 	0.0027169653 	9.2128133e-05 	26.616773 	0.00054196829 	0.92526968 	0.0021197603 	0
0.028028028 	0.0026913436 	9.1839238e-05 	26.509461 	0.00054138143 	0.92619148 	0.0021309554 	0
0.028128128 	0.0026657219 	9.1550343e-05 	26.402149 	0.00054079457 	0.92711328 	0.0021421504 	0
0.028228228 	0.0026401002 	9.1261448e-05 	26.294837 	0.00054020771 	0.92803508 	0.0021533455 	0
0.028328328 	0.0026144786 	9.0972553e-05 	26.187525 	0.00053962086 	0.92895688 	0.0021645405 	0
0.028428428 	0.0025888569 	9.0683658e-05 	26.080213 	0.000539034 	0.92987868 	0.0021757356 	0
0.028528529 	0.0025632352 	9.0394763e-05 	25.972901 	0.00053844714 	0.93080048 	0.0021869306 	0
0.028628629 	0.0025376136 	9.0105868e-05 	25.865589 	0.00053786028 	0.93172228 	0.0021981257 	0
0.028728729 	0.0025119919 	8.9816973e-05 	25.758277 	0.00053727342 	0.93264408 	0.0022093207 	0
0.028828829 	0.0024869296 	8.9519193e-05 	25.654638 	0.0005369744 	0.93353686 	0.0022201796 	0
0.028928929 	0.0024627315 	8.920769e-05 	25.556674 	0.00053712001 	0.93438482 	0.0022305191 	0
0.029029029 	0.0024385333 	8.8896187e-05 	25.45871 	0.00053726563 	0.93523278 	0.0022408586 	0
0.029129129 	0.0024143352 	8.8584684e-05 	25.360746 	0.00053741124 	0.93608074 	0.0022511981 	0
0.029229229 	0.0023901371 	8.8273181e-05 	25.262782 	0.00053755686 	0.9369287 	0.0022615376 	0
0.029329329 	0.0023659389 	8.7961678e-05 	25.164818 	0.00053770248 	0.93777666 	0.0022718771 	0
0.029429429 	0.0023417408 	8.7650175e-05 	25.066853 	0.00053784809 	0.93862461 	0.0022822166 	0
0.02952953 	0.0023175427 	8.7338671e-05 	24.968889 	0.00053799371 	0.93947257 	0.0022925561 	0
0.02962963 	0.0022933171 	8.6994765e-05 	24.867816 	0.00053760415 	0.94030753 	0.002303154 	0
0.02972973 	0.0022690758 	8.6632293e-05 	24.764962 	0.00053690795 	0.94113505 	0.0023139 	0
0.02982983 	0.0022448344 	8.6269821e-05 	24.662107 	0.00053621176 	0.94196257 	0.002324646 	0
0.02992993 	0.0022205931 	8.590735e-05 	24.559253 	0.00053551557 	0.94279008 	0.002335392 	0
0.03003003 	0.0021963518 	8.5544878e-05 	24.456398 	0.00053481937 	0.9436176 	0.002346138 	0
0.03013013 	0.0021721104 	8.5182406e-05 	24.353544 	0.00053412318 	0.94444512 	0.002356884 	0
0.03023023 	0.0021478691 	8.4819934e-05 	24.250689 	0.00053342699 	0.94527263 	0.00236763 	0
0.03033033 	0.0021236278 	8.4457462e-05 	24.147835 	0.00053273079 	0.94610015 	0.002378376 	0
0.03043043 	0.0020993864 	8.409499e-05 	24.04498 	0.0005320346 	0.94692767 	0.002389122 	0
0.030530531 	0.0020751451 	8.3732518e-05 	23.942126 	0.00053133841 	0.94775518 	0.002399868 	0
0.030630631 	0.0020520377 	8.329566e-05 	23.844792 	0.00053123467 	0.94853091 	0.0024099655 	0
0.030730731 	0.0020292424 	8.283833e-05 	23.748978 	0.000531294 	0.94929239 	0.0024198845 	0
0.030830831 	0.0020064471 	8.2381e-05 	23.653164 	0.00053135333 	0.95005386 	0.0024298035 	0
0.030930931 	0.0019836518 	8.192367e-05 	23.557349 	0.00053141265 	0.95081534 	0.0024397225 	0
0.031031031 	0.0019608566 	8.146634e-05 	23.461535 	0.00053147198 	0.95157682 	0.0024496416 	0
0.031131131 	0.0019380613 	8.100901e-05 	23.365721 	0.0005315313 	0.95233829 	0.0024595606 	0
0.031231231 	0.001915266 	8.055168e-05 	23.269907 	0.00053159063 	0.95309977 	0.0024694796 	0
0.031331331 	0.0018924707 	8.009435e-05 	23.174092 	0.00053164995 	0.95386125 	0.0024793986 	0
0.031431431 	0.0018696892 	7.9558301e-05 	23.072883 	0.00053107398 	0.95460813 	0.0024895323 	0
0.031531532 	0.0018469119 	7.8998465e-05 	22.970043 	0.00053030603 	0.9553506 	0.0024997309 	0
0.031631632 	0.0018241347 	7.8438629e-05 	22.867203 	0.00052953808 	0.95609307 	0.0025099295 	0
0.031731732 	0.0018013574 	7.7878793e-05 	22.764363 	0.00052877012 	0.95683553 	0.0025201282 	0
0.031831832 	0.0017785801 	7.7318957e-05 	22.661523 	0.00052800217 	0.957578 	0.0025303268 	0
0.031931932 	0.0017558028 	7.6759121e-05 	22.558683 	0.00052723422 	0.95832047 	0.0025405254 	0
0.032032032 	0.0017330255 	7.6199285e-05 	22.455844 	0.00052646627 	0.95906294 	0.002550724 	0
0.032132132 	0.0017102483 	7.5639449e-05 	22.353004 	0.00052569832 	0.95980541 	0.0025609226 	0
0.032232232 	0.001687471 	7.5079613e-05 	22.250164 	0.00052493036 	0.96054788 	0.0025711212 	0
0.032332332 	0.0016646937 	7.4519777e-05 	22.147324 	0.00052416241 	0.96129035 	0.0025813198 	0
0.032432432 	0.0016427668 	7.3917758e-05 	22.046934 	0.00052384905 	0.96199928 	0.0025911311 	0
0.032532533 	0.0016214371 	7.3286111e-05 	21.948265 	0.00052385498 	0.96268464 	0.0026006703 	0
0.032632633 	0.0016001074 	7.2654465e-05 	21.849596 	0.0005238609 	0.96337001 	0.0026102094 	0
0.032732733 	0.0015787777 	7.2022818e-05 	21.750927 	0.00052386683 	0.96405538 	0.0026197486 	0
0.032832833 	0.001557448 	7.1391172e-05 	21.652258 	0.00052387275 	0.96474074 	0.0026292877 	0
0.032932933 	0.0015361183 	7.0759526e-05 	21.553589 	0.00052387868 	0.96542611 	0.0026388269 	0
0.033033033 	0.0015147886 	7.0127879e-05 	21.45492 	0.00052388461 	0.96611147 	0.0026483661 	0
0.033133133 	0.0014934589 	6.9496233e-05 	21.356251 	0.00052389053 	0.96679684 	0.0026579052 	0
0.033233233 	0.0014722028 	6.8851994e-05 	21.254506 	0.00052364806 	0.96747585 	0.0026674482 	0
0.033333333 	0.0014511154 	6.8178857e-05 	21.145702 	0.00052283559 	0.96814029 	0.0026769998 	0
0.033433433 	0.0014300281 	6.7505721e-05 	21.036897 	0.00052202312 	0.96880473 	0.0026865515 	0
0.033533534 	0.0014089408 	6.6832585e-05 	20.928092 	0.00052121064 	0.96946916 	0.0026961031 	0
0.033633634 	0.0013878534 	6.6159449e-05 	20.819288 	0.00052039817 	0.9701336 	0.0027056548 	0
0.033733734 	0.0013667661 	6.5486312e-05 	20.710483 	0.0005195857 	0.97079804 	0.0027152064 	0
0.033833834 	0.0013456788 	6.4813176e-05 	20.601678 	0.00051877323 	0.97146247 	0.0027247581 	0
0.033933934 	0.0013245914 	6.414004e-05 	20.492874 	0.00051796075 	0.97212691 	0.0027343097 	0
0.034034034 	0.0013035041 	6.3466903e-05 	20.384069 	0.00051714828 	0.97279134 	0.0027438614 	0
0.034134134 	0.0012824168 	6.2793767e-05 	20.275264 	0.00051633581 	0.97345578 	0.002753413 	0
0.034234234 	0.0012613294 	6.2120631e-05 	20.16646 	0.00051552334 	0.97412022 	0.0027629647 	0
0.034334334 	0.0012415602 	6.1445428e-05 	20.059047 	0.00051532436 	0.97474071 	0.0027720663 	0
0.034434434 	0.0012221562 	6.0769653e-05 	19.95202 	0.00051529536 	0.97534902 	0.0027810432 	0
0.034534535 	0.0012027521 	6.0093877e-05 	19.844992 	0.00051526635 	0.97595734 	0.0027900201 	0
0.034634635 	0.0011833481 	5.9418102e-05 	19.737965 	0.00051523735 	0.97656565 	0.0027989971 	0
0.034734735 	0.001163944 	5.8742327e-05 	19.630938 	0.00051520834 	0.97717397 	0.002807974 	0
0.034834835 	0.00114454 	5.8066551e-05 	19.523911 	0.00051517934 	0.97778228 	0.0028169509 	0
0.034934935 	0.0011251359 	5.7390776e-05 	19.416884 	0.00051515034 	0.9783906 	0.0028259278 	0
0.035035035 	0.0011057319 	5.6715001e-05 	19.309856 	0.00051512133 	0.97899891 	0.0028349047 	0
0.035135135 	0.0010864979 	5.6041781e-05 	19.19996 	0.00051491303 	0.97959973 	0.002843799 	0
0.035235235 	0.0010678581 	5.5377488e-05 	19.080038 	0.00051407834 	0.98017433 	0.0028524046 	0
0.035335335 	0.0010492184 	5.4713195e-05 	18.960117 	0.00051324364 	0.98074894 	0.0028610101 	0
0.035435435 	0.0010305786 	5.4048902e-05 	18.840196 	0.00051240895 	0.98132354 	0.0028696157 	0
0.035535536 	0.0010119388 	5.3384609e-05 	18.720274 	0.00051157425 	0.98189814 	0.0028782212 	0
0.035635636 	0.000993299 	5.2720316e-05 	18.600353 	0.00051073956 	0.98247275 	0.0028868268 	0
0.035735736 	0.00097465921 	5.2056023e-05 	18.480432 	0.00050990486 	0.98304735 	0.0028954323 	0
0.035835836 	0.00095601942 	5.139173e-05 	18.36051 	0.00050907017 	0.98362196 	0.0029040379 	0
0.035935936 	0.00093737964 	5.0727437e-05 	18.240589 	0.00050823547 	0.98419656 	0.0029126434 	0
0.036036036 	0.00091873985 	5.0063144e-05 	18.120667 	0.00050740077 	0.98477117 	0.002921249 	0
0.036136136 	0.00090010006 	4.9398851e-05 	18.000746 	0.00050656608 	0.98534577 	0.0029298546 	0
0.036236236 	0.00088218018 	4.8740492e-05 	17.88118 	0.00050600487 	0.9858991 	0.0029382311 	0
0.036336336 	0.00086559262 	4.8093115e-05 	17.76227 	0.00050594979 	0.98641304 	0.0029461839 	0
0.036436436 	0.00084900506 	4.7445737e-05 	17.643361 	0.00050589471 	0.98692698 	0.0029541366 	0
0.036536537 	0.00083241751 	4.679836e-05 	17.524451 	0.00050583964 	0.98744092 	0.0029620893 	0
0.036636637 	0.00081582995 	4.6150982e-05 	17.405542 	0.00050578456 	0.98795486 	0.0029700421 	0
0.036736737 	0.0007992424 	4.5503605e-05 	17.286633 	0.00050572948 	0.98846881 	0.0029779948 	0
0.036836837 	0.00078265484 	4.4856228e-05 	17.167723 	0.00050567441 	0.98898275 	0.0029859476 	0
0.036936937 	0.00076606728 	4.420885e-05 	17.048814 	0.00050561933 	0.98949669 	0.0029939003 	0
0.037037037 	0.00074947973 	4.3561473e-05 	16.929904 	0.00050556426 	0.99001063 	0.0030018531 	0
0.037137137 	0.00073360277 	4.2930802e-05 	16.804363 	0.00050511614 	0.99049796 	0.0030093823 	0
0.037237237 	0.00071842394 	4.2316544e-05 	16.672307 	0.0005042819 	0.99095914 	0.0030164953 	0
0.037337337 	0.00070324511 	4.1702286e-05 	16.540251 	0.00050344765 	0.99142032 	0.0030236084 	0
0.037437437 	0.00068806628 	4.1088028e-05 	16.408194 	0.00050261341 	0.99188149 	0.0030307215 	0
0.037537538 	0.00067288745 	4.047377e-05 	16.276138 	0.00050177916 	0.99234267 	0.0030378346 	0
0.037637638 	0.00065770862 	3.9859512e-05 	16.144082 	0.00050094492 	0.99280385 	0.0030449476 	0
0.037737738 	0.00064252979 	3.9245254e-05 	16.012026 	0.00050011067 	0.99326503 	0.0030520607 	0
0.037837838 	0.00062735096 	3.8630996e-05 	15.879969 	0.00049927643 	0.99372621 	0.0030591738 	0
0.037937938 	0.00061217212 	3.8016738e-05 	15.747913 	0.00049844218 	0.99418738 	0.0030662869 	0
0.038038038 	0.00059699329 	3.740248e-05 	15.615857 	0.00049760793 	0.99464856 	0.0030734 	0
0.038138138 	0.00058181446 	3.6788222e-05 	15.483801 	0.00049677369 	0.99510974 	0.003080513 	0
0.038238238 	0.00056726108 	3.6183591e-05 	15.352679 	0.00049614397 	0.99555355 	0.0030874219 	0
0.038338338 	0.00055440163 	3.5605032e-05 	15.224091 	0.0004960682 	0.99595033 	0.0030937777 	0
0.038438438 	0.00054154218 	3.5026473e-05 	15.095503 	0.00049599242 	0.99634711 	0.0031001335 	0
0.038538539 	0.00052868273 	3.4447914e-05 	14.966915 	0.00049591665 	0.99674389 	0.0031064893 	0
0.038638639 	0.00051582328 	3.3869355e-05 	14.838327 	0.00049584087 	0.99714067 	0.0031128451 	0
0.038738739 	0.00050296383 	3.3290796e-05 	14.709739 	0.0004957651 	0.99753745 	0.0031192009 	0
0.038838839 	0.00049010438 	3.2712237e-05 	14.581151 	0.00049568932 	0.99793423 	0.0031255567 	0
0.038938939 	0.00047724493 	3.2133677e-05 	14.452563 	0.00049561354 	0.99833102 	0.0031319125 	0
0.039039039 	0.00046438548 	3.1555118e-05 	14.323975 	0.00049553777 	0.9987278 	0.0031382683 	0
0.039139139 	0.00045176567 	3.0983144e-05 	14.194381 	0.00049536777 	0.99911566 	0.0031444612 	0
0.039239239 	0.00044077968 	3.0456065e-05 	14.057933 	0.00049455539 	0.99944277 	0.0031495433 	0
0.039339339 	0.0004297937 	2.9928985e-05 	13.921484 	0.000493743 	0.99976987 	0.0031546253 	0
0.039439439 	0.00041880771 	2.9401906e-05 	13.785035 	0.00049293062 	1.000097 	0.0031597073 	0
0.03953954 	0.00040782173 	2.8874826e-05 	13.648587 	0.00049211824 	1.0004241 	0.0031647894 	0
0.03963964 	0.00039683574 	2.8347747e-05 	13.512138 	0.00049130585 	1.0007512 	0.0031698714 	0
0.03973974 	0.00038584976 	2.7820667e-05 	13.375689 	0.00049049347 	1.0010783 	0.0031749534 	0
0.03983984 	0.00037486377 	2.7293588e-05 	13.239241 	0.00048968108 	1.0014054 	0.0031800354 	0
0.03993994 	0.00036387779 	2.6766508e-05 	13.102792 	0.0004888687 	1.0017325 	0.0031851175 	0
0.04004004 	0.0003528918 	2.6239429e-05 	12.966344 	0.00048805631 	1.0020596 	0.0031901995 	0
0.04014014 	0.00034190582 	2.5712349e-05 	12.829895 	0.00048724393 	1.0023867 	0.0031952815 	0
0.04024024 	0.00033091983 	2.518527e-05 	12.693446 	0.00048643155 	1.0027138 	0.0032003636 	0
0.04034034 	0.00032110901 	2.4683215e-05 	12.562442 	0.00048599246 	1.0030089 	0.0032050573 	0
0.04044044 	0.00031239166 	2.4204446e-05 	12.436502 	0.00048590074 	1.0032743 	0.0032093898 	0
0.040540541 	0.00030367431 	2.3725676e-05 	12.310563 	0.00048580901 	1.0035398 	0.0032137223 	0
0.040640641 	0.00029495696 	2.3246907e-05 	12.184623 	0.00048571728 	1.0038052 	0.0032180547 	0
0.040740741 	0.00028623961 	2.2768138e-05 	12.058684 	0.00048562556 	1.0040706 	0.0032223872 	0
0.040840841 	0.00027752225 	2.2289368e-05 	11.932744 	0.00048553383 	1.004336 	0.0032267197 	0
0.040940941 	0.0002688049 	2.1810599e-05 	11.806805 	0.0004854421 	1.0046014 	0.0032310522 	0
0.041041041 	0.00026008755 	2.133183e-05 	11.680865 	0.00048535037 	1.0048668 	0.0032353846 	0
0.041141141 	0.0002513702 	2.085306e-05 	11.554926 	0.00048525865 	1.0051322 	0.0032397171 	0
0.041241241 	0.00024278703 	2.0378691e-05 	11.429252 	0.00048511871 	1.0053924 	0.0032439452 	0
0.041341341 	0.00023595941 	1.9961892e-05 	11.307063 	0.00048434799 	1.0055843 	0.0032468072 	0
0.041441441 	0.0002291318 	1.9545093e-05 	11.184874 	0.00048357727 	1.0057762 	0.0032496693 	0
0.041541542 	0.00022230419 	1.9128295e-05 	11.062685 	0.00048280655 	1.0059681 	0.0032525314 	0
0.041641642 	0.00021547658 	1.8711496e-05 	10.940495 	0.00048203582 	1.00616 	0.0032553934 	0
0.041741742 	0.00020864896 	1.8294697e-05 	10.818306 	0.0004812651 	1.0063519 	0.0032582555 	0
0.041841842 	0.00020182135 	1.7877899e-05 	10.696117 	0.00048049438 	1.0065438 	0.0032611175 	0
0.041941942 	0.00019499374 	1.74611e-05 	10.573928 	0.00047972366 	1.0067357 	0.0032639796 	0
0.042042042 	0.00018816613 	1.7044301e-05 	10.451739 	0.00047895294 	1.0069276 	0.0032668417 	0
0.042142142 	0.00018133852 	1.6627503e-05 	10.329549 	0.00047818222 	1.0071195 	0.0032697037 	0
0.042242242 	0.0001745109 	1.6210704e-05 	10.20736 	0.0004774115 	1.0073114 	0.0032725658 	0
0.042342342 	0.00016768329 	1.5793905e-05 	10.085171 	0.00047664077 	1.0075033 	0.0032754279 	0
0.042442442 	0.00016098972 	1.5381151e-05 	9.9644024 	0.00047591896 	1.0076916 	0.0032782486 	0
0.042542543 	0.00015598769 	1.5019429e-05 	9.8615627 	0.00047581432 	1.0078353 	0.0032805482 	0
0.042642643 	0.00015098565 	1.4657706e-05 	9.7587231 	0.00047570967 	1.007979 	0.0032828478 	0
0.042742743 	0.00014598361 	1.4295984e-05 	9.6558834 	0.00047560503 	1.0081227 	0.0032851474 	0
0.042842843 	0.00014098157 	1.3934262e-05 	9.5530438 	0.00047550039 	1.0082664 	0.003287447 	0
0.042942943 	0.00013597953 	1.357254e-05 	9.4502041 	0.00047539574 	1.0084101 	0.0032897466 	0
0.043043043 	0.0001309775 	1.3210818e-05 	9.3473644 	0.0004752911 	1.0085538 	0.0032920462 	0
0.043143143 	0.00012597546 	1.2849096e-05 	9.2445248 	0.00047518646 	1.0086975 	0.0032943458 	0
0.043243243 	0.00012097342 	1.2487374e-05 	9.1416851 	0.00047508181 	1.0088412 	0.0032966454 	0
0.043343343 	0.00011597138 	1.2125651e-05 	9.0388455 	0.00047497717 	1.0089849 	0.0032989451 	0
0.043443443 	0.00011142154 	1.1784868e-05 	8.9407727 	0.00047468365 	1.0091105 	0.0033008849 	0
0.043543544 	0.00010787362 	1.1490478e-05 	8.8532618 	0.00047397165 	1.0091958 	0.0033020278 	0
0.043643644 	0.00010432569 	1.1196087e-05 	8.7657509 	0.00047325965 	1.0092812 	0.0033031707 	0
0.043743744 	0.00010077777 	1.0901697e-05 	8.67824 	0.00047254765 	1.0093665 	0.0033043136 	0
0.043843844 	9.7229847e-05 	1.0607307e-05 	8.5907291 	0.00047183565 	1.0094519 	0.0033054565 	0
0.043943944 	9.3681924e-05 	1.0312917e-05 	8.5032182 	0.00047112366 	1.0095372 	0.0033065993 	0
0.044044044 	9.0134e-05 	1.0018526e-05 	8.4157073 	0.00047041166 	1.0096226 	0.0033077422 	0
0.044144144 	8.6586077e-05 	9.7241359e-06 	8.3281964 	0.00046969966 	1.009708 	0.0033088851 	0
0.044244244 	8.3038153e-05 	9.4297456e-06 	8.2406855 	0.00046898766 	1.0097933 	0.003310028 	0
0.044344344 	7.949023e-05 	9.1353553e-06 	8.1531746 	0.00046827566 	1.0098787 	0.0033111709 	0
0.044444444 	7.5942307e-05 	8.840965e-06 	8.0656637 	0.00046756366 	1.009964 	0.0033123137 	0
0.044544545 	7.2394383e-05 	8.5465747e-06 	7.9781528 	0.00046685166 	1.0100494 	0.0033134566 	0
0.044644645 	6.884646e-05 	8.2521844e-06 	7.8906419 	0.00046613967 	1.0101347 	0.0033145995 	0
0.044744745 	6.6370673e-05 	8.0111472e-06 	7.8237028 	0.00046596986 	1.0101956 	0.0033154343 	0
0.044844845 	6.3997317e-05 	7.7752073e-06 	7.7587292 	0.00046585186 	1.0102541 	0.0033162398 	0
0.044944945 	6.1623961e-05 	7.5392674e-06 	7.6937555 	0.00046573386 	1.0103126 	0.0033170452 	0
0.045045045 	5.9250605e-05 	7.3033276e-06 	7.6287818 	0.00046561586 	1.0103711 	0.0033178506 	0
0.045145145 	5.687725e-05 	7.0673877e-06 	7.5638081 	0.00046549786 	1.0104296 	0.003318656 	0
0.045245245 	5.4503894e-05 	6.8314478e-06 	7.4988344 	0.00046537986 	1.0104881 	0.0033194614 	0
0.045345345 	5.2130538e-05 	6.5955079e-06 	7.4338607 	0.00046526186 	1.0105466 	0.0033202668 	0
0.045445445 	4.9757183e-05 	6.3595681e-06 	7.3688871 	0.00046514385 	1.0106051 	0.0033210722 	0
0.045545546 	4.7383827e-05 	6.1236282e-06 	7.3039134 	0.00046502585 	1.0106636 	0.0033218776 	0
0.045645646 	4.5010471e-05 	5.8876883e-06 	7.2389397 	0.00046490785 	1.0107221 	0.003322683 	0
0.045745746 	4.3341685e-05 	5.7047406e-06 	7.1885747 	0.000464354 	1.010754 	0.0033229841 	0
0.045845846 	4.1823011e-05 	5.5330832e-06 	7.1413221 	0.00046370728 	1.0107803 	0.0033231777 	0
0.045945946 	4.0304337e-05 	5.3614257e-06 	7.0940696 	0.00046306057 	1.0108065 	0.0033233713 	0
0.046046046 	3.8785662e-05 	5.1897682e-06 	7.046817 	0.00046241385 	1.0108328 	0.0033235649 	0
0.046146146 	3.7266988e-05 	5.0181107e-06 	6.9995645 	0.00046176713 	1.0108591 	0.0033237585 	0
0.046246246 	3.5748313e-05 	4.8464533e-06 	6.9523119 	0.00046112042 	1.0108853 	0.0033239521 	0
0.046346346 	3.4229639e-05 	4.6747958e-06 	6.9050594 	0.0004604737 	1.0109116 	0.0033241457 	0
0.046446446 	3.2710964e-05 	4.5031383e-06 	6.8578068 	0.00045982699 	1.0109378 	0.0033243393 	0
0.046546547 	3.119229e-05 	4.3314808e-06 	6.8105542 	0.00045918027 	1.0109641 	0.0033245329 	0
0.046646647 	2.9673615e-05 	4.1598233e-06 	6.7633017 	0.00045853355 	1.0109904 	0.0033247265 	0
0.046746747 	2.8154941e-05 	3.9881659e-06 	6.7160491 	0.00045788684 	1.0110166 	0.0033249201 	0
0.046846847 	2.6636266e-05 	3.8165084e-06 	6.6687966 	0.00045724012 	1.0110429 	0.0033251137 	0
0.046946947 	2.512485e-05 	3.6454619e-06 	6.621749 	0.00045659965 	1.011069 	0.003325306 	0
0.047047047 	2.420156e-05 	3.5239201e-06 	6.5913124 	0.00045646525 	1.0110858 	0.0033253933 	0
0.047147147 	2.327827e-05 	3.4023784e-06 	6.5608757 	0.00045633084 	1.0111027 	0.0033254805 	0
0.047247247 	2.235498e-05 	3.2808366e-06 	6.5304391 	0.00045619644 	1.0111195 	0.0033255677 	0
0.047347347 	2.143169e-05 	3.1592949e-06 	6.5000024 	0.00045606203 	1.0111363 	0.003325655 	0
0.047447447 	2.05084e-05 	3.0377531e-06 	6.4695657 	0.00045592763 	1.0111531 	0.0033257422 	0
0.047547548 	1.9585109e-05 	2.9162114e-06 	6.4391291 	0.00045579322 	1.0111699 	0.0033258295 	0
0.047647648 	1.8661819e-05 	2.7946696e-06 	6.4086924 	0.00045565882 	1.0111868 	0.0033259167 	0
0.047747748 	1.7738529e-05 	2.6731278e-06 	6.3782558 	0.00045552441 	1.0112036 	0.0033260039 	0
0.047847848 	1.6815239e-05 	2.5515861e-06 	6.3478191 	0.00045539 	1.0112204 	0.0033260912 	0
0.047947948 	1.5891949e-05 	2.4300443e-06 	6.3173825 	0.0004552556 	1.0112372 	0.0033261784 	0
0.048048048 	1.5194943e-05 	2.3349231e-06 	6.2936621 	0.00045485182 	1.0112472 	0.0033260674 	0
0.048148148 	1.465721e-05 	2.2583983e-06 	6.274669 	0.00045425845 	1.0112525 	0.0033258167 	0
0.048248248 	1.4119477e-05 	2.1818735e-06 	6.2556759 	0.00045366508 	1.0112578 	0.0033255661 	0
0.048348348 	1.3581745e-05 	2.1053487e-06 	6.2366829 	0.0004530717 	1.011263 	0.0033253154 	0
0.048448448 	1.3044012e-05 	2.0288239e-06 	6.2176898 	0.00045247833 	1.0112683 	0.0033250648 	0
0.048548549 	1.2506279e-05 	1.952299e-06 	6.1986967 	0.00045188496 	1.0112735 	0.0033248142 	0
0.048648649 	1.1968546e-05 	1.8757742e-06 	6.1797036 	0.00045129158 	1.0112788 	0.0033245635 	0
0.048748749 	1.1430814e-05 	1.7992494e-06 	6.1607106 	0.00045069821 	1.011284 	0.0033243129 	0
0.048848849 	1.0893081e-05 	1.7227246e-06 	6.1417175 	0.00045010483 	1.0112893 	0.0033240623 	0
0.048948949 	1.0355348e-05 	1.6461998e-06 	6.1227244 	0.00044951146 	1.0112946 	0.0033238116 	0
0.049049049 	9.8176152e-06 	1.569675e-06 	6.1037314 	0.00044891809 	1.0112998 	0.003323561 	0
0.049149149 	9.2798824e-06 	1.4931502e-06 	6.0847383 	0.00044832471 	1.0113051 	0.0033233103 	0
0.049249249 	8.7421496e-06 	1.4166253e-06 	6.0657452 	0.00044773134 	1.0113103 	0.0033230597 	0
0.049349349 	8.2869536e-06 	1.3502968e-06 	6.0496161 	0.00044729049 	1.0113148 	0.0033228336 	0
0.049449449 	7.9871369e-06 	1.303163e-06 	6.0388786 	0.00044713677 	1.0113179 	0.0033226537 	0
0.04954955 	7.6873202e-06 	1.2560293e-06 	6.0281411 	0.00044698305 	1.0113209 	0.0033224738 	0
0.04964965 	7.3875035e-06 	1.2088955e-06 	6.0174036 	0.00044682933 	1.0113239 	0.0033222938 	0
0.04974975 	7.0876868e-06 	1.1617618e-06 	6.0066661 	0.00044667562 	1.011327 	0.0033221139 	0
0.04984985 	6.7878701e-06 	1.114628e-06 	5.9959285 	0.0004465219 	1.01133 	0.003321934 	0
0.04994995 	6.4880534e-06 	1.0674943e-06 	5.985191 	0.00044636818 	1.011333 	0.0033217541 	0
0.05005005 	6.1882367e-06 	1.0203605e-06 	5.9744535 	0.00044621446 	1.0113361 	0.0033215742 	0
0.05015015 	5.88842e-06 	9.7322676e-07 	5.963716 	0.00044606075 	1.0113391 	0.0033213942 	0
0.05025025 	5.5886033e-06 	9.2609301e-07 	5.9529785 	0.00044590703 	1.0113421 	0.0033212143 	0
0.05035035 	5.2887866e-06 	8.7895926e-07 	5.9422409 	0.00044575331 	1.0113452 	0.0033210344 	0
0.05045045 	5.0675757e-06 	8.4387464e-07 	5.9342194 	0.00044536748 	1.0113466 	0.0033207039 	0
0.050550551 	4.9048188e-06 	8.1775015e-07 	5.9282176 	0.00044480904 	1.0113469 	0.0033202613 	0
0.050650651 	4.7420619e-06 	7.9162567e-07 	5.9222158 	0.00044425059 	1.0113472 	0.0033198188 	0
0.050750751 	4.579305e-06 	7.6550118e-07 	5.9162139 	0.00044369215 	1.0113475 	0.0033193763 	0
0.050850851 	4.4165481e-06 	7.393767e-07 	5.9102121 	0.00044313371 	1.0113477 	0.0033189338 	0
0.050950951 	4.2537911e-06 	7.1325222e-07 	5.9042103 	0.00044257527 	1.011348 	0.0033184912 	0
0.051051051 	4.0910342e-06 	6.8712773e-07 	5.8982085 	0.00044201683 	1.0113483 	0.0033180487 	0
0.051151151 	3.9282773e-06 	6.6100325e-07 	5.8922066 	0.00044145838 	1.0113486 	0.0033176062 	0
0.051251251 	3.7655204e-06 	6.3487876e-07 	5.8862048 	0.00044089994 	1.0113489 	0.0033171637 	0
0.051351351 	3.6027634e-06 	6.0875428e-07 	5.880203 	0.0004403415 	1.0113492 	0.0033167211 	0
0.051451451 	3.4400065e-06 	5.826298e-07 	5.8742011 	0.00043978306 	1.0113494 	0.0033162786 	0
0.051551552 	3.2772496e-06 	5.5650531e-07 	5.8681993 	0.00043922462 	1.0113497 	0.0033158361 	0
0.051651652 	3.1144927e-06 	5.3038083e-07 	5.8621975 	0.00043866617 	1.01135 	0.0033153935 	0
0.051751752 	2.9517357e-06 	5.0425634e-07 	5.8561957 	0.00043810773 	1.0113503 	0.003314951 	0
0.051851852 	2.8581861e-06 	4.8853104e-07 	5.8527705 	0.00043789601 	1.0113501 	0.0033148149 	0
0.051951952 	2.7730653e-06 	4.7407228e-07 	5.8496592 	0.00043772651 	1.0113499 	0.0033147162 	0
0.052052052 	2.6879445e-06 	4.5961351e-07 	5.8465479 	0.000437557 	1.0113497 	0.0033146174 	0
0.052152152 	2.6028237e-06 	4.4515474e-07 	5.8434365 	0.0004373875 	1.0113495 	0.0033145187 	0
0.052252252 	2.5177029e-06 	4.3069597e-07 	5.8403252 	0.000437218 	1.0113493 	0.0033144199 	0
0.052352352 	2.432582e-06 	4.162372e-07 	5.8372139 	0.0004370485 	1.0113491 	0.0033143212 	0
0.052452452 	2.3474612e-06 	4.0177843e-07 	5.8341025 	0.000436879 	1.0113489 	0.0033142224 	0
0.052552553 	2.2623404e-06 	3.8731966e-07 	5.8309912 	0.0004367095 	1.0113487 	0.0033141237 	0
0.052652653 	2.1772196e-06 	3.7286089e-07 	5.8278799 	0.00043654 	1.0113485 	0.0033140249 	0
0.052752753 	2.0920988e-06 	3.5840212e-07 	5.8247686 	0.0004363705 	1.0113482 	0.0033139262 	0
0.052852853 	2.006978e-06 	3.4394335e-07 	5.8216572 	0.000436201 	1.011348 	0.0033138274 	0
0.052952953 	1.9528731e-06 	3.3482016e-07 	5.8196394 	0.00043575681 	1.0113475 	0.0033136429 	0
0.053053053 	1.9086544e-06 	3.2739766e-07 	5.81797 	0.00043522506 	1.0113469 	0.0033134311 	0
0.053153153 	1.8644357e-06 	3.1997517e-07 	5.8163007 	0.00043469331 	1.0113462 	0.0033132193 	0
0.053253253 	1.8202171e-06 	3.1255267e-07 	5.8146314 	0.00043416156 	1.0113456 	0.0033130075 	0
0.053353353 	1.7759984e-06 	3.0513018e-07 	5.8129621 	0.00043362981 	1.011345 	0.0033127957 	0
0.053453453 	1.7317797e-06 	2.9770769e-07 	5.8112928 	0.00043309806 	1.0113443 	0.0033125838 	0
0.053553554 	1.687561e-06 	2.9028519e-07 	5.8096235 	0.00043256631 	1.0113437 	0.003312372 	0
0.053653654 	1.6433423e-06 	2.828627e-07 	5.8079542 	0.00043203455 	1.011343 	0.0033121602 	0
0.053753754 	1.5991237e-06 	2.754402e-07 	5.8062848 	0.0004315028 	1.0113424 	0.0033119484 	0
0.053853854 	1.554905e-06 	2.6801771e-07 	5.8046155 	0.00043097105 	1.0113418 	0.0033117366 	0
0.053953954 	1.5106863e-06 	2.6059522e-07 	5.8029462 	0.0004304393 	1.0113411 	0.0033115248 	0
0.054054054 	1.4664676e-06 	2.5317272e-07 	5.8012769 	0.00042990755 	1.0113405 	0.0033113129 	0
0.054154154 	1.4222489e-06 	2.4575023e-07 	5.7996076 	0.0004293758 	1.0113399 	0.0033111011 	0
0.054254254 	1.3780303e-06 	2.3832773e-07 	5.7979383 	0.00042884405 	1.0113392 	0.0033108893 	0
0.054354354 	1.3474722e-06 	2.3311216e-07 	5.7967794 	0.00042853063 	1.0113385 	0.0033107678 	0
0.054454454 	1.3253099e-06 	2.2925294e-07 	5.7959342 	0.00042835138 	1.0113378 	0.0033107018 	0
0.054554555 	1.3031475e-06 	2.2539372e-07 	5.7950891 	0.00042817214 	1.0113371 	0.0033106358 	0
0.054654655 	1.2809852e-06 	2.215345e-07 	5.7942439 	0.00042799289 	1.0113364 	0.0033105697 	0
0.054754755 	1.2588228e-06 	2.1767528e-07 	5.7933988 	0.00042781365 	1.0113356 	0.0033105037 	0
0.054854855 	1.2366605e-06 	2.1381606e-07 	5.7925536 	0.0004276344 	1.0113349 	0.0033104377 	0
0.054954955 	1.2144981e-06 	2.0995684e-07 	5.7917085 	0.00042745516 	1.0113342 	0.0033103717 	0
0.055055055 	1.1923358e-06 	2.0609762e-07 	5.7908633 	0.00042727591 	1.0113335 	0.0033103057 	0
0.055155155 	1.1701734e-06 	2.022384e-07 	5.7900182 	0.00042709667 	1.0113327 	0.0033102396 	0
0.055255255 	1.1480111e-06 	1.9837918e-07 	5.789173 	0.00042691743 	1.011332 	0.0033101736 	0
0.055355355 	1.1258487e-06 	1.9451996e-07 	5.7883279 	0.00042673818 	1.0113313 	0.0033101076 	0
0.055455455 	1.1049431e-06 	1.9088482e-07 	5.7875261 	0.00042652142 	1.0113305 	0.0033100373 	0
0.055555556 	1.0937594e-06 	1.8898311e-07 	5.7870595 	0.00042601439 	1.0113298 	0.0033099336 	0
0.055655656 	1.0825758e-06 	1.870814e-07 	5.786593 	0.00042550736 	1.0113291 	0.00330983 	0
0.055755756 	1.0713921e-06 	1.8517969e-07 	5.7861264 	0.00042500033 	1.0113284 	0.0033097264 	0
0.055855856 	1.0602084e-06 	1.8327798e-07 	5.7856599 	0.0004244933 	1.0113277 	0.0033096227 	0
0.055955956 	1.0490247e-06 	1.8137627e-07 	5.7851934 	0.00042398627 	1.011327 	0.0033095191 	0
0.056056056 	1.037841e-06 	1.7947456e-07 	5.7847268 	0.00042347924 	1.0113263 	0.0033094155 	0
0.056156156 	1.0266574e-06 	1.7757286e-07 	5.7842603 	0.00042297221 	1.0113256 	0.0033093118 	0
0.056256256 	1.0154737e-06 	1.7567115e-07 	5.7837938 	0.00042246518 	1.0113249 	0.0033092082 	0
0.056356356 	1.00429e-06 	1.7376944e-07 	5.7833272 	0.00042195815 	1.0113242 	0.0033091046 	0
0.056456456 	9.9310631e-07 	1.7186773e-07 	5.7828607 	0.00042145112 	1.0113235 	0.0033090009 	0
0.056556557 	9.8192263e-07 	1.6996602e-07 	5.7823941 	0.00042094409 	1.0113228 	0.0033088973 	0
0.056656657 	9.7073895e-07 	1.6806431e-07 	5.7819276 	0.00042043706 	1.0113221 	0.0033087936 	0
0.056756757 	9.5955527e-07 	1.6616261e-07 	5.7814611 	0.00041993003 	1.0113214 	0.00330869 	0
0.056856857 	9.4837158e-07 	1.642609e-07 	5.7809945 	0.000419423 	1.0113207 	0.0033085864 	0
0.056956957 	9.4008358e-07 	1.6283739e-07 	5.7806411 	0.0004190758 	1.0113199 	0.0033084363 	0
0.057057057 	9.3465197e-07 	1.6188561e-07 	5.7803994 	0.00041888626 	1.011319 	0.0033082404 	0
0.057157157 	9.2922036e-07 	1.6093382e-07 	5.7801576 	0.00041869672 	1.0113182 	0.0033080445 	0
0.057257257 	9.2378876e-07 	1.5998204e-07 	5.7799158 	0.00041850717 	1.0113173 	0.0033078487 	0
0.057357357 	9.1835715e-07 	1.5903025e-07 	5.7796741 	0.00041831763 	1.0113164 	0.0033076528 	0
0.057457457 	9.1292554e-07 	1.5807847e-07 	5.7794323 	0.00041812809 	1.0113156 	0.0033074569 	0
0.057557558 	9.0749394e-07 	1.5712668e-07 	5.7791905 	0.00041793855 	1.0113147 	0.003307261 	0
0.057657658 	9.0206233e-07 	1.561749e-07 	5.7789488 	0.00041774901 	1.0113139 	0.0033070652 	0
0.057757758 	8.9663072e-07 	1.5522311e-07 	5.778707 	0.00041755946 	1.011313 	0.0033068693 	0
0.057857858 	8.9119912e-07 	1.5427133e-07 	5.7784652 	0.00041736992 	1.0113122 	0.0033066734 	0
0.057957958 	8.8576751e-07 	1.5331954e-07 	5.7782235 	0.00041718038 	1.0113113 	0.0033064775 	0
0.058058058 	8.803359e-07 	1.5236776e-07 	5.7779817 	0.00041699084 	1.0113104 	0.0033062816 	0
0.058158158 	8.7659784e-07 	1.5172066e-07 	5.7777987 	0.00041661946 	1.0113096 	0.0033060396 	0
0.058258258 	8.7392278e-07 	1.5126482e-07 	5.7776527 	0.00041613395 	1.0113089 	0.0033057687 	0
0.058358358 	8.7124773e-07 	1.5080897e-07 	5.7775067 	0.00041564845 	1.0113081 	0.0033054978 	0
0.058458458 	8.6857267e-07 	1.5035312e-07 	5.7773606 	0.00041516294 	1.0113073 	0.0033052268 	0
0.058558559 	8.6589761e-07 	1.4989727e-07 	5.7772146 	0.00041467743 	1.0113065 	0.0033049559 	0
0.058658659 	8.6322256e-07 	1.4944143e-07 	5.7770685 	0.00041419192 	1.0113057 	0.0033046849 	0
0.058758759 	8.605475e-07 	1.4898558e-07 	5.7769225 	0.00041370641 	1.011305 	0.003304414 	0
0.058858859 	8.5787244e-07 	1.4852973e-07 	5.7767764 	0.0004132209 	1.0113042 	0.0033041431 	0
0.058958959 	8.5519739e-07 	1.4807389e-07 	5.7766304 	0.0004127354 	1.0113034 	0.0033038721 	0
0.059059059 	8.5252233e-07 	1.4761804e-07 	5.7764843 	0.00041224989 	1.0113026 	0.0033036012 	0
0.059159159 	8.4984727e-07 	1.4716219e-07 	5.7763383 	0.00041176438 	1.0113019 	0.0033033302 	0
0.059259259 	8.4717222e-07 	1.4670635e-07 	5.7761922 	0.00041127887 	1.0113011 	0.0033030593 	0
0.059359359 	8.4449716e-07 	1.462505e-07 	5.7760462 	0.00041079336 	1.0113003 	0.0033027883 	0
0.059459459 	8.418221e-07 	1.4579465e-07 	5.7759001 	0.00041030785 	1.0112995 	0.0033025174 	0
0.05955956 	8.3914705e-07 	1.4533881e-07 	5.7757541 	0.00040982235 	1.0112987 	0.0033022465 	0
0.05965966 	8.3719921e-07 	1.4500383e-07 	5.7756407 	0.00040948367 	1.0112979 	0.003302035 	0
0.05975976 	8.3593504e-07 	1.4478248e-07 	5.775558 	0.00040928303 	1.0112971 	0.0033018793 	0
0.05985986 	8.3467086e-07 	1.4456113e-07 	5.7754753 	0.0004090824 	1.0112963 	0.0033017237 	0
0.05995996 	8.3340669e-07 	1.4433978e-07 	5.7753927 	0.00040888176 	1.0112955 	0.0033015681 	0
0.06006006 	8.3214252e-07 	1.4411843e-07 	5.77531 	0.00040868112 	1.0112947 	0.0033014125 	0
0.06016016 	8.3087834e-07 	1.4389708e-07 	5.7752273 	0.00040848048 	1.0112939 	0.0033012569 	0
0.06026026 	8.2961417e-07 	1.4367573e-07 	5.7751446 	0.00040827985 	1.011293 	0.0033011013 	0
0.06036036 	8.2835e-07 	1.4345438e-07 	5.7750619 	0.00040807921 	1.0112922 	0.0033009456 	0
0.06046046 	8.2708582e-07 	1.4323303e-07 	5.7749792 	0.00040787857 	1.0112914 	0.00330079 	0
0.060560561 	8.2582165e-07 	1.4301168e-07 	5.7748966 	0.00040767793 	1.0112906 	0.0033006344 	0
0.060660661 	8.2455748e-07 	1.4279033e-07 	5.7748139 	0.00040747729 	1.0112898 	0.0033004788 	0
0.060760761 	8.2329331e-07 	1.4256898e-07 	5.7747312 	0.00040727666 	1.0112889 	0.0033003232 	0
0.060860861 	8.2217967e-07 	1.4237475e-07 	5.7746541 	0.00040701527 	1.0112881 	0.0033001526 	0
0.060960961 	8.215717e-07 	1.4227161e-07 	5.7745958 	0.0004065498 	1.0112874 	0.0032999316 	0
0.061061061 	8.2096373e-07 	1.4216848e-07 	5.7745374 	0.00040608434 	1.0112866 	0.0032997107 	0
0.061161161 	8.2035576e-07 	1.4206535e-07 	5.7744791 	0.00040561888 	1.0112858 	0.0032994898 	0
0.061261261 	8.1974779e-07 	1.4196221e-07 	5.7744208 	0.00040515342 	1.011285 	0.0032992688 	0
0.061361361 	8.1913982e-07 	1.4185908e-07 	5.7743625 	0.00040468796 	1.0112842 	0.0032990479 	0
0.061461461 	8.1853185e-07 	1.4175594e-07 	5.7743041 	0.00040422249 	1.0112835 	0.0032988269 	0
0.061561562 	8.1792388e-07 	1.4165281e-07 	5.7742458 	0.00040375703 	1.0112827 	0.003298606 	0
0.061661662 	8.173159e-07 	1.4154967e-07 	5.7741875 	0.00040329157 	1.0112819 	0.0032983851 	0
0.061761762 	8.1670793e-07 	1.4144654e-07 	5.7741292 	0.00040282611 	1.0112811 	0.0032981641 	0
0.061861862 	8.1609996e-07 	1.413434e-07 	5.7740708 	0.00040236064 	1.0112804 	0.0032979432 	0
0.061961962 	8.1549199e-07 	1.4124027e-07 	5.7740125 	0.00040189518 	1.0112796 	0.0032977223 	0
0.062062062 	8.1488402e-07 	1.4113713e-07 	5.7739542 	0.00040142972 	1.0112788 	0.0032975013 	0
0.062162162 	8.1427605e-07 	1.41034e-07 	5.7738958 	0.00040096426 	1.011278 	0.0032972804 	0
0.062262262 	8.1366808e-07 	1.4093086e-07 	5.7738375 	0.00040049879 	1.0112773 	0.0032970595 	0
0.062362362 	8.1306011e-07 	1.4082773e-07 	5.7737792 	0.00040003333 	1.0112765 	0.0032968385 	0
0.062462462 	8.1265755e-07 	1.4075875e-07 	5.7737338 	0.00039973216 	1.0112759 	0.0032967778 	0
0.062562563 	8.1237755e-07 	1.4071016e-07 	5.7736963 	0.000399529 	1.0112755 	0.0032968127 	0
0.062662663 	8.1209754e-07 	1.4066157e-07 	5.7736587 	0.00039932585 	1.0112751 	0.0032968476 	0
0.062762763 	8.1181754e-07 	1.4061298e-07 	5.7736211 	0.0003991227 	1.0112747 	0.0032968825 	0
0.062862863 	8.1153754e-07 	1.4056438e-07 	5.7735835 	0.00039891955 	1.0112742 	0.0032969173 	0
0.062962963 	8.1125754e-07 	1.4051579e-07 	5.7735459 	0.0003987164 	1.0112738 	0.0032969522 	0
0.063063063 	8.1097754e-07 	1.404672e-07 	5.7735083 	0.00039851324 	1.0112734 	0.0032969871 	0
0.063163163 	8.1069753e-07 	1.404186e-07 	5.7734708 	0.00039831009 	1.011273 	0.003297022 	0
0.063263263 	8.1041753e-07 	1.4037001e-07 	5.7734332 	0.00039810694 	1.0112726 	0.0032970569 	0
0.063363363 	8.1013753e-07 	1.4032142e-07 	5.7733956 	0.00039790379 	1.0112721 	0.0032970918 	0
0.063463463 	8.0985753e-07 	1.4027283e-07 	5.773358 	0.00039770064 	1.0112717 	0.0032971267 	0
0.063563564 	8.0957753e-07 	1.4022423e-07 	5.7733204 	0.00039749749 	1.0112713 	0.0032971615 	0
0.063663664 	8.0929752e-07 	1.4017564e-07 	5.7732828 	0.00039729433 	1.0112709 	0.0032971964 	0
0.063763764 	8.0915565e-07 	1.4015189e-07 	5.7732515 	0.00039686744 	1.0112705 	0.0032971536 	0
0.063863864 	8.0902417e-07 	1.4013001e-07 	5.7732206 	0.00039642371 	1.0112701 	0.0032971049 	0
0.063963964 	8.0889269e-07 	1.4010813e-07 	5.7731898 	0.00039597998 	1.0112697 	0.0032970562 	0
0.064064064 	8.0876121e-07 	1.4008625e-07 	5.7731589 	0.00039553625 	1.0112693 	0.0032970075 	0
0.064164164 	8.0862972e-07 	1.4006437e-07 	5.773128 	0.00039509252 	1.0112689 	0.0032969588 	0
0.064264264 	8.0849824e-07 	1.4004249e-07 	5.7730972 	0.00039464879 	1.0112685 	0.0032969101 	0
0.064364364 	8.0836676e-07 	1.4002061e-07 	5.7730663 	0.00039420506 	1.0112681 	0.0032968615 	0
0.064464464 	8.0823528e-07 	1.3999873e-07 	5.7730354 	0.00039376133 	1.0112677 	0.0032968128 	0
0.064564565 	8.081038e-07 	1.3997685e-07 	5.7730046 	0.0003933176 	1.0112673 	0.0032967641 	0
0.064664665 	8.0797232e-07 	1.3995497e-07 	5.7729737 	0.00039287387 	1.0112669 	0.0032967154 	0
0.064764765 	8.0784083e-07 	1.3993309e-07 	5.7729428 	0.00039243014 	1.0112665 	0.0032966667 	0
0.064864865 	8.0770935e-07 	1.3991121e-07 	5.772912 	0.00039198641 	1.0112661 	0.003296618 	0
0.064964965 	8.0757787e-07 	1.3988933e-07 	5.7728811 	0.00039154268 	1.0112657 	0.0032965693 	0
0.065065065 	8.0744639e-07 	1.3986745e-07 	5.7728502 	0.00039109895 	1.0112653 	0.0032965206 	0
0.065165165 	8.0731491e-07 	1.3984557e-07 	5.7728194 	0.00039065522 	1.0112649 	0.003296472 	0
0.065265265 	8.0718343e-07 	1.3982369e-07 	5.7727885 	0.0003902115 	1.0112645 	0.0032964233 	0
0.065365365 	8.0711023e-07 	1.3981144e-07 	5.7727647 	0.00038997947 	1.0112646 	0.0032969927 	0
0.065465465 	8.0705108e-07 	1.3980152e-07 	5.7727426 	0.00038979843 	1.0112649 	0.0032977109 	0
0.065565566 	8.0699192e-07 	1.397916e-07 	5.7727205 	0.00038961739 	1.0112651 	0.0032984292 	0
0.065665666 	8.0693276e-07 	1.3978168e-07 	5.7726984 	0.00038943634 	1.0112654 	0.0032991474 	0
0.065765766 	8.0687361e-07 	1.3977175e-07 	5.7726763 	0.0003892553 	1.0112656 	0.0032998657 	0
0.065865866 	8.0681445e-07 	1.3976183e-07 	5.7726542 	0.00038907426 	1.0112659 	0.0033005839 	0
0.065965966 	8.0675529e-07 	1.3975191e-07 	5.7726321 	0.00038889322 	1.0112661 	0.0033013022 	0
0.066066066 	8.0669614e-07 	1.3974198e-07 	5.77261 	0.00038871217 	1.0112664 	0.0033020204 	0
0.066166166 	8.0663698e-07 	1.3973206e-07 	5.7725879 	0.00038853113 	1.0112666 	0.0033027387 	0
0.066266266 	8.0657782e-07 	1.3972214e-07 	5.7725657 	0.00038835009 	1.0112669 	0.0033034569 	0
0.066366366 	8.0651867e-07 	1.3971222e-07 	5.7725436 	0.00038816905 	1.0112672 	0.0033041752 	0
0.066466466 	8.0645951e-07 	1.3970229e-07 	5.7725215 	0.000387988 	1.0112674 	0.0033048934 	0
0.066566567 	8.0640035e-07 	1.3969237e-07 	5.7724994 	0.00038780696 	1.0112677 	0.0033056117 	0
0.066666667 	8.0636307e-07 	1.3968636e-07 	5.7724788 	0.00038746443 	1.0112678 	0.0033061406 	0
0.066766767 	8.0633581e-07 	1.3968215e-07 	5.7724589 	0.00038704787 	1.0112678 	0.0033065827 	0
0.066866867 	8.0630856e-07 	1.3967794e-07 	5.7724389 	0.00038663132 	1.0112678 	0.0033070249 	0
0.066966967 	8.062813e-07 	1.3967372e-07 	5.772419 	0.00038621476 	1.0112678 	0.003307467 	0
0.067067067 	8.0625405e-07 	1.3966951e-07 	5.772399 	0.00038579821 	1.0112679 	0.0033079091 	0
0.067167167 	8.0622679e-07 	1.396653e-07 	5.7723791 	0.00038538165 	1.0112679 	0.0033083512 	0
0.067267267 	8.0619953e-07 	1.3966108e-07 	5.7723591 	0.00038496509 	1.0112679 	0.0033087934 	0
0.067367367 	8.0617228e-07 	1.3965687e-07 	5.7723392 	0.00038454854 	1.0112679 	0.0033092355 	0
0.067467467 	8.0614502e-07 	1.3965266e-07 	5.7723192 	0.00038413198 	1.011268 	0.0033096776 	0
0.067567568 	8.0611777e-07 	1.3964845e-07 	5.7722993 	0.00038371543 	1.011268 	0.0033101198 	0
0.067667668 	8.0609051e-07 	1.3964423e-07 	5.7722793 	0.00038329887 	1.011268 	0.0033105619 	0
0.067767768 	8.0606326e-07 	1.3964002e-07 	5.7722594 	0.00038288231 	1.011268 	0.003311004 	0
0.067867868 	8.06036e-07 	1.3963581e-07 	5.7722395 	0.00038246576 	1.0112681 	0.0033114462 	0
0.067967968 	8.0600874e-07 	1.3963159e-07 	5.7722195 	0.0003820492 	1.0112681 	0.0033118883 	0
0.068068068 	8.0598149e-07 	1.3962738e-07 	5.7721996 	0.00038163265 	1.0112681 	0.0033123304 	0
0.068168168 	8.0595423e-07 	1.3962317e-07 	5.7721796 	0.00038121609 	1.0112681 	0.0033127726 	0
0.068268268 	8.0592733e-07 	1.3961901e-07 	5.7721598 	0.00038080616 	1.0112682 	0.0033132315 	0
0.068368368 	8.0591512e-07 	1.3961723e-07 	5.7721444 	0.00038067521 	1.0112687 	0.0033143997 	0
0.068468468 	8.0590292e-07 	1.3961545e-07 	5.7721289 	0.00038054425 	1.0112693 	0.0033155679 	0
0.068568569 	8.0589072e-07 	1.3961367e-07 	5.7721135 	0.0003804133 	1.0112699 	0.0033167361 	0
0.068668669 	8.0587852e-07 	1.3961189e-07 	5.7720981 	0.00038028234 	1.0112704 	0.0033179043 	0
0.068768769 	8.0586631e-07 	1.3961011e-07 	5.7720826 	0.00038015139 	1.011271 	0.0033190724 	0
0.068868869 	8.0585411e-07 	1.3960833e-07 	5.7720672 	0.00038002043 	1.0112715 	0.0033202406 	0
0.068968969 	8.0584191e-07 	1.3960655e-07 	5.7720518 	0.00037988948 	1.0112721 	0.0033214088 	0
0.069069069 	8.0582971e-07 	1.3960477e-07 	5.7720364 	0.00037975852 	1.0112727 	0.003322577 	0
0.069169169 	8.058175e-07 	1.3960299e-07 	5.7720209 	0.00037962757 	1.0112732 	0.0033237452 	0
0.069269269 	8.058053e-07 	1.3960121e-07 	5.7720055 	0.00037949661 	1.0112738 	0.0033249133 	0
0.069369369 	8.057931e-07 	1.3959943e-07 	5.7719901 	0.00037936566 	1.0112744 	0.0033260815 	0
0.069469469 	8.057809e-07 	1.3959765e-07 	5.7719746 	0.00037923471 	1.0112749 	0.0033272497 	0
0.06956957 	8.0576869e-07 	1.3959587e-07 	5.7719592 	0.00037910375 	1.0112755 	0.0033284179 	0
0.06966967 	8.057595e-07 	1.3959462e-07 	5.7719442 	0.00037885604 	1.0112758 	0.0033293602 	0
0.06976977 	8.0575377e-07 	1.3959398e-07 	5.7719297 	0.00037847394 	1.0112757 	0.0033300426 	0
0.06986987 	8.0574804e-07 	1.3959334e-07 	5.7719152 	0.00037809184 	1.0112756 	0.0033307249 	0
0.06996997 	8.0574231e-07 	1.395927e-07 	5.7719007 	0.00037770974 	1.0112755 	0.0033314073 	0
0.07007007 	8.0573658e-07 	1.3959206e-07 	5.7718862 	0.00037732763 	1.0112755 	0.0033320896 	0
0.07017017 	8.0573084e-07 	1.3959142e-07 	5.7718717 	0.00037694553 	1.0112754 	0.003332772 	0
0.07027027 	8.0572511e-07 	1.3959079e-07 	5.7718571 	0.00037656343 	1.0112753 	0.0033334543 	0
0.07037037 	8.0571938e-07 	1.3959015e-07 	5.7718426 	0.00037618133 	1.0112752 	0.0033341366 	0
0.07047047 	8.0571365e-07 	1.3958951e-07 	5.7718281 	0.00037579923 	1.0112752 	0.003334819 	0
0.070570571 	8.0570792e-07 	1.3958887e-07 	5.7718136 	0.00037541712 	1.0112751 	0.0033355013 	0
0.070670671 	8.0570219e-07 	1.3958823e-07 	5.7717991 	0.00037503502 	1.011275 	0.0033361837 	0
0.070770771 	8.0569646e-07 	1.3958759e-07 	5.7717846 	0.00037465292 	1.0112749 	0.003336866 	0
0.070870871 	8.0569072e-07 	1.3958695e-07 	5.7717701 	0.00037427082 	1.0112749 	0.0033375484 	0
0.070970971 	8.0568499e-07 	1.3958631e-07 	5.7717555 	0.00037388871 	1.0112748 	0.0033382307 	0
0.071071071 	8.0567926e-07 	1.3958567e-07 	5.771741 	0.00037350661 	1.0112747 	0.0033389131 	0
0.071171171 	8.0567353e-07 	1.3958504e-07 	5.7717265 	0.00037312451 	1.0112746 	0.0033395954 	0
0.071271271 	8.056678e-07 	1.395844e-07 	5.771712 	0.00037274241 	1.0112745 	0.0033402778 	0
0.071371371 	8.0566278e-07 	1.3958386e-07 	5.7716981 	0.0003724357 	1.0112746 	0.0033410073 	0
0.071471471 	8.0565994e-07 	1.3958365e-07 	5.7716862 	0.00037236011 	1.0112748 	0.0033418815 	0
0.071571572 	8.0565711e-07 	1.3958345e-07 	5.7716743 	0.00037228451 	1.0112751 	0.0033427557 	0
0.071671672 	8.0565427e-07 	1.3958324e-07 	5.7716624 	0.00037220891 	1.0112754 	0.0033436299 	0
0.071771772 	8.0565143e-07 	1.3958303e-07 	5.7716505 	0.00037213332 	1.0112757 	0.003344504 	0
0.071871872 	8.056486e-07 	1.3958282e-07 	5.7716386 	0.00037205772 	1.0112759 	0.0033453782 	0
0.071971972 	8.0564576e-07 	1.3958261e-07 	5.7716266 	0.00037198212 	1.0112762 	0.0033462524 	0
0.072072072 	8.0564292e-07 	1.395824e-07 	5.7716147 	0.00037190653 	1.0112765 	0.0033471266 	0
0.072172172 	8.0564009e-07 	1.3958219e-07 	5.7716028 	0.00037183093 	1.0112768 	0.0033480008 	0
0.072272272 	8.0563725e-07 	1.3958198e-07 	5.7715909 	0.00037175533 	1.011277 	0.003348875 	0
0.072372372 	8.0563441e-07 	1.3958177e-07 	5.771579 	0.00037167974 	1.0112773 	0.0033497492 	0
0.072472472 	8.0563158e-07 	1.3958156e-07 	5.7715671 	0.00037160414 	1.0112776 	0.0033506234 	0
0.072572573 	8.0562874e-07 	1.3958136e-07 	5.7715551 	0.00037152855 	1.0112779 	0.0033514975 	0
0.072672673 	8.056259e-07 	1.3958115e-07 	5.7715432 	0.00037145295 	1.0112782 	0.0033523717 	0
0.072772773 	8.0562336e-07 	1.3958099e-07 	5.7715314 	0.00037131412 	1.0112783 	0.0033531439 	0
0.072872873 	8.0562174e-07 	1.3958098e-07 	5.77152 	0.0003709694 	1.0112778 	0.0033535838 	0
0.072972973 	8.0562013e-07 	1.3958098e-07 	5.7715086 	0.00037062468 	1.0112774 	0.0033540237 	0
0.073073073 	8.0561852e-07 	1.3958097e-07 	5.7714972 	0.00037027996 	1.011277 	0.0033544636 	0
0.073173173 	8.0561691e-07 	1.3958097e-07 	5.7714858 	0.00036993524 	1.0112766 	0.0033549035 	0
0.073273273 	8.056153e-07 	1.3958097e-07 	5.7714744 	0.00036959051 	1.0112762 	0.0033553434 	0
0.073373373 	8.0561369e-07 	1.3958096e-07 	5.771463 	0.00036924579 	1.0112757 	0.0033557833 	0
0.073473473 	8.0561208e-07 	1.3958096e-07 	5.7714516 	0.00036890107 	1.0112753 	0.0033562232 	0
0.073573574 	8.0561047e-07 	1.3958095e-07 	5.7714402 	0.00036855635 	1.0112749 	0.0033566631 	0
0.073673674 	8.0560886e-07 	1.3958095e-07 	5.7714288 	0.00036821163 	1.0112745 	0.003357103 	0
0.073773774 	8.0560725e-07 	1.3958095e-07 	5.7714174 	0.00036786691 	1.0112741 	0.0033575429 	0
0.073873874 	8.0560563e-07 	1.3958094e-07 	5.771406 	0.00036752219 	1.0112736 	0.0033579828 	0
0.073973974 	8.0560402e-07 	1.3958094e-07 	5.7713946 	0.00036717746 	1.0112732 	0.0033584227 	0
0.074074074 	8.0560241e-07 	1.3958093e-07 	5.7713832 	0.00036683274 	1.0112728 	0.0033588626 	0
0.074174174 	8.056008e-07 	1.3958093e-07 	5.7713718 	0.00036648802 	1.0112724 	0.0033593025 	0
0.074274274 	8.0559919e-07 	1.3958093e-07 	5.7713604 	0.0003661433 	1.0112719 	0.0033597424 	0
0.074374374 	8.0559758e-07 	1.3958092e-07 	5.771349 	0.00036579858 	1.0112715 	0.0033601823 	0
0.074474474 	8.0559597e-07 	1.3958092e-07 	5.7713376 	0.00036545386 	1.0112711 	0.0033606222 	0
0.074574575 	8.0559458e-07 	1.3958094e-07 	5.7713269 	0.00036524719 	1.0112709 	0.003361097 	0
0.074674675 	8.0559347e-07 	1.3958098e-07 	5.7713172 	0.00036521542 	1.0112709 	0.0033616159 	0
0.074774775 	8.0559237e-07 	1.3958102e-07 	5.7713075 	0.00036518366 	1.0112709 	0.0033621348 	0
0.074874875 	8.0559126e-07 	1.3958107e-07 	5.7712978 	0.0003651519 	1.0112709 	0.0033626537 	0
0.074974975 	8.0559016e-07 	1.3958111e-07 	5.7712881 	0.00036512013 	1.0112709 	0.0033631726 	0
0.075075075 	8.0558905e-07 	1.3958115e-07 	5.7712783 	0.00036508837 	1.0112709 	0.0033636915 	0
0.075175175 	8.0558794e-07 	1.395812e-07 	5.7712686 	0.00036505661 	1.0112709 	0.0033642104 	0
0.075275275 	8.0558684e-07 	1.3958124e-07 	5.7712589 	0.00036502485 	1.0112709 	0.0033647293 	0
0.075375375 	8.0558573e-07 	1.3958128e-07 	5.7712492 	0.00036499308 	1.0112709 	0.0033652482 	0
0.075475475 	8.0558463e-07 	1.3958133e-07 	5.7712395 	0.00036496132 	1.0112709 	0.0033657671 	0
0.075575576 	8.0558352e-07 	1.3958137e-07 	5.7712298 	0.00036492956 	1.0112709 	0.003366286 	0
0.075675676 	8.0558241e-07 	1.3958141e-07 	5.7712201 	0.00036489779 	1.0112709 	0.0033668049 	0
0.075775776 	8.0558131e-07 	1.3958146e-07 	5.7712104 	0.00036486603 	1.0112709 	0.0033673238 	0
0.075875876 	8.055802e-07 	1.395815e-07 	5.7712007 	0.00036483427 	1.0112709 	0.0033678427 	0
0.075975976 	8.055791e-07 	1.3958154e-07 	5.771191 	0.00036480251 	1.0112709 	0.0033683616 	0
0.076076076 	8.0557817e-07 	1.3958161e-07 	5.7711815 	0.00036450639 	1.0112704 	0.0033686432 	0
0.076176176 	8.0557726e-07 	1.3958168e-07 	5.771172 	0.00036419989 	1.0112698 	0.0033689156 	0
0.076276276 	8.0557634e-07 	1.3958175e-07 	5.7711626 	0.0003638934 	1.0112693 	0.003369188 	0
0.076376376 	8.0557542e-07 	1.3958182e-07 	5.7711531 	0.0003635869 	1.0112687 	0.0033694603 	0
0.076476476 	8.0557451e-07 	1.3958189e-07 	5.7711437 	0.00036328041 	1.0112682 	0.0033697327 	0
0.076576577 	8.0557359e-07 	1.3958196e-07 	5.7711342 	0.00036297392 	1.0112676 	0.003370005 	0
0.076676677 	8.0557268e-07 	1.3958203e-07 	5.7711248 	0.00036266742 	1.011267 	0.0033702774 	0
0.076776777 	8.0557176e-07 	1.395821e-07 	5.7711153 	0.00036236093 	1.0112665 	0.0033705498 	0
0.076876877 	8.0557084e-07 	1.3958216e-07 	5.7711059 	0.00036205443 	1.0112659 	0.0033708221 	0
0.076976977 	8.0556993e-07 	1.3958223e-07 	5.7710964 	0.00036174794 	1.0112654 	0.0033710945 	0
0.077077077 	8.0556901e-07 	1.395823e-07 	5.771087 	0.00036144144 	1.0112648 	0.0033713668 	0
0.077177177 	8.0556809e-07 	1.3958237e-07 	5.7710775 	0.00036113495 	1.0112643 	0.0033716392 	0
0.077277277 	8.0556718e-07 	1.3958244e-07 	5.7710681 	0.00036082845 	1.0112637 	0.0033719116 	0
0.077377377 	8.0556626e-07 	1.3958251e-07 	5.7710586 	0.00036052196 	1.0112632 	0.0033721839 	0
0.077477477 	8.0556535e-07 	1.3958258e-07 	5.7710492 	0.00036021546 	1.0112626 	0.0033724563 	0
0.077577578 	8.0556443e-07 	1.3958265e-07 	5.7710397 	0.00035990897 	1.0112621 	0.0033727286 	0
0.077677678 	8.0556351e-07 	1.3958272e-07 	5.7710303 	0.00035960247 	1.0112615 	0.003373001 	0
0.077777778 	8.055626e-07 	1.3958279e-07 	5.7710208 	0.00035929598 	1.0112609 	0.0033732734 	0
0.077877878 	8.0556172e-07 	1.3958285e-07 	5.771012 	0.00035916483 	1.0112606 	0.0033735225 	0
0.077977978 	8.0556088e-07 	1.3958291e-07 	5.7710037 	0.00035916368 	1.0112604 	0.0033737545 	0
0.078078078 	8.0556003e-07 	1.3958296e-07 	5.7709953 	0.00035916254 	1.0112602 	0.0033739864 	0
0.078178178 	8.0555919e-07 	1.3958302e-07 	5.770987 	0.0003591614 	1.0112599 	0.0033742184 	0
0.078278278 	8.0555834e-07 	1.3958307e-07 	5.7709787 	0.00035916026 	1.0112597 	0.0033744503 	0
0.078378378 	8.055575e-07 	1.3958313e-07 	5.7709704 	0.00035915912 	1.0112595 	0.0033746823 	0
0.078478478 	8.0555666e-07 	1.3958318e-07 	5.770962 	0.00035915797 	1.0112593 	0.0033749142 	0
0.078578579 	8.0555581e-07 	1.3958324e-07 	5.7709537 	0.00035915683 	1.0112591 	0.0033751462 	0
0.078678679 	8.0555497e-07 	1.395833e-07 	5.7709454 	0.00035915569 	1.0112589 	0.0033753781 	0
0.078778779 	8.0555412e-07 	1.3958335e-07 	5.770937 	0.00035915455 	1.0112587 	0.0033756101 	0
0.078878879 	8.0555328e-07 	1.3958341e-07 	5.7709287 	0.0003591534 	1.0112585 	0.0033758421 	0
0.078978979 	8.0555243e-07 	1.3958346e-07 	5.7709204 	0.00035915226 	1.0112582 	0.003376074 	0
0.079079079 	8.0555159e-07 	1.3958352e-07 	5.770912 	0.00035915112 	1.011258 	0.003376306 	0
0.079179179 	8.0555075e-07 	1.3958357e-07 	5.7709037 	0.00035914998 	1.0112578 	0.0033765379 	0
0.079279279 	8.055499e-07 	1.3958363e-07 	5.7708954 	0.00035914884 	1.0112576 	0.0033767699 	0
0.079379379 	8.0554905e-07 	1.3958368e-07 	5.7708871 	0.00035898357 	1.0112571 	0.0033769197 	0
0.079479479 	8.0554821e-07 	1.3958374e-07 	5.7708789 	0.00035871419 	1.0112565 	0.0033770173 	0
0.07957958 	8.0554736e-07 	1.3958379e-07 	5.7708707 	0.00035844482 	1.0112558 	0.003377115 	0
0.07967968 	8.0554651e-07 	1.3958384e-07 	5.7708624 	0.00035817545 	1.0112552 	0.0033772127 	0
0.07977978 	8.0554566e-07 	1.3958389e-07 	5.7708542 	0.00035790607 	1.0112545 	0.0033773104 	0
0.07987988 	8.0554482e-07 	1.3958394e-07 	5.770846 	0.0003576367 	1.0112539 	0.0033774081 	0
0.07997998 	8.0554397e-07 	1.39584e-07 	5.7708377 	0.00035736732 	1.0112532 	0.0033775057 	0
0.08008008 	8.0554312e-07 	1.3958405e-07 	5.7708295 	0.00035709795 	1.0112526 	0.0033776034 	0
0.08018018 	8.0554227e-07 	1.395841e-07 	5.7708213 	0.00035682858 	1.0112519 	0.0033777011 	0
0.08028028 	8.0554143e-07 	1.3958415e-07 	5.770813 	0.0003565592 	1.0112513 	0.0033777988 	0
0.08038038 	8.0554058e-07 	1.395842e-07 	5.7708048 	0.00035628983 	1.0112506 	0.0033778965 	0
0.08048048 	8.0553973e-07 	1.3958425e-07 	5.7707966 	0.00035602045 	1.01125 	0.0033779941 	0
0.080580581 	8.0553888e-07 	1.3958431e-07 	5.7707883 	0.00035575108 	1.0112494 	0.0033780918 	0
0.080680681 	8.0553804e-07 	1.3958436e-07 	5.7707801 	0.0003554817 	1.0112487 	0.0033781895 	0
0.080780781 	8.0553719e-07 	1.3958441e-07 	5.7707719 	0.00035521233 	1.0112481 	0.0033782872 	0
0.080880881 	8.0553634e-07 	1.3958446e-07 	5.7707636 	0.00035494296 	1.0112474 	0.0033783849 	0
0.080980981 	8.0553549e-07 	1.3958451e-07 	5.7707554 	0.00035467358 	1.0112468 	0.0033784825 	0
0.081081081 	8.0553465e-07 	1.3958457e-07 	5.7707472 	0.00035440421 	1.0112461 	0.0033785802 	0
0.081181181 	8.055338e-07 	1.3958462e-07 	5.770739 	0.00035413483 	1.0112455 	0.0033786779 	0
0.081281281 	8.0553296e-07 	1.3958466e-07 	5.7707312 	0.00035403869 	1.011245 	0.0033786758 	0
0.081381381 	8.0553212e-07 	1.395847e-07 	5.7707237 	0.00035405336 	1.0112447 	0.0033786098 	0
0.081481481 	8.0553128e-07 	1.3958473e-07 	5.7707162 	0.00035406802 	1.0112444 	0.0033785438 	0
0.081581582 	8.0553044e-07 	1.3958477e-07 	5.7707087 	0.00035408269 	1.011244 	0.0033784779 	0
0.081681682 	8.0552959e-07 	1.395848e-07 	5.7707012 	0.00035409736 	1.0112437 	0.0033784119 	0
0.081781782 	8.0552875e-07 	1.3958484e-07 	5.7706938 	0.00035411202 	1.0112434 	0.003378346 	0
0.081881882 	8.0552791e-07 	1.3958487e-07 	5.7706863 	0.00035412669 	1.011243 	0.00337828 	0
0.081981982 	8.0552707e-07 	1.3958491e-07 	5.7706788 	0.00035414136 	1.0112427 	0.0033782141 	0
0.082082082 	8.0552623e-07 	1.3958495e-07 	5.7706713 	0.00035415602 	1.0112424 	0.0033781481 	0
0.082182182 	8.0552539e-07 	1.3958498e-07 	5.7706638 	0.00035417069 	1.0112421 	0.0033780821 	0
0.082282282 	8.0552455e-07 	1.3958502e-07 	5.7706563 	0.00035418536 	1.0112417 	0.0033780162 	0
0.082382382 	8.0552371e-07 	1.3958505e-07 	5.7706488 	0.00035420002 	1.0112414 	0.0033779502 	0
0.082482482 	8.0552287e-07 	1.3958509e-07 	5.7706414 	0.00035421469 	1.0112411 	0.0033778843 	0
0.082582583 	8.0552203e-07 	1.3958512e-07 	5.7706339 	0.00035422936 	1.0112407 	0.0033778183 	0
0.082682683 	8.0552119e-07 	1.3958516e-07 	5.7706264 	0.00035424402 	1.0112404 	0.0033777523 	0
0.082782783 	8.0552034e-07 	1.3958519e-07 	5.7706189 	0.00035422076 	1.01124 	0.0033776787 	0
0.082882883 	8.0551947e-07 	1.3958522e-07 	5.7706114 	0.000353979 	1.0112393 	0.0033775612 	0
0.082982983 	8.0551859e-07 	1.3958525e-07 	5.7706039 	0.00035373725 	1.0112385 	0.0033774437 	0
0.083083083 	8.0551772e-07 	1.3958528e-07 	5.7705964 	0.00035349549 	1.0112378 	0.0033773261 	0
0.083183183 	8.0551684e-07 	1.3958531e-07 	5.7705889 	0.00035325374 	1.0112371 	0.0033772086 	0
0.083283283 	8.0551596e-07 	1.3958534e-07 	5.7705815 	0.00035301198 	1.0112363 	0.0033770911 	0
0.083383383 	8.0551509e-07 	1.3958537e-07 	5.770574 	0.00035277023 	1.0112356 	0.0033769735 	0
0.083483483 	8.0551421e-07 	1.395854e-07 	5.7705665 	0.00035252847 	1.0112349 	0.003376856 	0
0.083583584 	8.0551334e-07 	1.3958543e-07 	5.770559 	0.00035228672 	1.0112341 	0.0033767385 	0
0.083683684 	8.0551246e-07 	1.3958546e-07 	5.7705515 	0.00035204496 	1.0112334 	0.0033766209 	0
0.083783784 	8.0551158e-07 	1.3958549e-07 	5.770544 	0.00035180321 	1.0112326 	0.0033765034 	0
0.083883884 	8.0551071e-07 	1.3958551e-07 	5.7705365 	0.00035156145 	1.0112319 	0.0033763859 	0
0.083983984 	8.0550983e-07 	1.3958554e-07 	5.770529 	0.0003513197 	1.0112312 	0.0033762683 	0
0.084084084 	8.0550895e-07 	1.3958557e-07 	5.7705216 	0.00035107794 	1.0112304 	0.0033761508 	0
0.084184184 	8.0550808e-07 	1.395856e-07 	5.7705141 	0.00035083619 	1.0112297 	0.0033760333 	0
0.084284284 	8.055072e-07 	1.3958563e-07 	5.7705066 	0.00035059443 	1.011229 	0.0033759157 	0
0.084384384 	8.0550633e-07 	1.3958566e-07 	5.7704991 	0.00035035268 	1.0112282 	0.0033757982 	0
0.084484484 	8.0550545e-07 	1.3958569e-07 	5.7704916 	0.00035011092 	1.0112275 	0.0033756806 	0
0.084584585 	8.0550457e-07 	1.3958572e-07 	5.7704841 	0.00034986917 	1.0112267 	0.0033755631 	0
0.084684685 	8.055037e-07 	1.3958575e-07 	5.7704766 	0.00034962741 	1.011226 	0.0033754456 	0
0.084784785 	8.0550282e-07 	1.3958577e-07 	5.7704694 	0.00034952004 	1.0112255 	0.0033752524 	0
0.084884885 	8.0550195e-07 	1.3958579e-07 	5.7704624 	0.00034954103 	1.0112252 	0.003374987 	0
0.084984985 	8.0550108e-07 	1.3958581e-07 	5.7704554 	0.00034956203 	1.0112248 	0.0033747217 	0
0.085085085 	8.0550021e-07 	1.3958582e-07 	5.7704484 	0.00034958302 	1.0112245 	0.0033744563 	0
0.085185185 	8.0549933e-07 	1.3958584e-07 	5.7704415 	0.00034960402 	1.0112242 	0.0033741909 	0
0.085285285 	8.0549846e-07 	1.3958586e-07 	5.7704345 	0.00034962502 	1.0112239 	0.0033739255 	0
0.085385385 	8.0549759e-07 	1.3958588e-07 	5.7704275 	0.00034964601 	1.0112235 	0.0033736601 	0
0.085485485 	8.0549671e-07 	1.395859e-07 	5.7704205 	0.00034966701 	1.0112232 	0.0033733947 	0
0.085585586 	8.0549584e-07 	1.3958591e-07 	5.7704135 	0.000349688 	1.0112229 	0.0033731293 	0
0.085685686 	8.0549497e-07 	1.3958593e-07 	5.7704065 	0.000349709 	1.0112226 	0.0033728639 	0
0.085785786 	8.054941e-07 	1.3958595e-07 	5.7703995 	0.00034972999 	1.0112223 	0.0033725986 	0
0.085885886 	8.0549322e-07 	1.3958597e-07 	5.7703925 	0.00034975099 	1.0112219 	0.0033723332 	0
0.085985986 	8.0549235e-07 	1.3958599e-07 	5.7703856 	0.00034977198 	1.0112216 	0.0033720678 	0
0.086086086 	8.0549148e-07 	1.39586e-07 	5.7703786 	0.00034979298 	1.0112213 	0.0033718024 	0
0.086186186 	8.0549061e-07 	1.3958602e-07 	5.7703716 	0.00034981398 	1.011221 	0.003371537 	0
0.086286286 	8.0548973e-07 	1.3958604e-07 	5.7703646 	0.00034983497 	1.0112207 	0.0033712716 	0
0.086386386 	8.0548884e-07 	1.3958605e-07 	5.7703576 	0.00034972654 	1.0112201 	0.0033710831 	0
0.086486486 	8.0548793e-07 	1.3958607e-07 	5.7703505 	0.00034950478 	1.0112192 	0.0033709619 	0
0.086586587 	8.0548701e-07 	1.3958608e-07 	5.7703435 	0.00034928303 	1.0112184 	0.0033708408 	0
0.086686687 	8.054861e-07 	1.3958609e-07 	5.7703364 	0.00034906128 	1.0112175 	0.0033707196 	0
0.086786787 	8.0548519e-07 	1.395861e-07 	5.7703294 	0.00034883953 	1.0112167 	0.0033705984 	0
0.086886887 	8.0548428e-07 	1.3958612e-07 	5.7703223 	0.00034861778 	1.0112159 	0.0033704772 	0
0.086986987 	8.0548336e-07 	1.3958613e-07 	5.7703152 	0.00034839602 	1.011215 	0.003370356 	0
0.087087087 	8.0548245e-07 	1.3958614e-07 	5.7703082 	0.00034817427 	1.0112142 	0.0033702349 	0
0.087187187 	8.0548154e-07 	1.3958615e-07 	5.7703011 	0.00034795252 	1.0112134 	0.0033701137 	0
0.087287287 	8.0548062e-07 	1.3958617e-07 	5.7702941 	0.00034773077 	1.0112125 	0.0033699925 	0
0.087387387 	8.0547971e-07 	1.3958618e-07 	5.770287 	0.00034750902 	1.0112117 	0.0033698713 	0
0.087487487 	8.054788e-07 	1.3958619e-07 	5.77028 	0.00034728726 	1.0112109 	0.0033697501 	0
0.087587588 	8.0547789e-07 	1.395862e-07 	5.7702729 	0.00034706551 	1.01121 	0.003369629 	0
0.087687688 	8.0547697e-07 	1.3958622e-07 	5.7702659 	0.00034684376 	1.0112092 	0.0033695078 	0
0.087787788 	8.0547606e-07 	1.3958623e-07 	5.7702588 	0.00034662201 	1.0112083 	0.0033693866 	0
0.087887888 	8.0547515e-07 	1.3958624e-07 	5.7702518 	0.00034640026 	1.0112075 	0.0033692654 	0
0.087987988 	8.0547424e-07 	1.3958625e-07 	5.7702447 	0.0003461785 	1.0112067 	0.0033691442 	0
0.088088088 	8.0547332e-07 	1.3958627e-07 	5.7702376 	0.00034595675 	1.0112058 	0.0033690231 	0
0.088188188 	8.0547241e-07 	1.3958628e-07 	5.7702306 	0.000345735 	1.011205 	0.0033689019 	0
0.088288288 	8.054715e-07 	1.3958629e-07 	5.7702235 	0.00034551325 	1.0112042 	0.0033687807 	0
0.088388388 	8.0547059e-07 	1.395863e-07 	5.7702166 	0.00034534991 	1.0112034 	0.0033685712 	0
0.088488488 	8.0546968e-07 	1.3958631e-07 	5.7702099 	0.00034537052 	1.011203 	0.0033680837 	0
0.088588589 	8.0546878e-07 	1.3958631e-07 	5.7702031 	0.00034539114 	1.0112026 	0.0033675961 	0
0.088688689 	8.0546787e-07 	1.3958632e-07 	5.7701964 	0.00034541176 	1.0112022 	0.0033671085 	0
0.088788789 	8.0546697e-07 	1.3958632e-07 	5.7701897 	0.00034543237 	1.0112018 	0.003366621 	0
0.088888889 	8.0546606e-07 	1.3958633e-07 	5.770183 	0.00034545299 	1.0112013 	0.0033661334 	0
0.088988989 	8.0546516e-07 	1.3958634e-07 	5.7701763 	0.0003454736 	1.0112009 	0.0033656459 	0
0.089089089 	8.0546425e-07 	1.3958634e-07 	5.7701696 	0.00034549422 	1.0112005 	0.0033651583 	0
0.089189189 	8.0546335e-07 	1.3958635e-07 	5.7701629 	0.00034551483 	1.0112001 	0.0033646708 	0
0.089289289 	8.0546244e-07 	1.3958635e-07 	5.7701562 	0.00034553545 	1.0111997 	0.0033641832 	0
0.089389389 	8.0546154e-07 	1.3958636e-07 	5.7701495 	0.00034555606 	1.0111993 	0.0033636956 	0
0.089489489 	8.0546063e-07 	1.3958636e-07 	5.7701428 	0.00034557668 	1.0111988 	0.0033632081 	0
0.08958959 	8.0545973e-07 	1.3958637e-07 	5.7701361 	0.0003455973 	1.0111984 	0.0033627205 	0
0.08968969 	8.0545882e-07 	1.3958637e-07 	5.7701294 	0.00034561791 	1.011198 	0.003362233 	0
0.08978979 	8.0545792e-07 	1.3958638e-07 	5.7701227 	0.00034563853 	1.0111976 	0.0033617454 	0
0.08988989 	8.0545701e-07 	1.3958638e-07 	5.770116 	0.00034565914 	1.0111972 	0.0033612579 	0
0.08998999 	8.0545611e-07 	1.3958639e-07 	5.7701092 	0.00034567976 	1.0111968 	0.0033607703 	0
0.09009009 	8.0545517e-07 	1.3958639e-07 	5.7701025 	0.00034553405 	1.011196 	0.003360437 	0
0.09019019 	8.0545423e-07 	1.3958639e-07 	5.7700956 	0.00034532659 	1.011195 	0.003360161 	0
0.09029029 	8.0545328e-07 	1.3958639e-07 	5.7700888 	0.00034511913 	1.0111941 	0.003359885 	0
0.09039039 	8.0545234e-07 	1.3958639e-07 	5.770082 	0.00034491166 	1.0111931 	0.003359609 	0
0.09049049 	8.0545139e-07 	1.395864e-07 	5.7700752 	0.0003447042 	1.0111922 	0.003359333 	0
0.090590591 	8.0545045e-07 	1.395864e-07 	5.7700684 	0.00034449674 	1.0111913 	0.003359057 	0
0.090690691 	8.054495e-07 	1.395864e-07 	5.7700616 	0.00034428928 	1.0111903 	0.003358781 	0
0.090790791 	8.0544856e-07 	1.395864e-07 	5.7700548 	0.00034408182 	1.0111894 	0.003358505 	0
0.090890891 	8.0544761e-07 	1.395864e-07 	5.7700479 	0.00034387435 	1.0111884 	0.003358229 	0
0.090990991 	8.0544667e-07 	1.395864e-07 	5.7700411 	0.00034366689 	1.0111875 	0.003357953 	0
0.091091091 	8.0544572e-07 	1.395864e-07 	5.7700343 	0.00034345943 	1.0111866 	0.003357677 	0
0.091191191 	8.0544478e-07 	1.3958641e-07 	5.7700275 	0.00034325197 	1.0111856 	0.003357401 	0
0.091291291 	8.0544383e-07 	1.3958641e-07 	5.7700207 	0.00034304451 	1.0111847 	0.003357125 	0
0.091391391 	8.0544289e-07 	1.3958641e-07 	5.7700139 	0.00034283704 	1.0111837 	0.003356849 	0
0.091491491 	8.0544194e-07 	1.3958641e-07 	5.770007 	0.00034262958 	1.0111828 	0.0033565729 	0
0.091591592 	8.05441e-07 	1.3958641e-07 	5.7700002 	0.00034242212 	1.0111819 	0.0033562969 	0
0.091691692 	8.0544005e-07 	1.3958641e-07 	5.7699934 	0.00034221466 	1.0111809 	0.0033560209 	0
0.091791792 	8.0543911e-07 	1.3958641e-07 	5.7699866 	0.0003420072 	1.01118 	0.0033557449 	0
0.091891892 	8.0543817e-07 	1.3958641e-07 	5.7699798 	0.00034179973 	1.011179 	0.0033554689 	0
0.091991992 	8.0543722e-07 	1.3958642e-07 	5.769973 	0.00034159227 	1.0111781 	0.0033551929 	0
0.092092092 	8.0543628e-07 	1.3958642e-07 	5.7699662 	0.00034138481 	1.0111772 	0.0033549169 	0
0.092192192 	8.0543533e-07 	1.3958641e-07 	5.7699595 	0.00034134515 	1.0111764 	0.0033544203 	0
0.092292292 	8.0543439e-07 	1.3958641e-07 	5.7699529 	0.00034135862 	1.0111757 	0.0033538538 	0
0.092392392 	8.0543345e-07 	1.3958641e-07 	5.7699464 	0.0003413721 	1.011175 	0.0033532873 	0
0.092492492 	8.0543251e-07 	1.395864e-07 	5.7699398 	0.00034138557 	1.0111742 	0.0033527208 	0
0.092592593 	8.0543157e-07 	1.395864e-07 	5.7699332 	0.00034139905 	1.0111735 	0.0033521543 	0
0.092692693 	8.0543063e-07 	1.3958639e-07 	5.7699266 	0.00034141252 	1.0111728 	0.0033515878 	0
0.092792793 	8.0542969e-07 	1.3958639e-07 	5.7699201 	0.000341426 	1.0111721 	0.0033510214 	0
0.092892893 	8.0542875e-07 	1.3958639e-07 	5.7699135 	0.00034143947 	1.0111714 	0.0033504549 	0
0.092992993 	8.0542781e-07 	1.3958638e-07 	5.7699069 	0.00034145295 	1.0111707 	0.0033498884 	0
0.093093093 	8.0542687e-07 	1.3958638e-07 	5.7699004 	0.00034146642 	1.0111699 	0.0033493219 	0
0.093193193 	8.0542593e-07 	1.3958637e-07 	5.7698938 	0.0003414799 	1.0111692 	0.0033487554 	0
0.093293293 	8.0542499e-07 	1.3958637e-07 	5.7698872 	0.00034149337 	1.0111685 	0.0033481889 	0
0.093393393 	8.0542405e-07 	1.3958636e-07 	5.7698806 	0.00034150685 	1.0111678 	0.0033476224 	0
0.093493493 	8.0542311e-07 	1.3958636e-07 	5.7698741 	0.00034152032 	1.0111671 	0.0033470559 	0
0.093593594 	8.0542217e-07 	1.3958636e-07 	5.7698675 	0.0003415338 	1.0111664 	0.0033464894 	0
0.093693694 	8.0542123e-07 	1.3958635e-07 	5.7698609 	0.00034154727 	1.0111656 	0.0033459229 	0
0.093793794 	8.0542029e-07 	1.3958635e-07 	5.7698543 	0.00034156075 	1.0111649 	0.0033453565 	0
0.093893894 	8.0541933e-07 	1.3958634e-07 	5.7698477 	0.00034142823 	1.011164 	0.0033449551 	0
0.093993994 	8.0541835e-07 	1.3958633e-07 	5.769841 	0.00034123204 	1.0111629 	0.0033446258 	0
0.094094094 	8.0541738e-07 	1.3958633e-07 	5.7698343 	0.00034103586 	1.0111619 	0.0033442965 	0
0.094194194 	8.054164e-07 	1.3958632e-07 	5.7698276 	0.00034083968 	1.0111608 	0.0033439672 	0
0.094294294 	8.0541542e-07 	1.3958631e-07 	5.7698209 	0.00034064349 	1.0111598 	0.0033436379 	0
0.094394394 	8.0541445e-07 	1.3958631e-07 	5.7698142 	0.00034044731 	1.0111587 	0.0033433086 	0
0.094494494 	8.0541347e-07 	1.395863e-07 	5.7698075 	0.00034025113 	1.0111577 	0.0033429793 	0
0.094594595 	8.054125e-07 	1.3958629e-07 	5.7698008 	0.00034005494 	1.0111566 	0.00334265 	0
0.094694695 	8.0541152e-07 	1.3958629e-07 	5.7697941 	0.00033985876 	1.0111556 	0.0033423207 	0
0.094794795 	8.0541055e-07 	1.3958628e-07 	5.7697874 	0.00033966258 	1.0111545 	0.0033419914 	0
0.094894895 	8.0540957e-07 	1.3958627e-07 	5.7697807 	0.00033946639 	1.0111535 	0.003341662 	0
0.094994995 	8.0540859e-07 	1.3958627e-07 	5.769774 	0.00033927021 	1.0111524 	0.0033413327 	0
0.095095095 	8.0540762e-07 	1.3958626e-07 	5.7697673 	0.00033907403 	1.0111514 	0.0033410034 	0
0.095195195 	8.0540664e-07 	1.3958625e-07 	5.7697606 	0.00033887785 	1.0111503 	0.0033406741 	0
0.095295295 	8.0540567e-07 	1.3958624e-07 	5.7697539 	0.00033868166 	1.0111493 	0.0033403448 	0
0.095395395 	8.0540469e-07 	1.3958624e-07 	5.7697472 	0.00033848548 	1.0111482 	0.0033400155 	0
0.095495495 	8.0540371e-07 	1.3958623e-07 	5.7697405 	0.0003382893 	1.0111471 	0.0033396862 	0
0.095595596 	8.0540274e-07 	1.3958622e-07 	5.7697338 	0.00033809311 	1.0111461 	0.0033393569 	0
0.095695696 	8.0540176e-07 	1.3958622e-07 	5.7697271 	0.00033789693 	1.011145 	0.0033390276 	0
0.095795796 	8.0540079e-07 	1.3958621e-07 	5.7697204 	0.00033770075 	1.011144 	0.0033386983 	0
0.095895896 	8.0539981e-07 	1.395862e-07 	5.7697137 	0.00033750456 	1.0111429 	0.003338369 	0
0.095995996 	8.0539883e-07 	1.395862e-07 	5.769707 	0.00033731366 	1.0111419 	0.0033380335 	0
0.096096096 	8.0539785e-07 	1.3958619e-07 	5.7697004 	0.00033731729 	1.0111409 	0.0033374702 	0
0.096196196 	8.0539686e-07 	1.3958617e-07 	5.7696938 	0.00033732092 	1.01114 	0.003336907 	0
0.096296296 	8.0539587e-07 	1.3958616e-07 	5.7696871 	0.00033732455 	1.0111391 	0.0033363438 	0
0.096396396 	8.0539488e-07 	1.3958615e-07 	5.7696805 	0.00033732819 	1.0111381 	0.0033357805 	0
0.096496496 	8.0539389e-07 	1.3958614e-07 	5.7696739 	0.00033733182 	1.0111372 	0.0033352173 	0
0.096596597 	8.053929e-07 	1.3958613e-07 	5.7696672 	0.00033733545 	1.0111362 	0.0033346541 	0
0.096696697 	8.0539191e-07 	1.3958612e-07 	5.7696606 	0.00033733908 	1.0111353 	0.0033340908 	0
0.096796797 	8.0539092e-07 	1.3958611e-07 	5.769654 	0.00033734271 	1.0111343 	0.0033335276 	0
0.096896897 	8.0538993e-07 	1.3958609e-07 	5.7696473 	0.00033734635 	1.0111334 	0.0033329644 	0
0.096996997 	8.0538894e-07 	1.3958608e-07 	5.7696407 	0.00033734998 	1.0111325 	0.0033324011 	0
0.097097097 	8.0538795e-07 	1.3958607e-07 	5.7696341 	0.00033735361 	1.0111315 	0.0033318379 	0
0.097197197 	8.0538696e-07 	1.3958606e-07 	5.7696274 	0.00033735724 	1.0111306 	0.0033312747 	0
0.097297297 	8.0538597e-07 	1.3958605e-07 	5.7696208 	0.00033736087 	1.0111296 	0.0033307114 	0
0.097397397 	8.0538498e-07 	1.3958604e-07 	5.7696142 	0.00033736451 	1.0111287 	0.0033301482 	0
0.097497497 	8.0538399e-07 	1.3958603e-07 	5.7696075 	0.00033736814 	1.0111277 	0.003329585 	0
0.097597598 	8.05383e-07 	1.3958602e-07 	5.7696009 	0.00033737177 	1.0111268 	0.0033290217 	0
0.097697698 	8.0538201e-07 	1.39586e-07 	5.7695943 	0.0003373754 	1.0111258 	0.0033284585 	0
0.097797798 	8.0538101e-07 	1.3958599e-07 	5.7695876 	0.00033730459 	1.0111248 	0.0033279786 	0
0.097897898 	8.0537999e-07 	1.3958598e-07 	5.7695808 	0.00033711905 	1.0111237 	0.003327627 	0
0.097997998 	8.0537897e-07 	1.3958597e-07 	5.769574 	0.00033693352 	1.0111226 	0.0033272755 	0
0.098098098 	8.0537794e-07 	1.3958595e-07 	5.7695673 	0.00033674798 	1.0111214 	0.003326924 	0
0.098198198 	8.0537692e-07 	1.3958594e-07 	5.7695605 	0.00033656245 	1.0111203 	0.0033265725 	0
0.098298298 	8.053759e-07 	1.3958593e-07 	5.7695537 	0.00033637691 	1.0111192 	0.0033262209 	0
0.098398398 	8.0537488e-07 	1.3958591e-07 	5.769547 	0.00033619137 	1.0111181 	0.0033258694 	0
0.098498498 	8.0537385e-07 	1.395859e-07 	5.7695402 	0.00033600584 	1.0111169 	0.0033255179 	0
0.098598599 	8.0537283e-07 	1.3958589e-07 	5.7695334 	0.0003358203 	1.0111158 	0.0033251663 	0
0.098698699 	8.0537181e-07 	1.3958587e-07 	5.7695267 	0.00033563477 	1.0111147 	0.0033248148 	0
0.098798799 	8.0537079e-07 	1.3958586e-07 	5.7695199 	0.00033544923 	1.0111136 	0.0033244633 	0
0.098898899 	8.0536976e-07 	1.3958585e-07 	5.7695131 	0.00033526369 	1.0111124 	0.0033241118 	0
0.098998999 	8.0536874e-07 	1.3958583e-07 	5.7695063 	0.00033507816 	1.0111113 	0.0033237602 	0
0.099099099 	8.0536772e-07 	1.3958582e-07 	5.7694996 	0.00033489262 	1.0111102 	0.0033234087 	0
0.099199199 	8.053667e-07 	1.3958581e-07 	5.7694928 	0.00033470709 	1.011109 	0.0033230572 	0
0.099299299 	8.0536567e-07 	1.395858e-07 	5.769486 	0.00033452155 	1.0111079 	0.0033227056 	0
0.099399399 	8.0536465e-07 	1.3958578e-07 	5.7694793 	0.00033433601 	1.0111068 	0.0033223541 	0
0.099499499 	8.0536363e-07 	1.3958577e-07 	5.7694725 	0.00033415048 	1.0111057 	0.0033220026 	0
0.0995996 	8.0536261e-07 	1.3958576e-07 	5.7694657 	0.00033396494 	1.0111045 	0.0033216511 	0
0.0996997 	8.0536158e-07 	1.3958574e-07 	5.769459 	0.00033377941 	1.0111034 	0.0033212995 	0
0.0997998 	8.0536056e-07 	1.3958573e-07 	5.7694522 	0.00033359387 	1.0111023 	0.003320948 	0
0.0998999 	8.0535954e-07 	1.3958572e-07 	5.7694454 	0.00033340833 	1.0111011 	0.0033205965 	0
0.1 	8.0535852e-07 	1.395857e-07 	5.7694387 	0.0003332228 	1.0111 	0.003320245 	0
