/*--------------------------------*- C++ -*----------------------------------*\
| =========                 |                                                 |
| \\      /  F ield         | OpenFOAM: The Open Source CFD Toolbox           |
|  \\    /   O peration     | Version:  2206                                  |
|   \\  /    A nd           | Website:  www.openfoam.com                      |
|    \\/     M anipulation  |                                                 |
\*---------------------------------------------------------------------------*/
FoamFile
{
    version     2.0;
    format      ascii;
    arch        "LSB;label=32;scalar=64";
    class       volScalarField;
    location    "400";
    object      p;
}
// * * * * * * * * * * * * * * * * * * * * * * * * * * * * * * * * * * * * * //

dimensions      [0 2 -2 0 0 0 0];

internalField   nonuniform List<scalar> 
3000
(
0.307111928977
0.307255992847
0.307540336514
0.307928284702
0.308395075504
0.308921054803
0.30949015135
0.310089063407
0.310706734163
0.311333972554
0.311963163248
0.312588036207
0.31320347774
0.313805371565
0.314390462367
0.314956236939
0.315500819629
0.316022879992
0.316521551199
0.316996356359
0.317447134363
0.317873965159
0.318277162978
0.318657443394
0.319015955762
0.319353378828
0.31966969243
0.31996970364
0.320261701748
0.320504010934
0.280209345768
0.28012604254
0.279957790062
0.279725709772
0.279442393223
0.279118156622
0.278761647484
0.27838034002
0.277980813694
0.277568903167
0.277149782985
0.27672801809
0.276307597895
0.275891964327
0.275484039507
0.275086255757
0.274700588854
0.274328594805
0.273971450501
0.273629994754
0.273304748713
0.272995892099
0.272703303182
0.272427017766
0.272168282089
0.271930696501
0.271721733653
0.271555530255
0.271449149701
0.271402418186
0.257730258821
0.257697751605
0.257632516458
0.257546577414
0.257447068818
0.257340007955
0.257230028309
0.257120636812
0.257014375304
0.256912977321
0.256817521376
0.256728571331
0.256646300323
0.256570596943
0.256501153692
0.256437538631
0.25637925178
0.25632576772
0.256276566155
0.256231153782
0.256189079461
0.256149941767
0.256113426827
0.256079490087
0.256048679486
0.256022240945
0.256001659921
0.255987550262
0.25597826074
0.25597161961
0.251474617286
0.251482031519
0.251496218355
0.251515705415
0.251537747869
0.251560709493
0.251583182876
0.251604113177
0.251622740426
0.251638560864
0.251651290367
0.251660826747
0.251667213225
0.251670604286
0.251671234727
0.251669392528
0.251665395991
0.251659574848
0.251652253884
0.251643739558
0.251634317445
0.251624274718
0.251613963047
0.251603904628
0.251594870355
0.251587731488
0.251582920122
0.251579815337
0.251577146244
0.251574835048
0.247152251613
0.247144989461
0.247129740974
0.247109254404
0.247084264081
0.247056079306
0.24702561095
0.246993688321
0.246961024266
0.246928226077
0.246895801357
0.246864162731
0.246833634157
0.246804458674
0.246776807277
0.246750788436
0.246726457914
0.246703828145
0.246682875673
0.246663547929
0.246645781417
0.24662955193
0.246614960954
0.246602310534
0.246592049318
0.2465844866
0.24657942285
0.246576114318
0.246573729662
0.246572012117
0.240224633188
0.24021924649
0.240207435498
0.240192020951
0.240173901575
0.240154371382
0.240134173599
0.240113929124
0.240094077561
0.240074923771
0.240056666854
0.240039424695
0.240023254836
0.240008171287
0.239994157738
0.239981177682
0.239969181967
0.239958114224
0.239947914594
0.239938524473
0.239929900627
0.239922047451
0.23991506017
0.23990913584
0.239904477433
0.239901101907
0.239898750086
0.239897011542
0.23989552948
0.239894329525
0.233574424796
0.233573793362
0.233571588944
0.233569019217
0.233565759433
0.233562135926
0.233558146445
0.233553887523
0.233549418836
0.233544795959
0.233540068745
0.233535281989
0.233530476053
0.233525687045
0.233520946888
0.233516283357
0.233511720056
0.233507276498
0.233502969373
0.233498817849
0.233494856147
0.233491151848
0.233487819005
0.233484996995
0.233482767839
0.233481075041
0.233479747961
0.233478584023
0.233477435678
0.23347644471
0.228035478868
0.228034435941
0.228031668424
0.228028323717
0.228024112106
0.228019419154
0.22801429002
0.228008877094
0.228003275465
0.227997572917
0.227991842539
0.227986144689
0.227980528514
0.227975033213
0.227969689327
0.227964519947
0.227959541708
0.22795476588
0.227950201465
0.227945863815
0.227941789801
0.227938053417
0.227934766369
0.227932037973
0.227929899769
0.227928270874
0.227926999618
0.227925918767
0.227924902524
0.227924052694
0.222931021625
0.22292955658
0.222925986098
0.222921532331
0.222916062557
0.222910066937
0.22290365344
0.222897025797
0.22289030367
0.222883591627
0.222876968567
0.22287049446
0.222864213936
0.222858159189
0.222852352451
0.222846807976
0.222841533576
0.222836532399
0.222831807369
0.222827371575
0.222823263865
0.222819561259
0.222816369315
0.222813771506
0.222811766545
0.222810258512
0.222809101554
0.222808146349
0.222807278554
0.22280656722
0.217970562378
0.217969459821
0.217966610269
0.217963090885
0.217958729729
0.217953955376
0.217948823472
0.217943506207
0.217938093003
0.217932669922
0.217927301122
0.217922036804
0.217916915232
0.217911964827
0.21790720598
0.21790265248
0.217898312789
0.217894192098
0.217890297534
0.217886648311
0.217883288321
0.21788029223
0.217877747393
0.217875704884
0.217874138221
0.217872951597
0.217872023426
0.217871239484
0.217870514544
0.217869914557
0.213214408481
0.213213581299
0.213211321386
0.213208582684
0.213205153785
0.213201407694
0.213197360233
0.213193158511
0.213188866917
0.21318455576
0.213180275706
0.2131760675
0.213171962481
0.213167984284
0.213164150189
0.213160472212
0.213156958282
0.213153614733
0.213150452037
0.213147493959
0.213144786533
0.213142397939
0.213140395146
0.21313880236
0.213137578625
0.213136636238
0.213135878752
0.213135220494
0.213134598601
0.213134078425
0.208688936133
0.208688208556
0.208686188049
0.208683759793
0.20868070966
0.208677387019
0.208673794245
0.208670070062
0.208666267312
0.208662449978
0.208658661939
0.20865493912
0.208651308862
0.208647791729
0.208644402681
0.208641152077
0.208638046999
0.20863509428
0.208632306632
0.208629710856
0.208627353945
0.208625297891
0.20862359347
0.208622246694
0.208621209401
0.208620402019
0.208619744669
0.208619167847
0.208618620341
0.208618161826
0.204353672821
0.204353016723
0.204351165308
0.204348949605
0.204346159408
0.204343126123
0.204339843939
0.204336445695
0.204332976253
0.204329495823
0.204326043743
0.204322652986
0.204319348356
0.204316148506
0.204313066947
0.204310113033
0.204307293521
0.204304616082
0.204302095502
0.204299760845
0.204297658973
0.204295845213
0.204294356604
0.204293186307
0.204292283147
0.204291575247
0.204290994602
0.204290482747
0.204289996461
0.204289589392
0.200174227221
0.200173651778
0.200171982747
0.200169999553
0.200167492293
0.200164772444
0.200161825241
0.200158775982
0.200155661402
0.200152537385
0.200149438511
0.2001463947
0.200143428182
0.20014055575
0.200137789558
0.200135138133
0.200132608176
0.200130208397
0.20012795544
0.200125879768
0.200124026607
0.200122443516
0.200121155222
0.200120145713
0.200119363813
0.200118745584
0.200118233326
0.200117778107
0.200117343812
0.200116979704
0.196135340675
0.196134837293
0.196133332603
0.196131559955
0.196129309248
0.196126873209
0.196124229476
0.196121496009
0.196118702375
0.196115900403
0.196113120308
0.196110389235
0.196107727045
0.196105148847
0.196102665579
0.196100285094
0.196098014207
0.1960958627
0.196093848765
0.196092003544
0.196090369618
0.196088986586
0.196087868806
0.196086994163
0.196086313306
0.196085769765
0.196085314557
0.196084906601
0.196084515569
0.196084187123
0.192225769816
0.19222532282
0.192223949465
0.192222343954
0.19222029768
0.192218087464
0.192215685663
0.192213204107
0.192210666777
0.192208122287
0.192205597323
0.192203116846
0.192200698787
0.192198356899
0.192196101141
0.192193938887
0.192191877206
0.19218992691
0.192188107436
0.192186450073
0.192184994247
0.192183772108
0.192182789725
0.192182021208
0.192181419822
0.192180935568
0.192180526429
0.192180157397
0.192179802534
0.19217950413
0.188433312825
0.188432912135
0.188431647819
0.188430180166
0.18842830304
0.188426279401
0.18842407781
0.188421804738
0.188419479697
0.188417148617
0.188414835253
0.188412562781
0.188410347512
0.188408202077
0.188406135637
0.188404155246
0.188402268325
0.188400486638
0.188398830568
0.188397331075
0.188396024086
0.188394934955
0.188394063247
0.18839338094
0.188392844237
0.188392408711
0.188392037986
0.188391701863
0.188391377859
0.188391105188
0.184747007406
0.184746647248
0.184745478733
0.184744131927
0.184742403314
0.184740543265
0.184738517346
0.184736427059
0.184734288143
0.184732144106
0.184730016152
0.184727925895
0.18472588822
0.184723914789
0.18472201409
0.184720192984
0.184718459304
0.184716825664
0.184715313109
0.184713951825
0.184712774008
0.18471179891
0.184711021058
0.184710411467
0.184709929396
0.184709535291
0.184709197482
0.184708889723
0.184708592382
0.184708341951
0.181157940105
0.181157615443
0.181156531378
0.181155290886
0.181153693134
0.181151977033
0.181150105807
0.181148176358
0.181146201234
0.181144221748
0.181142256874
0.181140326856
0.181138445319
0.181136623084
0.18113486808
0.181133187079
0.181131588351
0.181130085251
0.181128699225
0.181127459322
0.181126393937
0.181125516956
0.181124819084
0.181124271186
0.181123835541
0.181123476853
0.181123167404
0.181122884231
0.181122610066
0.181122378983
0.177658521901
0.177658228025
0.177657217883
0.177656070153
0.17765458681
0.177652996398
0.177651260378
0.17764947144
0.177647639462
0.177645803783
0.177643981448
0.1776421915
0.177640446458
0.17763875642
0.177637128861
0.177635570542
0.177634090182
0.17763270176
0.177631426891
0.177630293202
0.177629325366
0.177628532632
0.177627902879
0.177627407364
0.177627011241
0.177626682919
0.177626398001
0.177626136252
0.177625882366
0.17762566824
0.174242009822
0.174241742848
0.174240797859
0.17423973162
0.174238348978
0.174236869061
0.174235252018
0.174233586666
0.174231880643
0.174230171494
0.174228474592
0.174226807915
0.17422518301
0.17422360935
0.174222094044
0.174220643911
0.174219268102
0.174217981111
0.174216804506
0.174215764288
0.174214881558
0.174214161627
0.174213590334
0.174213139681
0.174212777515
0.174212475468
0.174212211952
0.17421196902
0.174211733008
0.174211533849
0.170902423152
0.170902179946
0.170901292965
0.170900299074
0.170899005987
0.17089762422
0.170896112951
0.170894557412
0.17089296334
0.170891366639
0.170889781215
0.170888224094
0.170886705961
0.170885235748
0.170883820275
0.170882466466
0.170881183881
0.170879987416
0.170878898401
0.17087794106
0.170877133142
0.17087647664
0.170875955975
0.170875544121
0.170875211423
0.170874932329
0.170874687644
0.170874461358
0.170874241205
0.170874055337
0.167634478563
0.167634256475
0.167633421436
0.167632492155
0.167631279172
0.167629985101
0.167628568412
0.167627111013
0.167625617025
0.167624120834
0.167622635059
0.167621175868
0.167619753178
0.167618375451
0.167617049287
0.167615781748
0.167614582769
0.167613467543
0.167612456991
0.167611573468
0.167610831624
0.167610230686
0.167609754144
0.167609376081
0.167609069136
0.167608810229
0.167608582215
0.167608370742
0.167608164733
0.167607990731
0.164433476236
0.16443327298
0.164432484636
0.164431613278
0.164430472221
0.164429256812
0.164427925026
0.164426555683
0.164425151522
0.164423745529
0.164422349188
0.164420977885
0.164419640857
0.16441834616
0.164417100229
0.164415910286
0.164414786606
0.164413744574
0.164412804556
0.164411986998
0.164411303718
0.164410751666
0.164410313775
0.164409965305
0.164409681
0.164409439948
0.164409226776
0.16440902855
0.164408835222
0.164408671866
0.16129520279
0.161295016402
0.161294270221
0.161293451025
0.161292374839
0.161291230303
0.161289975071
0.161288685087
0.161287361909
0.161286037219
0.1612847215
0.161283429426
0.161282169627
0.161280949807
0.161279776287
0.161278656462
0.161277600901
0.161276625092
0.161275748719
0.161274990318
0.16127435915
0.161273850304
0.161273446449
0.161273124046
0.16127285976
0.16127263459
0.161272434699
0.161272248378
0.161272066472
0.161271912712
0.158215864197
0.158215692987
0.158214985049
0.15821421304
0.158213195623
0.158212115234
0.158210929339
0.158209711199
0.158208461356
0.158207210282
0.158205967568
0.158204747237
0.158203557375
0.158202405388
0.15820129752
0.158200241343
0.158199247681
0.158198332033
0.158197513297
0.158196808136
0.158196223521
0.158195753035
0.158195379306
0.158195079989
0.158194833503
0.158194622537
0.158194434588
0.158194259016
0.15819408744
0.158193942366
0.155192031977
0.155191874477
0.155191201364
0.155190472211
0.155189508246
0.155188486148
0.1551873633
0.155186210458
0.15518502729
0.155183843133
0.155182666789
0.155181511678
0.155180385403
0.155179295113
0.155178247012
0.155177248844
0.155176311647
0.155175450847
0.155174684476
0.155174027383
0.1551734845
0.155173048214
0.155172701274
0.155172422507
0.155172191928
0.155171993724
0.155171816561
0.155171650732
0.155171488539
0.155171351357
0.152220595841
0.152220450768
0.152219809477
0.152219119388
0.152218204209
0.152217235268
0.15221616995
0.152215076668
0.152213954333
0.152212831221
0.152211715427
0.152210619816
0.152209551561
0.152208517593
0.152207524099
0.152206578993
0.152205693484
0.152204882846
0.152204164185
0.152203550614
0.152203045269
0.152202639588
0.152202316572
0.15220205618
0.152201839881
0.152201653194
0.152201485813
0.15220132885
0.152201175207
0.152201045223
0.149298723428
0.149298589657
0.149297977543
0.149297323178
0.149296452674
0.149295532371
0.149294519723
0.149293480948
0.149292414299
0.149291347059
0.14929028669
0.149289245543
0.149288230407
0.149287248028
0.149286304599
0.149285408194
0.149284570151
0.149283805523
0.149283130447
0.149282556392
0.149282084913
0.149281706721
0.149281405158
0.149281161267
0.149280957841
0.14928078159
0.149280623112
0.149280474245
0.149280328421
0.149280205022
0.146423826772
0.146423703311
0.14642311803
0.146422496439
0.146421666973
0.146420791311
0.146419827034
0.146418838297
0.146417822783
0.146416806841
0.146415797363
0.146414806226
0.146413839875
0.146412904901
0.146412007521
0.146411155956
0.146410361633
0.146409639319
0.146409004158
0.146408466074
0.146408025242
0.146407671824
0.146407389571
0.146407160556
0.146406968782
0.146406802022
0.146406651678
0.146406510227
0.146406371576
0.146406254221
0.143593533907
0.143593419879
0.143592859347
0.14359226791
0.143591476249
0.143590641682
0.143589721956
0.143588779289
0.143587810866
0.143586842158
0.143585879546
0.143584934462
0.143584013046
0.143583121765
0.143582266866
0.143581456706
0.143580702762
0.14358001946
0.143579420937
0.143578915677
0.143578502658
0.143578171641
0.14357790683
0.143577691276
0.143577510087
0.14357735199
0.143577209098
0.143577074463
0.143576942411
0.143576830619
0.140805664501
0.140805559125
0.140805021482
0.140804457866
0.140803701125
0.140802904491
0.140802025907
0.140801125772
0.140800200834
0.140799275736
0.140798356397
0.140797453838
0.140796573928
0.140795723028
0.140794907429
0.140794135606
0.140793419049
0.140792771794
0.140792206975
0.140791731739
0.140791344027
0.140791033325
0.140790784323
0.140790580993
0.140790409453
0.140790259288
0.140790123246
0.14078999489
0.140789868927
0.140789762269
0.13805820889
0.13805811147
0.13805759505
0.138057057166
0.138056332762
0.13805557123
0.138054730738
0.138053869967
0.138052985284
0.138052100553
0.138051221273
0.138050358081
0.138049516607
0.138048703126
0.138047923978
0.138047187742
0.138046505883
0.138045892006
0.138045358253
0.138044910538
0.138044545912
0.138044253689
0.138044019059
0.138043826867
0.138043664151
0.138043521269
0.138043391542
0.138043268987
0.138043148655
0.138043046747
0.135349309976
0.135349219889
0.135348723192
0.135348209165
0.135347514778
0.135346785807
0.135345980665
0.135345156415
0.135344309086
0.135343461808
0.135342619699
0.135341793038
0.135340987244
0.135340208523
0.135339463266
0.13533876014
0.135338110553
0.135337527642
0.13533702258
0.135336600146
0.135336256631
0.135335981262
0.135335759738
0.135335577723
0.1353354231
0.135335286927
0.135335163036
0.135335045854
0.135334930743
0.135334833241
0.132677247521
0.132677164208
0.132676685882
0.132676194025
0.132675527561
0.132674828863
0.132674056599
0.132673266307
0.132672453719
0.132671641269
0.132670833728
0.132670041043
0.132669268447
0.132668522089
0.132667808415
0.132667136164
0.132666516652
0.132665962521
0.132665484004
0.13266508484
0.132664760674
0.132664500717
0.132664291179
0.132664118492
0.132663971313
0.132663841335
0.132663722849
0.132663610656
0.132663500396
0.132663406989
0.130040424468
0.130040347425
0.130039886247
0.130039415034
0.130038774602
0.130038104107
0.130037362488
0.130036603837
0.130035823626
0.130035043631
0.130034268307
0.130033507289
0.130032765647
0.130032049488
0.13003136531
0.130030721907
0.130030130475
0.13002960314
0.130029149223
0.130028771519
0.130028465127
0.130028219299
0.13002802075
0.130027856634
0.13002771632
0.130027592077
0.13002747861
0.130027371059
0.130027265316
0.130027175724
0.127437354964
0.127437283736
0.127436838595
0.127436386645
0.127435770529
0.127435126363
0.127434413362
0.127433684253
0.127432934276
0.127432184584
0.127431439344
0.127430707901
0.127429995181
0.127429307259
0.127428650683
0.127428034287
0.127427469117
0.127426966768
0.127426535688
0.127426177811
0.127425887781
0.127425654935
0.127425466488
0.127425310268
0.127425176301
0.127425057379
0.127424948584
0.12742484536
0.127424743832
0.1274246578
0.124866653833
0.124866588007
0.124866157894
0.12486572395
0.12486513059
0.124864511049
0.124863824825
0.12486312335
0.124862401659
0.124861680316
0.124860963221
0.124860259452
0.124859573807
0.124858912338
0.124858281642
0.124857690574
0.124857150006
0.124856670991
0.124856261143
0.124855921617
0.124855646679
0.124855425788
0.124855246649
0.124855097722
0.124854969637
0.124854855663
0.124854751224
0.124854652042
0.124854554454
0.124854471752
0.122327027299
0.122326966503
0.122326550495
0.122326133415
0.122325561387
0.12232496492
0.122324303793
0.122323628214
0.122322933033
0.122322238256
0.122321547541
0.122320869713
0.122320209461
0.12231957282
0.122318966431
0.122318399157
0.122317881671
0.122317424479
0.1223170344
0.122316711887
0.122316450897
0.12231624104
0.122316070497
0.12231592832
0.122315805697
0.122315696335
0.122315595966
0.122315500566
0.122315406669
0.122315327085
0.11981726479
0.119817208681
0.119816805935
0.119816404675
0.11981585268
0.119815277868
0.119814640305
0.119813989033
0.119813318741
0.119812648902
0.119811982953
0.119811329484
0.119810693089
0.11981007979
0.119809496272
0.119808951386
0.119808455586
0.11980801883
0.119807647185
0.119807340471
0.119807092393
0.119806892741
0.119806730152
0.119806594239
0.1198064767
0.119806371643
0.119806275083
0.119806183229
0.119806092794
0.119806016136
0.117336231644
0.117336179911
0.117335789656
0.11733540326
0.117334870107
0.117334315653
0.117333700247
0.117333071828
0.117332424939
0.117331778548
0.117331135888
0.11733050533
0.117329891386
0.11732930007
0.117328738103
0.117328214313
0.117327738915
0.117327321322
0.117326966889
0.117326674868
0.117326438768
0.117326248571
0.11732609336
0.117325963267
0.117325850469
0.117325749439
0.117325656452
0.117325567928
0.117325480745
0.117325406838
0.114882862626
0.114882814986
0.114882436511
0.114882064103
0.114881548698
0.114881013411
0.114880418873
0.114879811974
0.114879187123
0.114878562812
0.114877942085
0.11487733311
0.114876740327
0.114876169746
0.114875628119
0.114875124236
0.114874668056
0.114874268453
0.114873930112
0.114873651777
0.114873426805
0.114873245386
0.11487309703
0.114872972359
0.11487286399
0.114872766734
0.114872677102
0.114872591709
0.114872507588
0.114872436269
0.11245615614
0.112456112332
0.112455744984
0.112455385758
0.112454887096
0.112454369881
0.112453795026
0.112453208418
0.112452604352
0.112452000864
0.112451400824
0.11245081221
0.112450239401
0.112449688408
0.112449166005
0.11244868093
0.112448242874
0.11244786018
0.112447536904
0.112447271335
0.112447056719
0.112446883463
0.112446741488
0.112446621877
0.112446517653
0.11244642394
0.112446337463
0.112446255021
0.112446173784
0.112446104905
0.110055169046
0.110055128832
0.110054772008
0.110054425222
0.110053942376
0.110053442225
0.110052885957
0.110052318511
0.110051734074
0.11005115025
0.110050569748
0.11005000037
0.110049446444
0.11004891398
0.11004840977
0.110047942488
0.110047521545
0.110047154761
0.110046845605
0.11004659196
0.110046386997
0.110046221346
0.110046085321
0.11004597044
0.110045870103
0.110045779719
0.110045696216
0.110045616556
0.110045538042
0.110045471467
0.107679012003
0.107678975162
0.107678628305
0.107678293275
0.107677825389
0.10767734137
0.107676802682
0.107676253354
0.107675687478
0.107675122248
0.107674560225
0.107674009045
0.107673472993
0.107672958079
0.107672471111
0.107672020681
0.107671615912
0.107671264115
0.107670968208
0.107670725717
0.107670529765
0.107670371208
0.107670240743
0.10767013029
0.107670033603
0.107669946355
0.107669865656
0.107669788624
0.107669712684
0.107669648285
0.105326845277
0.105326811607
0.105326474201
0.105326150293
0.105325696575
0.105325227828
0.105324705784
0.105324173609
0.105323625309
0.105323077684
0.105322533158
0.105321999217
0.105321480107
0.105320981839
0.10532051123
0.105320076778
0.105319687311
0.105319349645
0.105319066186
0.10531883414
0.105318646611
0.105318494685
0.105318369422
0.105318263122
0.105318169867
0.105318085576
0.105318007527
0.105317932981
0.105317859475
0.105317797136
0.102997874971
0.102997844284
0.102997515851
0.10299720248
0.102996762196
0.102996307923
0.102995801658
0.102995285742
0.102994754102
0.102994223165
0.10299369523
0.102993177638
0.102992674606
0.102992192146
0.102991737074
0.102991317789
0.102990942813
0.102990618485
0.102990346732
0.102990124481
0.102989944837
0.102989799118
0.10298967873
0.10298957633
0.102989486308
0.102989404809
0.102989329266
0.102989257074
0.102989185874
0.102989125488
0.100691349601
0.100691321725
0.100691001821
0.100690698442
0.10069027091
0.100689830372
0.100689339084
0.100688838596
0.100688322767
0.100687807669
0.100687295481
0.100686793415
0.100686305659
0.100685838227
0.100685397931
0.100684993055
0.100684631815
0.100684320088
0.100684059356
0.100683846302
0.100683674049
0.100683534148
0.100683418334
0.100683319604
0.100683232631
0.100683153771
0.100683080602
0.100683010641
0.100682941629
0.100682883095
0.0984065569983
0.0984065317736
0.098406219985
0.0984059260936
0.0984055106809
0.0984050831887
0.0984046061299
0.0984041203003
0.0984036194937
0.0984031194428
0.0984026222201
0.0984021349133
0.0984016616881
0.0984012085606
0.0984007823295
0.098400391156
0.0984000429487
0.0983997431371
0.0983994927916
0.0983992883812
0.0983991230665
0.098398988625
0.0983988771109
0.0983987818379
0.0983986977449
0.098398621383
0.0983985504653
0.0983984826224
0.0983984156875
0.0983983589114
0.0961428215015
0.0961427987791
0.0961424947208
0.0961422098465
0.096141805963
0.0961413908771
0.0961409273524
0.0961404554628
0.096139968944
0.096139483205
0.0961390002187
0.0961385269581
0.0961380675704
0.0961376280716
0.0961372152423
0.0961368371117
0.096136501279
0.0961362127447
0.0961359721975
0.096135775921
0.0961356171262
0.0961354878166
0.0961353803491
0.0961352883367
0.0961352069669
0.0961351329729
0.0961350641919
0.0961349983614
0.096134933401
0.0961348782966
0.0938995013952
0.0938994810375
0.0938991843498
0.0938989080547
0.0938985151503
0.093898111874
0.093897661235
0.0938972026163
0.0938967297003
0.0938962575876
0.0938957881586
0.0938953282797
0.0938948820829
0.0938944555825
0.0938940555352
0.0938936898299
0.0938933657569
0.093893087905
0.0938928566101
0.0938926679959
0.0938925153358
0.0938923908556
0.0938922872016
0.0938921982686
0.0938921194773
0.09389204773
0.0938919809796
0.0938919170632
0.0938918539814
0.093891800468
0.0916759865738
0.0916759684525
0.0916756787997
0.091675410675
0.0916750282359
0.0916746362122
0.0916741978538
0.0916737518812
0.0916732919288
0.0916728328022
0.0916723762967
0.0916719291794
0.0916714955697
0.0916710814788
0.0916706936332
0.0916703397744
0.0916700268854
0.0916697591609
0.0916695366108
0.0916693552223
0.0916692083413
0.0916690884115
0.0916689883557
0.0916689023348
0.0916688259875
0.0916687563745
0.0916686915557
0.0916686294618
0.0916685681693
0.0916685161712
0.089471696412
0.0894716804077
0.0894713974753
0.0894711371389
0.0894707646849
0.0894703833931
0.0894699567493
0.0894695228388
0.0894690752521
0.0894686285135
0.0894681843393
0.089467749404
0.0894673278167
0.089466925584
0.0894665493962
0.0894662068409
0.0894659045963
0.0894656464806
0.0894654322031
0.0894652576357
0.0894651162047
0.0894650005675
0.089464903911
0.0894648206471
0.0894647466193
0.0894646790356
0.0894646160563
0.0894645556992
0.0894644961125
0.0894644455593
0.0872860778188
0.0872860638202
0.0872857873137
0.087285534408
0.0872851714893
0.0872848004422
0.0872843849831
0.087283962588
0.0872835268076
0.0872830918969
0.0872826594997
0.087282236204
0.0872818261106
0.0872814352193
0.0872810701787
0.0872807384166
0.0872804463104
0.0872801973185
0.0872799908738
0.0872798227517
0.087279686466
0.087279574883
0.0872794814415
0.0872794007908
0.0872793289665
0.0872792633145
0.0872792020884
0.0872791433882
0.0872790854291
0.0872790362547
0.0851186034451
0.0851185913483
0.0851183209914
0.0851180751816
0.0851177213767
0.0851173601176
0.0851169553467
0.0851165439548
0.0851161194562
0.0851156958487
0.0851152747093
0.0851148625451
0.0851144634498
0.085114083415
0.0851137290417
0.085113407593
0.0851131251497
0.0851128848277
0.0851126858058
0.0851125237799
0.085112392357
0.0851122846071
0.0851121942098
0.0851121160387
0.0851120463098
0.0851119824983
0.085111922945
0.0851118658265
0.085111809422
0.0851117615646
0.0829687700394
0.0829687597475
0.0829684952805
0.0829682562526
0.0829679111658
0.0829675592663
0.0829671647175
0.0829667638481
0.0829663501392
0.0829659373429
0.082965526974
0.0829651254645
0.0829647369023
0.0829643672682
0.0829640231104
0.0829637115233
0.0829634382962
0.0829632062188
0.0829630142369
0.0829628579822
0.0829627311598
0.0829626270379
0.0829625395262
0.0829624637103
0.0829623959762
0.08296233392
0.0829622759638
0.0829622203569
0.0829621654383
0.0829621188398
0.0808360969449
0.080836088367
0.0808358295458
0.0808355970047
0.0808352602642
0.0808349173217
0.0808345325572
0.0808341417587
0.0808337383772
0.0808333359297
0.0808329358738
0.0808325445713
0.0808321661048
0.0808318064426
0.0808314720748
0.0808311699234
0.0808309054919
0.0808306812601
0.0808304959605
0.0808303451746
0.0808302227087
0.0808301220242
0.0808300372506
0.0808299636742
0.0808298978407
0.08082983746
0.0808297810303
0.080829726869
0.0808296733718
0.0808296279777
0.0787201247063
0.0787201177572
0.0787198643521
0.0787196380205
0.0787193092766
0.0787189749126
0.0787185995205
0.0787182183683
0.0787178248795
0.078717432346
0.0787170421731
0.0787166606564
0.0787162918741
0.0787159417798
0.0787156168005
0.0787153236831
0.0787150676512
0.0787148508907
0.0787146719388
0.0787145263394
0.0787144080029
0.0787143105786
0.0787142284056
0.0787141569606
0.0787140929399
0.0787140341598
0.0787139791901
0.0787139264125
0.0787138742761
0.0787138300353
0.0766204137852
0.0766204083852
0.0766201601796
0.0766199397966
0.0766196187199
0.0766192925781
0.0766189261707
0.0766185542651
0.0766181702596
0.0766177872311
0.0766174065363
0.076617034409
0.0766166749235
0.0766163340161
0.0766160180461
0.0766157335831
0.0766154855776
0.0766152759366
0.0766151030193
0.0766149623429
0.0766148479243
0.0766147535949
0.0766146738944
0.0766146044799
0.0766145421897
0.07661448494
0.076614431368
0.0766143799156
0.0766143290831
0.0766142859472
0.0745365433771
0.0745365394513
0.0745362962409
0.0745360815605
0.0745357678406
0.0745354495852
0.074535091797
0.0745347287611
0.0745343538532
0.0745339799441
0.074533608346
0.0745332452345
0.0745328946802
0.0745325625999
0.0745322552809
0.0745319791136
0.0745317387823
0.07453153593
0.0745313687538
0.0745312327543
0.0745311220561
0.0745310306675
0.07453095332
0.0745308858416
0.0745308252046
0.0745307694195
0.0745307171864
0.0745306670044
0.074530617422
0.0745305753457
0.072468110322
0.0724681078001
0.0724678693919
0.0724676601823
0.0724673535261
0.0724670428404
0.0724666933265
0.0724663388048
0.0724659726306
0.0724656074774
0.072465244616
0.0724648901679
0.0724645481998
0.0724642246066
0.0724639255992
0.0724636573884
0.0724634243988
0.072463228024
0.0724630663135
0.0724629347605
0.0724628275983
0.0724627390066
0.0724626639004
0.0724625982696
0.0724625392134
0.0724624848309
0.0724624338814
0.072462384918
0.0724623365351
0.0724622954754
0.0704147280819
0.0704147268977
0.0704144931094
0.0704142891517
0.0704139892827
0.0704136858676
0.0704133443023
0.0704129979592
0.0704126401751
0.0704122834344
0.0704119289703
0.0704115828528
0.0704112491447
0.0704109337168
0.0704106426999
0.0704103821241
0.0704101561622
0.0704099659716
0.0704098094685
0.0704096821464
0.0704095783477
0.0704094924184
0.0704094194487
0.0704093555828
0.0704092980392
0.070409245001
0.070409195283
0.0704091474894
0.0704091002581
0.0704090601746
0.0683760257997
0.0683760258909
0.06837579655
0.0683755976373
0.0683753042938
0.0683750078666
0.068374673942
0.0683743354604
0.0683739857416
0.0683736370891
0.0683732907013
0.0683729525998
0.0683726268432
0.0683723192759
0.0683720359449
0.0683717826996
0.0683715634683
0.0683713791857
0.0683712276471
0.0683711043537
0.0683710037571
0.0683709203643
0.0683708494332
0.0683707872542
0.0683707311594
0.0683706794105
0.0683706308746
0.0683705842047
0.0683705380799
0.0683704989344
0.0663516474311
0.0663516487392
0.0663514236821
0.0663512296188
0.0663509425533
0.0663506528464
0.0663503262713
0.066349995351
0.0663496533903
0.0663493125191
0.0663489739039
0.0663486435207
0.0663483254236
0.066348025428
0.0663477494937
0.0663475032901
0.0663472905083
0.066347111873
0.0663469650706
0.0663468456162
0.0663467480704
0.0663466670961
0.0663465981117
0.0663465375467
0.0663464828403
0.0663464323287
0.0663463849286
0.0663463393388
0.0663462942776
0.066346256034
0.0643412509302
0.0643412533997
0.0643410324716
0.0643408430726
0.0643405620507
0.0643402788109
0.0643399593095
0.0643396356662
0.0643393011727
0.0643389677924
0.0643386366625
0.0643383137158
0.0643380030013
0.0643377103031
0.0643374414911
0.064337202055
0.0643369954567
0.0643368222226
0.0643366799415
0.064336564148
0.0643364695111
0.0643363908447
0.0643363237206
0.0643362647007
0.064336211326
0.0643361620028
0.0643361156945
0.0643360711434
0.0643360271055
0.0643359897295
0.0623445074893
0.062344511068
0.0623442941221
0.0623441092119
0.0623438340114
0.0623435569988
0.0623432443097
0.0623429276741
0.0623426003722
0.0623422742076
0.0623419502908
0.0623416345134
0.0623413309188
0.0623410452577
0.0623407833069
0.062340550378
0.062340349711
0.0623401816458
0.0623400436836
0.0623399313836
0.0623398395224
0.0623397630599
0.062339697715
0.0623396401756
0.0623395880788
0.0623395398978
0.0623394946397
0.0623394510883
0.0623394080354
0.0623393714945
0.0603611008404
0.0603611054791
0.0603608923757
0.0603607117881
0.0603604421981
0.060360171185
0.0603598650601
0.0603595551769
0.0603592348051
0.0603589155952
0.0603585986332
0.0603582897716
0.0603579930476
0.060357714176
0.0603574588382
0.0603572321691
0.0603570371942
0.0603568740783
0.0603567402441
0.0603566312802
0.0603565420694
0.0603564677131
0.0603564040711
0.0603563479511
0.0603562970818
0.0603562499991
0.0603562057518
0.0603561631631
0.0603561210587
0.0603560853222
0.0583907265999
0.0583907322519
0.0583905228585
0.0583903464356
0.0583900822559
0.0583898170263
0.0583895172303
0.0583892138569
0.0583889001671
0.0583885876643
0.058388277412
0.0583879752255
0.058387685135
0.0583874128173
0.0583871638563
0.0583869432115
0.058386753702
0.0583865953274
0.0583864654414
0.0583863596652
0.0583862729871
0.0583862006452
0.0583861386342
0.0583860838761
0.0583860341864
0.0583859881604
0.0583859448866
0.0583859032254
0.0583858620352
0.0583858270739
0.0564330916486
0.0564330982698
0.0564328924605
0.0564327200525
0.056432461093
0.0564322014417
0.0564319077509
0.0564316106571
0.0564313034137
0.0564309973828
0.0564306936074
0.0564303978674
0.056430114185
0.056429848197
0.0564296053875
0.0564293905432
0.0564292062837
0.0564290524537
0.0564289263459
0.0564288236177
0.0564287393615
0.0564286689475
0.0564286084997
0.0564285550491
0.0564285064937
0.0564284614853
0.0564284191495
0.0564283783824
0.0564283380737
0.0564283038598
0.054487913559
0.0544879211078
0.0544877187625
0.0544875502268
0.0544872963068
0.0544870420386
0.0544867542403
0.0544864632072
0.0544861621861
0.0544858624036
0.0544855648839
0.0544852753728
0.054484997884
0.0544847380119
0.0544845011393
0.0544842918823
0.0544841126682
0.0544839631966
0.0544838407064
0.0544837408945
0.0544836589557
0.054483590388
0.0544835314395
0.054483479245
0.0544834317811
0.054483387753
0.0544833463216
0.0544833064169
0.0544832669584
0.0544832334657
0.0525549200652
0.052554928502
0.0525547295065
0.0525545647077
0.0525543156549
0.0525540665843
0.0525537844762
0.0525534992954
0.0525532042834
0.0525529105367
0.0525526190621
0.052552335573
0.0525520640733
0.0525518101133
0.0525515789728
0.0525513750997
0.0525512007366
0.0525510554467
0.0525509364224
0.0525508394025
0.0525507596825
0.0525506928842
0.0525506353746
0.0525505843877
0.0525505379746
0.0525504948914
0.0525504543324
0.0525504152601
0.0525503766223
0.0525503438257
0.0506338485553
0.0506338578426
0.0506336620881
0.0506335008973
0.0506332565479
0.050633012498
0.0506327358876
0.0506324563608
0.0506321671551
0.0506318792418
0.050631593612
0.0506313159476
0.0506310502423
0.0506308019997
0.0506305763959
0.050630377713
0.050630208016
0.0506300667404
0.0506299510384
0.0506298566929
0.0506297790988
0.0506297139973
0.0506296578695
0.0506296080442
0.0506295626434
0.0506295204715
0.0506294807545
0.0506294424858
0.0506294046406
0.0506293725162
0.0487244455995
0.0487244557017
0.0487242630844
0.0487241053788
0.0487238655768
0.0487236263793
0.048723355083
0.0487230810212
0.0487227974287
0.048722515156
0.0487222351802
0.0487219631526
0.0487217030556
0.0487214603448
0.0487212400909
0.0487210464135
0.0487208812066
0.0487207437864
0.0487206312707
0.0487205394888
0.0487204639326
0.0487204004593
0.0487203456594
0.048720296952
0.048720252527
0.0487202112344
0.0487201723305
0.0487201348381
0.0487200977586
0.0487200662837
0.0468264665123
0.0468264773957
0.0468262878164
0.0468261334789
0.0468258980752
0.0468256635697
0.0468253974124
0.0468251286357
0.046824850472
0.0468245736562
0.0468242991522
0.0468240325823
0.0468237779161
0.0468235405594
0.0468233254769
0.0468231366286
0.0468229757443
0.0468228420285
0.0468227325705
0.046822643247
0.0468225696458
0.0468225077358
0.0468224542126
0.0468224065819
0.0468223630978
0.0468223226543
0.0468222845359
0.0468222477938
0.0468222114544
0.0468221806073
0.0449396749395
0.0449396865721
0.0449394999362
0.0449393488552
0.0449391177078
0.044938887741
0.0449386265559
0.0449383628923
0.0449380899818
0.0449378184476
0.044937549242
0.0449372879585
0.0449370385535
0.044936806381
0.0449365962994
0.0449364121117
0.0449362553904
0.0449361252358
0.0449360187133
0.0449359317489
0.044935860024
0.0449357996159
0.044935747321
0.0449357007277
0.0449356581516
0.0449356185281
0.044935581169
0.0449355451524
0.0449355095288
0.0449354792889
0.04306384246
0.0430638548113
0.0430636710284
0.0430635230975
0.0430632960709
0.0430630704967
0.0430628141244
0.04306255541
0.043062287585
0.0430620211653
0.0430617570922
0.0430615009318
0.0430612566259
0.0430610294751
0.043060824231
0.043060644543
0.0430604918327
0.0430603651029
0.0430602614002
0.0430601767007
0.0430601067779
0.0430600478135
0.0430599967009
0.0430599511078
0.0430599094083
0.0430598705772
0.0430598339524
0.0430597986376
0.0430597637065
0.043059734054
0.0411987482225
0.0411987612636
0.0411985802473
0.0411984353647
0.0411982123292
0.041197991008
0.0411977392963
0.0411974853745
0.0411972224747
0.0411969610098
0.0411967019109
0.0411964507174
0.0411962113554
0.0411959890708
0.0411957885078
0.0411956131658
0.0411954643213
0.0411953408868
0.041195239894
0.0411951573702
0.0411950891789
0.041195031603
0.0411949816293
0.0411949370009
0.041194896148
0.0411948580832
0.0411948221688
0.0411947875331
0.0411947532723
0.0411947241885
0.0393441786049
0.0393441923081
0.0393440139757
0.0393438720442
0.0393436528758
0.0393434356741
0.0393431884775
0.0393429391985
0.039342681071
0.0393424244081
0.0393421701322
0.0393419237561
0.0393416891894
0.0393414716218
0.0393412755902
0.039341104447
0.0393409593301
0.0393408390675
0.0393407406802
0.0393406602474
0.0393405937208
0.0393405374813
0.0393404886049
0.0393404449075
0.0393404048729
0.0393403675492
0.0393403323223
0.0393402983443
0.0393402647325
0.0393402361993
0.0374999268831
0.0374999412222
0.0374997654946
0.0374996264213
0.0374994110017
0.0374991977919
0.0374989549712
0.0374987101919
0.0374984566904
0.0374982046837
0.037497955086
0.0374977133844
0.0374974834708
0.0374972704772
0.0374970788335
0.0374969117484
0.037496770227
0.0374966530188
0.0374965571378
0.0374964787158
0.0374964137905
0.0374963588376
0.0374963110193
0.0374962682209
0.0374962289772
0.0374961923708
0.0374961578097
0.0374961244686
0.0374960914856
0.0374960634859
0.0356657929238
0.0356658078739
0.0356656346752
0.0356654983713
0.035665286587
0.0356650772471
0.0356648386691
0.0356645982526
0.0356643492371
0.0356641017471
0.0356638566891
0.035663619525
0.0356633941282
0.0356631855715
0.035662998178
0.0356628350162
0.0356626969643
0.0356625826987
0.0356624892298
0.0356624127422
0.035662349358
0.0356622956445
0.0356622488469
0.035662206917
0.0356621684384
0.0356621325264
0.0356620986102
0.0356620658864
0.0356620335127
0.03566200603
0.0338415829004
0.0338415984375
0.0338414276951
0.0338412940754
0.0338410858179
0.0338408802308
0.0338406457681
0.0338404095833
0.0338401649198
0.0338399218127
0.0338396811618
0.0338394484041
0.0338392273931
0.0338390231417
0.0338388398664
0.033838680499
0.033838545796
0.0338384343664
0.0338383432198
0.0338382685941
0.0338382066939
0.033838154175
0.0338381083625
0.0338380672719
0.0338380295338
0.0338379942942
0.0338379610031
0.0338379288776
0.0338378970947
0.0338378701132
0.0320271090186
0.0320271251202
0.0320269567643
0.0320268257475
0.0320266209126
0.0320264189665
0.0320261884969
0.0320259564182
0.0320257159782
0.0320254771261
0.0320252407553
0.0320250122782
0.0320247955275
0.032024595455
0.0320244161713
0.0320242604746
0.0320241290053
0.0320240203101
0.0320239314004
0.0320238585676
0.032023798097
0.0320237467302
0.0320237018688
0.0320236615898
0.0320236245684
0.0320235899806
0.0320235572954
0.0320235257501
0.0320234945402
0.0320234680449
0.03022218925
0.0302222058943
0.0302220398582
0.0302219113662
0.0302217098544
0.0302215114419
0.0302212848484
0.0302210567554
0.0302208204161
0.0302205856964
0.0302203534839
0.0302201291667
0.0302199165559
0.0302197205409
0.030219545127
0.0302193929826
0.0302192646371
0.0302191585791
0.030219071825
0.0302190007197
0.0302189416269
0.0302188913715
0.030218847429
0.0302188079352
0.0302187716079
0.0302187376518
0.0302187055542
0.030218674572
0.0302186439179
0.0302186178943
0.0284266470982
0.0284266642644
0.028426500484
0.0284263744419
0.0284261761574
0.0284259811756
0.028425758346
0.0284255341233
0.0284253017668
0.0284250710619
0.0284248428908
0.0284246226178
0.028424414031
0.0284242219568
0.0284240502959
0.0284239015902
0.028423776263
0.0284236727497
0.0284235880738
0.0284235186334
0.0284234608693
0.0284234116867
0.0284233686323
0.0284233298982
0.0284232942436
0.0284232609
0.0284232293727
0.0284231989367
0.0284231688223
0.0284231432565
0.0266403113506
0.026640329019
0.0266401674325
0.0266400437686
0.0266398486196
0.0266396569696
0.0266394377961
0.0266392173331
0.0266389888462
0.0266387620432
0.0266385378014
0.0266383214614
0.0266381167872
0.0266379285415
0.0266377605213
0.0266376151453
0.0266374927356
0.0266373916786
0.0266373090069
0.0266372411719
0.0266371846895
0.0266371365429
0.0266370943472
0.0266370563488
0.0266370213461
0.0266369885968
0.0266369576229
0.0266369277173
0.0266368981267
0.0266368730055
0.0248630159195
0.0248630340713
0.0248628746196
0.0248627532651
0.0248625611636
0.0248623727509
0.0248621571303
0.0248619403207
0.0248617155951
0.0248614925858
0.0248612721659
0.024861059652
0.0248608587835
0.0248606742584
0.024860509771
0.0248603676202
0.0248602480316
0.0248601493464
0.0248600686085
0.0248600023223
0.0248599470771
0.0248598999313
0.0248598585663
0.0248598212805
0.02485978691
0.0248597547373
0.0248597243008
0.0248596949104
0.0248596658286
0.0248596411392
0.0230945994299
0.023094618047
0.023094460673
0.0230943415616
0.0230941524226
0.0230939671558
0.0230937549884
0.0230935417299
0.0230933206609
0.0230931013411
0.0230928846392
0.0230926758484
0.0230924786822
0.0230922977735
0.0230921367147
0.0230919976886
0.0230918808284
0.023091784434
0.0230917055625
0.0230916407708
0.02309158672
0.0230915405415
0.0230914999803
0.0230914633848
0.0230914296275
0.0230913980146
0.0230913681
0.02309133921
0.0230913106226
0.0230912863528
0.0213349056579
0.0213349247231
0.0213347693728
0.0213346524417
0.0213344661849
0.0213342839777
0.0213340751694
0.0213338653654
0.0213336478542
0.0213334321253
0.0213332190434
0.0213330138782
0.0213328203164
0.0213326429251
0.0213324851962
0.0213323491993
0.0213322349798
0.0213321407999
0.0213320637311
0.0213320003831
0.0213319474865
0.0213319022437
0.021331862461
0.0213318265351
0.0213317933731
0.021331762304
0.0213317328965
0.021331704493
0.0213316763861
0.021331652524
0.0195837814227
0.019583800919
0.019583647538
0.019583532724
0.0195833492683
0.0195831700333
0.0195829644889
0.0195827580413
0.0195825439879
0.0195823317501
0.0195821221888
0.0195819205504
0.0195817304938
0.0195815565202
0.0195814020219
0.0195812689586
0.0195811572924
0.0195810652509
0.0195809899217
0.0195809279665
0.0195808761842
0.0195808318454
0.0195807928159
0.0195807575386
0.0195807249538
0.0195806944126
0.0195806654978
0.0195806375671
0.0195806099274
0.0195805864619
0.0178410822307
0.0178411021429
0.0178409506834
0.017840837932
0.0178406572074
0.0178404808695
0.0178402785068
0.0178400753312
0.0178398646492
0.0178396558161
0.0178394496893
0.0178392514915
0.0178390648533
0.017838894209
0.0178387428528
0.0178386126379
0.0178385034465
0.017838413475
0.0178383398288
0.0178382792209
0.0178382285171
0.0178381850545
0.017838146756
0.0178381121089
0.0178380800858
0.0178380500585
0.0178380216233
0.0178379941525
0.0178379669671
0.017837943887
0.0161066544046
0.0161066747186
0.0161065251287
0.0161064143793
0.0161062363091
0.0161060627875
0.0161058635201
0.01610566353
0.0161054561334
0.0161052506214
0.0161050478481
0.0161048530124
0.0161046697151
0.016104502323
0.0161043540329
0.0161042265938
0.0161041198116
0.0161040318537
0.0161039598438
0.0161039005458
0.0161038508904
0.0161038082789
0.0161037706898
0.0161037366539
0.0161037051748
0.0161036756452
0.0161036476749
0.0161036206511
0.0161035939084
0.0161035712042
0.0143803892678
0.0143804099634
0.0143802622006
0.0143801534028
0.0143799779164
0.0143798071261
0.0143796108507
0.0143794139268
0.01437920968
0.014379007339
0.0143788077556
0.0143786161066
0.0143784359653
0.0143782716352
0.0143781262219
0.0143780013787
0.0143778968431
0.0143778107598
0.0143777402736
0.0143776821991
0.0143776335293
0.0143775917265
0.01437755482
0.0143775213793
0.0143774904351
0.014377461397
0.0143774338849
0.0143774072978
0.0143773809823
0.01437735864
0.0126620540191
0.0126620750399
0.0126619289229
0.0126618218487
0.0126616486898
0.0126614803812
0.0126612868714
0.0126610928294
0.0126608916
0.0126606923571
0.0126604959512
0.0126603075332
0.0126601306379
0.0126599694888
0.0126598270815
0.0126597049553
0.0126596027652
0.0126595186242
0.0126594496945
0.0126593928419
0.0126593451265
0.0126593040784
0.0126592677862
0.0126592348673
0.0126592043879
0.0126591757815
0.0126591486848
0.0126591225134
0.0126590966266
0.0126590746518
0.0109518184082
0.0109518402966
0.0109516970513
0.0109515933668
0.0109514244914
0.0109512607899
0.0109510722362
0.0109508832508
0.0109506871298
0.010950492941
0.0109503014946
0.0109501178907
0.0109499456187
0.0109497888361
0.0109496504625
0.0109495319676
0.0109494329664
0.0109493515686
0.010949284966
0.0109492300726
0.0109491840022
0.0109491443344
0.0109491092
0.0109490772505
0.0109490475797
0.0109490196439
0.0109489930986
0.0109489673795
0.0109489418738
0.0109489202105
0.00924860568261
0.00924862612073
0.00924848044294
0.00924837270731
0.00924819891411
0.0092480292361
0.00924783398689
0.00924763763469
0.00924743369897
0.00924723139862
0.00924703175406
0.00924684006929
0.00924666003748
0.00924649596893
0.00924635086742
0.00924622622803
0.00924612166551
0.00924603529289
0.00924596431798
0.00924590567749
0.00924585650181
0.00924581437029
0.00924577739101
0.00924574416896
0.00924571373028
0.00924568544835
0.00924565889259
0.0092456334268
0.00924560835827
0.00924558708416
0.00755488282809
0.00755491529279
0.00755479580543
0.00755472385527
0.00755459424597
0.00755447523146
0.00755433602147
0.00755419985708
0.00755405930242
0.00755392256341
0.0075537895765
0.00755366428723
0.00755354874988
0.00755344549634
0.00755335591161
0.00755328031161
0.00755321771533
0.00755316620301
0.00755312338619
0.00755308688221
0.00755305463673
0.00755302507508
0.0075529971175
0.00755297011413
0.00755294375644
0.00755291799807
0.00755289289653
0.00755286821176
0.00755284359657
0.00755282276263
0.0058623723038
0.00586242628191
0.00586234306218
0.00586231337685
0.00586222426446
0.00586213730979
0.00586201708117
0.00586188337405
0.00586172688536
0.00586155532343
0.00586136986487
0.00586117768249
0.00586098602285
0.00586080379616
0.00586063863942
0.0058604957354
0.00586037692848
0.00586028112785
0.00586020527443
0.00586014543711
0.00586009766546
0.00586005850016
0.00586002518485
0.00585999567825
0.00585996856884
0.00585994296466
0.00585991829338
0.0058598938444
0.00585986891095
0.00585984719807
0.00418683824114
0.00418692382604
0.00418692286918
0.00418701327575
0.0041870820646
0.00418718962478
0.00418729974535
0.00418743053865
0.00418756982008
0.00418771986399
0.00418787237251
0.00418801954035
0.00418814851852
0.00418824636679
0.0041883027005
0.00418831347589
0.00418828188658
0.00418821693368
0.00418813048025
0.00418803433911
0.00418793827872
0.00418784915243
0.00418777089721
0.00418770502238
0.00418765128283
0.00418760835678
0.00418757437444
0.00418754711157
0.00418752430609
0.00418750656646
0.00246312015572
0.00246426326279
0.00246630453742
0.00246918578051
0.00247262875627
0.00247656179887
0.00248083934407
0.00248538515807
0.00249010004042
0.0024948942647
0.00249964958036
0.00250422566807
0.00250846660165
0.00251223150975
0.00251542352947
0.00251800729542
0.00252000679348
0.00252148919494
0.00252254378573
0.00252326374129
0.00252373410385
0.00252402591052
0.00252419480547
0.00252428225956
0.00252431795667
0.00252432243614
0.00252430938854
0.00252428728228
0.00252426141589
0.00252423979496
0.000899360278394
0.000897409515498
0.000893406566901
0.000887995273097
0.000881353659468
0.00087377444714
0.000865418973881
0.00085648131481
0.000847124439831
0.000837551527105
0.000828009007875
0.000818805789845
0.000810278915629
0.000802735605738
0.000796386817548
0.000791309240743
0.000787447825759
0.000784651142557
0.00078271899124
0.000781444499547
0.000780642009993
0.000780160346198
0.000779885268274
0.00077973570887
0.000779657407995
0.000779616177967
0.000779591829951
0.000779572935034
0.000779552973841
0.000779531999912
)
;

boundaryField
{
    top
    {
        type            zeroGradient;
    }
    inlet
    {
        type            zeroGradient;
    }
    outlet
    {
        type            fixedValue;
        value           uniform 0;
    }
    front
    {
        type            wedge;
    }
    back
    {
        type            wedge;
    }
}


// ************************************************************************* //
