1.0170124e-05 	-0.018098036 	-3.3390711e-07 	0 	1471.5441 	0.010589919 	0 	0 	0 	0
3.113662e-05 	-0.036937844 	-1.6544396e-06 	0 	1471.2222 	0.034063868 	0 	0 	0 	0
5.3394177e-05 	-0.063095003 	-4.449748e-06 	0 	1470.7736 	0.062694448 	0 	0 	0 	0
7.7022295e-05 	-0.090854322 	-9.0241124e-06 	0 	1470.294 	0.090758102 	0 	0 	0 	0
0.00010210537 	-0.12031312 	-1.570005e-05 	0 	1469.7792 	0.12035314 	0 	0 	0 	0
0.00012873299 	-0.15157399 	-2.4814347e-05 	0 	1469.2243 	0.15158673 	0 	0 	0 	0
0.00015700027 	-0.18474527 	-3.6774252e-05 	0 	1468.6235 	0.18474387 	0 	0 	0 	0
0.00018700818 	-0.21994162 	-5.2048885e-05 	0 	1467.9695 	0.2199402 	0 	0 	0 	0
0.00021886389 	-0.25728371 	-7.1166169e-05 	0 	1467.2535 	0.25728361 	0 	0 	0 	0
0.00025268119 	-0.29689805 	-9.4728779e-05 	0 	1466.465 	0.29689801 	0 	0 	0 	0
0.00028858087 	-0.3389172 	-0.00012342629 	0 	1465.5909 	0.33891695 	0 	0 	0 	0
0.00032669115 	-0.38347947 	-0.00015803695 	0 	1464.6155 	0.38347885 	0 	0 	0 	0
0.00036714817 	-0.43072866 	-0.00019944412 	0 	1463.5195 	0.43072746 	0 	0 	0 	0
0.00041009642 	-0.48081322 	-0.00024865269 	0 	1462.2795 	0.48081207 	0 	0 	0 	0
0.00045568931 	-0.53388552 	-0.00030679262 	0 	1460.8669 	0.53388475 	0 	0 	0 	0
0.00050408968 	-0.59010009 	-0.00037513633 	0 	1459.2472 	0.5900993 	0 	0 	0 	0
0.00055547043 	-0.64961135 	-0.00045512463 	0 	1457.3782 	0.64961078 	0 	0 	0 	0
0.00061001506 	-0.71257161 	-0.00054837893 	0 	1455.2091 	0.71257118 	0 	0 	0 	0
0.0006679184 	-0.77912668 	-0.00065671476 	0 	1452.6781 	0.77912579 	0 	0 	0 	0
0.00072938728 	-0.84941016 	-0.00078215858 	0 	1449.7108 	0.84940925 	0 	0 	0 	0
0.00079464125 	-0.92353843 	-0.00092696424 	0 	1446.2169 	0.92353754 	0 	0 	0 	0
0.00086391338 	-1.0016019 	-0.0010936282 	0 	1442.0879 	1.0015992 	0 	0 	0 	0
0.0009374511 	-1.0836509 	-0.0012848931 	0 	1437.1937 	1.0836451 	0 	0 	0 	0
0.0010155171 	-1.1696802 	-0.0015037451 	0 	1431.3786 	1.1696741 	0 	0 	0 	0
0.0010983902 	-1.2596167 	-0.0017534139 	0 	1424.4569 	1.2596124 	0 	0 	0 	0
0.0011863663 	-1.3532965 	-0.0020373434 	0 	1416.2072 	1.3532915 	0 	0 	0 	0
0.0012797599 	-1.4504268 	-0.0023591317 	0 	1406.3679 	1.45042 	0 	0 	0 	0
0.0013789043 	-1.5505563 	-0.0027224592 	0 	1394.6322 	1.5505471 	0 	0 	0 	0
0.0014841538 	-1.6530329 	-0.0031309593 	0 	1380.6417 	1.6530207 	0 	0 	0 	0
0.0015958843 	-1.7569481 	-0.0035880395 	0 	1363.9817 	1.7569346 	0 	0 	0 	0
0.0017144948 	-1.861084 	-0.0040966169 	0 	1344.1785 	1.8610695 	0 	0 	0 	0
0.001840409 	-1.9638438 	-0.0046587685 	0 	1320.698 	1.9638289 	0 	0 	0 	0
0.0019740768 	-2.0631817 	-0.0052752877 	0 	1292.9484 	2.0631677 	0 	0 	0 	0
0.0021159754 	-2.1565369 	-0.0059450974 	0 	1260.29 	2.1565244 	0 	0 	0 	0
0.0022666117 	-2.2407732 	-0.006664525 	0 	1222.0535 	2.2407636 	0 	0 	0 	0
0.0024265239 	-2.3121478 	-0.0074264835 	0 	1177.5697 	2.3121426 	0 	0 	0 	0
0.002596283 	-2.3663279 	-0.0082195961 	0 	1126.2151 	2.3663277 	0 	0 	0 	0
0.0027764954 	-2.3984775 	-0.0090272981 	0 	1067.4758 	2.3984842 	0 	0 	0 	0
0.0029678048 	-2.4034567 	-0.0098271641 	0 	1001.032 	2.4034704 	0 	0 	0 	0
0.0031708945 	-2.3761574 	-0.010590677 	0 	926.86045 	2.3761784 	0 	0 	0 	0
0.00338649 	-2.3120163 	-0.011283747 	0 	845.35083 	2.3120461 	0 	0 	0 	0
0.0036153613 	-2.2077056 	-0.011868382 	0 	757.41964 	2.2077417 	0 	0 	0 	0
0.0038583258 	-2.0619511 	-0.012305852 	0 	664.6009 	2.0619889 	0 	0 	0 	0
0.0041162514 	-1.876384 	-0.012561528 	0 	569.07896 	1.8764214 	0 	0 	0 	0
0.0043900594 	-1.6562431 	-0.012610999 	0 	473.63001 	1.6562779 	0 	0 	0 	0
0.0046807278 	-1.4106725 	-0.012446577 	0 	381.44547 	1.4107002 	0 	0 	0 	0
0.0049892948 	-1.1523351 	-0.012082683 	0 	295.82164 	1.1523515 	0 	0 	0 	0
0.0053168625 	-0.89616882 	-0.011557778 	0 	219.74471 	0.89617207 	0 	0 	0 	0
0.0056646009 	-0.65736278 	-0.010931035 	0 	155.45395 	0.65735884 	0 	0 	0 	0
0.0060337521 	-0.44891399 	-0.010273308 	0 	104.09038 	0.44891611 	0 	0 	0 	0
0.0064256347 	-0.2794008 	-0.0096510772 	0 	65.53934 	0.27932446 	0 	0 	0 	0
0.0068416484 	-0.15171182 	-0.0091217676 	0 	38.532296 	0.15167439 	0 	0 	0 	0
0.007283279 	-0.063168877 	-0.0087122107 	0 	20.98928 	0.063309394 	0 	0 	0 	0
0.0077521041 	-0.0070087853 	-0.008420883 	0 	10.492505 	0.0070223125 	0 	0 	0 	0
0.0082497982 	0.025094604 	-0.0082397124 	0 	4.7367454 	-0.025391178 	0 	0 	0 	0
0.008778139 	0.04165292 	-0.0081276272 	0 	1.8616911 	-0.042006669 	0 	0 	0 	0
0.0093390136 	0.049816297 	-0.0080586364 	0 	0.5707677 	-0.049887779 	0 	0 	0 	0
0.0099344254 	0.053432959 	-0.0080185926 	0 	0.049205235 	-0.05340794 	0 	0 	0 	0
0.010566501 	0.054706539 	-0.0079828442 	0 	-0.14593642 	-0.054763813 	0 	0 	0 	0
0.011237498 	0.055156126 	-0.0079498732 	0 	-0.21278981 	-0.055143288 	0 	0 	0 	0
0.011949813 	0.0552859 	-0.0079181759 	0 	-0.23326993 	-0.055268953 	0 	0 	0 	0
0.012705991 	0.055322148 	-0.0078846164 	0 	-0.23949103 	-0.055324872 	0 	0 	0 	0
0.013508733 	0.0553402 	-0.0078492019 	0 	-0.24372289 	-0.055334646 	0 	0 	0 	0
0.014360904 	0.055358386 	-0.0078117102 	0 	-0.24959772 	-0.055357057 	0 	0 	0 	0
0.015265551 	0.05538271 	-0.007771878 	0 	-0.25807219 	-0.055379873 	0 	0 	0 	0
0.016225903 	0.05541378 	-0.0077296312 	0 	-0.26904515 	-0.055412271 	0 	0 	0 	0
0.017245391 	0.055451764 	-0.0076847095 	0 	-0.28189583 	-0.055450989 	0 	0 	0 	0
0.018327656 	0.055496759 	-0.0076369747 	0 	-0.295817 	-0.055494968 	0 	0 	0 	0
0.019476565 	0.055544158 	-0.0075862235 	0 	-0.31005789 	-0.055542201 	0 	0 	0 	0
0.02069622 	0.055591277 	-0.0075322549 	0 	-0.3240862 	-0.0555908 	0 	0 	0 	0
0.021990978 	0.055640145 	-0.0074748533 	0 	-0.33757878 	-0.055640163 	0 	0 	0 	0
0.023365464 	0.05568943 	-0.0074137784 	0 	-0.35031255 	-0.055689547 	0 	0 	0 	0
0.024824587 	0.0557377 	-0.0073487751 	0 	-0.36206892 	-0.055738964 	0 	0 	0 	0
0.026373559 	0.055786828 	-0.0072795788 	0 	-0.37262579 	-0.055787789 	0 	0 	0 	0
0.028017912 	0.055836812 	-0.0072059033 	0 	-0.38178943 	-0.055836122 	0 	0 	0 	0
0.02976352 	0.055884806 	-0.0071274432 	0 	-0.38938268 	-0.055883312 	0 	0 	0 	0
0.031616619 	0.055930952 	-0.0070438763 	0 	-0.39523002 	-0.055929589 	0 	0 	0 	0
0.033583826 	0.055975354 	-0.0069548556 	0 	-0.3991693 	-0.055974285 	0 	0 	0 	0
0.035672168 	0.05601733 	-0.0068600065 	0 	-0.40105873 	-0.056017758 	0 	0 	0 	0
0.037889106 	0.05605919 	-0.0067589334 	0 	-0.40077798 	-0.056059384 	0 	0 	0 	0
0.040242556 	0.056099443 	-0.0066512185 	0 	-0.39825656 	-0.056099612 	0 	0 	0 	0
0.042740925 	0.056137409 	-0.0065364057 	0 	-0.39350542 	-0.056138436 	0 	0 	0 	0
0.045393137 	0.056175395 	-0.0064140126 	0 	-0.3865872 	-0.056176337 	0 	0 	0 	0
0.048208665 	0.056213641 	-0.0062835191 	0 	-0.3775748 	-0.056213186 	0 	0 	0 	0
0.051197566 	0.056251592 	-0.0061443706 	0 	-0.36656909 	-0.056249415 	0 	0 	0 	0
0.054370516 	0.056287553 	-0.0059959686 	0 	-0.35372846 	-0.056285326 	0 	0 	0 	0
0.057738847 	0.056321665 	-0.0058376835 	0 	-0.33925419 	-0.056321172 	0 	0 	0 	0
0.061314592 	0.056357767 	-0.0056688243 	0 	-0.32336183 	-0.056357568 	0 	0 	0 	0
0.06511052 	0.056394998 	-0.0054886678 	0 	-0.30627078 	-0.05639445 	0 	0 	0 	0
0.069140193 	0.056431709 	-0.0052964199 	0 	-0.28821851 	-0.056432687 	0 	0 	0 	0
0.073418001 	0.056471444 	-0.0050912584 	0 	-0.26945415 	-0.056471795 	0 	0 	0 	0
0.077959226 	0.056513701 	-0.0048722789 	0 	-0.2502002 	-0.05651283 	0 	0 	0 	0
0.082780087 	0.056555815 	-0.0046385338 	0 	-0.23064777 	-0.056554812 	0 	0 	0 	0
0.087897803 	0.056598806 	-0.0043890059 	0 	-0.21097652 	-0.056598826 	0 	0 	0 	0
0.093330656 	0.056642928 	-0.0041226288 	0 	-0.19133723 	-0.056643416 	0 	0 	0 	0
