1.0170124e-05 	-0.014346119 	-2.2709883e-07 	0 	1367.0435 	0.0083940727 	0 	0 	0 	0
3.113662e-05 	-0.02927996 	-1.1252006e-06 	0 	1366.7438 	0.027001344 	0 	0 	0 	0
5.3394177e-05 	-0.050016035 	-3.0245203e-06 	0 	1366.3267 	0.04969858 	0 	0 	0 	0
7.7022295e-05 	-0.072022028 	-6.1328326e-06 	0 	1365.8813 	0.071945546 	0 	0 	0 	0
0.00010210537 	-0.095375048 	-1.0672267e-05 	0 	1365.4042 	0.095406302 	0 	0 	0 	0
0.00012873299 	-0.1201564 	-1.6873947e-05 	0 	1364.8916 	0.12016645 	0 	0 	0 	0
0.00015700027 	-0.14645221 	-2.5013361e-05 	0 	1364.3389 	0.14645194 	0 	0 	0 	0
0.00018700818 	-0.17435363 	-3.5405103e-05 	0 	1363.7402 	0.17435327 	0 	0 	0 	0
0.00021886389 	-0.20395652 	-4.8409075e-05 	0 	1363.0887 	0.20395632 	0 	0 	0 	0
0.00025268119 	-0.23536177 	-6.4436176e-05 	0 	1362.3761 	0.23536122 	0 	0 	0 	0
0.00028858087 	-0.26867537 	-8.3952142e-05 	0 	1361.5923 	0.26867461 	0 	0 	0 	0
0.00032669115 	-0.30400796 	-0.00010748852 	0 	1360.7253 	0.30400749 	0 	0 	0 	0
0.00036714817 	-0.34147542 	-0.00013564661 	0 	1359.7602 	0.3414758 	0 	0 	0 	0
0.00041009642 	-0.38119812 	-0.00016910432 	0 	1358.6794 	0.38119875 	0 	0 	0 	0
0.00045568931 	-0.42329993 	-0.00020862773 	0 	1357.4612 	0.42330014 	0 	0 	0 	0
0.00050408968 	-0.46790807 	-0.00025508873 	0 	1356.0795 	0.46790818 	0 	0 	0 	0
0.00055547043 	-0.51515157 	-0.00030947394 	0 	1354.5025 	0.51515153 	0 	0 	0 	0
0.00061001506 	-0.56515943 	-0.00037288508 	0 	1352.692 	0.56515861 	0 	0 	0 	0
0.0006679184 	-0.6180588 	-0.00044656546 	0 	1350.6016 	0.61805754 	0 	0 	0 	0
0.00072938728 	-0.67397196 	-0.00053191183 	0 	1348.1754 	0.67397052 	0 	0 	0 	0
0.00079464125 	-0.73301083 	-0.00063046959 	0 	1345.3459 	0.7330087 	0 	0 	0 	0
0.00086391338 	-0.79527142 	-0.00074396301 	0 	1342.032 	0.79526979 	0 	0 	0 	0
0.0009374511 	-0.86083024 	-0.00087430604 	0 	1338.1359 	0.86083003 	0 	0 	0 	0
0.0010155171 	-0.92973488 	-0.0010235917 	0 	1333.5409 	0.9297329 	0 	0 	0 	0
0.0010983902 	-1.001984 	-0.0011941138 	0 	1328.1072 	1.0019795 	0 	0 	0 	0
0.0011863663 	-1.0775183 	-0.0013883592 	0 	1321.6681 	1.0775137 	0 	0 	0 	0
0.0012797599 	-1.1562074 	-0.001608974 	0 	1314.0259 	1.1562013 	0 	0 	0 	0
0.0013789043 	-1.2378158 	-0.0018587224 	0 	1304.9468 	1.2378078 	0 	0 	0 	0
0.0014841538 	-1.3219784 	-0.0021404338 	0 	1294.1566 	1.3219696 	0 	0 	0 	0
0.0015958843 	-1.408168 	-0.002456926 	0 	1281.3354 	1.4081599 	0 	0 	0 	0
0.0017144948 	-1.4956527 	-0.0028108613 	0 	1266.1131 	1.495645 	0 	0 	0 	0
0.001840409 	-1.5834455 	-0.0032045472 	0 	1248.0661 	1.5834355 	0 	0 	0 	0
0.0019740768 	-1.6702467 	-0.0036396861 	0 	1226.7167 	1.6702346 	0 	0 	0 	0
0.0021159754 	-1.7543933 	-0.0041170527 	0 	1201.5346 	1.7543811 	0 	0 	0 	0
0.0022666117 	-1.8338014 	-0.0046360352 	0 	1171.945 	1.8337899 	0 	0 	0 	0
0.0024265239 	-1.9059113 	-0.0051940989 	0 	1137.343 	1.905902 	0 	0 	0 	0
0.002596283 	-1.9676608 	-0.0057861935 	0 	1097.1193 	1.9676555 	0 	0 	0 	0
0.0027764954 	-2.015491 	-0.0064040528 	0 	1050.6985 	2.0154893 	0 	0 	0 	0
0.0029678048 	-2.0454018 	-0.0070355244 	0 	997.594 	2.0454055 	0 	0 	0 	0
0.0031708945 	-2.0531052 	-0.0076640121 	0 	937.48087 	2.0531162 	0 	0 	0 	0
0.00338649 	-2.0342859 	-0.0082682023 	0 	870.28588 	2.0343034 	0 	0 	0 	0
0.0036153613 	-1.9849947 	-0.0088223537 	0 	796.29052 	1.9850185 	0 	0 	0 	0
0.0038583258 	-1.9021974 	-0.0092973899 	0 	716.23614 	1.9022266 	0 	0 	0 	0
0.0041162514 	-1.7844468 	-0.0096630948 	0 	631.4114 	1.7844786 	0 	0 	0 	0
0.0043900594 	-1.6325968 	-0.0098915148 	0 	543.69407 	1.6326281 	0 	0 	0 	0
0.0046807278 	-1.4504267 	-0.0099616063 	0 	455.5177 	1.4504531 	0 	0 	0 	0
0.0049892948 	-1.2449745 	-0.009864555 	0 	369.73581 	1.2449933 	0 	0 	0 	0
0.0053168625 	-1.0263518 	-0.009607971 	0 	289.36458 	1.0263636 	0 	0 	0 	0
0.0056646009 	-0.80686538 	-0.0092177849 	0 	217.22244 	0.80686683 	0 	0 	0 	0
0.0060337521 	-0.59944161 	-0.0087368424 	0 	155.53147 	0.59942895 	0 	0 	0 	0
0.0064256347 	-0.41561641 	-0.0082196453 	0 	105.5729 	0.41562201 	0 	0 	0 	0
0.0068416484 	-0.26358446 	-0.0077199205 	0 	67.497655 	0.26355052 	0 	0 	0 	0
0.007283279 	-0.14690636 	-0.0072795283 	0 	40.36355 	0.14685228 	0 	0 	0 	0
0.0077521041 	-0.064312848 	-0.0069362793 	0 	22.402008 	0.064372598 	0 	0 	0 	0
0.0082497982 	-0.010742736 	-0.0066897665 	0 	11.431366 	0.010732178 	0 	0 	0 	0
0.008778139 	0.02088271 	-0.0065175448 	0 	5.287468 	-0.020977676 	0 	0 	0 	0
0.0093390136 	0.037773945 	-0.0064136492 	0 	2.151988 	-0.03775959 	0 	0 	0 	0
0.0099344254 	0.04587604 	-0.0063591448 	0 	0.70325702 	-0.045828597 	0 	0 	0 	0
0.010566501 	0.049361298 	-0.0063201769 	0 	0.1000695 	-0.049353983 	0 	0 	0 	0
0.011237498 	0.050728475 	-0.0062829365 	0 	-0.12769486 	-0.050748998 	0 	0 	0 	0
0.011949813 	0.051215255 	-0.0062560411 	0 	-0.20714557 	-0.051224898 	0 	0 	0 	0
0.012705991 	0.051360476 	-0.0062303721 	0 	-0.23247685 	-0.051357235 	0 	0 	0 	0
0.013508733 	0.051399417 	-0.0062001114 	0 	-0.24107869 	-0.05139663 	0 	0 	0 	0
0.014360904 	0.051415759 	-0.0061698507 	0 	-0.24741051 	-0.051413359 	0 	0 	0 	0
0.015265551 	0.051433956 	-0.0061375265 	0 	-0.25547252 	-0.051435069 	0 	0 	0 	0
0.016225903 	0.051457872 	-0.0061030934 	0 	-0.26591959 	-0.051457318 	0 	0 	0 	0
0.017245391 	0.05148727 	-0.0060665053 	0 	-0.27838632 	-0.05148821 	0 	0 	0 	0
0.018327656 	0.051524395 	-0.0060275738 	0 	-0.29213831 	-0.051523222 	0 	0 	0 	0
0.019476565 	0.051564478 	-0.0059861866 	0 	-0.30639194 	-0.051561695 	0 	0 	0 	0
0.02069622 	0.051603002 	-0.0059421686 	0 	-0.32055317 	-0.051601473 	0 	0 	0 	0
0.021990978 	0.051641853 	-0.0058953635 	0 	-0.3342404 	-0.051641739 	0 	0 	0 	0
0.023365464 	0.051681552 	-0.0058455905 	0 	-0.34718076 	-0.0516817 	0 	0 	0 	0
0.024824587 	0.051721082 	-0.0057926574 	0 	-0.35914276 	-0.051721256 	0 	0 	0 	0
0.026373559 	0.051759606 	-0.0057363585 	0 	-0.36991917 	-0.051759787 	0 	0 	0 	0
0.028017912 	0.051797275 	-0.0056764771 	0 	-0.37931542 	-0.051797421 	0 	0 	0 	0
0.02976352 	0.051834944 	-0.0056127791 	0 	-0.38712833 	-0.051833497 	0 	0 	0 	0
0.031616619 	0.051870046 	-0.00554502 	0 	-0.39316846 	-0.05186823 	0 	0 	0 	0
0.033583826 	0.051902174 	-0.0054729281 	0 	-0.39729827 	-0.051900949 	0 	0 	0 	0
0.035672168 	0.051933279 	-0.0053962199 	0 	-0.39939305 	-0.051932029 	0 	0 	0 	0
0.037889105 	0.051962353 	-0.0053145921 	0 	-0.39930006 	-0.051960845 	0 	0 	0 	0
0.040242556 	0.051988994 	-0.0052277262 	0 	-0.39692835 	-0.051987761 	0 	0 	0 	0
0.042740925 	0.052014787 	-0.0051352689 	0 	-0.39230954 	-0.052012759 	0 	0 	0 	0
0.045393137 	0.052038874 	-0.0050368557 	0 	-0.38550972 	-0.052036336 	0 	0 	0 	0
0.048208665 	0.052059522 	-0.0049320887 	0 	-0.3765923 	-0.052058354 	0 	0 	0 	0
0.051197566 	0.052078763 	-0.0048205535 	0 	-0.3656689 	-0.052079197 	0 	0 	0 	0
0.054370516 	0.052098854 	-0.0047017909 	0 	-0.35290323 	-0.052099165 	0 	0 	0 	0
0.057738847 	0.052118462 	-0.0045753264 	0 	-0.33848516 	-0.052118491 	0 	0 	0 	0
0.061314592 	0.052137203 	-0.0044406345 	0 	-0.32262622 	-0.052137782 	0 	0 	0 	0
0.06511052 	0.052157837 	-0.0042971788 	0 	-0.30556024 	-0.052156969 	0 	0 	0 	0
0.069140193 	0.05217951 	-0.004144357 	0 	-0.28753484 	-0.052176938 	0 	0 	0 	0
0.073418001 	0.0521996 	-0.0039815592 	0 	-0.26878958 	-0.052197257 	0 	0 	0 	0
0.077959226 	0.052219348 	-0.0038081008 	0 	-0.2495445 	-0.052218996 	0 	0 	0 	0
0.082780087 	0.05224068 	-0.0036232882 	0 	-0.23000372 	-0.052241303 	0 	0 	0 	0
0.087897803 	0.052264053 	-0.0034263485 	0 	-0.210348 	-0.052265328 	0 	0 	0 	0
0.093330656 	0.052289841 	-0.0032164943 	0 	-0.19072404 	-0.052289848 	0 	0 	0 	0
