1.0170124e-05 	4.7693535e-23 	2.220446e-16 	0.040600941
3.113662e-05 	4.7689643e-23 	2.220446e-16 	0.16421407
5.3394177e-05 	4.3604162e-32 	2.220446e-16 	0.33314571
7.7022295e-05 	2.5969194e-32 	2.220446e-16 	0.50665885
0.00010210537 	1.8708993e-32 	2.220446e-16 	0.68223099
0.00012873299 	1.4687006e-32 	2.220446e-16 	0.85728199
0.00015700027 	1.2143231e-32 	2.220446e-16 	1.0292457
0.00018700818 	1.0406704e-32 	2.220446e-16 	1.195656
0.00021886389 	9.1616209e-33 	2.220446e-16 	1.3542357
0.00025268119 	8.2387935e-33 	2.220446e-16 	1.5029784
0.00028858087 	7.5391207e-33 	2.220446e-16 	1.6402166
0.00032669115 	7.0006023e-33 	2.220446e-16 	1.76467
0.00036714817 	6.5824195e-33 	2.220446e-16 	1.8754692
0.00041009642 	6.2565796e-33 	2.220446e-16 	1.9721543
0.00045568931 	6.0032375e-33 	2.220446e-16 	2.0546477
0.00050408968 	5.8079404e-33 	2.220446e-16 	2.1232051
0.00055547043 	5.6599425e-33 	2.220446e-16 	2.1783486
0.00061001506 	5.5511452e-33 	2.220446e-16 	2.220789
0.0006679184 	5.4754223e-33 	2.220446e-16 	2.2513407
0.00072938728 	5.4281906e-33 	2.220446e-16 	2.2708389
0.00079464125 	5.4061452e-33 	2.220446e-16 	2.2800609
0.00086391338 	5.4071092e-33 	2.220446e-16 	2.2796581
0.0009374511 	5.4299699e-33 	2.220446e-16 	2.2701001
0.0010155171 	5.474683e-33 	2.220446e-16 	2.2516345
0.0010983902 	5.5423426e-33 	2.220446e-16 	2.2242618
0.0011863663 	5.6353198e-33 	2.220446e-16 	2.187729
0.0012797599 	5.7574883e-33 	2.220446e-16 	2.1415406
0.0013789043 	5.9145683e-33 	2.220446e-16 	2.0849921
0.0014841538 	6.114641e-33 	2.220446e-16 	2.0172269
0.0015958843 	6.3689218e-33 	2.220446e-16 	1.9373219
0.0017144948 	6.6929263e-33 	2.220446e-16 	1.8444079
0.001840409 	7.1082563e-33 	2.220446e-16 	1.7378265
0.0019740768 	7.645373e-33 	2.220446e-16 	1.617326
0.0021159754 	8.3479905e-33 	2.220446e-16 	1.4832888
0.0022666117 	9.2801807e-33 	2.220446e-16 	1.3369703
0.0024265239 	1.0538141e-32 	2.220446e-16 	1.1807109
0.002596283 	1.2270174e-32 	2.220446e-16 	1.0180643
0.0027764954 	1.4711539e-32 	2.220446e-16 	0.85376528
0.0029678048 	1.8246884e-32 	2.220446e-16 	0.69346536
0.0031708945 	2.3525102e-32 	2.220446e-16 	0.54319499
0.00338649 	3.1675763e-32 	2.220446e-16 	0.4085876
0.0036153613 	4.4724213e-32 	2.220446e-16 	0.29400734
0.0038583258 	6.6390893e-32 	2.220446e-16 	0.20181674
0.0041162514 	1.0358877e-31 	2.220446e-16 	0.13203714
0.0043900594 	1.6893713e-31 	2.220446e-16 	0.082548805
0.0046807278 	2.835931e-31 	2.220446e-16 	0.049769805
0.0049892948 	4.7515845e-31 	2.220446e-16 	0.029553337
0.0053168625 	7.5816777e-31 	2.220446e-16 	0.017985326
0.0056646009 	1.0985253e-30 	2.220446e-16 	0.0118761
0.0060337521 	1.4113748e-30 	2.220446e-16 	0.0089212078
0.0064256347 	1.6245047e-30 	2.220446e-16 	0.0076272429
0.0068416484 	1.7316843e-30 	2.220446e-16 	0.0071249832
0.007283279 	1.7708761e-30 	2.220446e-16 	0.0069626439
0.0077521041 	1.7789185e-30 	2.220446e-16 	0.006930827
0.0082497982 	1.7760114e-30 	2.220446e-16 	0.0069422177
0.008778139 	1.7705447e-30 	2.220446e-16 	0.0069636678
0.0093390136 	1.765277e-30 	2.220446e-16 	0.0069844471
0.0099344254 	1.760613e-30 	2.220446e-16 	0.0070029502
0.010566501 	1.7563747e-30 	2.220446e-16 	0.0070198515
0.011237498 	1.7524429e-30 	2.220446e-16 	0.0070356044
0.011949813 	1.7487451e-30 	2.220446e-16 	0.0070504845
0.012705991 	1.7452015e-30 	2.220446e-16 	0.0070648041
0.013508733 	1.7417694e-30 	2.220446e-16 	0.0070787285
0.014360904 	1.738493e-30 	2.220446e-16 	0.0070920724
0.015265551 	1.73541e-30 	2.220446e-16 	0.0071046745
0.016225903 	1.7325099e-30 	2.220446e-16 	0.0071165704
0.017245391 	1.7297817e-30 	2.220446e-16 	0.007127797
0.018327656 	1.7272228e-30 	2.220446e-16 	0.0071383597
0.019476565 	1.7248314e-30 	2.220446e-16 	0.0071482592
0.02069622 	1.7226016e-30 	2.220446e-16 	0.0071575144
0.021990978 	1.7204729e-30 	2.220446e-16 	0.0071663727
0.023365464 	1.7184247e-30 	2.220446e-16 	0.0071749167
0.024824587 	1.716557e-30 	2.220446e-16 	0.0071827259
0.026373559 	1.7149021e-30 	2.220446e-16 	0.0071896598
0.028017912 	1.7134167e-30 	2.220446e-16 	0.0071958947
0.02976352 	1.7120886e-30 	2.220446e-16 	0.0072014792
0.031616619 	1.7109139e-30 	2.220446e-16 	0.007206426
0.033583826 	1.7098878e-30 	2.220446e-16 	0.0072107527
0.035672168 	1.7090041e-30 	2.220446e-16 	0.0072144834
0.037889106 	1.708256e-30 	2.220446e-16 	0.007217645
0.040242556 	1.7076359e-30 	2.220446e-16 	0.0072202682
0.042740925 	1.7071351e-30 	2.220446e-16 	0.0072223886
0.045393137 	1.7067444e-30 	2.220446e-16 	0.0072240441
0.048208665 	1.7064543e-30 	2.220446e-16 	0.0072252745
0.051197566 	1.7062547e-30 	2.220446e-16 	0.0072261219
0.054370516 	1.7060706e-30 	2.220446e-16 	0.0072269029
0.057738847 	1.7058799e-30 	2.220446e-16 	0.0072277127
0.061314592 	1.7057944e-30 	2.220446e-16 	0.0072280777
0.06511052 	1.7058229e-30 	2.220446e-16 	0.0072279589
0.069140193 	1.7059033e-30 	2.220446e-16 	0.0072276202
0.073418001 	1.7060257e-30 	2.220446e-16 	0.0072271038
0.077959226 	1.7061833e-30 	2.220446e-16 	0.0072264376
0.082780087 	1.7063696e-30 	2.220446e-16 	0.0072256505
0.087897803 	1.7065776e-30 	2.220446e-16 	0.0072247713
0.093330656 	1.7068005e-30 	2.220446e-16 	0.0072238291
