1.0170124e-05 	4.7670472e-23 	2.220446e-16 	0.057405731
3.113662e-05 	4.7665968e-23 	2.220446e-16 	0.23252792
5.3394177e-05 	3.0701378e-32 	2.220446e-16 	0.47168177
7.7022295e-05 	1.8328302e-32 	2.220446e-16 	0.71629343
0.00010210537 	1.3239918e-32 	2.220446e-16 	0.96235388
0.00012873299 	1.0426242e-32 	2.220446e-16 	1.2058624
0.00015700027 	8.6510529e-33 	2.220446e-16 	1.4429489
0.00018700818 	7.4429755e-33 	2.220446e-16 	1.6700114
0.00021886389 	6.5801515e-33 	2.220446e-16 	1.8838479
0.00025268119 	5.9437382e-33 	2.220446e-16 	2.0817674
0.00028858087 	5.4641419e-33 	2.220446e-16 	2.2616702
0.00032669115 	5.0978403e-33 	2.220446e-16 	2.422089
0.00036714817 	4.8162001e-33 	2.220446e-16 	2.5621888
0.00041009642 	4.5996125e-33 	2.220446e-16 	2.6817263
0.00045568931 	4.4342157e-33 	2.220446e-16 	2.7809729
0.00050408968 	4.3099719e-33 	2.220446e-16 	2.8606102
0.00055547043 	4.2194997e-33 	2.220446e-16 	2.9216069
0.00061001506 	4.1573496e-33 	2.220446e-16 	2.9650878
0.0006679184 	4.1195542e-33 	2.220446e-16 	2.9922031
0.00072938728 	4.103355e-33 	2.220446e-16 	3.0040091
0.00079464125 	4.1070517e-33 	2.220446e-16 	3.0013648
0.00086391338 	4.1299401e-33 	2.220446e-16 	2.9848503
0.0009374511 	4.1723239e-33 	2.220446e-16 	2.9547107
0.0010155171 	4.2355959e-33 	2.220446e-16 	2.9108289
0.0010983902 	4.3223961e-33 	2.220446e-16 	2.8527283
0.0011863663 	4.4368699e-33 	2.220446e-16 	2.7796113
0.0012797599 	4.5850653e-33 	2.220446e-16 	2.6904364
0.0013789043 	4.7755363e-33 	2.220446e-16 	2.5840412
0.0014841538 	5.0202634e-33 	2.220446e-16 	2.4593174
0.0015958843 	5.3360708e-33 	2.220446e-16 	2.3154428
0.0017144948 	5.7468414e-33 	2.220446e-16 	2.1521699
0.001840409 	6.2870418e-33 	2.220446e-16 	1.9701585
0.0019740768 	7.0074507e-33 	2.220446e-16 	1.7713202
0.0021159754 	7.9846834e-33 	2.220446e-16 	1.5591152
0.0022666117 	9.3374212e-33 	2.220446e-16 	1.3387125
0.0024265239 	1.1254777e-32 	2.220446e-16 	1.1169035
0.002596283 	1.4047141e-32 	2.220446e-16 	0.9016686
0.0027764954 	1.823944e-32 	2.220446e-16 	0.70135395
0.0029678048 	2.4745257e-32 	2.220446e-16 	0.5235373
0.0031708945 	3.5193443e-32 	2.220446e-16 	0.37381713
0.00338649 	5.252579e-32 	2.220446e-16 	0.25487688
0.0036153613 	8.1986029e-32 	2.220446e-16 	0.16616169
0.0038583258 	1.3225557e-31 	2.220446e-16 	0.10431258
0.0041162514 	2.1479439e-31 	2.220446e-16 	0.064197692
0.0043900594 	3.3620705e-31 	2.220446e-16 	0.040142086
0.0046807278 	4.8239888e-31 	2.220446e-16 	0.026943431
0.0049892948 	6.1509678e-31 	2.220446e-16 	0.020445844
0.0053168625 	3.1409948e-10 	1.735118e-06 	0.017712482
0.0056646009 	6.0279443e-09 	1.4139342e-05 	0.016875636
0.0060337521 	2.4774821e-08 	3.7437819e-05 	0.016795553
0.0064256347 	5.0961835e-08 	5.7855469e-05 	0.016898253
0.0068416484 	7.1894517e-08 	6.9709927e-05 	0.017012288
0.007283279 	8.4558228e-08 	7.592271e-05 	0.017105988
0.0077521041 	9.2055407e-08 	7.9414638e-05 	0.017180728
0.0082497982 	9.7336345e-08 	8.1819997e-05 	0.017241466
0.008778139 	1.0187014e-07 	8.3840635e-05 	0.017293676
0.0093390136 	1.0616091e-07 	8.5714033e-05 	0.017341357
0.0099344254 	1.1033953e-07 	8.7504735e-05 	0.017386275
0.010566501 	1.1443072e-07 	8.9227936e-05 	0.01742901
0.011237498 	1.1842985e-07 	9.0885418e-05 	0.017469765
0.011949813 	1.223152e-07 	9.2472122e-05 	0.017508661
0.012705991 	1.2605337e-07 	9.3978772e-05 	0.017545782
0.013508733 	1.296118e-07 	9.5396716e-05 	0.017581179
0.014360904 	1.3297309e-07 	9.6722984e-05 	0.017614883
0.015265551 	1.3614108e-07 	9.7962042e-05 	0.017646912
0.016225903 	1.3913484e-07 	9.9123252e-05 	0.017677276
0.017245391 	1.4197672e-07 	0.00010021651 	0.017705979
0.018327656 	1.4468385e-07 	0.00010124939 	0.017733026
0.019476565 	1.4726668e-07 	0.00010222681 	0.017758423
0.02069622 	1.4973165e-07 	0.00010315211 	0.017782177
0.021990978 	1.5208385e-07 	0.00010402801 	0.017804293
0.023365464 	1.5432845e-07 	0.00010485711 	0.017824777
0.024824587 	1.5647109e-07 	0.00010564207 	0.017843635
0.026373559 	1.5851804e-07 	0.00010638565 	0.017860876
0.028017912 	1.6047617e-07 	0.00010709074 	0.017876517
0.02976352 	1.6235287e-07 	0.00010776034 	0.017890582
0.031616619 	1.6415613e-07 	0.00010839757 	0.017903105
0.033583826 	1.6589464e-07 	0.00010900577 	0.017914133
0.035672168 	1.6757745e-07 	0.00010958836 	0.01792373
0.037889106 	1.6921337e-07 	0.00011014865 	0.017931968
0.040242556 	1.7081035e-07 	0.00011068963 	0.017938925
0.042740925 	1.7237524e-07 	0.00011121393 	0.017944688
0.045393137 	1.7391401e-07 	0.00011172388 	0.017949352
0.048208665 	1.7543137e-07 	0.00011222139 	0.017953015
0.051197566 	1.7693011e-07 	0.00011270774 	0.017955777
0.054370516 	1.7841093e-07 	0.00011318355 	0.017957732
0.057738847 	1.7987254e-07 	0.00011364877 	0.017958971
0.061314592 	1.8131196e-07 	0.00011410283 	0.017959579
0.06511052 	1.8272469e-07 	0.0001145447 	0.017959635
0.069140193 	1.8410495e-07 	0.00011497294 	0.017959215
0.073418001 	1.854462e-07 	0.00011538591 	0.01795839
0.077959226 	1.8674169e-07 	0.00011578191 	0.017957227
0.082780087 	1.8798491e-07 	0.00011615934 	0.017955793
0.087897803 	1.8916986e-07 	0.00011651678 	0.017954153
0.093330656 	1.9029122e-07 	0.00011685303 	0.017952376
