1.0170124e-05 	4.775707e-23 	2.220446e-16 	0.010922977
3.113662e-05 	4.7753087e-23 	2.220446e-16 	0.044290532
5.3394177e-05 	1.6131147e-31 	2.220446e-16 	0.090187544
7.7022295e-05 	9.5568334e-32 	2.220446e-16 	0.1379053
0.00010210537 	6.8362165e-32 	2.220446e-16 	0.18702639
0.00012873299 	5.3195698e-32 	2.220446e-16 	0.23708711
0.00015700027 	4.3530262e-32 	2.220446e-16 	0.28758365
0.00018700818 	3.6871463e-32 	2.220446e-16 	0.33798254
0.00021886389 	3.2044364e-32 	2.220446e-16 	0.38773432
0.00025268119 	2.841897e-32 	2.220446e-16 	0.4362896
0.00028858087 	2.5625944e-32 	2.220446e-16 	0.48311645
0.00032669115 	2.3434035e-32 	2.220446e-16 	0.52771823
0.00036714817 	2.1690882e-32 	2.220446e-16 	0.56965049
0.00041009642 	2.0291917e-32 	2.220446e-16 	0.60853591
0.00045568931 	1.9162904e-32 	2.220446e-16 	0.64407605
0.00050408968 	1.8249601e-32 	2.220446e-16 	0.67605913
0.00055547043 	1.7511377e-32 	2.220446e-16 	0.70436321
0.00061001506 	1.6917114e-32 	2.220446e-16 	0.72895448
0.0006679184 	1.6442518e-32 	2.220446e-16 	0.74988094
0.00072938728 	1.6068296e-32 	2.220446e-16 	0.76726189
0.00079464125 	1.5778926e-32 	2.220446e-16 	0.78127408
0.00086391338 	1.55618e-32 	2.220446e-16 	0.7921356
0.0009374511 	1.5406647e-32 	2.220446e-16 	0.80008856
0.0010155171 	1.5305141e-32 	2.220446e-16 	0.80538174
0.0010983902 	1.5250659e-32 	2.220446e-16 	0.8082541
0.0011863663 	1.5238128e-32 	2.220446e-16 	0.80892005
0.0012797599 	1.5263962e-32 	2.220446e-16 	0.80755694
0.0013789043 	1.5326055e-32 	2.220446e-16 	0.80429515
0.0014841538 	1.5423822e-32 	2.220446e-16 	0.79921081
0.0015958843 	1.5558302e-32 	2.220446e-16 	0.79232113
0.0017144948 	1.5732302e-32 	2.220446e-16 	0.78358213
0.001840409 	1.595063e-32 	2.220446e-16 	0.7728886
0.0019740768 	1.6220413e-32 	2.220446e-16 	0.76007634
0.0021159754 	1.6551574e-32 	2.220446e-16 	0.74492658
0.0022666117 	1.6957497e-32 	2.220446e-16 	0.72717327
0.0024265239 	1.7456003e-32 	2.220446e-16 	0.70651378
0.002596283 	1.807076e-32 	2.220446e-16 	0.68262438
0.0027764954 	1.8833348e-32 	2.220446e-16 	0.65518193
0.0029678048 	1.9786316e-32 	2.220446e-16 	0.62389342
0.0031708945 	2.0987774e-32 	2.220446e-16 	0.58853499
0.00338649 	2.251843e-32 	2.220446e-16 	0.54900119
0.0036153613 	2.4492562e-32 	2.220446e-16 	0.50536332
0.0038583258 	2.7075556e-32 	2.220446e-16 	0.45793315
0.0041162514 	3.0512619e-32 	2.220446e-16 	0.40732369
0.0043900594 	3.5177084e-32 	2.220446e-16 	0.35449365
0.0046807278 	4.1653996e-32 	2.220446e-16 	0.30075688
0.0049892948 	5.0889207e-32 	2.220446e-16 	0.247736
0.0053168625 	6.4463744e-32 	2.220446e-16 	0.19724328
0.0056646009 	8.5115088e-32 	2.220446e-16 	0.15108575
0.0060337521 	1.1775919e-31 	2.220446e-16 	0.11081651
0.0064256347 	1.7155457e-31 	2.220446e-16 	0.077484398
0.0068416484 	2.6418189e-31 	2.220446e-16 	0.051455105
0.007283279 	4.308851e-31 	2.220446e-16 	0.032372408
0.0077521041 	7.4362063e-31 	2.220446e-16 	0.019286562
0.0082497982 	1.3501644e-30 	2.220446e-16 	0.010909981
0.008778139 	2.542986e-30 	2.220446e-16 	0.0059064969
0.0093390136 	4.8236929e-30 	2.220446e-16 	0.0031160732
0.0099344254 	8.7487882e-30 	2.220446e-16 	0.0016631713
0.010566501 	1.4242707e-29 	2.220446e-16 	0.00095876727
0.011237498 	1.9986979e-29 	2.220446e-16 	0.0006428018
0.011949813 	2.4285541e-29 	2.220446e-16 	0.00051289219
0.012705991 	2.6563142e-29 	2.220446e-16 	0.00046485767
0.013508733 	2.7405161e-29 	2.220446e-16 	0.00044992185
0.014360904 	2.7603886e-29 	2.220446e-16 	0.0004466266
0.015265551 	2.7615245e-29 	2.220446e-16 	0.00044643999
0.016225903 	2.7592405e-29 	2.220446e-16 	0.00044680953
0.017245391 	2.7568203e-29 	2.220446e-16 	0.00044720182
0.018327656 	2.7544912e-29 	2.220446e-16 	0.00044757995
0.019476565 	2.752198e-29 	2.220446e-16 	0.00044795288
0.02069622 	2.7499631e-29 	2.220446e-16 	0.00044831694
0.021990978 	2.7478372e-29 	2.220446e-16 	0.00044866383
0.023365464 	2.7458654e-29 	2.220446e-16 	0.0004489861
0.024824587 	2.7440864e-29 	2.220446e-16 	0.00044927726
0.026373559 	2.7425369e-29 	2.220446e-16 	0.00044953122
0.028017912 	2.7412475e-29 	2.220446e-16 	0.00044974281
0.02976352 	2.7402407e-29 	2.220446e-16 	0.00044990821
0.031616619 	2.7395334e-29 	2.220446e-16 	0.00045002455
0.033583826 	2.7391394e-29 	2.220446e-16 	0.00045008949
0.035672168 	2.7390701e-29 	2.220446e-16 	0.0004501011
0.037889106 	2.7393363e-29 	2.220446e-16 	0.00045005761
0.040242556 	2.7399434e-29 	2.220446e-16 	0.00044995816
0.042740925 	2.7408855e-29 	2.220446e-16 	0.00044980376
0.045393137 	2.7421494e-29 	2.220446e-16 	0.00044959672
0.048208665 	2.743719e-29 	2.220446e-16 	0.00044933979
0.051197566 	2.745572e-29 	2.220446e-16 	0.00044903681
0.054370516 	2.7476664e-29 	2.220446e-16 	0.00044869475
0.057738847 	2.7499645e-29 	2.220446e-16 	0.00044832003
0.061314592 	2.7524587e-29 	2.220446e-16 	0.00044791401
0.06511052 	2.75513e-29 	2.220446e-16 	0.00044747994
0.069140193 	2.7579315e-29 	2.220446e-16 	0.00044702556
0.073418001 	2.7608183e-29 	2.220446e-16 	0.00044655827
0.077959226 	2.7637526e-29 	2.220446e-16 	0.00044608427
0.082780087 	2.7666992e-29 	2.220446e-16 	0.00044560926
0.087897803 	2.769625e-29 	2.220446e-16 	0.00044513857
0.093330656 	2.7724986e-29 	2.220446e-16 	0.00044467723
