1.0170124e-05 	-0.033397392 	-9.2938153e-07 	0 	1788.9635 	0.01954464 	0 	0 	0 	0
3.113662e-05 	-0.068165501 	-4.6053085e-06 	0 	1788.581 	0.06286347 	0 	0 	0 	0
5.3394177e-05 	-0.11643453 	-1.2382973e-05 	0 	1788.0464 	0.11569522 	0 	0 	0 	0
7.7022295e-05 	-0.1676626 	-2.5117499e-05 	0 	1787.471 	0.1674853 	0 	0 	0 	0
0.00010210537 	-0.22202888 	-4.3705386e-05 	0 	1786.8477 	0.2221032 	0 	0 	0 	0
0.00012873299 	-0.27972278 	-6.9085218e-05 	0 	1786.1672 	0.27974709 	0 	0 	0 	0
0.00015700027 	-0.34094352 	-0.00010239382 	0 	1785.4183 	0.34094218 	0 	0 	0 	0
0.00018700818 	-0.4058999 	-0.00014493074 	0 	1784.5869 	0.4058979 	0 	0 	0 	0
0.00021886389 	-0.47481088 	-0.00019817136 	0 	1783.6559 	0.47481051 	0 	0 	0 	0
0.00025268119 	-0.54790518 	-0.00026379784 	0 	1782.6035 	0.54790525 	0 	0 	0 	0
0.00028858087 	-0.62541981 	-0.00034371488 	0 	1781.4034 	0.62541973 	0 	0 	0 	0
0.00032669115 	-0.70759871 	-0.00044008333 	0 	1780.0227 	0.70759775 	0 	0 	0 	0
0.00036714817 	-0.79469063 	-0.0005553532 	0 	1778.4212 	0.79468905 	0 	0 	0 	0
0.00041009642 	-0.88694633 	-0.00069228504 	0 	1776.5495 	0.8869446 	0 	0 	0 	0
0.00045568931 	-0.9846147 	-0.00085400114 	0 	1774.347 	0.98461254 	0 	0 	0 	0
0.00050408968 	-1.0879369 	-0.0010440078 	0 	1771.74 	1.0879345 	0 	0 	0 	0
0.00055547043 	-1.1971371 	-0.0012662184 	0 	1768.638 	1.1971359 	0 	0 	0 	0
0.00061001506 	-1.3124163 	-0.001525014 	0 	1764.9315 	1.3124155 	0 	0 	0 	0
0.0006679184 	-1.4339372 	-0.0018252666 	0 	1760.4879 	1.4339342 	0 	0 	0 	0
0.00072938728 	-1.561801 	-0.0021723437 	0 	1755.146 	1.5617963 	0 	0 	0 	0
0.00079464125 	-1.6960305 	-0.0025721166 	0 	1748.712 	1.6960243 	0 	0 	0 	0
0.00086391338 	-1.8365394 	-0.003030942 	0 	1740.9538 	1.8365311 	0 	0 	0 	0
0.0009374511 	-1.9830955 	-0.0035556204 	0 	1731.5935 	1.9830851 	0 	0 	0 	0
0.0010155171 	-2.1352749 	-0.0041533123 	0 	1720.3006 	2.1352624 	0 	0 	0 	0
0.0010983902 	-2.2924016 	-0.0048313713 	0 	1706.6854 	2.2923884 	0 	0 	0 	0
0.0011863663 	-2.4534833 	-0.0055970848 	0 	1690.2908 	2.4534688 	0 	0 	0 	0
0.0012797599 	-2.6171247 	-0.0064573268 	0 	1670.5856 	2.6171062 	0 	0 	0 	0
0.0013789043 	-2.7814229 	-0.0074180552 	0 	1646.9604 	2.7814025 	0 	0 	0 	0
0.0014841538 	-2.9438729 	-0.0084836052 	0 	1618.7252 	2.9438527 	0 	0 	0 	0
0.0015958843 	-3.1012489 	-0.0096557747 	0 	1585.1142 	3.1012283 	0 	0 	0 	0
0.0017144948 	-3.249481 	-0.01093266 	0 	1545.2968 	3.2494625 	0 	0 	0 	0
0.001840409 	-3.3835704 	-0.012307196 	0 	1498.4024 	3.3835574 	0 	0 	0 	0
0.0019740768 	-3.4975353 	-0.013765489 	0 	1443.5598 	3.4975301 	0 	0 	0 	0
0.0021159754 	-3.5844344 	-0.015285001 	0 	1379.9585 	3.5844385 	0 	0 	0 	0
0.0022666117 	-3.636518 	-0.01683278 	0 	1306.9347 	3.636532 	0 	0 	0 	0
0.0024265239 	-3.645561 	-0.018364164 	0 	1224.0844 	3.6455846 	0 	0 	0 	0
0.002596283 	-3.603433 	-0.019822324 	0 	1131.4014 	3.6034681 	0 	0 	0 	0
0.0027764954 	-3.5029639 	-0.021139502 	0 	1029.4309 	3.5030112 	0 	0 	0 	0
0.0029678048 	-3.339088 	-0.022240711 	0 	919.4197 	3.3391424 	0 	0 	0 	0
0.0031708945 	-3.110192 	-0.023050436 	0 	803.42883 	3.1102511 	0 	0 	0 	0
0.00338649 	-2.819501 	-0.023502668 	0 	684.36424 	2.8195627 	0 	0 	0 	0
0.0036153613 	-2.4761496 	-0.023553387 	0 	565.87933 	2.4762044 	0 	0 	0 	0
0.0038583258 	-2.0955107 	-0.023193522 	0 	452.11565 	2.0955473 	0 	0 	0 	0
0.0041162514 	-1.6983553 	-0.022458884 	0 	347.26917 	1.6983696 	0 	0 	0 	0
0.0043900594 	-1.3086048 	-0.021432353 	0 	255.03186 	1.3085983 	0 	0 	0 	0
0.0046807278 	-0.94987138 	-0.020234816 	0 	178.02937 	0.94984681 	0 	0 	0 	0
0.0049892948 	-0.64149811 	-0.01900565 	0 	117.40299 	0.64148707 	0 	0 	0 	0
0.0053168625 	-0.39521493 	-0.017872912 	0 	72.672393 	0.3951688 	0 	0 	0 	0
0.0056646009 	-0.21353945 	-0.016927288 	0 	41.944447 	0.21349332 	0 	0 	0 	0
0.0060337521 	-0.090506782 	-0.016220847 	0 	22.415068 	0.09053485 	0 	0 	0 	0
0.0064256347 	-0.014492113 	-0.015740843 	0 	10.999368 	0.014461074 	0 	0 	0 	0
0.0068416484 	0.027882091 	-0.015439764 	0 	4.8888465 	-0.028053581 	0 	0 	0 	0
0.007283279 	0.049218293 	-0.015276447 	0 	1.9062646 	-0.049440453 	0 	0 	0 	0
0.0077521041 	0.059304144 	-0.015190221 	0 	0.58804815 	-0.059360378 	0 	0 	0 	0
0.0082497982 	0.063625997 	-0.015131744 	0 	0.05776689 	-0.063626625 	0 	0 	0 	0
0.008778139 	0.065198698 	-0.015082724 	0 	-0.14158681 	-0.065260988 	0 	0 	0 	0
0.0093390136 	0.065771137 	-0.015039665 	0 	-0.21219775 	-0.065756759 	0 	0 	0 	0
0.0099344254 	0.065962308 	-0.014998906 	0 	-0.23530776 	-0.065945746 	0 	0 	0 	0
0.010566501 	0.066040458 	-0.014955292 	0 	-0.24201229 	-0.066043657 	0 	0 	0 	0
0.011237498 	0.066090198 	-0.01490928 	0 	-0.24408207 	-0.066081694 	0 	0 	0 	0
0.011949813 	0.066129428 	-0.014860634 	0 	-0.24517587 	-0.066128445 	0 	0 	0 	0
0.012705991 	0.06616851 	-0.014808947 	0 	-0.24706852 	-0.066168144 	0 	0 	0 	0
0.013508733 	0.066215096 	-0.014754101 	0 	-0.25107474 	-0.066214288 	0 	0 	0 	0
0.014360904 	0.066269327 	-0.01469575 	0 	-0.25795377 	-0.066267995 	0 	0 	0 	0
0.015265551 	0.066333681 	-0.014633638 	0 	-0.2677671 	-0.066333491 	0 	0 	0 	0
0.016225903 	0.066411612 	-0.014567452 	0 	-0.27991292 	-0.066410257 	0 	0 	0 	0
0.017245391 	0.066497604 	-0.014496904 	0 	-0.29344293 	-0.066496011 	0 	0 	0 	0
0.018327656 	0.066587913 	-0.014421648 	0 	-0.30749932 	-0.066587944 	0 	0 	0 	0
0.019476565 	0.0666826 	-0.01434133 	0 	-0.32151578 	-0.066684078 	0 	0 	0 	0
0.02069622 	0.066781666 	-0.014255557 	0 	-0.33515194 	-0.066783415 	0 	0 	0 	0
0.021990978 	0.0668866 	-0.01416392 	0 	-0.34817912 	-0.066885813 	0 	0 	0 	0
0.023365464 	0.066993197 	-0.014065981 	0 	-0.36041458 	-0.066990681 	0 	0 	0 	0
0.024824587 	0.067100086 	-0.01396125 	0 	-0.37166491 	-0.067098028 	0 	0 	0 	0
0.026373559 	0.067209953 	-0.013849186 	0 	-0.38171737 	-0.067207429 	0 	0 	0 	0
0.028017912 	0.067321164 	-0.013729216 	0 	-0.39037618 	-0.067319045 	0 	0 	0 	0
0.02976352 	0.067435114 	-0.013600752 	0 	-0.39746465 	-0.067432375 	0 	0 	0 	0
0.031616619 	0.067552249 	-0.013463117 	0 	-0.40281456 	-0.067547859 	0 	0 	0 	0
0.033583826 	0.067668013 	-0.013315607 	0 	-0.4062762 	-0.067664866 	0 	0 	0 	0
0.035672168 	0.067785117 	-0.013157445 	0 	-0.40772041 	-0.067783778 	0 	0 	0 	0
0.037889106 	0.067906745 	-0.012987802 	0 	-0.4070211 	-0.06790408 	0 	0 	0 	0
0.040242556 	0.068028402 	-0.012805752 	0 	-0.40411975 	-0.068026641 	0 	0 	0 	0
0.042740925 	0.068150326 	-0.012610327 	0 	-0.39904774 	-0.068151509 	0 	0 	0 	0
0.045393137 	0.068277936 	-0.012400444 	0 	-0.39183848 	-0.068279311 	0 	0 	0 	0
0.048208665 	0.068411444 	-0.012174953 	0 	-0.38255323 	-0.068409941 	0 	0 	0 	0
0.051197566 	0.068546617 	-0.011932597 	0 	-0.37131717 	-0.068544114 	0 	0 	0 	0
0.054370516 	0.068683425 	-0.011672009 	0 	-0.35828898 	-0.068682074 	0 	0 	0 	0
0.057738847 	0.06882458 	-0.011391726 	0 	-0.3436511 	-0.068824333 	0 	0 	0 	0
0.061314592 	0.06897026 	-0.011090121 	0 	-0.3276115 	-0.068971322 	0 	0 	0 	0
0.06511052 	0.069121953 	-0.010765497 	0 	-0.31039683 	-0.069123067 	0 	0 	0 	0
0.069140193 	0.069279513 	-0.010415925 	0 	-0.29223502 	-0.069280174 	0 	0 	0 	0
0.073418001 	0.069440252 	-0.010039467 	0 	-0.27335625 	-0.069441958 	0 	0 	0 	0
0.077959226 	0.069607006 	-0.0096338631 	0 	-0.25398382 	-0.069609082 	0 	0 	0 	0
0.082780087 	0.069778376 	-0.0091969306 	0 	-0.23430805 	-0.069779888 	0 	0 	0 	0
0.087897803 	0.069953798 	-0.0087260586 	0 	-0.21449586 	-0.069954897 	0 	0 	0 	0
0.093330656 	0.07013255 	-0.0082188005 	0 	-0.19469091 	-0.070131251 	0 	0 	0 	0
