0 	1.8602214e-07 	0.014513753 	0.99950307 	0 	0 	0 	0 	0
0.0021021021 	1.8581362e-07 	0.01461953 	0.99948661 	0 	0 	0 	0 	0
0.0042042042 	1.8560509e-07 	0.014725306 	0.99947014 	0 	0 	0 	0 	0
0.0063063063 	1.8539657e-07 	0.014831083 	0.99945368 	0 	0 	0 	0 	0
0.0084084084 	1.8518804e-07 	0.01493686 	0.99943722 	0 	0 	0 	0 	0
0.010510511 	1.8494811e-07 	0.015058763 	0.99941763 	0 	0 	0 	0 	0
0.012612613 	1.8468868e-07 	0.015190681 	0.99939611 	0 	0 	0 	0 	0
0.014714715 	1.8442924e-07 	0.015322599 	0.99937458 	0 	0 	0 	0 	0
0.016816817 	1.8416981e-07 	0.015454518 	0.99935306 	0 	0 	0 	0 	0
0.018918919 	1.8391037e-07 	0.015586436 	0.99933153 	0 	0 	0 	0 	0
0.021021021 	1.8364331e-07 	0.015722563 	0.99930914 	0 	0 	0 	0 	0
0.023123123 	1.8332495e-07 	0.015886979 	0.99928088 	0 	0 	0 	0 	0
0.025225225 	1.8300659e-07 	0.016051395 	0.99925261 	0 	0 	0 	0 	0
0.027327327 	1.8268824e-07 	0.016215812 	0.99922435 	0 	0 	0 	0 	0
0.029429429 	1.8236988e-07 	0.016380228 	0.99919609 	0 	0 	0 	0 	0
0.031531532 	1.8203456e-07 	0.016555046 	0.99916553 	0 	0 	0 	0 	0
0.033633634 	1.8164973e-07 	0.016760246 	0.99912823 	0 	0 	0 	0 	0
0.035735736 	1.8126489e-07 	0.016965446 	0.99909093 	0 	0 	0 	0 	0
0.037837838 	1.8088005e-07 	0.017170647 	0.99905363 	0 	0 	0 	0 	0
0.03993994 	1.8049522e-07 	0.017375847 	0.99901633 	0 	0 	0 	0 	0
0.042042042 	1.80044e-07 	0.017628331 	0.99896776 	0 	0 	0 	0 	0
0.044144144 	1.7958657e-07 	0.017885246 	0.99891813 	0 	0 	0 	0 	0
0.046246246 	1.7912913e-07 	0.018142161 	0.9988685 	0 	0 	0 	0 	0
0.048348348 	1.7866891e-07 	0.018401525 	0.99881825 	0 	0 	0 	0 	0
0.05045045 	1.7813548e-07 	0.018725167 	0.99875174 	0 	0 	0 	0 	0
0.052552553 	1.7760205e-07 	0.019048808 	0.99868522 	0 	0 	0 	0 	0
0.054654655 	1.7706861e-07 	0.019372449 	0.9986187 	0 	0 	0 	0 	0
0.056756757 	1.7649327e-07 	0.019744812 	0.99853857 	0 	-3.1968323e-38 	0 	0 	0
0.058858859 	1.7588489e-07 	0.020155584 	0.9984477 	0 	-8.9139945e-38 	0 	0 	0
0.060960961 	1.752765e-07 	0.020566357 	0.99835684 	0 	-1.4631157e-37 	0 	0 	0
0.063063063 	1.7463917e-07 	0.021027626 	0.99825166 	0 	-1.7917517e-37 	0 	0 	0
0.065165165 	1.739627e-07 	0.021557164 	0.99812714 	0 	-1.7917496e-37 	0 	0 	0
0.067267267 	1.7328623e-07 	0.022086702 	0.99800262 	0 	-1.7917474e-37 	0 	0 	0
0.069369369 	1.7257986e-07 	0.022709793 	0.99784498 	0 	-1.3886725e-37 	0 	0 	0
0.071471471 	1.7185216e-07 	0.023399586 	0.99766373 	0 	-6.9821241e-38 	0 	0 	0
0.073573574 	1.7112446e-07 	0.024089378 	0.99748248 	0 	-7.752301e-40 	0 	0 	0
0.075675676 	1.7036332e-07 	0.025026483 	0.9972318 	0 	0 	0 	0 	0
0.077777778 	1.696018e-07 	0.025966396 	0.99698033 	0 	0 	0 	0 	0
0.07987988 	1.6886542e-07 	0.02710111 	0.99662054 	0 	0 	0 	0 	0
0.081981982 	1.6814593e-07 	0.028366791 	0.99618792 	0 	0 	0 	0 	0
0.084084084 	1.6739915e-07 	0.029907408 	0.9956997 	0 	0 	0 	0 	0
0.086186186 	1.6660639e-07 	0.031911154 	0.99511781 	0 	0 	0 	0 	0
0.088288288 	1.6577383e-07 	0.034079373 	0.99430114 	0 	0 	0 	0 	0
0.09039039 	1.6483697e-07 	0.036678608 	0.9928692 	0 	0 	0 	0 	0
0.092492492 	1.5256123e-07 	0.042664027 	0.99163258 	0 	0 	0 	0 	0
0.094594595 	1.1038643e-07 	0.057578341 	0.99091096 	0 	0 	0 	0 	0
0.096696697 	6.8006887e-08 	0.068312136 	0.90322041 	0 	0 	-0.0042265428 	-0.00021928097 	0
0.098798799 	2.5223197e-08 	0.070794025 	0.64386225 	0 	0 	-0.01679584 	-0.00087139972 	0
0.1009009 	6.0125757e-10 	0.058118798 	0.38435378 	0 	0 	-0.026072014 	-0.0012534949 	0
0.103003 	1.9498621e-10 	0.025234085 	0.12464489 	0 	0 	-0.030957356 	-0.0012755586 	0
0.10510511 	0 	0.0019781093 	0 	0 	0 	-0.028560881 	-0.00095003208 	0
0.10720721 	0 	-0.012391908 	0 	0 	0 	-0.01944432 	-0.000303729 	0
0.10930931 	0 	-0.013437908 	0 	0 	0 	-0.014548954 	-2.9819275e-05 	0
0.11141141 	0 	-0.0054566748 	0 	0 	0 	-0.012513513 	-8.2119874e-06 	0
0.11351351 	0 	-0.0017258672 	0 	0 	0 	-0.011252195 	-6.2345346e-07 	0
0.11561562 	0 	-0.00022249959 	0 	0 	0 	-0.010396556 	-3.8146168e-07 	0
0.11771772 	0 	0.00067161756 	0 	0 	0 	-0.0097744569 	-2.7057035e-07 	0
0.11981982 	0 	0.0013040241 	0 	0 	0 	-0.0092526774 	-2.1599476e-07 	0
0.12192192 	0 	0.0016715283 	0 	0 	0 	-0.0088381443 	-1.8187359e-07 	0
0.12402402 	0 	0.0019388471 	0 	0 	0 	-0.0084641716 	-1.5548824e-07 	0
0.12612613 	0 	0.0021374588 	0 	0 	0 	-0.0081514511 	-1.3690173e-07 	0
0.12822823 	0 	0.0023111324 	0 	0 	0 	-0.0078609628 	-1.211459e-07 	0
0.13033033 	0 	0.0024351689 	0 	0 	0 	-0.0076125912 	-1.0889399e-07 	0
0.13243243 	0 	0.0025402041 	0 	0 	0 	-0.0073803422 	-9.7983398e-08 	0
0.13453453 	0 	0.00262023 	0 	0 	0 	-0.0071764322 	-8.9246814e-08 	0
0.13663664 	0 	0.0026891922 	0 	0 	0 	-0.0069850589 	-8.1471969e-08 	0
0.13873874 	0 	0.0027429428 	0 	0 	0 	-0.0068132775 	-7.4965319e-08 	0
0.14084084 	0 	0.0027882612 	0 	0 	0 	-0.0066523565 	-6.9161665e-08 	0
0.14294294 	0 	0.0028251358 	0 	0 	0 	-0.0065047985 	-6.4128804e-08 	0
0.14504505 	0 	0.0028557082 	0 	0 	0 	-0.0063672138 	-5.9671228e-08 	0
0.14714715 	0 	0.0028814984 	0 	0 	0 	-0.0062384709 	-5.5669834e-08 	0
0.14924925 	0 	0.0029021141 	0 	0 	0 	-0.0061192952 	-5.2162048e-08 	0
0.15135135 	0 	0.0029202252 	0 	0 	0 	-0.006005528 	-4.8953172e-08 	0
0.15345345 	0 	0.0029339904 	0 	0 	0 	-0.0059011462 	-4.6262982e-08 	0
0.15555556 	0 	0.0029467076 	0 	0 	0 	-0.0057995265 	-4.4038182e-08 	0
0.15765766 	0 	0.0029558706 	0 	0 	0 	-0.0057072754 	-4.3391898e-08 	0
0.15975976 	0 	0.0029647842 	0 	0 	0 	-0.0056156887 	-4.2968272e-08 	0
0.16186186 	0 	0.0029701519 	0 	0 	0 	-0.0055335419 	-4.570862e-08 	0
0.16396396 	0 	0.0029755196 	0 	0 	0 	-0.0054513951 	-4.8448967e-08 	0
0.16606607 	0 	0.0029786866 	0 	0 	0 	-0.0053766935 	-4.8918287e-08 	-6.5141866e-38
0.16816817 	0 	0.0029815503 	0 	0 	0 	-0.005303018 	-4.9074588e-08 	-1.3926233e-37
0.17027027 	0 	0.0029834932 	0 	0 	0 	-0.0052341477 	-4.625095e-08 	-1.6400818e-37
0.17237237 	0 	0.0029849747 	0 	0 	0 	-0.0051676857 	-4.193381e-08 	-1.640082e-37
0.17447447 	0 	0.0029857804 	0 	0 	0 	-0.0051038789 	-3.7665642e-08 	-1.3314729e-37
0.17657658 	0 	0.0029856781 	0 	0 	0 	-0.0050436407 	-3.3463293e-08 	-6.0810327e-38
0.17867868 	0 	0.002985338 	0 	0 	0 	-0.0049842591 	-2.9534219e-08 	0
0.18078078 	0 	0.0029837431 	0 	0 	0 	-0.0049293962 	-2.7046841e-08 	0
0.18288288 	0 	0.0029821482 	0 	0 	0 	-0.0048745334 	-2.4559464e-08 	0
0.18498498 	0 	0.002979777 	0 	0 	0 	-0.0048237068 	-2.3318449e-08 	0
0.18708709 	0 	0.0029772829 	0 	0 	0 	-0.0047735195 	-2.2274821e-08 	0
0.18918919 	0 	0.0029744482 	0 	0 	0 	-0.0047255486 	-2.134155e-08 	0
0.19129129 	0 	0.0029713203 	0 	0 	0 	-0.0046794859 	-2.0503283e-08 	0
0.19339339 	0 	0.002968073 	0 	0 	0 	-0.0046340839 	-1.9693814e-08 	0
0.1954955 	0 	0.0029642839 	0 	0 	0 	-0.004591681 	-1.9015056e-08 	0
0.1975976 	0 	0.0029604947 	0 	0 	0 	-0.0045492781 	-1.8336297e-08 	0
0.1996997 	0 	0.002956239 	0 	0 	0 	-0.0045094429 	-1.7746102e-08 	0
0.2018018 	0 	0.0029518605 	0 	0 	0 	-0.0044702835 	-1.7179218e-08 	0
0.2039039 	0 	0.0029473353 	0 	0 	0 	-0.0044321915 	-1.6645511e-08 	0
0.20600601 	0 	0.0029425598 	0 	0 	0 	-0.0043959211 	-1.6168424e-08 	0
0.20810811 	0 	0.0029377843 	0 	0 	0 	-0.0043596507 	-1.5691336e-08 	0
0.21021021 	0 	0.0029327579 	0 	0 	0 	-0.0043257497 	-1.5233067e-08 	0
0.21231231 	0 	0.0029277074 	0 	0 	0 	-0.0042920751 	-1.4776595e-08 	0
0.21441441 	0 	0.0029225644 	0 	0 	0 	-0.0042593883 	-1.4346415e-08 	0
0.21651652 	0 	0.0029172935 	0 	0 	0 	-0.0042280637 	-1.3952485e-08 	0
0.21861862 	0 	0.0029120227 	0 	0 	0 	-0.0041967391 	-1.3558554e-08 	0
0.22072072 	0 	0.0029065141 	0 	0 	0 	-0.0041673162 	-1.3200345e-08 	0
0.22282282 	0 	0.0029009764 	0 	0 	0 	-0.0041381263 	-1.2846511e-08 	0
0.22492492 	0 	0.0028953483 	0 	0 	0 	-0.004109561 	-1.250435e-08 	0
0.22702703 	0 	0.0028895309 	0 	0 	0 	-0.0040823057 	-1.218667e-08 	0
0.22912913 	0 	0.0028837135 	0 	0 	0 	-0.0040550503 	-1.186899e-08 	0
0.23123123 	0 	0.0028777567 	0 	0 	0 	-0.004029051 	-1.1582408e-08 	0
0.23333333 	0 	0.0028717443 	0 	0 	0 	-0.0040035526 	-1.1308227e-08 	0
0.23543544 	0 	0.0028657231 	0 	0 	0 	-0.0039781594 	-1.1035518e-08 	0
0.23753754 	0 	0.0028595761 	0 	0 	0 	-0.0039542676 	-1.0783805e-08 	0
0.23963964 	0 	0.0028534292 	0 	0 	0 	-0.0039303757 	-1.0532092e-08 	0
0.24174174 	0 	0.0028472436 	0 	0 	0 	-0.0039070343 	-1.0283933e-08 	0
0.24384384 	0 	0.0028409932 	0 	0 	0 	-0.0038846182 	-1.0041748e-08 	0
0.24594595 	0 	0.0028347427 	0 	0 	0 	-0.003862202 	-9.7995625e-09 	0
0.24804805 	0 	0.0028284333 	0 	0 	0 	-0.0038406521 	-9.57617e-09 	0
0.25015015 	0 	0.0028220903 	0 	0 	0 	-0.0038195981 	-9.3635375e-09 	0
0.25225225 	0 	0.0028157473 	0 	0 	0 	-0.0037985441 	-9.1509051e-09 	0
0.25435435 	0 	0.0028092953 	0 	0 	0 	-0.0037785638 	-8.9575337e-09 	0
0.25645646 	0 	0.0028028244 	0 	0 	0 	-0.0037587695 	-8.7674987e-09 	0
0.25855856 	0 	0.0027963505 	0 	0 	0 	-0.0037389992 	-8.5775848e-09 	0
0.26066066 	0 	0.0027897386 	0 	0 	0 	-0.0037203676 	-8.3934275e-09 	0
0.26276276 	0 	0.0027831268 	0 	0 	0 	-0.003701736 	-8.2092702e-09 	0
0.26486486 	0 	0.002776499 	0 	0 	0 	-0.0036832535 	-8.0295794e-09 	0
0.26696697 	0 	0.0027697729 	0 	0 	0 	-0.0036656967 	-7.8776175e-09 	0
0.26906907 	0 	0.0027630468 	0 	0 	0 	-0.00364814 	-7.7256557e-09 	0
0.27117117 	0 	0.0027563013 	0 	0 	0 	-0.0036307875 	-7.5784739e-09 	0
0.27327327 	0 	0.0027494805 	0 	0 	0 	-0.0036142285 	-7.4498539e-09 	0
0.27537538 	0 	0.0027426597 	0 	0 	0 	-0.0035976695 	-7.3212339e-09 	0
0.27747748 	0 	0.0027358213 	0 	0 	0 	-0.0035813116 	-7.1907587e-09 	0
0.27957958 	0 	0.0027289194 	0 	0 	0 	-0.0035656811 	-7.0535767e-09 	0
0.28168168 	0 	0.0027220175 	0 	0 	0 	-0.0035500507 	-6.9163948e-09 	0
0.28378378 	0 	0.002715104 	0 	0 	0 	-0.0035345695 	-6.7811715e-09 	0
0.28588589 	0 	0.0027081345 	0 	0 	0 	-0.0035198061 	-6.6553602e-09 	0
0.28798799 	0 	0.002701165 	0 	0 	0 	-0.0035050427 	-6.5295489e-09 	0
0.29009009 	0 	0.0026941904 	0 	0 	0 	-0.0034903356 	-6.4048288e-09 	0
0.29219219 	0 	0.0026871472 	0 	0 	0 	-0.0034763854 	-6.2947836e-09 	0
0.29429429 	0 	0.0026801041 	0 	0 	0 	-0.0034624352 	-6.1847384e-09 	0
0.2963964 	0 	0.002673061 	0 	0 	0 	-0.0034484851 	-6.0746932e-09 	0
0.2984985 	0 	0.002665924 	0 	0 	0 	-0.0034352254 	-5.9691991e-09 	0
0.3006006 	0 	0.0026587772 	0 	0 	0 	-0.0034220381 	-5.8641819e-09 	0
0.3027027 	0 	0.0026516304 	0 	0 	0 	-0.0034088508 	-5.7591646e-09 	0
0.3048048 	0 	0.0026444059 	0 	0 	0 	-0.0033961474 	-5.6673174e-09 	0
0.30690691 	0 	0.0026371444 	0 	0 	0 	-0.0033836743 	-5.5817361e-09 	0
0.30900901 	0 	0.0026298828 	0 	0 	0 	-0.0033712012 	-5.4961548e-09 	0
0.31111111 	0 	0.0026225799 	0 	0 	0 	-0.0033589854 	-5.4153312e-09 	0
0.31321321 	0 	0.0026152105 	0 	0 	0 	-0.0033471827 	-5.3421438e-09 	0
0.31531532 	0 	0.0026078411 	0 	0 	0 	-0.00333538 	-5.2689564e-09 	0
0.31741742 	0 	0.0026004694 	0 	0 	0 	-0.0033235906 	-5.195384e-09 	0
0.31951952 	0 	0.0025929899 	0 	0 	0 	-0.0033124193 	-5.104017e-09 	0
0.32162162 	0 	0.0025855105 	0 	0 	0 	-0.003301248 	-5.0126501e-09 	0
0.32372372 	0 	0.0025780311 	0 	0 	0 	-0.0032900766 	-4.9212831e-09 	0
0.32582583 	0 	0.0025704859 	0 	0 	0 	-0.0032792545 	-4.8327942e-09 	0
0.32792793 	0 	0.0025628943 	0 	0 	0 	-0.0032686784 	-4.7463334e-09 	0
0.33003003 	0 	0.0025553028 	0 	0 	0 	-0.0032581024 	-4.6598726e-09 	0
0.33213213 	0 	0.0025477031 	0 	0 	0 	-0.0032475696 	-4.5749703e-09 	0
0.33423423 	0 	0.0025400063 	0 	0 	0 	-0.0032375556 	-4.5087387e-09 	0
0.33633634 	0 	0.0025323095 	0 	0 	0 	-0.0032275417 	-4.4425071e-09 	0
0.33843844 	0 	0.0025246127 	0 	0 	0 	-0.0032175277 	-4.3762755e-09 	0
0.34054054 	0 	0.0025168673 	0 	0 	0 	-0.0032077747 	-4.3118857e-09 	0
0.34264264 	0 	0.002509071 	0 	0 	0 	-0.0031982942 	-4.2494189e-09 	0
0.34474474 	0 	0.0025012748 	0 	0 	0 	-0.0031888136 	-4.1869522e-09 	0
0.34684685 	0 	0.0024934786 	0 	0 	0 	-0.0031793331 	-4.1244854e-09 	0
0.34894895 	0 	0.0024855889 	0 	0 	0 	-0.0031702692 	-4.0694066e-09 	0
0.35105105 	0 	0.0024776787 	0 	0 	0 	-0.0031612969 	-4.0159524e-09 	0
0.35315315 	0 	0.0024697685 	0 	0 	0 	-0.0031523246 	-3.9624982e-09 	0
0.35525526 	0 	0.0024618497 	0 	0 	0 	-0.0031433837 	-3.9089301e-09 	0
0.35735736 	0 	0.0024538067 	0 	0 	0 	-0.0031348948 	-3.8537211e-09 	0
0.35945946 	0 	0.0024457637 	0 	0 	0 	-0.003126406 	-3.798512e-09 	0
0.36156156 	0 	0.0024377207 	0 	0 	0 	-0.0031179171 	-3.743303e-09 	0
0.36366366 	0 	0.0024296496 	0 	0 	0 	-0.0031095298 	-3.6889157e-09 	0
0.36576577 	0 	0.0024214793 	0 	0 	0 	-0.0031015009 	-3.6374258e-09 	0
0.36786787 	0 	0.0024133089 	0 	0 	0 	-0.0030934719 	-3.585936e-09 	0
0.36996997 	0 	0.0024051386 	0 	0 	0 	-0.0030854429 	-3.5344462e-09 	0
0.37207207 	0 	0.0023969348 	0 	0 	0 	-0.0030775388 	-3.486286e-09 	0
0.37417417 	0 	0.0023886467 	0 	0 	0 	-0.00306995 	-3.4465331e-09 	0
0.37627628 	0 	0.0023803586 	0 	0 	0 	-0.0030623611 	-3.4067802e-09 	0
0.37837838 	0 	0.0023720704 	0 	0 	0 	-0.0030547723 	-3.3670273e-09 	0
0.38048048 	0 	0.0023637526 	0 	0 	0 	-0.0030472886 	-3.3261738e-09 	0
0.38258258 	0 	0.002355345 	0 	0 	0 	-0.0030401223 	-3.2819988e-09 	0
0.38468468 	0 	0.0023469375 	0 	0 	0 	-0.003032956 	-3.2378238e-09 	0
0.38678679 	0 	0.00233853 	0 	0 	0 	-0.0030257897 	-3.1936489e-09 	0
0.38888889 	0 	0.0023301098 	0 	0 	0 	-0.0030186689 	-3.1496099e-09 	0
0.39099099 	0 	0.002321589 	0 	0 	0 	-0.0030119086 	-3.1066494e-09 	0
0.39309309 	0 	0.0023130681 	0 	0 	0 	-0.0030051483 	-3.063689e-09 	0
0.3951952 	0 	0.0023045473 	0 	0 	0 	-0.002998388 	-3.0207285e-09 	0
0.3972973 	0 	0.0022960265 	0 	0 	0 	-0.0029916277 	-2.9777681e-09 	0
0.3993994 	0 	0.0022874258 	0 	0 	0 	-0.0029852068 	-2.9364608e-09 	0
0.4015015 	0 	0.0022788131 	0 	0 	0 	-0.0029788376 	-2.8954048e-09 	0
0.4036036 	0 	0.0022702003 	0 	0 	0 	-0.0029724683 	-2.8543488e-09 	0
0.40570571 	0 	0.0022615875 	0 	0 	0 	-0.0029660991 	-2.8132928e-09 	0
0.40780781 	0 	0.0022529459 	0 	0 	0 	-0.0029599242 	-2.7742969e-09 	0
0.40990991 	0 	0.0022442768 	0 	0 	0 	-0.0029539346 	-2.7372643e-09 	0
0.41201201 	0 	0.0022356077 	0 	0 	0 	-0.0029479449 	-2.7002318e-09 	0
0.41411411 	0 	0.0022269386 	0 	0 	0 	-0.0029419553 	-2.6631992e-09 	0
0.41621622 	0 	0.0022182685 	0 	0 	0 	-0.0029359799 	-2.6263064e-09 	0
0.41831832 	0 	0.0022095712 	0 	0 	0 	-0.0029303625 	-2.5929152e-09 	0
0.42042042 	0 	0.0022008738 	0 	0 	0 	-0.0029247451 	-2.5595241e-09 	0
0.42252252 	0 	0.0021921765 	0 	0 	0 	-0.0029191276 	-2.5261329e-09 	0
0.42462462 	0 	0.0021834792 	0 	0 	0 	-0.0029135102 	-2.4927418e-09 	0
0.42672673 	0 	0.0021747779 	0 	0 	0 	-0.0029080542 	-2.4571657e-09 	0
0.42882883 	0 	0.0021660714 	0 	0 	0 	-0.0029028025 	-2.4188235e-09 	0
0.43093093 	0 	0.002157365 	0 	0 	0 	-0.0028975508 	-2.3804813e-09 	0
0.43303303 	0 	0.0021486585 	0 	0 	0 	-0.0028922992 	-2.342139e-09 	0
0.43513514 	0 	0.0021399521 	0 	0 	0 	-0.0028870475 	-2.3037968e-09 	0
0.43723724 	0 	0.0021312763 	0 	0 	0 	-0.0028820527 	-2.2688728e-09 	0
0.43933934 	0 	0.0021226127 	0 	0 	0 	-0.0028771603 	-2.2353143e-09 	0
0.44144144 	0 	0.0021139491 	0 	0 	0 	-0.002872268 	-2.2017557e-09 	0
0.44354354 	0 	0.0021052855 	0 	0 	0 	-0.0028673757 	-2.1681972e-09 	0
0.44564565 	0 	0.002096622 	0 	0 	0 	-0.0028624834 	-2.1346386e-09 	0
0.44774775 	0 	0.0020880605 	0 	0 	0 	-0.0028578938 	-2.102535e-09 	0
0.44984985 	0 	0.0020795168 	0 	0 	0 	-0.0028533571 	-2.070685e-09 	0
0.45195195 	0 	0.0020709732 	0 	0 	0 	-0.0028488203 	-2.038835e-09 	0
0.45405405 	0 	0.0020624295 	0 	0 	0 	-0.0028442835 	-2.006985e-09 	0
0.45615616 	0 	0.0020538859 	0 	0 	0 	-0.0028397467 	-1.975135e-09 	0
0.45825826 	0 	0.0020455157 	0 	0 	0 	-0.0028355096 	-1.9428544e-09 	0
0.46036036 	0 	0.0020371773 	0 	0 	0 	-0.0028313274 	-1.910495e-09 	0
0.46246246 	0 	0.0020288389 	0 	0 	0 	-0.0028271452 	-1.8781355e-09 	0
0.46456456 	0 	0.0020205005 	0 	0 	0 	-0.0028229631 	-1.8457761e-09 	0
0.46666667 	0 	0.0020121621 	0 	0 	0 	-0.0028187809 	-1.8134167e-09 	0
0.46876877 	0 	0.0020040521 	0 	0 	0 	-0.0028148435 	-1.7809309e-09 	-3.9206522e-38
0.47087087 	0 	0.0019960456 	0 	0 	0 	-0.0028110172 	-1.7483879e-09 	-9.6197253e-38
0.47297297 	0 	0.0019880392 	0 	0 	0 	-0.002807191 	-1.7158449e-09 	-1.5318798e-37
0.47507508 	0 	0.0019800327 	0 	0 	0 	-0.0028033647 	-1.6833019e-09 	-2.1017872e-37
0.47717718 	0 	0.0019720263 	0 	0 	0 	-0.0027995384 	-1.6507589e-09 	-2.6716945e-37
0.47927928 	0 	0.0019642116 	0 	0 	0 	-0.0027958461 	-1.6184848e-09 	-3.0297674e-37
0.48138138 	0 	0.0019567212 	0 	0 	0 	-0.0027923803 	-1.5866654e-09 	-3.0297697e-37
0.48348348 	0 	0.0019492307 	0 	0 	0 	-0.0027889145 	-1.554846e-09 	-3.029772e-37
0.48558559 	0 	0.0019417403 	0 	0 	0 	-0.0027854488 	-1.5230266e-09 	-3.0297743e-37
0.48768769 	0 	0.0019342498 	0 	0 	0 	-0.002781983 	-1.4912072e-09 	-3.0297766e-37
0.48978979 	0 	0.0019267594 	0 	0 	0 	-0.0027785172 	-1.4593878e-09 	-3.0297789e-37
0.49189189 	0 	0.0019199492 	0 	0 	0 	-0.0027753772 	-1.4344787e-09 	-2.5546118e-37
0.49399399 	0 	0.001913225 	0 	0 	0 	-0.0027722784 	-1.4104429e-09 	-2.0193951e-37
0.4960961 	0 	0.0019065007 	0 	0 	0 	-0.0027691796 	-1.3864072e-09 	-1.4841783e-37
0.4981982 	0 	0.0018997765 	0 	0 	0 	-0.0027660807 	-1.3623714e-09 	-9.4896157e-38
0.5003003 	0 	0.0018930523 	0 	0 	0 	-0.0027629819 	-1.3383356e-09 	-4.1374481e-38
0.5024024 	0 	0.0018865915 	0 	0 	0 	-0.0027599719 	-1.3231248e-09 	0
0.5045045 	0 	0.0018810283 	0 	0 	0 	-0.0027572645 	-1.3379726e-09 	0
0.50660661 	0 	0.001875465 	0 	0 	0 	-0.002754557 	-1.3528203e-09 	0
0.50870871 	0 	0.0018699017 	0 	0 	0 	-0.0027518496 	-1.3676681e-09 	0
0.51081081 	0 	0.0018643384 	0 	0 	0 	-0.0027491421 	-1.3825159e-09 	0
0.51291291 	0 	0.0018587752 	0 	0 	0 	-0.0027464347 	-1.3973637e-09 	0
0.51501502 	0 	0.0018537076 	0 	0 	0 	-0.0027438838 	-1.4365089e-09 	0
0.51711712 	0 	0.0018494515 	0 	0 	0 	-0.0027415895 	-1.5154349e-09 	0
0.51921922 	0 	0.0018451954 	0 	0 	0 	-0.0027392951 	-1.5943609e-09 	0
0.52132132 	0 	0.0018409393 	0 	0 	0 	-0.0027370007 	-1.6732869e-09 	0
0.52342342 	0 	0.0018366833 	0 	0 	0 	-0.0027347064 	-1.7522129e-09 	0
0.52552553 	0 	0.0018324272 	0 	0 	0 	-0.002732412 	-1.831139e-09 	0
0.52762763 	0 	0.0018286706 	0 	0 	0 	-0.0027302643 	-2.0239978e-09 	0
0.52972973 	0 	0.0018259114 	0 	0 	0 	-0.0027284092 	-2.4443011e-09 	0
0.53183183 	0 	0.0018231521 	0 	0 	0 	-0.0027265541 	-2.8646044e-09 	0
0.53393393 	0 	0.0018203928 	0 	0 	0 	-0.002724699 	-3.2849077e-09 	0
0.53603604 	0 	0.0018176335 	0 	0 	0 	-0.0027228439 	-3.705211e-09 	0
0.53813814 	0 	0.0018148742 	0 	0 	0 	-0.0027209888 	-4.1255143e-09 	0
0.54024024 	0 	0.0018123569 	0 	0 	0 	-0.0027191709 	-4.5158743e-09 	0
0.54234234 	0 	0.0018126566 	0 	0 	0 	-0.0027177861 	-4.5575267e-09 	0
0.54444444 	0 	0.0018129564 	0 	0 	0 	-0.0027164012 	-4.599179e-09 	0
0.54654655 	0 	0.0018132562 	0 	0 	0 	-0.0027150163 	-4.6408314e-09 	0
0.54864865 	0 	0.001813556 	0 	0 	0 	-0.0027136315 	-4.6824837e-09 	0
0.55075075 	0 	0.0018138558 	0 	0 	0 	-0.0027122466 	-4.7241361e-09 	0
0.55285285 	0 	0.0018141555 	0 	0 	0 	-0.0027108617 	-4.7657885e-09 	0
0.55495495 	0 	0.0018168615 	0 	0 	0 	-0.0027097744 	-4.4830632e-09 	0
0.55705706 	0 	0.0018211535 	0 	0 	0 	-0.0027088833 	-3.9865232e-09 	0
0.55915916 	0 	0.0018254455 	0 	0 	0 	-0.0027079921 	-3.4899832e-09 	0
0.56126126 	0 	0.0018297374 	0 	0 	0 	-0.0027071009 	-2.9934432e-09 	0
0.56336336 	0 	0.0018340294 	0 	0 	0 	-0.0027062097 	-2.4969032e-09 	0
0.56546547 	0 	0.0018383214 	0 	0 	0 	-0.0027053185 	-2.0003632e-09 	0
0.56756757 	0 	0.0018426134 	0 	0 	0 	-0.0027044273 	-1.5038232e-09 	0
0.56966967 	0 	0.0018497597 	0 	0 	0 	-0.0027040337 	-1.266676e-09 	0
0.57177177 	0 	0.0018572546 	0 	0 	0 	-0.0027037009 	-1.0611991e-09 	0
0.57387387 	0 	0.0018647494 	0 	0 	0 	-0.002703368 	-8.5572222e-10 	0
0.57597598 	0 	0.0018722443 	0 	0 	0 	-0.0027030351 	-6.5024531e-10 	0
0.57807808 	0 	0.0018797392 	0 	0 	0 	-0.0027027022 	-4.4476841e-10 	0
0.58018018 	0 	0.001887234 	0 	0 	0 	-0.0027023694 	-2.3929151e-10 	0
0.58228228 	0 	0.0018947289 	0 	0 	0 	-0.0027020365 	-3.3814604e-11 	0
0.58438438 	0 	0.0019055835 	0 	0 	0 	-0.0027022593 	1.5253306e-11 	0
0.58648649 	0 	0.0019166913 	0 	0 	0 	-0.0027025241 	5.2536224e-11 	0
0.58858859 	0 	0.0019277991 	0 	0 	0 	-0.0027027888 	8.9819141e-11 	0
0.59069069 	0 	0.0019389069 	0 	0 	0 	-0.0027030535 	1.2710206e-10 	0
0.59279279 	0 	0.0019500147 	0 	0 	0 	-0.0027033182 	1.6438498e-10 	0
0.59489489 	0 	0.0019611225 	0 	0 	0 	-0.0027035829 	2.0166789e-10 	0
0.596997 	0 	0.0019722303 	0 	0 	0 	-0.0027038476 	2.3895081e-10 	0
0.5990991 	0 	0.0019865432 	0 	0 	0 	-0.0027045464 	2.7679005e-10 	0
0.6012012 	0 	0.002002209 	0 	0 	0 	-0.0027054283 	3.1486414e-10 	0
0.6033033 	0 	0.0020178748 	0 	0 	0 	-0.0027063102 	3.5293823e-10 	0
0.60540541 	0 	0.0020335407 	0 	0 	0 	-0.0027071921 	3.9101233e-10 	0
0.60750751 	0 	0.0020492065 	0 	0 	0 	-0.002708074 	4.2908642e-10 	0
0.60960961 	0 	0.0020648724 	0 	0 	0 	-0.002708956 	4.6716051e-10 	0
0.61171171 	0 	0.0020805382 	0 	0 	0 	-0.0027098379 	5.0523461e-10 	0
0.61381381 	0 	0.0020971055 	0 	0 	0 	-0.0027108468 	5.4327685e-10 	0
0.61591592 	0 	0.0021174243 	0 	0 	0 	-0.0027123845 	5.8118656e-10 	0
0.61801802 	0 	0.0021377431 	0 	0 	0 	-0.0027139222 	6.1909626e-10 	0
0.62012012 	0 	0.002158062 	0 	0 	0 	-0.0027154599 	6.5700597e-10 	0
0.62222222 	0 	0.0021783808 	0 	0 	0 	-0.0027169975 	6.9491567e-10 	0
0.62432432 	0 	0.0021986997 	0 	0 	0 	-0.0027185352 	7.3282538e-10 	0
0.62642643 	0 	0.0022190185 	0 	0 	0 	-0.0027200729 	7.7073509e-10 	0
0.62852853 	0 	0.0022393373 	0 	0 	0 	-0.0027216106 	8.0864479e-10 	0
0.63063063 	0 	0.0022613154 	0 	0 	0 	-0.0027234048 	8.4565485e-10 	0
0.63273273 	0 	0.0022859661 	0 	0 	0 	-0.0027256123 	8.8121574e-10 	0
0.63483483 	0 	0.0023106168 	0 	0 	0 	-0.0027278198 	9.1677663e-10 	0
0.63693694 	0 	0.0023352676 	0 	0 	0 	-0.0027300273 	9.5233752e-10 	0
0.63903904 	0 	0.0023599183 	0 	0 	0 	-0.0027322348 	9.8789841e-10 	0
0.64114114 	0 	0.002384569 	0 	0 	0 	-0.0027344423 	1.0234593e-09 	0
0.64324324 	0 	0.0024092198 	0 	0 	0 	-0.0027366497 	1.0590202e-09 	0
0.64534535 	0 	0.0024338705 	0 	0 	0 	-0.0027388572 	1.0945811e-09 	0
0.64744745 	0 	0.0024592984 	0 	0 	0 	-0.0027412248 	1.1287281e-09 	0
0.64954955 	0 	0.0024870485 	0 	0 	0 	-0.0027440704 	1.1586503e-09 	0
0.65165165 	0 	0.0025147985 	0 	0 	0 	-0.0027469161 	1.1885726e-09 	0
0.65375375 	0 	0.0025425486 	0 	0 	0 	-0.0027497618 	1.2184949e-09 	0
0.65585586 	0 	0.0025702986 	0 	0 	0 	-0.0027526075 	1.2484172e-09 	0
0.65795796 	0 	0.0025980487 	0 	0 	0 	-0.0027554532 	1.2783395e-09 	0
0.66006006 	0 	0.0026257988 	0 	0 	0 	-0.0027582988 	1.3082617e-09 	0
0.66216216 	0 	0.0026535488 	0 	0 	0 	-0.0027611445 	1.338184e-09 	0
0.66426426 	0 	0.0026812989 	0 	0 	0 	-0.0027639902 	1.3681063e-09 	0
0.66636637 	0 	0.0027095503 	0 	0 	0 	-0.0027672259 	1.3889902e-09 	2.4751955e-38
0.66846847 	0 	0.0027379475 	0 	0 	0 	-0.0027705749 	1.407247e-09 	5.6698338e-38
0.67057057 	0 	0.0027663446 	0 	0 	0 	-0.0027739239 	1.4255038e-09 	8.8644721e-38
0.67267267 	0 	0.0027947418 	0 	0 	0 	-0.002777273 	1.4437606e-09 	1.205911e-37
0.67477477 	0 	0.0028231389 	0 	0 	0 	-0.002780622 	1.4620174e-09 	1.5253749e-37
0.67687688 	0 	0.0028515361 	0 	0 	0 	-0.0027839711 	1.4802743e-09 	1.8448387e-37
0.67897898 	0 	0.0028799333 	0 	0 	0 	-0.0027873201 	1.4985311e-09 	2.1643025e-37
0.68108108 	0 	0.0029083304 	0 	0 	0 	-0.0027906692 	1.5167879e-09 	2.4837664e-37
0.68318318 	0 	0.0029367276 	0 	0 	0 	-0.0027940182 	1.5350447e-09 	2.8032302e-37
0.68528529 	0 	0.0029625415 	0 	0 	0 	-0.0027975652 	1.5362701e-09 	2.8252973e-37
0.68738739 	0 	0.0029881638 	0 	0 	0 	-0.002801127 	1.536232e-09 	2.8253024e-37
0.68948949 	0 	0.0030137862 	0 	0 	0 	-0.0028046887 	1.5361939e-09 	2.8253075e-37
0.69159159 	0 	0.0030394085 	0 	0 	0 	-0.0028082505 	1.5361558e-09 	2.8253126e-37
0.69369369 	0 	0.0030650308 	0 	0 	0 	-0.0028118122 	1.5361178e-09 	2.8253177e-37
0.6957958 	0 	0.0030906531 	0 	0 	0 	-0.0028153739 	1.5360797e-09 	2.8253228e-37
0.6978979 	0 	0.0031162755 	0 	0 	0 	-0.0028189357 	1.5360416e-09 	2.825328e-37
0.7 	0 	0.0031418978 	0 	0 	0 	-0.0028224974 	1.5360036e-09 	2.8253331e-37
0.7021021 	0 	0.0031675201 	0 	0 	0 	-0.0028260591 	1.5359655e-09 	2.8253382e-37
0.7042042 	0 	0.0031886786 	0 	0 	0 	-0.0028294772 	1.5179576e-09 	2.6227856e-37
0.70630631 	0 	0.0032078565 	0 	0 	0 	-0.0028328315 	1.4919767e-09 	2.3303615e-37
0.70840841 	0 	0.0032270344 	0 	0 	0 	-0.0028361858 	1.4659959e-09 	2.0379374e-37
0.71051051 	0 	0.0032462123 	0 	0 	0 	-0.0028395401 	1.440015e-09 	1.7455132e-37
0.71261261 	0 	0.0032653903 	0 	0 	0 	-0.0028428943 	1.4140341e-09 	1.4530891e-37
0.71471471 	0 	0.0032845682 	0 	0 	0 	-0.0028462486 	1.3880533e-09 	1.1606649e-37
0.71681682 	0 	0.0033037461 	0 	0 	0 	-0.0028496029 	1.3620724e-09 	8.682408e-38
0.71891892 	0 	0.003322924 	0 	0 	0 	-0.0028529572 	1.3360916e-09 	5.7581666e-38
0.72102102 	0 	0.0033421019 	0 	0 	0 	-0.0028563115 	1.3101107e-09 	2.8339252e-38
0.72312312 	0 	0.0033610328 	0 	0 	0 	-0.0028596467 	1.3130216e-09 	0
0.72522523 	0 	0.003372211 	0 	0 	0 	-0.0028623837 	2.2224926e-09 	0
0.72732733 	0 	0.0033833893 	0 	0 	0 	-0.0028651206 	3.1319637e-09 	0
0.72942943 	0 	0.0033945675 	0 	0 	0 	-0.0028678575 	4.0414347e-09 	0
0.73153153 	0 	0.0034057458 	0 	0 	0 	-0.0028705945 	4.9509057e-09 	0
0.73363363 	0 	0.003416924 	0 	0 	0 	-0.0028733314 	5.8603767e-09 	0
0.73573574 	0 	0.0034281023 	0 	0 	0 	-0.0028760683 	6.7698478e-09 	0
0.73783784 	0 	0.0034392805 	0 	0 	0 	-0.0028788053 	7.6793188e-09 	0
0.73993994 	0 	0.0034504588 	0 	0 	0 	-0.0028815422 	8.5887898e-09 	0
0.74204204 	0 	0.003461637 	0 	0 	0 	-0.0028842792 	9.4982609e-09 	0
0.74414414 	0 	0.0034728153 	0 	0 	0 	-0.0028870161 	1.0407732e-08 	0
0.74624625 	0 	0.0034744254 	0 	0 	0 	-0.0028889369 	1.0495826e-08 	0
0.74834835 	0 	0.00347513 	0 	0 	0 	-0.0028907805 	1.050619e-08 	0
0.75045045 	0 	0.0034758346 	0 	0 	0 	-0.0028926242 	1.0516553e-08 	0
0.75255255 	0 	0.0034765392 	0 	0 	0 	-0.0028944678 	1.0526916e-08 	0
0.75465465 	0 	0.0034772439 	0 	0 	0 	-0.0028963114 	1.0537279e-08 	0
0.75675676 	0 	0.0034779485 	0 	0 	0 	-0.002898155 	1.0547642e-08 	0
0.75885886 	0 	0.0034786531 	0 	0 	0 	-0.0028999986 	1.0558005e-08 	0
0.76096096 	0 	0.0034793577 	0 	0 	0 	-0.0029018422 	1.0568369e-08 	0
0.76306306 	0 	0.0034800623 	0 	0 	0 	-0.0029036858 	1.0578732e-08 	0
0.76516517 	0 	0.0034807669 	0 	0 	0 	-0.0029055294 	1.0589095e-08 	0
0.76726727 	0 	0.0034788187 	0 	0 	0 	-0.0029070834 	1.0322547e-08 	0
0.76936937 	0 	0.0034708347 	0 	0 	0 	-0.0029079783 	9.4259644e-09 	0
0.77147147 	0 	0.0034628507 	0 	0 	0 	-0.0029088732 	8.5293821e-09 	0
0.77357357 	0 	0.0034548667 	0 	0 	0 	-0.0029097681 	7.6327998e-09 	0
0.77567568 	0 	0.0034468826 	0 	0 	0 	-0.002910663 	6.7362175e-09 	0
0.77777778 	0 	0.0034388986 	0 	0 	0 	-0.0029115579 	5.8396352e-09 	0
0.77987988 	0 	0.0034309146 	0 	0 	0 	-0.0029124528 	4.9430528e-09 	0
0.78198198 	0 	0.0034229306 	0 	0 	0 	-0.0029133477 	4.0464705e-09 	0
0.78408408 	0 	0.0034149466 	0 	0 	0 	-0.0029142426 	3.1498882e-09 	0
0.78618619 	0 	0.0034069626 	0 	0 	0 	-0.0029151375 	2.2533059e-09 	0
0.78828829 	0 	0.0033989786 	0 	0 	0 	-0.0029160325 	1.3567236e-09 	0
0.79039039 	0 	0.0033904454 	0 	0 	0 	-0.0029167991 	5.9951656e-10 	0
0.79249249 	0 	0.003379176 	0 	0 	0 	-0.0029169265 	5.3677212e-10 	0
0.79459459 	0 	0.0033679065 	0 	0 	0 	-0.002917054 	4.7402769e-10 	0
0.7966967 	0 	0.0033566371 	0 	0 	0 	-0.0029171814 	4.1128325e-10 	0
0.7987988 	0 	0.0033453677 	0 	0 	0 	-0.0029173089 	3.4853881e-10 	0
0.8009009 	0 	0.0033340982 	0 	0 	0 	-0.0029174363 	2.8579437e-10 	0
0.803003 	0 	0.0033228288 	0 	0 	0 	-0.0029175638 	2.2304994e-10 	0
0.80510511 	0 	0.0033115593 	0 	0 	0 	-0.0029176912 	1.603055e-10 	0
0.80720721 	0 	0.0033002899 	0 	0 	0 	-0.0029178186 	9.7561064e-11 	0
0.80930931 	0 	0.0032890205 	0 	0 	0 	-0.0029179461 	3.4816627e-11 	0
0.81141141 	0 	0.003277751 	0 	0 	0 	-0.0029180735 	-2.792781e-11 	0
0.81351351 	0 	0.0032664816 	0 	0 	0 	-0.002918201 	-9.0672247e-11 	0
0.81561562 	0 	0.0032547327 	0 	0 	0 	-0.002918099 	-1.2873681e-10 	0
0.81771772 	0 	0.0032424112 	0 	0 	0 	-0.0029177231 	-1.3732464e-10 	0
0.81981982 	0 	0.0032300897 	0 	0 	0 	-0.0029173471 	-1.4591248e-10 	0
0.82192192 	0 	0.0032177682 	0 	0 	0 	-0.0029169712 	-1.5450031e-10 	0
0.82402402 	0 	0.0032054467 	0 	0 	0 	-0.0029165953 	-1.6308815e-10 	0
0.82612613 	0 	0.0031931252 	0 	0 	0 	-0.0029162193 	-1.7167598e-10 	0
0.82822823 	0 	0.0031808036 	0 	0 	0 	-0.0029158434 	-1.8026382e-10 	0
0.83033033 	0 	0.0031684821 	0 	0 	0 	-0.0029154674 	-1.8885165e-10 	0
0.83243243 	0 	0.0031561606 	0 	0 	0 	-0.0029150915 	-1.9743949e-10 	0
0.83453453 	0 	0.0031438391 	0 	0 	0 	-0.0029147155 	-2.0602732e-10 	0
0.83663664 	0 	0.0031315176 	0 	0 	0 	-0.0029143396 	-2.1461516e-10 	0
0.83873874 	0 	0.0031191961 	0 	0 	0 	-0.0029139636 	-2.2320299e-10 	0
0.84084084 	0 	0.0031069038 	0 	0 	0 	-0.0029135526 	-2.3162585e-10 	0
0.84294294 	0 	0.0030948201 	0 	0 	0 	-0.0029128906 	-2.38871e-10 	0
0.84504505 	0 	0.0030827363 	0 	0 	0 	-0.0029122287 	-2.4611616e-10 	0
0.84714715 	0 	0.0030706526 	0 	0 	0 	-0.0029115667 	-2.5336131e-10 	0
0.84924925 	0 	0.0030585688 	0 	0 	0 	-0.0029109048 	-2.6060647e-10 	0
0.85135135 	0 	0.0030464851 	0 	0 	0 	-0.0029102428 	-2.6785162e-10 	0
0.85345345 	0 	0.0030344013 	0 	0 	0 	-0.0029095808 	-2.7509677e-10 	0
0.85555556 	0 	0.0030223176 	0 	0 	0 	-0.0029089189 	-2.8234193e-10 	0
0.85765766 	0 	0.0030102338 	0 	0 	0 	-0.0029082569 	-2.8958708e-10 	0
0.85975976 	0 	0.0029981501 	0 	0 	0 	-0.002907595 	-2.9683223e-10 	0
0.86186186 	0 	0.0029860663 	0 	0 	0 	-0.002906933 	-3.0407739e-10 	0
0.86396396 	0 	0.0029739826 	0 	0 	0 	-0.0029062711 	-3.1132254e-10 	0
0.86606607 	0 	0.0029618988 	0 	0 	0 	-0.0029056091 	-3.1856769e-10 	0
0.86816817 	0 	0.0029499171 	0 	0 	0 	-0.0029049315 	-3.2531582e-10 	0
0.87027027 	0 	0.0029387207 	0 	0 	0 	-0.0029041328 	-3.2823671e-10 	0
0.87237237 	0 	0.0029275243 	0 	0 	0 	-0.0029033342 	-3.311576e-10 	0
0.87447447 	0 	0.0029163279 	0 	0 	0 	-0.0029025355 	-3.3407849e-10 	0
0.87657658 	0 	0.0029051315 	0 	0 	0 	-0.0029017369 	-3.3699938e-10 	0
0.87867868 	0 	0.0028939351 	0 	0 	0 	-0.0029009382 	-3.3992027e-10 	0
0.88078078 	0 	0.0028827387 	0 	0 	0 	-0.0029001395 	-3.4284116e-10 	0
0.88288288 	0 	0.0028715423 	0 	0 	0 	-0.0028993409 	-3.4576205e-10 	0
0.88498498 	0 	0.0028603459 	0 	0 	0 	-0.0028985422 	-3.4868293e-10 	0
0.88708709 	0 	0.0028491495 	0 	0 	0 	-0.0028977436 	-3.5160382e-10 	0
0.88918919 	0 	0.0028379531 	0 	0 	0 	-0.0028969449 	-3.5452471e-10 	0
0.89129129 	0 	0.0028267567 	0 	0 	0 	-0.0028961463 	-3.574456e-10 	0
0.89339339 	0 	0.0028155603 	0 	0 	0 	-0.0028953476 	-3.6036649e-10 	0
0.8954955 	0 	0.0028043639 	0 	0 	0 	-0.002894549 	-3.6328738e-10 	0
0.8975976 	0 	0.0027936218 	0 	0 	0 	-0.0028937352 	-3.6526054e-10 	0
0.8996997 	0 	0.0027836469 	0 	0 	0 	-0.0028928959 	-3.6563307e-10 	0
0.9018018 	0 	0.0027736721 	0 	0 	0 	-0.0028920566 	-3.660056e-10 	0
0.9039039 	0 	0.0027636972 	0 	0 	0 	-0.0028912172 	-3.6637813e-10 	0
0.90600601 	0 	0.0027537224 	0 	0 	0 	-0.0028903779 	-3.6675065e-10 	0
0.90810811 	0 	0.0027437475 	0 	0 	0 	-0.0028895386 	-3.6712318e-10 	0
0.91021021 	0 	0.0027337727 	0 	0 	0 	-0.0028886993 	-3.6749571e-10 	0
0.91231231 	0 	0.0027237978 	0 	0 	0 	-0.00288786 	-3.6786824e-10 	0
0.91441441 	0 	0.0027138229 	0 	0 	0 	-0.0028870206 	-3.6824076e-10 	0
0.91651652 	0 	0.0027038481 	0 	0 	0 	-0.0028861813 	-3.6861329e-10 	0
0.91861862 	0 	0.0026938732 	0 	0 	0 	-0.002885342 	-3.6898582e-10 	0
0.92072072 	0 	0.0026838984 	0 	0 	0 	-0.0028845027 	-3.6935835e-10 	0
0.92282282 	0 	0.0026739235 	0 	0 	0 	-0.0028836634 	-3.6973087e-10 	0
0.92492492 	0 	0.0026639486 	0 	0 	0 	-0.002882824 	-3.701034e-10 	0
0.92702703 	0 	0.0026539738 	0 	0 	0 	-0.0028819847 	-3.7047593e-10 	0
0.92912913 	0 	0.0026450165 	0 	0 	0 	-0.0028811602 	-3.69855e-10 	0
0.93123123 	0 	0.002636273 	0 	0 	0 	-0.0028803388 	-3.6902537e-10 	0
0.93333333 	0 	0.0026275295 	0 	0 	0 	-0.0028795174 	-3.6819575e-10 	0
0.93543544 	0 	0.002618786 	0 	0 	0 	-0.002878696 	-3.6736612e-10 	0
0.93753754 	0 	0.0026100425 	0 	0 	0 	-0.0028778747 	-3.6653649e-10 	0
0.93963964 	0 	0.0026012989 	0 	0 	0 	-0.0028770533 	-3.6570686e-10 	0
0.94174174 	0 	0.0025925554 	0 	0 	0 	-0.0028762319 	-3.6487724e-10 	0
0.94384384 	0 	0.0025838119 	0 	0 	0 	-0.0028754105 	-3.6404761e-10 	0
0.94594595 	0 	0.0025750684 	0 	0 	0 	-0.0028745891 	-3.6321798e-10 	0
0.94804805 	0 	0.0025663249 	0 	0 	0 	-0.0028737677 	-3.6238836e-10 	0
0.95015015 	0 	0.0025575814 	0 	0 	0 	-0.0028729463 	-3.6155873e-10 	0
0.95225225 	0 	0.0025488379 	0 	0 	0 	-0.0028721249 	-3.607291e-10 	0
0.95435435 	0 	0.0025400943 	0 	0 	0 	-0.0028713035 	-3.5989947e-10 	0
0.95645646 	0 	0.0025313508 	0 	0 	0 	-0.0028704821 	-3.5906985e-10 	0
0.95855856 	0 	0.0025226073 	0 	0 	0 	-0.0028696607 	-3.5824022e-10 	0
0.96066066 	0 	0.0025142757 	0 	0 	0 	-0.0028688553 	-3.5733899e-10 	0
0.96276276 	0 	0.0025065553 	0 	0 	0 	-0.0028680736 	-3.5633154e-10 	0
0.96486486 	0 	0.0024988349 	0 	0 	0 	-0.0028672919 	-3.5532408e-10 	0
0.96696697 	0 	0.0024911145 	0 	0 	0 	-0.0028665102 	-3.5431663e-10 	0
0.96906907 	0 	0.0024833941 	0 	0 	0 	-0.0028657285 	-3.5330917e-10 	0
0.97117117 	0 	0.0024756737 	0 	0 	0 	-0.0028649468 	-3.5230172e-10 	0
0.97327327 	0 	0.0024679533 	0 	0 	0 	-0.0028641651 	-3.5129426e-10 	0
0.97537538 	0 	0.0024602329 	0 	0 	0 	-0.0028633834 	-3.5028681e-10 	0
0.97747748 	0 	0.0024525125 	0 	0 	0 	-0.0028626017 	-3.4927935e-10 	0
0.97957958 	0 	0.0024447921 	0 	0 	0 	-0.00286182 	-3.482719e-10 	0
0.98168168 	0 	0.0024370717 	0 	0 	0 	-0.0028610382 	-3.4726444e-10 	0
0.98378378 	0 	0.0024293513 	0 	0 	0 	-0.0028602565 	-3.4625699e-10 	0
0.98588589 	0 	0.0024216309 	0 	0 	0 	-0.0028594748 	-3.4524953e-10 	0
0.98798799 	0 	0.0024139105 	0 	0 	0 	-0.0028586931 	-3.4424207e-10 	0
0.99009009 	0 	0.0024061901 	0 	0 	0 	-0.0028579114 	-3.4323462e-10 	0
0.99219219 	0 	0.0023984697 	0 	0 	0 	-0.0028571297 	-3.4222716e-10 	0
0.99429429 	0 	0.0023907601 	0 	0 	0 	-0.0028563485 	-3.4122009e-10 	0
0.9963964 	0 	0.0023837599 	0 	0 	0 	-0.0028556008 	-3.4023844e-10 	0
0.9984985 	0 	0.0023767598 	0 	0 	0 	-0.0028548531 	-3.392568e-10 	0
1.0006006 	0 	0.0023697597 	0 	0 	0 	-0.0028541054 	-3.3827515e-10 	0
1.0027027 	0 	0.0023627595 	0 	0 	0 	-0.0028533578 	-3.372935e-10 	0
1.0048048 	0 	0.0023557594 	0 	0 	0 	-0.0028526101 	-3.3631185e-10 	0
1.0069069 	0 	0.0023487593 	0 	0 	0 	-0.0028518624 	-3.353302e-10 	0
1.009009 	0 	0.0023417591 	0 	0 	0 	-0.0028511147 	-3.3434855e-10 	0
1.0111111 	0 	0.002334759 	0 	0 	0 	-0.002850367 	-3.333669e-10 	0
1.0132132 	0 	0.0023277589 	0 	0 	0 	-0.0028496193 	-3.3238525e-10 	0
1.0153153 	0 	0.0023207587 	0 	0 	0 	-0.0028488716 	-3.314036e-10 	0
1.0174174 	0 	0.0023137586 	0 	0 	0 	-0.0028481239 	-3.3042195e-10 	0
1.0195195 	0 	0.0023067585 	0 	0 	0 	-0.0028473763 	-3.294403e-10 	0
1.0216216 	0 	0.0022997583 	0 	0 	0 	-0.0028466286 	-3.2845865e-10 	0
1.0237237 	0 	0.0022927582 	0 	0 	0 	-0.0028458809 	-3.2747701e-10 	0
1.0258258 	0 	0.002285758 	0 	0 	0 	-0.0028451332 	-3.2649536e-10 	0
1.0279279 	0 	0.0022787579 	0 	0 	0 	-0.0028443855 	-3.2551371e-10 	0
1.03003 	0 	0.0022717578 	0 	0 	0 	-0.0028436378 	-3.2453206e-10 	0
1.0321321 	0 	0.002265269 	0 	0 	0 	-0.0028429145 	-3.234921e-10 	0
1.0342342 	0 	0.0022591722 	0 	0 	0 	-0.0028422097 	-3.2240748e-10 	0
1.0363363 	0 	0.0022530753 	0 	0 	0 	-0.002841505 	-3.2132285e-10 	0
1.0384384 	0 	0.0022469784 	0 	0 	0 	-0.0028408003 	-3.2023822e-10 	0
1.0405405 	0 	0.0022408815 	0 	0 	0 	-0.0028400955 	-3.191536e-10 	0
1.0426426 	0 	0.0022347846 	0 	0 	0 	-0.0028393908 	-3.1806897e-10 	0
1.0447447 	0 	0.0022286877 	0 	0 	0 	-0.0028386861 	-3.1698434e-10 	0
1.0468468 	0 	0.0022225908 	0 	0 	0 	-0.0028379813 	-3.1589971e-10 	0
1.0489489 	0 	0.0022164939 	0 	0 	0 	-0.0028372766 	-3.1481509e-10 	0
1.0510511 	0 	0.002210397 	0 	0 	0 	-0.0028365719 	-3.1373046e-10 	0
1.0531532 	0 	0.0022043002 	0 	0 	0 	-0.0028358671 	-3.1264583e-10 	0
1.0552553 	0 	0.0021982033 	0 	0 	0 	-0.0028351624 	-3.1156121e-10 	0
1.0573574 	0 	0.0021921064 	0 	0 	0 	-0.0028344577 	-3.1047658e-10 	0
1.0594595 	0 	0.0021860095 	0 	0 	0 	-0.0028337529 	-3.0939195e-10 	0
1.0615616 	0 	0.0021799126 	0 	0 	0 	-0.0028330482 	-3.0830733e-10 	0
1.0636637 	0 	0.0021738157 	0 	0 	0 	-0.0028323435 	-3.072227e-10 	0
1.0657658 	0 	0.0021677188 	0 	0 	0 	-0.0028316387 	-3.0613807e-10 	0
1.0678679 	0 	0.0021616219 	0 	0 	0 	-0.002830934 	-3.0505344e-10 	0
1.06997 	0 	0.002155525 	0 	0 	0 	-0.0028302293 	-3.0396882e-10 	0
1.0720721 	0 	0.0021504138 	0 	0 	0 	-0.0028295766 	-3.0350996e-10 	0
1.0741742 	0 	0.0021453592 	0 	0 	0 	-0.002828927 	-3.03087e-10 	0
1.0762763 	0 	0.0021403045 	0 	0 	0 	-0.0028282773 	-3.0266405e-10 	0
1.0783784 	0 	0.0021352499 	0 	0 	0 	-0.0028276277 	-3.0224109e-10 	0
1.0804805 	0 	0.0021301952 	0 	0 	0 	-0.0028269781 	-3.0181814e-10 	0
1.0825826 	0 	0.0021251406 	0 	0 	0 	-0.0028263284 	-3.0139518e-10 	0
1.0846847 	0 	0.0021200859 	0 	0 	0 	-0.0028256788 	-3.0097223e-10 	0
1.0867868 	0 	0.0021150313 	0 	0 	0 	-0.0028250291 	-3.0054928e-10 	0
1.0888889 	0 	0.0021099766 	0 	0 	0 	-0.0028243795 	-3.0012632e-10 	0
1.090991 	0 	0.002104922 	0 	0 	0 	-0.0028237298 	-2.9970337e-10 	0
1.0930931 	0 	0.0020998673 	0 	0 	0 	-0.0028230802 	-2.9928041e-10 	0
1.0951952 	0 	0.0020948127 	0 	0 	0 	-0.0028224305 	-2.9885746e-10 	0
1.0972973 	0 	0.002089758 	0 	0 	0 	-0.0028217809 	-2.9843451e-10 	0
1.0993994 	0 	0.0020847034 	0 	0 	0 	-0.0028211313 	-2.9801155e-10 	0
1.1015015 	0 	0.0020796487 	0 	0 	0 	-0.0028204816 	-2.975886e-10 	0
1.1036036 	0 	0.0020745941 	0 	0 	0 	-0.002819832 	-2.9716564e-10 	0
1.1057057 	0 	0.0020695394 	0 	0 	0 	-0.0028191823 	-2.9674269e-10 	0
1.1078078 	0 	0.0020644848 	0 	0 	0 	-0.0028185327 	-2.9631973e-10 	0
1.1099099 	0 	0.0020594301 	0 	0 	0 	-0.002817883 	-2.9589678e-10 	0
1.112012 	0 	0.0020543784 	0 	0 	0 	-0.002817233 	-2.9551616e-10 	0
1.1141141 	0 	0.002049433 	0 	0 	0 	-0.0028165702 	-2.9666007e-10 	0
1.1162162 	0 	0.0020444876 	0 	0 	0 	-0.0028159074 	-2.9780398e-10 	0
1.1183183 	0 	0.0020395421 	0 	0 	0 	-0.0028152446 	-2.989479e-10 	0
1.1204204 	0 	0.0020345967 	0 	0 	0 	-0.0028145817 	-3.0009181e-10 	0
1.1225225 	0 	0.0020296513 	0 	0 	0 	-0.0028139189 	-3.0123572e-10 	0
1.1246246 	0 	0.0020247058 	0 	0 	0 	-0.0028132561 	-3.0237964e-10 	0
1.1267267 	0 	0.0020197604 	0 	0 	0 	-0.0028125932 	-3.0352355e-10 	0
1.1288288 	0 	0.002014815 	0 	0 	0 	-0.0028119304 	-3.0466746e-10 	0
1.1309309 	0 	0.0020098695 	0 	0 	0 	-0.0028112676 	-3.0581138e-10 	0
1.133033 	0 	0.0020049241 	0 	0 	0 	-0.0028106047 	-3.0695529e-10 	0
1.1351351 	0 	0.0019999787 	0 	0 	0 	-0.0028099419 	-3.080992e-10 	0
1.1372372 	0 	0.0019950332 	0 	0 	0 	-0.0028092791 	-3.0924312e-10 	0
1.1393393 	0 	0.0019900878 	0 	0 	0 	-0.0028086163 	-3.1038703e-10 	0
1.1414414 	0 	0.0019851424 	0 	0 	0 	-0.0028079534 	-3.1153094e-10 	0
1.1435435 	0 	0.0019801969 	0 	0 	0 	-0.0028072906 	-3.1267486e-10 	0
1.1456456 	0 	0.0019752515 	0 	0 	0 	-0.0028066278 	-3.1381877e-10 	0
1.1477477 	0 	0.0019703061 	0 	0 	0 	-0.0028059649 	-3.1496268e-10 	0
1.1498498 	0 	0.0019653606 	0 	0 	0 	-0.0028053021 	-3.161066e-10 	0
1.151952 	0 	0.0019604152 	0 	0 	0 	-0.0028046393 	-3.1725051e-10 	0
1.1540541 	0 	0.0019554698 	0 	0 	0 	-0.0028039765 	-3.1839442e-10 	0
1.1561562 	0 	0.0019500297 	0 	0 	0 	-0.0028032555 	-3.2028644e-10 	0
1.1582583 	0 	0.0019442474 	0 	0 	0 	-0.0028024942 	-3.2269605e-10 	0
1.1603604 	0 	0.001938465 	0 	0 	0 	-0.002801733 	-3.2510565e-10 	0
1.1624625 	0 	0.0019326827 	0 	0 	0 	-0.0028009717 	-3.2751526e-10 	0
1.1645646 	0 	0.0019269004 	0 	0 	0 	-0.0028002105 	-3.2992487e-10 	0
1.1666667 	0 	0.001921118 	0 	0 	0 	-0.0027994492 	-3.3233448e-10 	0
1.1687688 	0 	0.0019153357 	0 	0 	0 	-0.002798688 	-3.3474409e-10 	0
1.1708709 	0 	0.0019095534 	0 	0 	0 	-0.0027979267 	-3.3715369e-10 	0
1.172973 	0 	0.001903771 	0 	0 	0 	-0.0027971655 	-3.395633e-10 	0
1.1750751 	0 	0.0018979887 	0 	0 	0 	-0.0027964042 	-3.4197291e-10 	0
1.1771772 	0 	0.0018922064 	0 	0 	0 	-0.002795643 	-3.4438252e-10 	0
1.1792793 	0 	0.001886424 	0 	0 	0 	-0.0027948817 	-3.4679213e-10 	0
1.1813814 	0 	0.0018806417 	0 	0 	0 	-0.0027941205 	-3.4920174e-10 	0
1.1834835 	0 	0.0018748594 	0 	0 	0 	-0.0027933592 	-3.5161134e-10 	0
1.1855856 	0 	0.0018690771 	0 	0 	0 	-0.002792598 	-3.5402095e-10 	0
1.1876877 	0 	0.0018632947 	0 	0 	0 	-0.0027918367 	-3.5643056e-10 	0
1.1897898 	0 	0.0018575124 	0 	0 	0 	-0.0027910755 	-3.5884017e-10 	0
1.1918919 	0 	0.0018517301 	0 	0 	0 	-0.0027903142 	-3.6124978e-10 	0
1.193994 	0 	0.0018459477 	0 	0 	0 	-0.002789553 	-3.6365938e-10 	0
1.1960961 	0 	0.0018401654 	0 	0 	0 	-0.0027887917 	-3.6606899e-10 	0
1.1981982 	0 	0.0018342447 	0 	0 	0 	-0.0027880109 	-3.684739e-10 	0
1.2003003 	0 	0.0018275701 	0 	0 	0 	-0.0027871235 	-3.7085322e-10 	0
1.2024024 	0 	0.0018208954 	0 	0 	0 	-0.0027862362 	-3.7323253e-10 	0
1.2045045 	0 	0.0018142208 	0 	0 	0 	-0.0027853488 	-3.7561184e-10 	0
1.2066066 	0 	0.0018075462 	0 	0 	0 	-0.0027844614 	-3.7799116e-10 	0
1.2087087 	0 	0.0018008716 	0 	0 	0 	-0.0027835741 	-3.8037047e-10 	0
1.2108108 	0 	0.001794197 	0 	0 	0 	-0.0027826867 	-3.8274978e-10 	0
1.2129129 	0 	0.0017875224 	0 	0 	0 	-0.0027817993 	-3.851291e-10 	0
1.215015 	0 	0.0017808477 	0 	0 	0 	-0.002780912 	-3.8750841e-10 	0
1.2171171 	0 	0.0017741731 	0 	0 	0 	-0.0027800246 	-3.8988772e-10 	0
1.2192192 	0 	0.0017674985 	0 	0 	0 	-0.0027791372 	-3.9226704e-10 	0
1.2213213 	0 	0.0017608239 	0 	0 	0 	-0.0027782498 	-3.9464635e-10 	0
1.2234234 	0 	0.0017541493 	0 	0 	0 	-0.0027773625 	-3.9702566e-10 	0
1.2255255 	0 	0.0017474747 	0 	0 	0 	-0.0027764751 	-3.9940498e-10 	0
1.2276276 	0 	0.0017408 	0 	0 	0 	-0.0027755877 	-4.0178429e-10 	0
1.2297297 	0 	0.0017341254 	0 	0 	0 	-0.0027747004 	-4.0416361e-10 	0
1.2318318 	0 	0.0017274508 	0 	0 	0 	-0.002773813 	-4.0654292e-10 	0
1.2339339 	0 	0.0017207762 	0 	0 	0 	-0.0027729256 	-4.0892223e-10 	0
1.236036 	0 	0.0017141016 	0 	0 	0 	-0.0027720382 	-4.1130155e-10 	0
1.2381381 	0 	0.001707427 	0 	0 	0 	-0.0027711509 	-4.1368086e-10 	0
1.2402402 	0 	0.0017007523 	0 	0 	0 	-0.0027702635 	-4.1606017e-10 	0
1.2423423 	0 	0.0016937884 	0 	0 	0 	-0.0027693103 	-4.1768655e-10 	0
1.2444444 	0 	0.0016867114 	0 	0 	0 	-0.0027683313 	-4.1901888e-10 	0
1.2465465 	0 	0.0016796344 	0 	0 	0 	-0.0027673524 	-4.2035121e-10 	0
1.2486486 	0 	0.0016725574 	0 	0 	0 	-0.0027663734 	-4.2168354e-10 	0
1.2507508 	0 	0.0016654804 	0 	0 	0 	-0.0027653945 	-4.2301587e-10 	0
1.2528529 	0 	0.0016584034 	0 	0 	0 	-0.0027644155 	-4.243482e-10 	0
1.254955 	0 	0.0016513264 	0 	0 	0 	-0.0027634365 	-4.2568053e-10 	0
1.2570571 	0 	0.0016442494 	0 	0 	0 	-0.0027624576 	-4.2701286e-10 	0
1.2591592 	0 	0.0016371724 	0 	0 	0 	-0.0027614786 	-4.2834518e-10 	0
1.2612613 	0 	0.0016300954 	0 	0 	0 	-0.0027604997 	-4.2967751e-10 	0
1.2633634 	0 	0.0016230184 	0 	0 	0 	-0.0027595207 	-4.3100984e-10 	0
1.2654655 	0 	0.0016159414 	0 	0 	0 	-0.0027585418 	-4.3234217e-10 	0
1.2675676 	0 	0.0016088644 	0 	0 	0 	-0.0027575628 	-4.336745e-10 	0
1.2696697 	0 	0.0016017874 	0 	0 	0 	-0.0027565839 	-4.3500683e-10 	0
1.2717718 	0 	0.0015947104 	0 	0 	0 	-0.0027556049 	-4.3633916e-10 	0
1.2738739 	0 	0.0015876334 	0 	0 	0 	-0.002754626 	-4.3767149e-10 	0
1.275976 	0 	0.0015805564 	0 	0 	0 	-0.002753647 	-4.3900382e-10 	0
1.2780781 	0 	0.0015734794 	0 	0 	0 	-0.0027526681 	-4.4033614e-10 	0
1.2801802 	0 	0.0015664024 	0 	0 	0 	-0.0027516891 	-4.4166847e-10 	0
1.2822823 	0 	0.0015593254 	0 	0 	0 	-0.0027507101 	-4.430008e-10 	0
1.2843844 	0 	0.0015522609 	0 	0 	0 	-0.0027497226 	-4.4398947e-10 	0
1.2864865 	0 	0.0015452282 	0 	0 	0 	-0.0027487133 	-4.4410825e-10 	0
1.2885886 	0 	0.0015381955 	0 	0 	0 	-0.0027477041 	-4.4422703e-10 	0
1.2906907 	0 	0.0015311628 	0 	0 	0 	-0.0027466948 	-4.4434581e-10 	0
1.2927928 	0 	0.0015241301 	0 	0 	0 	-0.0027456855 	-4.4446459e-10 	0
1.2948949 	0 	0.0015170975 	0 	0 	0 	-0.0027446763 	-4.4458337e-10 	0
1.296997 	0 	0.0015100648 	0 	0 	0 	-0.002743667 	-4.4470215e-10 	0
1.2990991 	0 	0.0015030321 	0 	0 	0 	-0.0027426577 	-4.4482093e-10 	0
1.3012012 	0 	0.0014959994 	0 	0 	0 	-0.0027416484 	-4.449397e-10 	0
1.3033033 	0 	0.0014889667 	0 	0 	0 	-0.0027406392 	-4.4505848e-10 	0
1.3054054 	0 	0.001481934 	0 	0 	0 	-0.0027396299 	-4.4517726e-10 	0
1.3075075 	0 	0.0014749013 	0 	0 	0 	-0.0027386206 	-4.4529604e-10 	0
1.3096096 	0 	0.0014678686 	0 	0 	0 	-0.0027376114 	-4.4541482e-10 	0
1.3117117 	0 	0.0014608359 	0 	0 	0 	-0.0027366021 	-4.455336e-10 	0
1.3138138 	0 	0.0014538032 	0 	0 	0 	-0.0027355928 	-4.4565238e-10 	0
1.3159159 	0 	0.0014467705 	0 	0 	0 	-0.0027345835 	-4.4577116e-10 	0
1.318018 	0 	0.0014397378 	0 	0 	0 	-0.0027335743 	-4.4588994e-10 	0
1.3201201 	0 	0.0014327051 	0 	0 	0 	-0.002732565 	-4.4600872e-10 	0
1.3222222 	0 	0.0014256724 	0 	0 	0 	-0.0027315557 	-4.461275e-10 	0
1.3243243 	0 	0.0014186397 	0 	0 	0 	-0.0027305465 	-4.4624628e-10 	0
1.3264264 	0 	0.001411607 	0 	0 	0 	-0.0027295372 	-4.4636506e-10 	0
1.3285285 	0 	0.0014048041 	0 	0 	0 	-0.0027285444 	-4.4576479e-10 	0
1.3306306 	0 	0.0013980427 	0 	0 	0 	-0.0027275546 	-4.4503487e-10 	0
1.3327327 	0 	0.0013912812 	0 	0 	0 	-0.0027265648 	-4.4430495e-10 	0
1.3348348 	0 	0.0013845197 	0 	0 	0 	-0.002725575 	-4.4357502e-10 	0
1.3369369 	0 	0.0013777582 	0 	0 	0 	-0.0027245851 	-4.428451e-10 	0
1.339039 	0 	0.0013709968 	0 	0 	0 	-0.0027235953 	-4.4211518e-10 	0
1.3411411 	0 	0.0013642353 	0 	0 	0 	-0.0027226055 	-4.4138526e-10 	0
1.3432432 	0 	0.0013574738 	0 	0 	0 	-0.0027216157 	-4.4065533e-10 	0
1.3453453 	0 	0.0013507123 	0 	0 	0 	-0.0027206259 	-4.3992541e-10 	0
1.3474474 	0 	0.0013439509 	0 	0 	0 	-0.0027196361 	-4.3919549e-10 	0
1.3495495 	0 	0.0013371894 	0 	0 	0 	-0.0027186463 	-4.3846556e-10 	0
1.3516517 	0 	0.0013304279 	0 	0 	0 	-0.0027176564 	-4.3773564e-10 	0
1.3537538 	0 	0.0013236664 	0 	0 	0 	-0.0027166666 	-4.3700572e-10 	0
1.3558559 	0 	0.001316905 	0 	0 	0 	-0.0027156768 	-4.362758e-10 	0
1.357958 	0 	0.0013101435 	0 	0 	0 	-0.002714687 	-4.3554587e-10 	0
1.3600601 	0 	0.001303382 	0 	0 	0 	-0.0027136972 	-4.3481595e-10 	0
1.3621622 	0 	0.0012966205 	0 	0 	0 	-0.0027127074 	-4.3408603e-10 	0
1.3642643 	0 	0.001289859 	0 	0 	0 	-0.0027117175 	-4.333561e-10 	0
1.3663664 	0 	0.0012830976 	0 	0 	0 	-0.0027107277 	-4.3262618e-10 	0
1.3684685 	0 	0.0012763361 	0 	0 	0 	-0.0027097379 	-4.3189626e-10 	0
1.3705706 	0 	0.0012697512 	0 	0 	0 	-0.0027087676 	-4.3098321e-10 	0
1.3726727 	0 	0.0012634192 	0 	0 	0 	-0.0027078251 	-4.2980803e-10 	0
1.3747748 	0 	0.0012570871 	0 	0 	0 	-0.0027068826 	-4.2863284e-10 	0
1.3768769 	0 	0.001250755 	0 	0 	0 	-0.0027059402 	-4.2745766e-10 	0
1.378979 	0 	0.001244423 	0 	0 	0 	-0.0027049977 	-4.2628248e-10 	0
1.3810811 	0 	0.0012380909 	0 	0 	0 	-0.0027040552 	-4.2510729e-10 	0
1.3831832 	0 	0.0012317588 	0 	0 	0 	-0.0027031128 	-4.2393211e-10 	0
1.3852853 	0 	0.0012254267 	0 	0 	0 	-0.0027021703 	-4.2275693e-10 	0
1.3873874 	0 	0.0012190947 	0 	0 	0 	-0.0027012278 	-4.2158174e-10 	0
1.3894895 	0 	0.0012127626 	0 	0 	0 	-0.0027002854 	-4.2040656e-10 	0
1.3915916 	0 	0.0012064305 	0 	0 	0 	-0.0026993429 	-4.1923138e-10 	0
1.3936937 	0 	0.0012000985 	0 	0 	0 	-0.0026984004 	-4.1805619e-10 	0
1.3957958 	0 	0.0011937664 	0 	0 	0 	-0.0026974579 	-4.1688101e-10 	0
1.3978979 	0 	0.0011874343 	0 	0 	0 	-0.0026965155 	-4.1570583e-10 	0
1.4 	0 	0.0011811023 	0 	0 	0 	-0.002695573 	-4.1453064e-10 	0
1.4021021 	0 	0.0011747702 	0 	0 	0 	-0.0026946305 	-4.1335546e-10 	0
1.4042042 	0 	0.0011684381 	0 	0 	0 	-0.0026936881 	-4.1218028e-10 	0
1.4063063 	0 	0.0011621061 	0 	0 	0 	-0.0026927456 	-4.1100509e-10 	0
1.4084084 	0 	0.001155774 	0 	0 	0 	-0.0026918031 	-4.0982991e-10 	0
1.4105105 	0 	0.0011494419 	0 	0 	0 	-0.0026908607 	-4.0865473e-10 	0
1.4126126 	0 	0.0011431099 	0 	0 	0 	-0.0026899182 	-4.0747954e-10 	0
1.4147147 	0 	0.0011372715 	0 	0 	0 	-0.0026890344 	-4.0612337e-10 	0
1.4168168 	0 	0.0011314455 	0 	0 	0 	-0.0026881522 	-4.0476261e-10 	0
1.4189189 	0 	0.0011256196 	0 	0 	0 	-0.0026872699 	-4.0340185e-10 	0
1.421021 	0 	0.0011197937 	0 	0 	0 	-0.0026863876 	-4.0204109e-10 	0
1.4231231 	0 	0.0011139678 	0 	0 	0 	-0.0026855054 	-4.0068034e-10 	0
1.4252252 	0 	0.0011081419 	0 	0 	0 	-0.0026846231 	-3.9931958e-10 	0
1.4273273 	0 	0.0011023159 	0 	0 	0 	-0.0026837408 	-3.9795882e-10 	0
1.4294294 	0 	0.00109649 	0 	0 	0 	-0.0026828585 	-3.9659807e-10 	0
1.4315315 	0 	0.0010906641 	0 	0 	0 	-0.0026819763 	-3.9523731e-10 	0
1.4336336 	0 	0.0010848382 	0 	0 	0 	-0.002681094 	-3.9387655e-10 	0
1.4357357 	0 	0.0010790123 	0 	0 	0 	-0.0026802117 	-3.925158e-10 	0
1.4378378 	0 	0.0010731864 	0 	0 	0 	-0.0026793295 	-3.9115504e-10 	0
1.4399399 	0 	0.0010673604 	0 	0 	0 	-0.0026784472 	-3.8979428e-10 	0
1.442042 	0 	0.0010615345 	0 	0 	0 	-0.0026775649 	-3.8843352e-10 	0
1.4441441 	0 	0.0010557086 	0 	0 	0 	-0.0026766826 	-3.8707277e-10 	0
1.4462462 	0 	0.0010498827 	0 	0 	0 	-0.0026758004 	-3.8571201e-10 	0
1.4483483 	0 	0.0010440568 	0 	0 	0 	-0.0026749181 	-3.8435125e-10 	0
1.4504505 	0 	0.0010382308 	0 	0 	0 	-0.0026740358 	-3.829905e-10 	0
1.4525526 	0 	0.0010324049 	0 	0 	0 	-0.0026731536 	-3.8162974e-10 	0
1.4546547 	0 	0.001026579 	0 	0 	0 	-0.0026722713 	-3.8026898e-10 	0
1.4567568 	0 	0.0010210184 	0 	0 	0 	-0.0026714237 	-3.7888307e-10 	0
1.4588589 	0 	0.0010156843 	0 	0 	0 	-0.0026706058 	-3.7747568e-10 	0
1.460961 	0 	0.0010103502 	0 	0 	0 	-0.0026697878 	-3.760683e-10 	0
1.4630631 	0 	0.0010050162 	0 	0 	0 	-0.0026689699 	-3.7466091e-10 	0
1.4651652 	0 	0.00099968211 	0 	0 	0 	-0.0026681519 	-3.7325352e-10 	0
1.4672673 	0 	0.00099434805 	0 	0 	0 	-0.002667334 	-3.7184613e-10 	0
1.4693694 	0 	0.00098901398 	0 	0 	0 	-0.002666516 	-3.7043874e-10 	0
1.4714715 	0 	0.00098367992 	0 	0 	0 	-0.0026656981 	-3.6903135e-10 	0
1.4735736 	0 	0.00097834586 	0 	0 	0 	-0.0026648801 	-3.6762396e-10 	0
1.4756757 	0 	0.00097301179 	0 	0 	0 	-0.0026640622 	-3.6621657e-10 	0
1.4777778 	0 	0.00096767773 	0 	0 	0 	-0.0026632442 	-3.6480918e-10 	0
1.4798799 	0 	0.00096234366 	0 	0 	0 	-0.0026624263 	-3.6340179e-10 	0
1.481982 	0 	0.0009570096 	0 	0 	0 	-0.0026616083 	-3.619944e-10 	0
1.4840841 	0 	0.00095167554 	0 	0 	0 	-0.0026607904 	-3.6058701e-10 	0
1.4861862 	0 	0.00094634147 	0 	0 	0 	-0.0026599724 	-3.5917962e-10 	0
1.4882883 	0 	0.00094100741 	0 	0 	0 	-0.0026591545 	-3.5777223e-10 	0
1.4903904 	0 	0.00093567334 	0 	0 	0 	-0.0026583366 	-3.5636484e-10 	0
1.4924925 	0 	0.00093033928 	0 	0 	0 	-0.0026575186 	-3.5495745e-10 	0
1.4945946 	0 	0.00092500521 	0 	0 	0 	-0.0026567007 	-3.5355006e-10 	0
1.4966967 	0 	0.00091967115 	0 	0 	0 	-0.0026558827 	-3.5214267e-10 	0
1.4987988 	0 	0.00091437873 	0 	0 	0 	-0.0026550714 	-3.5073857e-10 	0
1.5009009 	0 	0.0009094474 	0 	0 	0 	-0.0026543179 	-3.493629e-10 	0
1.503003 	0 	0.00090451606 	0 	0 	0 	-0.0026535645 	-3.4798724e-10 	0
1.5051051 	0 	0.00089958473 	0 	0 	0 	-0.002652811 	-3.4661158e-10 	0
1.5072072 	0 	0.0008946534 	0 	0 	0 	-0.0026520575 	-3.4523592e-10 	0
1.5093093 	0 	0.00088972207 	0 	0 	0 	-0.002651304 	-3.4386026e-10 	0
1.5114114 	0 	0.00088479073 	0 	0 	0 	-0.0026505505 	-3.4248459e-10 	0
1.5135135 	0 	0.0008798594 	0 	0 	0 	-0.002649797 	-3.4110893e-10 	0
1.5156156 	0 	0.00087492807 	0 	0 	0 	-0.0026490435 	-3.3973327e-10 	0
1.5177177 	0 	0.00086999674 	0 	0 	0 	-0.00264829 	-3.3835761e-10 	0
1.5198198 	0 	0.0008650654 	0 	0 	0 	-0.0026475366 	-3.3698195e-10 	0
1.5219219 	0 	0.00086013407 	0 	0 	0 	-0.0026467831 	-3.3560629e-10 	0
1.524024 	0 	0.00085520274 	0 	0 	0 	-0.0026460296 	-3.3423062e-10 	0
1.5261261 	0 	0.00085027141 	0 	0 	0 	-0.0026452761 	-3.3285496e-10 	0
1.5282282 	0 	0.00084534007 	0 	0 	0 	-0.0026445226 	-3.314793e-10 	0
1.5303303 	0 	0.00084040874 	0 	0 	0 	-0.0026437691 	-3.3010364e-10 	0
1.5324324 	0 	0.00083547741 	0 	0 	0 	-0.0026430156 	-3.2872798e-10 	0
1.5345345 	0 	0.00083054608 	0 	0 	0 	-0.0026422622 	-3.2735231e-10 	0
1.5366366 	0 	0.00082561474 	0 	0 	0 	-0.0026415087 	-3.2597665e-10 	0
1.5387387 	0 	0.00082068341 	0 	0 	0 	-0.0026407552 	-3.2460099e-10 	0
1.5408408 	0 	0.00081575208 	0 	0 	0 	-0.0026400017 	-3.2322533e-10 	0
1.5429429 	0 	0.00081102335 	0 	0 	0 	-0.0026392892 	-3.2191114e-10 	0
1.545045 	0 	0.00080639557 	0 	0 	0 	-0.0026385971 	-3.2062757e-10 	0
1.5471471 	0 	0.00080176778 	0 	0 	0 	-0.0026379051 	-3.19344e-10 	0
1.5492492 	0 	0.00079714 	0 	0 	0 	-0.002637213 	-3.1806044e-10 	0
1.5513514 	0 	0.00079251221 	0 	0 	0 	-0.0026365209 	-3.1677687e-10 	0
1.5534535 	0 	0.00078788443 	0 	0 	0 	-0.0026358289 	-3.1549331e-10 	0
1.5555556 	0 	0.00078325665 	0 	0 	0 	-0.0026351368 	-3.1420974e-10 	0
1.5576577 	0 	0.00077862886 	0 	0 	0 	-0.0026344447 	-3.1292618e-10 	0
1.5597598 	0 	0.00077400108 	0 	0 	0 	-0.0026337527 	-3.1164261e-10 	0
1.5618619 	0 	0.0007693733 	0 	0 	0 	-0.0026330606 	-3.1035905e-10 	0
1.563964 	0 	0.00076474551 	0 	0 	0 	-0.0026323685 	-3.0907548e-10 	0
1.5660661 	0 	0.00076011773 	0 	0 	0 	-0.0026316765 	-3.0779191e-10 	0
1.5681682 	0 	0.00075548994 	0 	0 	0 	-0.0026309844 	-3.0650835e-10 	0
1.5702703 	0 	0.00075086216 	0 	0 	0 	-0.0026302923 	-3.0522478e-10 	0
1.5723724 	0 	0.00074623438 	0 	0 	0 	-0.0026296003 	-3.0394122e-10 	0
1.5744745 	0 	0.00074160659 	0 	0 	0 	-0.0026289082 	-3.0265765e-10 	0
1.5765766 	0 	0.00073697881 	0 	0 	0 	-0.0026282161 	-3.0137409e-10 	0
1.5786787 	0 	0.00073235103 	0 	0 	0 	-0.0026275241 	-3.0009052e-10 	0
1.5807808 	0 	0.00072772324 	0 	0 	0 	-0.002626832 	-2.9880695e-10 	0
1.5828829 	0 	0.00072309546 	0 	0 	0 	-0.0026261399 	-2.9752339e-10 	0
1.584985 	0 	0.00071853602 	0 	0 	0 	-0.0026254608 	-2.9626406e-10 	0
1.5870871 	0 	0.00071420347 	0 	0 	0 	-0.0026248248 	-2.950852e-10 	0
1.5891892 	0 	0.00070987092 	0 	0 	0 	-0.0026241888 	-2.9390634e-10 	0
1.5912913 	0 	0.00070553837 	0 	0 	0 	-0.0026235528 	-2.9272749e-10 	0
1.5933934 	0 	0.00070120582 	0 	0 	0 	-0.0026229167 	-2.9154863e-10 	0
1.5954955 	0 	0.00069687327 	0 	0 	0 	-0.0026222807 	-2.9036977e-10 	0
1.5975976 	0 	0.00069254072 	0 	0 	0 	-0.0026216447 	-2.8919091e-10 	0
1.5996997 	0 	0.00068820817 	0 	0 	0 	-0.0026210087 	-2.8801205e-10 	0
1.6018018 	0 	0.00068387562 	0 	0 	0 	-0.0026203726 	-2.8683319e-10 	0
1.6039039 	0 	0.00067954307 	0 	0 	0 	-0.0026197366 	-2.8565434e-10 	0
1.606006 	0 	0.00067521052 	0 	0 	0 	-0.0026191006 	-2.8447548e-10 	0
1.6081081 	0 	0.00067087797 	0 	0 	0 	-0.0026184645 	-2.8329662e-10 	0
1.6102102 	0 	0.00066654542 	0 	0 	0 	-0.0026178285 	-2.8211776e-10 	0
1.6123123 	0 	0.00066221287 	0 	0 	0 	-0.0026171925 	-2.809389e-10 	0
1.6144144 	0 	0.00065788032 	0 	0 	0 	-0.0026165565 	-2.7976004e-10 	0
1.6165165 	0 	0.00065354777 	0 	0 	0 	-0.0026159204 	-2.7858119e-10 	0
1.6186186 	0 	0.00064921522 	0 	0 	0 	-0.0026152844 	-2.7740233e-10 	0
1.6207207 	0 	0.00064488267 	0 	0 	0 	-0.0026146484 	-2.7622347e-10 	0
1.6228228 	0 	0.00064055012 	0 	0 	0 	-0.0026140124 	-2.7504461e-10 	0
1.6249249 	0 	0.00063621757 	0 	0 	0 	-0.0026133763 	-2.7386575e-10 	0
1.627027 	0 	0.00063188502 	0 	0 	0 	-0.0026127403 	-2.7268689e-10 	0
1.6291291 	0 	0.00062780099 	0 	0 	0 	-0.0026121455 	-2.7157345e-10 	0
1.6312312 	0 	0.00062378084 	0 	0 	0 	-0.0026115613 	-2.7047681e-10 	0
1.6333333 	0 	0.00061976068 	0 	0 	0 	-0.0026109772 	-2.6938018e-10 	0
1.6354354 	0 	0.00061574053 	0 	0 	0 	-0.002610393 	-2.6828354e-10 	0
1.6375375 	0 	0.00061172037 	0 	0 	0 	-0.0026098088 	-2.6718691e-10 	0
1.6396396 	0 	0.00060770021 	0 	0 	0 	-0.0026092246 	-2.6609027e-10 	0
1.6417417 	0 	0.00060368006 	0 	0 	0 	-0.0026086404 	-2.6499364e-10 	0
1.6438438 	0 	0.0005996599 	0 	0 	0 	-0.0026080562 	-2.63897e-10 	0
1.6459459 	0 	0.00059563975 	0 	0 	0 	-0.002607472 	-2.6280037e-10 	0
1.648048 	0 	0.00059161959 	0 	0 	0 	-0.0026068878 	-2.6170373e-10 	0
1.6501502 	0 	0.00058759944 	0 	0 	0 	-0.0026063037 	-2.606071e-10 	0
1.6522523 	0 	0.00058357928 	0 	0 	0 	-0.0026057195 	-2.5951046e-10 	0
1.6543544 	0 	0.00057955913 	0 	0 	0 	-0.0026051353 	-2.5841383e-10 	0
1.6564565 	0 	0.00057553897 	0 	0 	0 	-0.0026045511 	-2.5731719e-10 	0
1.6585586 	0 	0.00057151881 	0 	0 	0 	-0.0026039669 	-2.5622056e-10 	0
1.6606607 	0 	0.00056749866 	0 	0 	0 	-0.0026033827 	-2.5512392e-10 	0
1.6627628 	0 	0.0005634785 	0 	0 	0 	-0.0026027985 	-2.5402729e-10 	0
1.6648649 	0 	0.00055945835 	0 	0 	0 	-0.0026022144 	-2.5293065e-10 	0
1.666967 	0 	0.00055543819 	0 	0 	0 	-0.0026016302 	-2.5183402e-10 	0
1.6690691 	0 	0.00055141804 	0 	0 	0 	-0.002601046 	-2.5073738e-10 	0
1.6711712 	0 	0.00054750732 	0 	0 	0 	-0.0026004792 	-2.4966708e-10 	0
1.6732733 	0 	0.00054379152 	0 	0 	0 	-0.0025999436 	-2.4864368e-10 	0
1.6753754 	0 	0.00054007572 	0 	0 	0 	-0.0025994079 	-2.4762027e-10 	0
1.6774775 	0 	0.00053635992 	0 	0 	0 	-0.0025988722 	-2.4659687e-10 	0
1.6795796 	0 	0.00053264412 	0 	0 	0 	-0.0025983365 	-2.4557347e-10 	0
1.6816817 	0 	0.00052892832 	0 	0 	0 	-0.0025978009 	-2.4455006e-10 	0
1.6837838 	0 	0.00052521252 	0 	0 	0 	-0.0025972652 	-2.4352666e-10 	0
1.6858859 	0 	0.00052149672 	0 	0 	0 	-0.0025967295 	-2.4250325e-10 	0
1.687988 	0 	0.00051778092 	0 	0 	0 	-0.0025961939 	-2.4147985e-10 	0
1.6900901 	0 	0.00051406512 	0 	0 	0 	-0.0025956582 	-2.4045645e-10 	0
1.6921922 	0 	0.00051034932 	0 	0 	0 	-0.0025951225 	-2.3943304e-10 	0
1.6942943 	0 	0.00050663352 	0 	0 	0 	-0.0025945868 	-2.3840964e-10 	0
1.6963964 	0 	0.00050291772 	0 	0 	0 	-0.0025940512 	-2.3738624e-10 	0
1.6984985 	0 	0.00049920192 	0 	0 	0 	-0.0025935155 	-2.3636283e-10 	0
1.7006006 	0 	0.00049548613 	0 	0 	0 	-0.0025929798 	-2.3533943e-10 	0
1.7027027 	0 	0.00049177033 	0 	0 	0 	-0.0025924442 	-2.3431602e-10 	0
1.7048048 	0 	0.00048805453 	0 	0 	0 	-0.0025919085 	-2.3329262e-10 	0
1.7069069 	0 	0.00048433873 	0 	0 	0 	-0.0025913728 	-2.3226922e-10 	0
1.709009 	0 	0.00048062293 	0 	0 	0 	-0.0025908371 	-2.3124581e-10 	0
1.7111111 	0 	0.00047690713 	0 	0 	0 	-0.0025903015 	-2.3022241e-10 	0
1.7132132 	0 	0.00047319133 	0 	0 	0 	-0.0025897658 	-2.2919901e-10 	0
1.7153153 	0 	0.00046974943 	0 	0 	0 	-0.0025892718 	-2.2825031e-10 	0
1.7174174 	0 	0.00046633018 	0 	0 	0 	-0.0025887813 	-2.273078e-10 	0
1.7195195 	0 	0.00046291094 	0 	0 	0 	-0.0025882908 	-2.2636528e-10 	0
1.7216216 	0 	0.00045949169 	0 	0 	0 	-0.0025878002 	-2.2542276e-10 	0
1.7237237 	0 	0.00045607244 	0 	0 	0 	-0.0025873097 	-2.2448025e-10 	0
1.7258258 	0 	0.0004526532 	0 	0 	0 	-0.0025868192 	-2.2353773e-10 	0
1.7279279 	0 	0.00044923395 	0 	0 	0 	-0.0025863286 	-2.2259522e-10 	0
1.73003 	0 	0.0004458147 	0 	0 	0 	-0.0025858381 	-2.216527e-10 	0
1.7321321 	0 	0.00044239546 	0 	0 	0 	-0.0025853476 	-2.2071018e-10 	0
1.7342342 	0 	0.00043897621 	0 	0 	0 	-0.002584857 	-2.1976767e-10 	0
1.7363363 	0 	0.00043555696 	0 	0 	0 	-0.0025843665 	-2.1882515e-10 	0
1.7384384 	0 	0.00043213772 	0 	0 	0 	-0.002583876 	-2.1788264e-10 	0
1.7405405 	0 	0.00042871847 	0 	0 	0 	-0.0025833854 	-2.1694012e-10 	0
1.7426426 	0 	0.00042529922 	0 	0 	0 	-0.0025828949 	-2.159976e-10 	0
1.7447447 	0 	0.00042187997 	0 	0 	0 	-0.0025824044 	-2.1505509e-10 	0
1.7468468 	0 	0.00041846073 	0 	0 	0 	-0.0025819138 	-2.1411257e-10 	0
1.7489489 	0 	0.00041504148 	0 	0 	0 	-0.0025814233 	-2.1317006e-10 	0
1.7510511 	0 	0.00041162223 	0 	0 	0 	-0.0025809328 	-2.1222754e-10 	0
1.7531532 	0 	0.00040820299 	0 	0 	0 	-0.0025804422 	-2.1128502e-10 	0
1.7552553 	0 	0.00040478374 	0 	0 	0 	-0.0025799517 	-2.1034251e-10 	0
1.7573574 	0 	0.00040149866 	0 	0 	0 	-0.0025794812 	-2.0943894e-10 	0
1.7594595 	0 	0.00039835455 	0 	0 	0 	-0.0025790318 	-2.0857629e-10 	0
1.7615616 	0 	0.00039521043 	0 	0 	0 	-0.0025785824 	-2.0771364e-10 	0
1.7636637 	0 	0.00039206631 	0 	0 	0 	-0.002578133 	-2.0685098e-10 	0
1.7657658 	0 	0.0003889222 	0 	0 	0 	-0.0025776835 	-2.0598833e-10 	0
1.7678679 	0 	0.00038577808 	0 	0 	0 	-0.0025772341 	-2.0512568e-10 	0
1.76997 	0 	0.00038263396 	0 	0 	0 	-0.0025767847 	-2.0426303e-10 	0
1.7720721 	0 	0.00037948985 	0 	0 	0 	-0.0025763353 	-2.0340038e-10 	0
1.7741742 	0 	0.00037634573 	0 	0 	0 	-0.0025758859 	-2.0253773e-10 	0
1.7762763 	0 	0.00037320161 	0 	0 	0 	-0.0025754364 	-2.0167508e-10 	0
1.7783784 	0 	0.00037005749 	0 	0 	0 	-0.002574987 	-2.0081243e-10 	0
1.7804805 	0 	0.00036691338 	0 	0 	0 	-0.0025745376 	-1.9994977e-10 	0
1.7825826 	0 	0.00036376926 	0 	0 	0 	-0.0025740882 	-1.9908712e-10 	0
1.7846847 	0 	0.00036062514 	0 	0 	0 	-0.0025736388 	-1.9822447e-10 	0
1.7867868 	0 	0.00035748103 	0 	0 	0 	-0.0025731893 	-1.9736182e-10 	0
1.7888889 	0 	0.00035433691 	0 	0 	0 	-0.0025727399 	-1.9649917e-10 	0
1.790991 	0 	0.00035119279 	0 	0 	0 	-0.0025722905 	-1.9563652e-10 	0
1.7930931 	0 	0.00034804868 	0 	0 	0 	-0.0025718411 	-1.9477387e-10 	0
1.7951952 	0 	0.00034490456 	0 	0 	0 	-0.0025713917 	-1.9391122e-10 	0
1.7972973 	0 	0.00034176044 	0 	0 	0 	-0.0025709422 	-1.9304856e-10 	0
1.7993994 	0 	0.00033863134 	0 	0 	0 	-0.0025704948 	-1.9219258e-10 	0
1.8015015 	0 	0.00033577758 	0 	0 	0 	-0.0025700832 	-1.9145885e-10 	0
1.8036036 	0 	0.00033292382 	0 	0 	0 	-0.0025696716 	-1.9072512e-10 	0
1.8057057 	0 	0.00033007006 	0 	0 	0 	-0.00256926 	-1.899914e-10 	0
1.8078078 	0 	0.00032721631 	0 	0 	0 	-0.0025688484 	-1.8925767e-10 	0
1.8099099 	0 	0.00032436255 	0 	0 	0 	-0.0025684368 	-1.8852394e-10 	0
1.812012 	0 	0.00032150879 	0 	0 	0 	-0.0025680253 	-1.8779022e-10 	0
1.8141141 	0 	0.00031865503 	0 	0 	0 	-0.0025676137 	-1.8705649e-10 	0
1.8162162 	0 	0.00031580127 	0 	0 	0 	-0.0025672021 	-1.8632276e-10 	0
1.8183183 	0 	0.00031294752 	0 	0 	0 	-0.0025667905 	-1.8558903e-10 	0
1.8204204 	0 	0.00031009376 	0 	0 	0 	-0.0025663789 	-1.8485531e-10 	0
1.8225225 	0 	0.00030724 	0 	0 	0 	-0.0025659673 	-1.8412158e-10 	0
1.8246246 	0 	0.00030438624 	0 	0 	0 	-0.0025655558 	-1.8338785e-10 	0
1.8267267 	0 	0.00030153248 	0 	0 	0 	-0.0025651442 	-1.8265413e-10 	0
1.8288288 	0 	0.00029867873 	0 	0 	0 	-0.0025647326 	-1.819204e-10 	0
1.8309309 	0 	0.00029582497 	0 	0 	0 	-0.002564321 	-1.8118667e-10 	0
1.833033 	0 	0.00029297121 	0 	0 	0 	-0.0025639094 	-1.8045295e-10 	0
1.8351351 	0 	0.00029011745 	0 	0 	0 	-0.0025634978 	-1.7971922e-10 	0
1.8372372 	0 	0.00028726369 	0 	0 	0 	-0.0025630862 	-1.7898549e-10 	0
1.8393393 	0 	0.00028440994 	0 	0 	0 	-0.0025626747 	-1.7825176e-10 	0
1.8414414 	0 	0.00028155618 	0 	0 	0 	-0.0025622631 	-1.7751804e-10 	0
1.8435435 	0 	0.00027884945 	0 	0 	0 	-0.002561869 	-1.7909804e-10 	0
1.8456456 	0 	0.00027623447 	0 	0 	0 	-0.002561486 	-1.8212194e-10 	0
1.8477477 	0 	0.00027361949 	0 	0 	0 	-0.0025611029 	-1.8514584e-10 	0
1.8498498 	0 	0.00027100451 	0 	0 	0 	-0.0025607198 	-1.8816974e-10 	0
1.851952 	0 	0.00026838954 	0 	0 	0 	-0.0025603367 	-1.9119363e-10 	0
1.8540541 	0 	0.00026577456 	0 	0 	0 	-0.0025599537 	-1.9421753e-10 	0
1.8561562 	0 	0.00026315958 	0 	0 	0 	-0.0025595706 	-1.9724143e-10 	0
1.8582583 	0 	0.0002605446 	0 	0 	0 	-0.0025591875 	-2.0026533e-10 	0
1.8603604 	0 	0.00025792962 	0 	0 	0 	-0.0025588044 	-2.0328923e-10 	0
1.8624625 	0 	0.00025531464 	0 	0 	0 	-0.0025584214 	-2.0631312e-10 	0
1.8645646 	0 	0.00025269967 	0 	0 	0 	-0.0025580383 	-2.0933702e-10 	0
1.8666667 	0 	0.00025008469 	0 	0 	0 	-0.0025576552 	-2.1236092e-10 	0
1.8687688 	0 	0.00024746971 	0 	0 	0 	-0.0025572721 	-2.1538482e-10 	0
1.8708709 	0 	0.00024485473 	0 	0 	0 	-0.0025568891 	-2.1840872e-10 	0
1.872973 	0 	0.00024223975 	0 	0 	0 	-0.002556506 	-2.2143261e-10 	0
1.8750751 	0 	0.00023962478 	0 	0 	0 	-0.0025561229 	-2.2445651e-10 	0
1.8771772 	0 	0.0002370098 	0 	0 	0 	-0.0025557398 	-2.2748041e-10 	0
1.8792793 	0 	0.00023439482 	0 	0 	0 	-0.0025553568 	-2.3050431e-10 	0
1.8813814 	0 	0.00023177984 	0 	0 	0 	-0.0025549737 	-2.3352821e-10 	0
1.8834835 	0 	0.00022916486 	0 	0 	0 	-0.0025545906 	-2.365521e-10 	0
1.8855856 	0 	0.00022665222 	0 	0 	0 	-0.0025542141 	-2.3931294e-10 	0
1.8876877 	0 	0.00022460644 	0 	0 	0 	-0.0025538674 	-2.4087367e-10 	0
1.8897898 	0 	0.00022256065 	0 	0 	0 	-0.0025535207 	-2.424344e-10 	0
1.8918919 	0 	0.00022051487 	0 	0 	0 	-0.0025531741 	-2.4399512e-10 	0
1.893994 	0 	0.00021846909 	0 	0 	0 	-0.0025528274 	-2.4555585e-10 	0
1.8960961 	0 	0.0002164233 	0 	0 	0 	-0.0025524807 	-2.4711658e-10 	0
1.8981982 	0 	0.00021437752 	0 	0 	0 	-0.0025521341 	-2.486773e-10 	0
1.9003003 	0 	0.00021233174 	0 	0 	0 	-0.0025517874 	-2.5023803e-10 	0
1.9024024 	0 	0.00021028595 	0 	0 	0 	-0.0025514408 	-2.5179875e-10 	0
1.9045045 	0 	0.00020824017 	0 	0 	0 	-0.0025510941 	-2.5335948e-10 	0
1.9066066 	0 	0.00020619439 	0 	0 	0 	-0.0025507474 	-2.5492021e-10 	0
1.9087087 	0 	0.0002041486 	0 	0 	0 	-0.0025504008 	-2.5648093e-10 	0
1.9108108 	0 	0.00020210282 	0 	0 	0 	-0.0025500541 	-2.5804166e-10 	0
1.9129129 	0 	0.00020005704 	0 	0 	0 	-0.0025497074 	-2.5960239e-10 	0
1.915015 	0 	0.00019801125 	0 	0 	0 	-0.0025493608 	-2.6116311e-10 	0
1.9171171 	0 	0.00019596547 	0 	0 	0 	-0.0025490141 	-2.6272384e-10 	0
1.9192192 	0 	0.00019391969 	0 	0 	0 	-0.0025486674 	-2.6428456e-10 	0
1.9213213 	0 	0.0001918739 	0 	0 	0 	-0.0025483208 	-2.6584529e-10 	0
1.9234234 	0 	0.00018982812 	0 	0 	0 	-0.0025479741 	-2.6740602e-10 	0
1.9255255 	0 	0.00018778234 	0 	0 	0 	-0.0025476274 	-2.6896674e-10 	0
1.9276276 	0 	0.00018573655 	0 	0 	0 	-0.0025472808 	-2.7052747e-10 	0
1.9297297 	0 	0.00018315502 	0 	0 	0 	-0.0025469463 	-4.9409079e-10 	0
1.9318318 	0 	0.00018038898 	0 	0 	0 	-0.0025466161 	-7.9411071e-10 	0
1.9339339 	0 	0.00017762294 	0 	0 	0 	-0.0025462859 	-1.0941306e-09 	0
1.936036 	0 	0.0001748569 	0 	0 	0 	-0.0025459557 	-1.3941505e-09 	0
1.9381381 	0 	0.00017209086 	0 	0 	0 	-0.0025456254 	-1.6941705e-09 	0
1.9402402 	0 	0.00016932482 	0 	0 	0 	-0.0025452952 	-1.9941904e-09 	0
1.9423423 	0 	0.00016655878 	0 	0 	0 	-0.002544965 	-2.2942103e-09 	0
1.9444444 	0 	0.00016379274 	0 	0 	0 	-0.0025446348 	-2.5942302e-09 	0
1.9465465 	0 	0.0001610267 	0 	0 	0 	-0.0025443045 	-2.8942501e-09 	0
1.9486486 	0 	0.00015826066 	0 	0 	0 	-0.0025439743 	-3.19427e-09 	0
1.9507508 	0 	0.00015549462 	0 	0 	0 	-0.0025436441 	-3.49429e-09 	0
1.9528529 	0 	0.00015272858 	0 	0 	0 	-0.0025433139 	-3.7943099e-09 	0
1.954955 	0 	0.00014996254 	0 	0 	0 	-0.0025429836 	-4.0943298e-09 	0
1.9570571 	0 	0.0001471965 	0 	0 	0 	-0.0025426534 	-4.3943497e-09 	0
1.9591592 	0 	0.00014443046 	0 	0 	0 	-0.0025423232 	-4.6943696e-09 	0
1.9612613 	0 	0.00014166442 	0 	0 	0 	-0.002541993 	-4.9943895e-09 	0
1.9633634 	0 	0.00013889838 	0 	0 	0 	-0.0025416627 	-5.2944095e-09 	0
1.9654655 	0 	0.00013613234 	0 	0 	0 	-0.0025413325 	-5.5944294e-09 	0
1.9675676 	0 	0.0001333663 	0 	0 	0 	-0.0025410023 	-5.8944493e-09 	0
1.9696697 	0 	0.00013060026 	0 	0 	0 	-0.0025406721 	-6.1944692e-09 	0
1.9717718 	0 	0.00012892109 	0 	0 	0 	-0.0025403511 	-6.6396483e-09 	0
1.9738739 	0 	0.00012968532 	0 	0 	0 	-0.0025400508 	-7.4111605e-09 	0
1.975976 	0 	0.00013044955 	0 	0 	0 	-0.0025397506 	-8.1826728e-09 	0
1.9780781 	0 	0.00013121377 	0 	0 	0 	-0.0025394504 	-8.954185e-09 	0
1.9801802 	0 	0.000131978 	0 	0 	0 	-0.0025391501 	-9.7256973e-09 	0
1.9822823 	0 	0.00013274222 	0 	0 	0 	-0.0025388499 	-1.049721e-08 	0
1.9843844 	0 	0.00013350645 	0 	0 	0 	-0.0025385497 	-1.1268722e-08 	0
1.9864865 	0 	0.00013427068 	0 	0 	0 	-0.0025382494 	-1.2040234e-08 	0
1.9885886 	0 	0.0001350349 	0 	0 	0 	-0.0025379492 	-1.2811746e-08 	0
1.9906907 	0 	0.00013579913 	0 	0 	0 	-0.002537649 	-1.3583259e-08 	0
1.9927928 	0 	0.00013656336 	0 	0 	0 	-0.0025373487 	-1.4354771e-08 	0
1.9948949 	0 	0.00013732758 	0 	0 	0 	-0.0025370485 	-1.5126283e-08 	0
1.996997 	0 	0.00013809181 	0 	0 	0 	-0.0025367483 	-1.5897795e-08 	0
1.9990991 	0 	0.00013885603 	0 	0 	0 	-0.002536448 	-1.6669307e-08 	0
2.0012012 	0 	0.00013962026 	0 	0 	0 	-0.0025361478 	-1.744082e-08 	0
2.0033033 	0 	0.00014038449 	0 	0 	0 	-0.0025358476 	-1.8212332e-08 	0
2.0054054 	0 	0.00014114871 	0 	0 	0 	-0.0025355473 	-1.8983844e-08 	0
2.0075075 	0 	0.00014191294 	0 	0 	0 	-0.0025352471 	-1.9755356e-08 	0
2.0096096 	0 	0.00014267716 	0 	0 	0 	-0.0025349469 	-2.0526869e-08 	0
2.0117117 	0 	0.00014344139 	0 	0 	0 	-0.0025346466 	-2.1298381e-08 	0
2.0138138 	0 	0.00014420562 	0 	0 	0 	-0.0025343464 	-2.2069893e-08 	0
2.0159159 	0 	0.00013594858 	0 	0 	0 	-0.0025340233 	-2.2175418e-08 	0
2.018018 	0 	0.00012636631 	0 	0 	0 	-0.0025336969 	-2.2183108e-08 	0
2.0201201 	0 	0.00011678404 	0 	0 	0 	-0.0025333704 	-2.2190798e-08 	0
2.0222222 	0 	0.00010720176 	0 	0 	0 	-0.002533044 	-2.2198489e-08 	0
2.0243243 	0 	9.7619492e-05 	0 	0 	0 	-0.0025327175 	-2.2206179e-08 	0
2.0264264 	0 	8.8037219e-05 	0 	0 	0 	-0.0025323911 	-2.2213869e-08 	0
2.0285285 	0 	7.8454947e-05 	0 	0 	0 	-0.0025320647 	-2.222156e-08 	0
2.0306306 	0 	6.8872674e-05 	0 	0 	0 	-0.0025317382 	-2.222925e-08 	0
2.0327327 	0 	5.9290402e-05 	0 	0 	0 	-0.0025314118 	-2.223694e-08 	0
2.0348348 	0 	4.9708129e-05 	0 	0 	0 	-0.0025310853 	-2.224463e-08 	0
2.0369369 	0 	4.0125857e-05 	0 	0 	0 	-0.0025307589 	-2.2252321e-08 	0
2.039039 	0 	3.0543584e-05 	0 	0 	0 	-0.0025304324 	-2.2260011e-08 	0
2.0411411 	0 	2.0961312e-05 	0 	0 	0 	-0.002530106 	-2.2267701e-08 	0
2.0432432 	0 	1.1379039e-05 	0 	0 	0 	-0.0025297795 	-2.2275391e-08 	0
2.0453453 	0 	1.796767e-06 	0 	0 	0 	-0.0025294531 	-2.2283082e-08 	0
2.0474474 	0 	-7.7855054e-06 	0 	0 	0 	-0.0025291267 	-2.2290772e-08 	0
2.0495495 	0 	-1.7367778e-05 	0 	0 	0 	-0.0025288002 	-2.2298462e-08 	0
2.0516517 	0 	-2.695005e-05 	0 	0 	0 	-0.0025284738 	-2.2306152e-08 	0
2.0537538 	0 	-3.6532323e-05 	0 	0 	0 	-0.0025281473 	-2.2313843e-08 	0
2.0558559 	0 	-4.6114595e-05 	0 	0 	0 	-0.0025278209 	-2.2321533e-08 	0
2.057958 	1.1946319e-20 	-5.3657406e-05 	1.7995427e-06 	6.8571481e-12 	0 	-0.0025006207 	-2.198696e-08 	0
2.0600601 	3.9348822e-20 	-5.8561554e-05 	5.9273388e-06 	2.2586094e-11 	0 	-0.0024386512 	-2.1209565e-08 	0
2.0621622 	6.6751324e-20 	-6.3465703e-05 	1.0055135e-05 	3.8315041e-11 	0 	-0.0023766817 	-2.0432171e-08 	0
2.0642643 	9.4153826e-20 	-6.8369851e-05 	1.4182931e-05 	5.4043987e-11 	0 	-0.0023147123 	-1.9654776e-08 	0
2.0663664 	1.2155633e-19 	-7.3274e-05 	1.8310727e-05 	6.9772933e-11 	0 	-0.0022527428 	-1.8877382e-08 	0
2.0684685 	1.4895883e-19 	-7.8178149e-05 	2.2438523e-05 	8.550188e-11 	0 	-0.0021907733 	-1.8099987e-08 	0
2.0705706 	1.7636133e-19 	-8.3082297e-05 	2.656632e-05 	1.0123083e-10 	0 	-0.0021288038 	-1.7322593e-08 	0
2.0726727 	2.0376384e-19 	-8.7986446e-05 	3.0694116e-05 	1.1695977e-10 	0 	-0.0020668343 	-1.6545198e-08 	0
2.0747748 	2.3116634e-19 	-9.2890594e-05 	3.4821912e-05 	1.3268872e-10 	0 	-0.0020048649 	-1.5767804e-08 	0
2.0768769 	2.5856884e-19 	-9.7794743e-05 	3.8949708e-05 	1.4841766e-10 	0 	-0.0019428954 	-1.4990409e-08 	0
2.078979 	2.8597134e-19 	-0.00010269889 	4.3077504e-05 	1.6414661e-10 	0 	-0.0018809259 	-1.4213015e-08 	0
2.0810811 	3.1337384e-19 	-0.00010760304 	4.72053e-05 	1.7987556e-10 	0 	-0.0018189564 	-1.343562e-08 	0
2.0831832 	3.4077635e-19 	-0.00011250719 	5.1333097e-05 	1.956045e-10 	0 	-0.0017569869 	-1.2658226e-08 	0
2.0852853 	3.6817885e-19 	-0.00011741134 	5.5460893e-05 	2.1133345e-10 	0 	-0.0016950175 	-1.1880831e-08 	0
2.0873874 	3.9558135e-19 	-0.00012231549 	5.9588689e-05 	2.270624e-10 	0 	-0.001633048 	-1.1103437e-08 	0
2.0894895 	4.2298385e-19 	-0.00012721963 	6.3716485e-05 	2.4279134e-10 	0 	-0.0015710785 	-1.0326042e-08 	0
2.0915916 	4.5038636e-19 	-0.00013212378 	6.7844281e-05 	2.5852029e-10 	0 	-0.001509109 	-9.5486479e-09 	0
2.0936937 	4.7778886e-19 	-0.00013702793 	7.1972077e-05 	2.7424924e-10 	0 	-0.0014471395 	-8.7712535e-09 	0
2.0957958 	5.0519136e-19 	-0.00014193208 	7.6099874e-05 	2.8997818e-10 	0 	-0.00138517 	-7.993859e-09 	0
2.0978979 	5.3259386e-19 	-0.00014683623 	8.022767e-05 	3.0570713e-10 	0 	-0.0013232006 	-7.2164645e-09 	0
2.1 	5.5999637e-19 	-0.00015174038 	8.4355466e-05 	3.2143607e-10 	0 	-0.0012612311 	-6.43907e-09 	0
