-0.046805254 	5.4000302 	0.00047045919 	0
-0.040820451 	5.4001291 	0.0014019109 	0
-0.035593767 	5.4002977 	0.0022243839 	0
-0.031029167 	5.4005147 	0.0029324364 	0
-0.027042782 	5.4007541 	0.0035399515 	0
-0.023561368 	5.4009991 	0.0040602851 	0
-0.020520958 	5.40124 	0.0045055898 	0
-0.017865688 	5.4014709 	0.0048866376 	0
-0.015546772 	5.4016879 	0.0052128384 	0
-0.013521602 	5.4018887 	0.0054923169 	0
-0.011752967 	5.4020725 	0.0057320251 	0
-0.010208373 	5.4022393 	0.0059378777 	0
-0.0088594378 	5.4023897 	0.0061148898 	0
-0.0076813777 	5.4025246 	0.0062673068 	0
-0.006652547 	5.402645 	0.0063987203 	0
-0.0057540422 	5.4027521 	0.0065121704 	0
-0.0049693545 	5.4028472 	0.0066102324 	0
-0.0042840662 	5.4029313 	0.0066950916 	0
-0.003685586 	5.4030056 	0.0067686047 	0
-0.0031629175 	5.4030711 	0.006832352 	0
-0.0027064575 	5.4031289 	0.0068876794 	0
-0.0023078191 	5.4031796 	0.006935733 	0
-0.0019596776 	5.4032242 	0.0069774878 	0
-0.0016556366 	5.4032634 	0.0070137712 	0
-0.0013901097 	5.4032977 	0.0070452831 	0
-0.001158218 	5.4033278 	0.0070726156 	0
-0.000955701 	5.4033542 	0.0070962748 	0
-0.00077883757 	5.4033773 	0.0071166993 	0
-0.00062437811 	5.4033976 	0.0071342762 	0
-0.00048948463 	5.4034153 	0.0071493533 	0
-0.00037167862 	5.4034307 	0.0071622484 	0
-0.00026879555 	5.4034443 	0.007173254 	0
-0.00017894507 	5.4034562 	0.0071826389 	0
-0.0001004763 	5.4034665 	0.0071906484 	0
-3.1947465e-05 	5.4034756 	0.0071975522 	0
2.9991242e-05 	5.4034839 	0.0072037303 	0
9.0286504e-05 	5.403492 	0.0072095981 	0
0.00015121058 	5.4035 	0.0072154025 	0
0.00021277004 	5.4035081 	0.0072212037 	0
0.0002749715 	5.4035163 	0.0072270039 	0
0.00033782165 	5.4035246 	0.0072328055 	0
0.00040132727 	5.403533 	0.0072386107 	0
0.00046549519 	5.4035415 	0.0072444218 	0
0.00053033231 	5.40355 	0.0072502412 	0
0.00059584562 	5.4035587 	0.0072560711 	0
0.00066204216 	5.4035674 	0.007261914 	0
0.00072892907 	5.4035763 	0.007267772 	0
0.00079651354 	5.4035853 	0.0072736475 	0
0.00086480285 	5.4035944 	0.0072795427 	0
0.00093380434 	5.4036035 	0.00728546 	0
0.0010035254 	5.4036128 	0.0072914016 	0
0.0010739737 	5.4036222 	0.0072973698 	0
0.0011451566 	5.4036316 	0.0073033668 	0
0.0012170819 	5.4036412 	0.0073093949 	0
0.0012897573 	5.4036509 	0.0073154563 	0
0.0013631906 	5.4036607 	0.0073215532 	0
0.0014373898 	5.4036706 	0.0073276877 	0
0.0015123628 	5.4036807 	0.0073338622 	0
0.0015881177 	5.4036908 	0.0073400787 	0
0.0016646626 	5.4037011 	0.0073463394 	0
0.0017420058 	5.4037114 	0.0073526463 	0
0.0018201557 	5.4037219 	0.0073590016 	0
0.0018991205 	5.4037325 	0.0073654074 	0
0.0019789089 	5.4037433 	0.0073718657 	0
0.0020595294 	5.4037541 	0.0073783786 	0
0.0021409906 	5.4037651 	0.007384948 	0
0.0022233015 	5.4037762 	0.0073915759 	0
0.0023064707 	5.4037874 	0.0073982644 	0
0.0023905073 	5.4037988 	0.0074050153 	0
0.0024754204 	5.4038102 	0.0074118306 	0
0.0025612189 	5.4038219 	0.0074187122 	0
0.0026479123 	5.4038336 	0.0074256619 	0
0.0027355098 	5.4038455 	0.0074326816 	0
0.0028240209 	5.4038575 	0.0074397731 	0
0.002913455 	5.4038697 	0.0074469383 	0
0.0030038219 	5.4038819 	0.0074541788 	0
0.0030951311 	5.4038944 	0.0074614965 	0
0.0031873927 	5.4039069 	0.007468893 	0
0.0032806164 	5.4039197 	0.00747637 	0
0.0033748124 	5.4039325 	0.0074839293 	0
0.0034699907 	5.4039456 	0.0074915724 	0
0.0035661616 	5.4039587 	0.007499301 	0
0.0036633356 	5.403972 	0.0075071166 	0
0.0037615229 	5.4039855 	0.0075150208 	0
0.0038607342 	5.4039991 	0.0075230152 	0
0.0039609802 	5.4040129 	0.0075311013 	0
0.0040622717 	5.4040268 	0.0075392805 	0
0.0041646195 	5.4040409 	0.0075475543 	0
0.0042680347 	5.4040552 	0.0075559241 	0
0.0043725284 	5.4040696 	0.0075643914 	0
0.0044781119 	5.4040842 	0.0075729575 	0
0.0045847965 	5.404099 	0.0075816238 	0
0.0046925938 	5.4041139 	0.0075903915 	0
0.0048015152 	5.404129 	0.0075992621 	0
0.0049115726 	5.4041443 	0.0076082367 	0
0.0050227778 	5.4041597 	0.0076173166 	0
0.0051351427 	5.4041754 	0.007626503 	0
0.0052486795 	5.4041912 	0.0076357971 	0
0.0053634003 	5.4042072 	0.0076452002 	0
0.0054793176 	5.4042234 	0.0076547133 	0
0.0055964437 	5.4042398 	0.0076643375 	0
0.0057147914 	5.4042563 	0.0076740739 	0
0.0058343733 	5.4042731 	0.0076839236 	0
0.0059552024 	5.4042901 	0.0076938877 	0
0.0060772915 	5.4043072 	0.0077039672 	0
0.006200654 	5.4043246 	0.0077141629 	0
0.0063253029 	5.4043422 	0.007724476 	0
0.0064512519 	5.4043599 	0.0077349072 	0
0.0065785143 	5.4043779 	0.0077454576 	0
0.006707104 	5.4043961 	0.007756128 	0
0.0068370347 	5.4044145 	0.0077669193 	0
0.0069683205 	5.4044331 	0.0077778322 	0
0.0071009754 	5.404452 	0.0077888677 	0
0.0072350138 	5.4044711 	0.0078000264 	0
0.0073704501 	5.4044904 	0.0078113091 	0
0.0075072989 	5.4045099 	0.0078227166 	0
0.0076455748 	5.4045296 	0.0078342495 	0
0.0077852928 	5.4045496 	0.0078459086 	0
0.007926468 	5.4045698 	0.0078576944 	0
0.0080691154 	5.4045903 	0.0078696075 	0
0.0082132505 	5.404611 	0.0078816486 	0
0.0083588888 	5.4046319 	0.0078938182 	0
0.008506046 	5.4046531 	0.0079061169 	0
0.0086547378 	5.4046746 	0.0079185451 	0
0.0088049804 	5.4046963 	0.0079311034 	0
0.0089567898 	5.4047183 	0.0079437921 	0
0.0091101825 	5.4047405 	0.0079566118 	0
0.0092651749 	5.404763 	0.0079695628 	0
0.0094217836 	5.4047858 	0.0079826454 	0
0.0095800257 	5.4048088 	0.00799586 	0
0.0097399181 	5.4048321 	0.008009207 	0
0.009901478 	5.4048557 	0.0080226865 	0
0.010064723 	5.4048795 	0.0080362989 	0
0.01022967 	5.4049037 	0.0080500443 	0
0.010396337 	5.4049281 	0.0080639229 	0
0.010564743 	5.4049529 	0.0080779349 	0
0.010734905 	5.4049779 	0.0080920805 	0
0.010906842 	5.4050032 	0.0081063596 	0
0.011080571 	5.4050289 	0.0081207724 	0
0.011256113 	5.4050548 	0.0081353188 	0
0.011433485 	5.4050811 	0.0081499989 	0
0.011612707 	5.4051077 	0.0081648126 	0
0.011793798 	5.4051346 	0.0081797599 	0
0.011976778 	5.4051618 	0.0081948406 	0
0.012161666 	5.4051894 	0.0082100546 	0
0.012348482 	5.4052172 	0.0082254017 	0
0.012537247 	5.4052454 	0.0082408817 	0
0.01272798 	5.405274 	0.0082564943 	0
0.012920702 	5.4053029 	0.0082722392 	0
0.013115435 	5.4053321 	0.0082881161 	0
0.013312198 	5.4053617 	0.0083041246 	0
0.013511013 	5.4053917 	0.0083202643 	0
0.013711901 	5.405422 	0.0083365348 	0
0.013914885 	5.4054527 	0.0083529355 	0
0.014119985 	5.4054838 	0.0083694659 	0
0.014327225 	5.4055152 	0.0083861254 	0
0.014536626 	5.405547 	0.0084029134 	0
0.01474821 	5.4055792 	0.0084198293 	0
0.014962002 	5.4056118 	0.0084368723 	0
0.015178023 	5.4056448 	0.0084540416 	0
0.015396296 	5.4056782 	0.0084713365 	0
0.015616846 	5.405712 	0.0084887561 	0
0.015839697 	5.4057462 	0.0085062995 	0
0.016064871 	5.4057808 	0.0085239657 	0
0.016292394 	5.4058158 	0.0085417538 	0
0.016522289 	5.4058512 	0.0085596626 	0
0.016754582 	5.4058871 	0.0085776912 	0
0.016989298 	5.4059234 	0.0085958382 	0
0.017226461 	5.4059602 	0.0086141026 	0
0.017466098 	5.4059974 	0.0086324831 	0
0.017708234 	5.4060351 	0.0086509782 	0
0.017952896 	5.4060732 	0.0086695867 	0
0.018200108 	5.4061117 	0.0086883071 	0
0.018449899 	5.4061508 	0.0087071379 	0
0.018702296 	5.4061903 	0.0087260776 	0
0.018957324 	5.4062303 	0.0087451246 	0
0.019215012 	5.4062707 	0.0087642771 	0
0.019475387 	5.4063117 	0.0087835335 	0
0.019738478 	5.4063531 	0.0088028919 	0
0.020004313 	5.4063951 	0.0088223505 	0
0.02027292 	5.4064375 	0.0088419073 	0
0.020544328 	5.4064805 	0.0088615604 	0
0.020818567 	5.406524 	0.0088813076 	0
0.021095666 	5.406568 	0.0089011469 	0
0.021375655 	5.4066126 	0.0089210761 	0
0.021658563 	5.4066576 	0.0089410928 	0
0.021944423 	5.4067032 	0.0089611948 	0
0.022233263 	5.4067494 	0.0089813797 	0
0.022525116 	5.4067961 	0.0090016449 	0
0.022820012 	5.4068434 	0.0090219878 	0
0.023117984 	5.4068913 	0.0090424058 	0
0.023419063 	5.4069397 	0.0090628963 	0
0.023723283 	5.4069887 	0.0090834565 	0
0.024030675 	5.4070383 	0.0091040835 	0
0.024341273 	5.4070884 	0.0091247743 	0
0.02465511 	5.4071392 	0.0091455258 	0
0.02497222 	5.4071906 	0.0091663352 	0
0.025292637 	5.4072426 	0.0091871991 	0
0.025616396 	5.4072952 	0.0092081142 	0
0.025943531 	5.4073484 	0.0092290772 	0
0.026274078 	5.4074023 	0.0092500847 	0
0.026608073 	5.4074568 	0.0092711333 	0
0.02694555 	5.4075119 	0.0092922193 	0
0.027286547 	5.4075677 	0.0093133389 	0
0.027631101 	5.4076242 	0.0093344886 	0
0.027979247 	5.4076813 	0.0093556644 	0
0.028331025 	5.4077391 	0.0093768624 	0
0.028686471 	5.4077975 	0.0093980785 	0
0.029045624 	5.4078566 	0.0094193087 	0
0.029408522 	5.4079165 	0.0094405489 	0
0.029775206 	5.407977 	0.0094617945 	0
0.030145713 	5.4080382 	0.0094830415 	0
0.030520085 	5.4081002 	0.0095042853 	0
0.03089836 	5.4081628 	0.0095255213 	0
0.031280581 	5.4082262 	0.009546745 	0
0.031666788 	5.4082903 	0.0095679517 	0
0.032057023 	5.4083552 	0.0095891365 	0
0.032451328 	5.4084208 	0.0096102946 	0
0.032849744 	5.4084872 	0.0096314211 	0
0.033252316 	5.4085543 	0.0096525108 	0
0.033659086 	5.4086221 	0.0096735588 	0
0.034070098 	5.4086908 	0.0096945598 	0
0.034485397 	5.4087602 	0.0097155085 	0
0.034905027 	5.4088304 	0.0097363994 	0
0.035329034 	5.4089014 	0.0097572272 	0
0.035757462 	5.4089732 	0.0097779864 	0
0.036190358 	5.4090458 	0.0097986713 	0
0.036627769 	5.4091193 	0.0098192763 	0
0.037069742 	5.4091935 	0.0098397957 	0
0.037516324 	5.4092685 	0.0098602236 	0
0.037967563 	5.4093444 	0.0098805541 	0
0.038423508 	5.4094212 	0.0099007813 	0
0.038884209 	5.4094987 	0.0099208994 	0
0.039349714 	5.4095771 	0.009940902 	0
0.039820074 	5.4096564 	0.0099607829 	0
0.040295339 	5.4097366 	0.0099805361 	0
0.040775561 	5.4098176 	0.010000155 	0
0.041260791 	5.4098995 	0.010019634 	0
0.041751081 	5.4099823 	0.010038966 	0
0.042246485 	5.410066 	0.010058145 	0
0.042747055 	5.4101505 	0.010077164 	0
0.043252845 	5.410236 	0.010096018 	0
0.043763911 	5.4103224 	0.010114698 	0
0.044280306 	5.4104096 	0.0101332 	0
0.044802087 	5.4104978 	0.010151515 	0
0.045329309 	5.410587 	0.010169639 	0
0.04586203 	5.410677 	0.010187563 	0
0.046400307 	5.410768 	0.010205282 	0
0.046944197 	5.41086 	0.010222788 	0
0.04749376 	5.4109529 	0.010240075 	0
0.048049054 	5.4110467 	0.010257136 	0
0.048610139 	5.4111415 	0.010273965 	0
0.049177075 	5.4112373 	0.010290555 	0
0.049749924 	5.411334 	0.010306898 	0
0.050328748 	5.4114317 	0.01032299 	0
0.050913608 	5.4115304 	0.010338822 	0
0.051504567 	5.4116301 	0.010354388 	0
0.052101689 	5.4117308 	0.010369681 	0
0.052705039 	5.4118324 	0.010384696 	0
0.053314682 	5.4119351 	0.010399425 	0
0.053930682 	5.4120388 	0.010413862 	0
0.054553106 	5.4121435 	0.010428 	0
0.055182022 	5.4122492 	0.010441834 	0
0.055817496 	5.4123559 	0.010455356 	0
0.056459598 	5.4124636 	0.010468561 	0
0.057108397 	5.4125724 	0.010481443 	0
0.057763961 	5.4126822 	0.010493995 	0
0.058426363 	5.4127931 	0.01050621 	0
0.059095673 	5.412905 	0.010518084 	0
0.059771963 	5.4130179 	0.010529611 	0
0.060455306 	5.4131319 	0.010540784 	0
0.061145775 	5.4132469 	0.010551598 	0
0.061843446 	5.4133631 	0.010562048 	0
0.062548392 	5.4134802 	0.010572128 	0
0.063260691 	5.4135985 	0.010581833 	0
0.063980417 	5.4137178 	0.010591158 	0
0.06470765 	5.4138382 	0.010600097 	0
0.065442467 	5.4139596 	0.010608647 	0
0.066184948 	5.4140822 	0.010616801 	0
0.066935172 	5.4142058 	0.010624556 	0
0.06769322 	5.4143305 	0.010631907 	0
0.068459173 	5.4144564 	0.01063885 	0
0.069233115 	5.4145833 	0.010645381 	0
0.070015128 	5.4147113 	0.010651495 	0
0.070805297 	5.4148405 	0.01065719 	0
0.071603706 	5.4149707 	0.010662461 	0
0.072410442 	5.415102 	0.010667305 	0
0.073225592 	5.4152345 	0.010671719 	0
0.074049243 	5.4153681 	0.0106757 	0
0.074881483 	5.4155028 	0.010679245 	0
0.075722403 	5.4156387 	0.010682351 	0
0.076572093 	5.4157757 	0.010685017 	0
0.077430644 	5.4159138 	0.010687239 	0
0.078298149 	5.416053 	0.010689016 	0
0.079174701 	5.4161934 	0.010690347 	0
0.080060395 	5.416335 	0.010691228 	0
0.080955325 	5.4164777 	0.01069166 	0
0.081859589 	5.4166216 	0.01069164 	0
0.082773283 	5.4167666 	0.010691168 	0
0.083696507 	5.4169128 	0.010690244 	0
0.084629358 	5.4170602 	0.010688866 	0
0.085571939 	5.4172087 	0.010687034 	0
0.086524349 	5.4173584 	0.010684749 	0
0.087486692 	5.4175093 	0.01068201 	0
0.088459071 	5.4176614 	0.010678818 	0
0.089441592 	5.4178147 	0.010675173 	0
0.090434358 	5.4179692 	0.010671076 	0
0.091437479 	5.4181248 	0.010666529 	0
0.092451061 	5.4182817 	0.010661532 	0
0.093475213 	5.4184398 	0.010656087 	0
0.094510047 	5.4185991 	0.010650195 	0
0.095555673 	5.4187597 	0.010643859 	0
0.096612203 	5.4189214 	0.010637081 	0
0.097679752 	5.4190845 	0.010629862 	0
0.098758435 	5.4192487 	0.010622206 	0
0.099848367 	5.4194142 	0.010614114 	0
0.10094967 	5.4195809 	0.010605591 	0
0.10206245 	5.4197489 	0.010596639 	0
0.10318684 	5.4199182 	0.010587261 	0
0.10432296 	5.4200887 	0.010577462 	0
0.10547092 	5.4202605 	0.010567243 	0
0.10663086 	5.4204337 	0.010556611 	0
0.10780289 	5.4206081 	0.010545567 	0
0.10898715 	5.4207838 	0.010534118 	0
0.11018375 	5.4209608 	0.010522267 	0
0.11139284 	5.4211391 	0.010510019 	0
0.11261454 	5.4213187 	0.010497378 	0
0.11384897 	5.4214997 	0.010484349 	0
0.11509628 	5.421682 	0.010470939 	0
0.1163566 	5.4218657 	0.010457151 	0
0.11763007 	5.4220508 	0.010442991 	0
0.11891681 	5.4222372 	0.010428464 	0
0.12021697 	5.4224249 	0.010413577 	0
0.1215307 	5.4226141 	0.010398335 	0
0.12285812 	5.4228046 	0.010382743 	0
0.12419939 	5.4229966 	0.010366809 	0
0.12555464 	5.4231899 	0.010350537 	0
0.12692403 	5.4233847 	0.010333935 	0
0.1283077 	5.4235809 	0.010317008 	0
0.1297058 	5.4237786 	0.010299764 	0
0.13111848 	5.4239777 	0.010282207 	0
0.1325459 	5.4241783 	0.010264346 	0
0.1339882 	5.4243803 	0.010246186 	0
0.13544554 	5.4245839 	0.010227735 	0
0.13691808 	5.4247889 	0.010208999 	0
0.13840598 	5.4249955 	0.010189986 	0
0.1399094 	5.4252036 	0.010170702 	0
0.14142849 	5.4254132 	0.010151153 	0
0.14296343 	5.4256243 	0.010131348 	0
0.14451437 	5.425837 	0.010111293 	0
0.14608149 	5.4260513 	0.010090995 	0
0.14766496 	5.4262671 	0.010070461 	0
0.14926493 	5.4264846 	0.010049699 	0
0.1508816 	5.4267036 	0.010028715 	0
0.15251512 	5.4269243 	0.010007517 	0
0.15416568 	5.4271467 	0.0099861116 	0
0.15583345 	5.4273706 	0.0099645059 	0
0.15751862 	5.4275962 	0.0099427071 	0
0.15922136 	5.4278235 	0.0099207225 	0
0.16094186 	5.4280525 	0.0098985586 	0
0.1626803 	5.4282832 	0.0098762225 	0
0.16443687 	5.4285157 	0.0098537215 	0
0.16621176 	5.4287498 	0.0098310623 	0
0.16800516 	5.4289857 	0.0098082518 	0
0.16981727 	5.4292234 	0.0097852967 	0
0.17164827 	5.4294628 	0.0097622038 	0
0.17349837 	5.4297041 	0.0097389799 	0
0.17536776 	5.4299471 	0.0097156313 	0
0.17725665 	5.430192 	0.0096921647 	0
0.17916524 	5.4304387 	0.0096685866 	0
0.18109373 	5.4306872 	0.0096449034 	0
0.18304234 	5.4309377 	0.0096211213 	0
0.18501127 	5.43119 	0.0095972464 	0
0.18700073 	5.4314442 	0.009573285 	0
0.18901094 	5.4317004 	0.0095492431 	0
0.19104211 	5.4319585 	0.0095251266 	0
0.19309447 	5.4322185 	0.0095009413 	0
0.19516823 	5.4324805 	0.009476693 	0
0.19726361 	5.4327445 	0.0094523873 	0
0.19938085 	5.4330105 	0.0094280297 	0
0.20152017 	5.4332785 	0.0094036258 	0
0.20368181 	5.4335486 	0.0093791807 	0
0.20586598 	5.4338207 	0.0093547 	0
0.20807294 	5.4340948 	0.0093301885 	0
0.21030291 	5.4343711 	0.0093056513 	0
0.21255613 	5.4346495 	0.0092810936 	0
0.21483286 	5.43493 	0.0092565199 	0
0.21713333 	5.4352126 	0.0092319352 	0
0.21945779 	5.4354974 	0.009207344 	0
0.22180649 	5.4357844 	0.009182751 	0
0.22417969 	5.4360736 	0.0091581604 	0
0.22657764 	5.436365 	0.0091335767 	0
0.2290006 	5.4366586 	0.0091090041 	0
0.23144882 	5.4369545 	0.0090844468 	0
0.23392258 	5.4372526 	0.0090599088 	0
0.23642213 	5.4375531 	0.0090353942 	0
0.23894776 	5.4378559 	0.0090109067 	0
0.24149972 	5.4381609 	0.0089864501 	0
0.2440783 	5.4384684 	0.0089620282 	0
0.24668377 	5.4387782 	0.0089376445 	0
0.24931641 	5.4390903 	0.0089133025 	0
0.25197651 	5.4394049 	0.0088890056 	0
0.25466435 	5.439722 	0.0088647571 	0
0.25738022 	5.4400414 	0.0088405603 	0
0.26012442 	5.4403633 	0.0088164183 	0
0.26289723 	5.4406878 	0.008792334 	0
0.26569896 	5.4410147 	0.0087683105 	0
0.26852991 	5.4413442 	0.0087443507 	0
0.27139039 	5.4416762 	0.0087204572 	0
0.2742807 	5.4420107 	0.0086966327 	0
0.27720115 	5.4423479 	0.0086728799 	0
0.28015205 	5.4426877 	0.0086492011 	0
0.28313373 	5.4430301 	0.0086255989 	0
0.28614651 	5.4433752 	0.0086020754 	0
0.28919071 	5.443723 	0.008578633 	0
0.29226666 	5.4440734 	0.0085552736 	0
0.29537468 	5.4444266 	0.0085319994 	0
0.29851512 	5.4447825 	0.0085088121 	0
0.30168831 	5.4451413 	0.0084857138 	0
0.30489459 	5.4455028 	0.008462706 	0
0.30813432 	5.4458671 	0.0084397904 	0
0.31140782 	5.4462343 	0.0084169685 	0
0.31471547 	5.4466043 	0.0083942418 	0
0.31805762 	5.4469773 	0.0083716115 	0
0.32143461 	5.4473531 	0.008349079 	0
0.32484683 	5.4477319 	0.0083266454 	0
0.32829463 	5.4481136 	0.0083043117 	0
0.33177839 	5.4484984 	0.0082820789 	0
0.33529849 	5.4488862 	0.0082599478 	0
0.33885529 	5.449277 	0.0082379192 	0
0.34244919 	5.4496708 	0.0082159938 	0
0.34608056 	5.4500678 	0.0081941721 	0
0.34974981 	5.4504679 	0.0081724547 	0
0.35345733 	5.4508711 	0.0081508419 	0
0.35720351 	5.4512775 	0.0081293341 	0
0.36098876 	5.4516871 	0.0081079316 	0
0.36481349 	5.4521 	0.0080866346 	0
0.3686781 	5.4525161 	0.0080654431 	0
0.37258302 	5.4529354 	0.0080443572 	0
0.37652866 	5.4533581 	0.008023377 	0
0.38051546 	5.4537842 	0.0080025022 	0
0.38454383 	5.4542136 	0.0079817329 	0
0.38861421 	5.4546464 	0.0079610688 	0
0.39272704 	5.4550826 	0.0079405097 	0
0.39688276 	5.4555223 	0.0079200552 	0
0.40108183 	5.4559655 	0.0078997052 	0
0.40532468 	5.4564122 	0.0078794592 	0
0.40961179 	5.4568624 	0.0078593168 	0
0.4139436 	5.4573162 	0.0078392775 	0
0.41832059 	5.4577736 	0.0078193408 	0
0.42274323 	5.4582347 	0.0077995064 	0
0.427212 	5.4586994 	0.0077797735 	0
0.43172736 	5.4591678 	0.0077601415 	0
0.43628982 	5.45964 	0.0077406099 	0
0.44089986 	5.4601159 	0.0077211779 	0
0.44555798 	5.4605957 	0.0077018448 	0
0.45026468 	5.4610792 	0.00768261 	0
0.45502046 	5.4615667 	0.0076634727 	0
0.45982584 	5.462058 	0.007644432 	0
0.46468134 	5.4625532 	0.0076254873 	0
0.46958747 	5.4630524 	0.0076066376 	0
0.47454477 	5.4635556 	0.007587882 	0
0.47955377 	5.4640629 	0.0075692198 	0
0.48461501 	5.4645742 	0.0075506501 	0
0.48972903 	5.4650896 	0.0075321718 	0
0.49489639 	5.4656091 	0.0075137841 	0
0.50011763 	5.4661329 	0.0074954862 	0
0.50539333 	5.4666608 	0.0074772771 	0
0.51072405 	5.467193 	0.0074591558 	0
0.51611036 	5.4677295 	0.0074411215 	0
0.52155285 	5.4682702 	0.0074231732 	0
0.52705209 	5.4688153 	0.0074053101 	0
0.53260869 	5.4693649 	0.0073875313 	0
0.53822324 	5.4699188 	0.0073698358 	0
0.54389634 	5.4704772 	0.0073522229 	0
0.54962861 	5.4710401 	0.0073346917 	0
0.55542065 	5.4716076 	0.0073172413 	0
0.5612731 	5.4721796 	0.0072998711 	0
0.56718659 	5.4727563 	0.0072825802 	0
0.57316175 	5.4733376 	0.0072653678 	0
0.57919923 	5.4739237 	0.0072482333 	0
0.58529966 	5.4745145 	0.0072311761 	0
0.59146372 	5.47511 	0.0072141954 	0
0.59769207 	5.4757104 	0.0071972906 	0
0.60398537 	5.4763156 	0.0071804613 	0
0.6103443 	5.4769258 	0.0071637067 	0
0.61676955 	5.4775408 	0.0071470264 	0
0.62326181 	5.4781609 	0.0071304198 	0
0.62982178 	5.478786 	0.0071138862 	0
0.63645016 	5.4794162 	0.0070974249 	0
0.64314767 	5.4800515 	0.0070810354 	0
0.64991502 	5.480692 	0.0070647167 	0
0.65675295 	5.4813377 	0.0070484678 	0
0.6636622 	5.4819886 	0.0070322876 	0
0.6706435 	5.4826449 	0.0070161748 	0
0.67769761 	5.4833064 	0.0070001278 	0
0.68482528 	5.4839734 	0.0069841449 	0
0.6920273 	5.4846458 	0.0069682241 	0
0.69930442 	5.4853237 	0.0069523634 	0
0.70665743 	5.4860072 	0.0069365605 	0
0.71408713 	5.4866962 	0.0069208129 	0
0.72159431 	5.4873908 	0.0069051182 	0
0.72917978 	5.4880911 	0.006889474 	0
0.73684436 	5.4887971 	0.0068738782 	0
0.74458888 	5.4895088 	0.0068583286 	0
0.75241416 	5.4902264 	0.006842823 	0
0.76032106 	5.4909498 	0.0068273598 	0
0.76831041 	5.4916791 	0.0068119371 	0
0.77638309 	5.4924144 	0.0067965535 	0
0.78453995 	5.4931557 	0.0067812078 	0
0.79278189 	5.493903 	0.006765899 	0
0.80110977 	5.4946564 	0.0067506261 	0
0.80952451 	5.4954159 	0.0067353885 	0
0.81802701 	5.4961817 	0.0067201856 	0
0.82661818 	5.4969537 	0.0067050168 	0
0.83529894 	5.4977319 	0.0066898819 	0
0.84407024 	5.4985165 	0.0066747807 	0
0.85293301 	5.4993075 	0.0066597132 	0
0.86188821 	5.5001049 	0.0066446794 	0
0.87093681 	5.5009088 	0.0066296794 	0
0.88007977 	5.5017192 	0.0066147131 	0
0.88931809 	5.5025363 	0.0065997804 	0
0.89865275 	5.5033599 	0.0065848811 	0
0.90808476 	5.5041903 	0.0065700152 	0
0.91761514 	5.5050274 	0.0065551824 	0
0.92724491 	5.5058714 	0.0065403825 	0
0.93697511 	5.5067221 	0.0065256147 	0
0.94680679 	5.5075798 	0.0065108785 	0
0.956741 	5.5084445 	0.0064961733 	0
0.96677881 	5.5093161 	0.0064814987 	0
0.97692131 	5.5101949 	0.0064668546 	0
0.98716958 	5.5110808 	0.0064522409 	0
0.99752474 	5.5119738 	0.0064376573 	0
1.0079879 	5.5128741 	0.0064231034 	0
1.0185602 	5.5137816 	0.0064085784 	0
1.0292427 	5.5146966 	0.006394082 	0
1.0400366 	5.5156189 	0.0063796143 	0
1.0509431 	5.5165487 	0.0063651759 	0
1.0619634 	5.517486 	0.0063507678 	0
1.0730985 	5.5184309 	0.0063363904 	0
1.0843498 	5.5193834 	0.0063220436 	0
1.0957185 	5.5203436 	0.0063077269 	0
1.1072057 	5.5213116 	0.0062934397 	0
1.1188127 	5.5222874 	0.0062791819 	0
1.1305407 	5.523271 	0.0062649542 	0
1.1423911 	5.5242626 	0.0062507574 	0
1.1543651 	5.5252621 	0.0062365918 	0
1.1664639 	5.5262697 	0.0062224568 	0
1.1786889 	5.5272854 	0.0062083516 	0
1.1910414 	5.5283093 	0.0061942752 	0
1.2035227 	5.5293414 	0.0061802276 	0
1.2161342 	5.5303818 	0.006166209 	0
1.2288773 	5.5314305 	0.0061522193 	0
1.2417532 	5.5324877 	0.006138258 	0
1.2547634 	5.5335533 	0.0061243236 	0
1.2679093 	5.5346275 	0.0061104146 	0
1.2811922 	5.5357103 	0.0060965303 	0
1.2946137 	5.5368017 	0.0060826713 	0
1.3081752 	5.5379018 	0.0060688385 	0
1.3218781 	5.5390107 	0.0060550314 	0
1.335724 	5.5401285 	0.0060412477 	0
1.3497142 	5.5412551 	0.0060274847 	0
1.3638503 	5.5423908 	0.0060137406 	0
1.3781338 	5.5435354 	0.0060000153 	0
1.3925664 	5.5446892 	0.0059863113 	0
1.4071494 	5.5458521 	0.0059726312 	0
1.4218845 	5.5470242 	0.0059589751 	0
1.4367733 	5.5482056 	0.0059453398 	0
1.4518173 	5.5493963 	0.0059317197 	0
1.4670183 	5.5505965 	0.0059181116 	0
1.4823778 	5.5518061 	0.0059045174 	0
1.4978975 	5.5530252 	0.0058909419 	0
1.513579 	5.5542539 	0.0058773888 	0
1.529424 	5.5554922 	0.0058638583 	0
1.5454344 	5.5567403 	0.0058503462 	0
1.5616116 	5.5579981 	0.0058368451 	0
1.5779576 	5.5592658 	0.0058233495 	0
1.5944741 	5.5605434 	0.0058098606 	0
1.6111628 	5.5618308 	0.0057963856 	0
1.6280256 	5.5631283 	0.0057829295 	0
1.6450642 	5.5644359 	0.0057694918 	0
1.6622805 	5.5657536 	0.0057560676 	0
1.6796764 	5.5670816 	0.0057426493 	0
1.6972537 	5.5684197 	0.0057292338 	0
1.7150143 	5.5697682 	0.0057158246 	0
1.7329601 	5.571127 	0.0057024248 	0
1.7510931 	5.5724962 	0.0056890363 	0
1.7694152 	5.573876 	0.0056756589 	0
1.7879284 	5.5752663 	0.0056622868 	0
1.8066346 	5.5766671 	0.0056489139 	0
1.825536 	5.5780786 	0.005635541 	0
1.8446344 	5.5795008 	0.005622177 	0
1.8639321 	5.5809338 	0.0056088271 	0
1.883431 	5.5823776 	0.0055954818 	0
1.9031332 	5.5838322 	0.0055821321 	0
1.9230409 	5.5852978 	0.0055687759 	0
1.9431562 	5.5867743 	0.005555408 	0
1.9634814 	5.5882619 	0.0055420342 	0
1.9840185 	5.5897605 	0.0055286686 	0
2.0047697 	5.5912702 	0.005515319 	0
2.0257374 	5.5927911 	0.0055019824 	0
2.0469238 	5.5943232 	0.0054886323 	0
2.0683311 	5.5958666 	0.0054752449 	0
2.0899616 	5.5974213 	0.0054618298 	0
2.1118178 	5.5989873 	0.0054484078 	0
2.1339019 	5.6005646 	0.0054349959 	0
2.1562163 	5.6021533 	0.0054215998 	0
2.1787634 	5.6037536 	0.0054082106 	0
2.2015456 	5.6053653 	0.0053948162 	0
2.2245655 	5.6069887 	0.00538139 	0
2.2478254 	5.6086236 	0.0053679111 	0
2.2713279 	5.61027 	0.0053544127 	0
2.2950755 	5.6119281 	0.0053409305 	0
2.3190708 	5.6135978 	0.0053274713 	0
2.3433163 	5.6152792 	0.0053140323 	0
2.3678147 	5.6169724 	0.0053006011 	0
2.3925686 	5.6186773 	0.0052871699 	0
2.4175806 	5.6203941 	0.0052737574 	0
2.4428535 	5.6221226 	0.0052603773 	0
2.4683899 	5.6238629 	0.0052471009 	0
2.4941927 	5.6256151 	0.0052340124 	0
2.5202646 	5.6273793 	0.0052211891 	0
2.5466083 	5.6291555 	0.0052087394 	0
2.5732268 	5.6309439 	0.0051968108 	0
2.6001229 	5.6327445 	0.005185793 	0
2.6272996 	5.6345581 	0.005175936 	0
2.6547596 	5.636384 	0.0051678628 	0
2.682506 	5.6382253 	0.005161816 	0
2.7105418 	5.6400779 	0.005159047 	0
2.7388699 	5.6419537 	0.0051592299 	0
2.7674935 	5.6438342 	0.0051635853 	0
2.7964157 	5.6457622 	0.0051684282 	0
2.8256394 	5.6476616 	0.0051727597 	0
2.8551679 	5.649687 	0.0051608736 	0
2.8850044 	5.6515664 	0.0051039549 	0
