0 	0 	0.00010958414 	0 	0 	0 	-0.0026717379 	-1.3039065e-08 	0
0.0001001001 	5.3925866e-13 	0.00011255121 	0.016428987 	1.3076746e-07 	1.5441338e-39 	0 	0 	0
0.0002002002 	2.0733702e-11 	0.00011412979 	0.031539185 	3.9025912e-07 	-1.9974888e-37 	0 	0 	0
0.0003003003 	1.764765e-10 	0.00011531458 	0.046189692 	7.7168103e-07 	0 	0 	0 	0
0.0004004004 	7.7871459e-10 	0.00011625998 	0.060584422 	1.2562015e-06 	0 	0 	0 	0
0.0005005005 	2.5438561e-09 	0.00011711055 	0.074791089 	1.8606503e-06 	0 	0 	0 	0
0.0006006006 	6.5783678e-09 	0.00011779986 	0.088865915 	2.5462674e-06 	0 	0 	0 	0
0.0007007007 	1.480341e-08 	0.00011849227 	0.10281465 	3.3608207e-06 	0 	0 	0 	0
0.0008008008 	2.9403296e-08 	0.00011912055 	0.11666159 	4.2707721e-06 	0 	0 	0 	0
0.0009009009 	5.3659063e-08 	0.00011969451 	0.13040767 	5.2767803e-06 	0 	0 	0 	0
0.001001001 	9.1161696e-08 	0.00012022322 	0.14405194 	6.3750867e-06 	0 	0 	0 	0
0.0011011011 	1.4433074e-07 	0.00012071479 	0.15759607 	7.5558822e-06 	0 	0 	0 	0
0.0012012012 	2.1840831e-07 	0.00012123351 	0.17101391 	8.8607487e-06 	0 	0 	0 	0
0.0013013013 	3.2472349e-07 	0.00012172449 	0.18425921 	1.0278149e-05 	0 	0 	0 	0
0.0014014014 	4.5118729e-07 	0.00012213152 	0.197405 	1.1710373e-05 	0 	0 	0 	0
0.0015015015 	6.1721135e-07 	0.00012265026 	0.21032014 	1.3328498e-05 	0 	0 	0 	0
0.0016016016 	8.1446377e-07 	0.0001230152 	0.22306888 	1.4924821e-05 	0 	0 	0 	0
0.0017017017 	1.0467427e-06 	0.00012350879 	0.23559079 	1.6685203e-05 	0 	0 	0 	0
0.0018018018 	1.3132176e-06 	0.00012384129 	0.24789747 	1.841032e-05 	0 	0 	0 	0
0.0019019019 	1.6201379e-06 	0.00012431362 	0.25990069 	2.0304576e-05 	0 	0 	0 	0
0.002002002 	1.9406438e-06 	0.00012462041 	0.27181189 	2.2119358e-05 	0 	0 	0 	0
0.0021021021 	2.3208885e-06 	0.00012507427 	0.28317104 	2.4130917e-05 	0 	0 	0 	0
0.0022022022 	2.7017533e-06 	0.00012546388 	0.2945356 	2.6106426e-05 	0 	0 	0 	0
0.0023023023 	3.1167234e-06 	0.00012579683 	0.30546473 	2.811281e-05 	0 	0 	0 	0
0.0024024024 	3.5537136e-06 	0.00012623297 	0.31608325 	3.0220076e-05 	0 	0 	0 	0
0.0025025025 	3.9917886e-06 	0.00012656253 	0.32670957 	3.2276164e-05 	0 	0 	0 	0
0.0026026026 	4.4454343e-06 	0.00012690425 	0.33679625 	3.4399193e-05 	0 	0 	0 	0
0.0027027027 	4.9055084e-06 	0.00012732103 	0.34663053 	3.6586256e-05 	0 	0 	0 	0
0.0028028028 	5.3659932e-06 	0.00012768347 	0.35646835 	3.8753083e-05 	0 	0 	0 	0
0.0029029029 	5.8274304e-06 	0.0001279447 	0.36599832 	4.091556e-05 	1.8203208e-36 	0 	0 	0
0.003003003 	6.2881471e-06 	0.00012833835 	0.37505019 	4.3177143e-05 	6.3589482e-36 	0 	0 	0
0.0031031031 	6.7488638e-06 	0.000128732 	0.38410205 	4.5438725e-05 	1.0897576e-35 	0 	0 	0
0.0032032032 	7.2105295e-06 	0.00012898468 	0.39316249 	4.7665828e-05 	1.2630308e-35 	0 	0 	0
0.0033033033 	7.6708811e-06 	0.00012928845 	0.40168967 	4.9962199e-05 	1.2633451e-35 	0 	0 	0
0.0034034034 	8.1303798e-06 	0.00012965422 	0.40997514 	5.2299217e-05 	1.2638006e-35 	0 	0 	0
0.0035035035 	8.5898785e-06 	0.00013001998 	0.41826062 	5.4636234e-05 	1.264256e-35 	0 	0 	0
0.0036036036 	9.0503172e-06 	0.00013027163 	0.42655274 	5.6962165e-05 	1.2644626e-35 	0 	0 	0
0.0037037037 	9.5058446e-06 	0.00013051627 	0.43447126 	5.9325832e-05 	9.1803492e-36 	0 	0 	0
0.0038038038 	9.9556309e-06 	0.00013084946 	0.4420074 	6.1736845e-05 	2.2220573e-36 	0 	0 	0
0.0039039039 	1.0405417e-05 	0.00013118265 	0.44954354 	6.4147857e-05 	-4.7362346e-36 	0 	0 	0
0.004004004 	1.0855203e-05 	0.00013151583 	0.45707967 	6.655887e-05 	-1.1694526e-35 	0 	0 	0
0.0041041041 	1.1306301e-05 	0.00013167222 	0.46462597 	6.8984969e-05 	-1.2070225e-35 	0 	0 	0
0.0042042042 	1.1734786e-05 	0.0001319324 	0.47161121 	7.1455573e-05 	-1.2072943e-35 	0 	0 	0
0.0043043043 	1.2156169e-05 	0.00013222824 	0.4784206 	7.3939843e-05 	-1.2076511e-35 	0 	0 	0
0.0044044044 	1.2577551e-05 	0.00013252407 	0.48522999 	7.6424113e-05 	-1.2080079e-35 	0 	0 	0
0.0045045045 	1.2998933e-05 	0.00013281991 	0.49203938 	7.8908383e-05 	-1.2083648e-35 	0 	0 	0
0.0046046046 	1.3421002e-05 	0.00013299439 	0.4988561 	8.1432721e-05 	-1.2084544e-35 	0 	0 	0
0.0047047047 	1.3823332e-05 	0.00013317758 	0.50538503 	8.3982704e-05 	-9.4002368e-36 	0 	0 	0
0.0048048048 	1.4197007e-05 	0.00013343167 	0.51149747 	8.6550202e-05 	-2.8640978e-36 	0 	0 	0
0.0049049049 	1.4570683e-05 	0.00013368577 	0.51760992 	8.9117699e-05 	3.6720412e-36 	0 	0 	0
0.005005005 	1.4944358e-05 	0.00013393986 	0.52372237 	9.1685197e-05 	1.020818e-35 	0 	0 	0
0.0051051051 	1.5318033e-05 	0.00013419396 	0.52983482 	9.4252694e-05 	1.6744319e-35 	0 	0 	0
0.0052052052 	1.5692195e-05 	0.00013432982 	0.53595532 	9.6899282e-05 	2.0941827e-35 	0 	0 	0
0.0053053053 	1.6041646e-05 	0.00013448226 	0.54183448 	9.9561623e-05 	2.2946048e-35 	0 	0 	0
0.0054054054 	1.634809e-05 	0.00013469221 	0.54729279 	0.00010223211 	2.1711063e-35 	0 	0 	0
0.0055055055 	1.6654534e-05 	0.00013490216 	0.5527511 	0.00010490259 	2.0476078e-35 	0 	0 	0
0.0056056056 	1.6960978e-05 	0.00013511211 	0.55820941 	0.00010757308 	1.9241092e-35 	0 	0 	0
0.0057057057 	1.7267422e-05 	0.00013532205 	0.56366772 	0.00011024356 	1.8006107e-35 	0 	0 	0
0.0058058058 	1.7573853e-05 	0.00013550616 	0.5691282 	0.00011294426 	1.628713e-35 	0 	0 	0
0.0059059059 	1.7880245e-05 	0.00013561016 	0.5745954 	0.00011573859 	1.306812e-35 	0 	0 	0
0.006006006 	1.8142942e-05 	0.0001357474 	0.57973912 	0.00011853486 	9.0780349e-36 	0 	0 	0
0.0061061061 	1.8367818e-05 	0.00013591339 	0.58460281 	0.00012133281 	4.4204962e-36 	0 	0 	0
0.0062062062 	1.8592694e-05 	0.00013607939 	0.58946651 	0.00012413075 	-2.3704242e-37 	0 	0 	0
0.0063063063 	1.881757e-05 	0.00013624538 	0.5943302 	0.0001269287 	-4.8945811e-36 	0 	0 	0
0.0064064064 	1.9042446e-05 	0.00013641138 	0.5991939 	0.00012972665 	-9.5521197e-36 	0 	0 	0
0.0065065065 	1.9267322e-05 	0.00013657737 	0.6040576 	0.00013252459 	-1.4209658e-35 	0 	0 	0
0.0066066066 	1.9491839e-05 	0.00013668572 	0.60892796 	0.00013543725 	-1.7648582e-35 	0 	0 	0
0.0067067067 	1.9716236e-05 	0.00013677484 	0.61380055 	0.00013838817 	-2.0681045e-35 	0 	0 	0
0.0068068068 	1.9875559e-05 	0.00013689329 	0.6182301 	0.00014134695 	-2.0432075e-35 	0 	0 	0
0.0069069069 	2.002063e-05 	0.00013701815 	0.62256263 	0.00014430745 	-1.9464477e-35 	0 	0 	0
0.007007007 	2.0165701e-05 	0.00013714302 	0.62689517 	0.00014726796 	-1.8496879e-35 	0 	0 	0
0.0071071071 	2.0310771e-05 	0.00013726788 	0.6312277 	0.00015022846 	-1.7529281e-35 	0 	0 	0
0.0072072072 	2.0455842e-05 	0.00013739275 	0.63556023 	0.00015318896 	-1.6561683e-35 	0 	0 	0
0.0073073073 	2.0600913e-05 	0.00013751761 	0.63989276 	0.00015614947 	-1.5594085e-35 	0 	0 	0
0.0074074074 	2.0745801e-05 	0.00013762851 	0.64422784 	0.00015915902 	-1.4185883e-35 	0 	0 	0
0.0075075075 	2.0890226e-05 	0.00013770409 	0.64856932 	0.00016229258 	-1.1663822e-35 	0 	0 	0
0.0076076076 	2.1027559e-05 	0.00013778114 	0.65286071 	0.00016542994 	-9.2710715e-36 	0 	0 	0
0.0077077077 	2.1103501e-05 	0.00013787082 	0.65671832 	0.00016860025 	-7.9978418e-36 	0 	0 	0
0.0078078078 	2.1179443e-05 	0.00013796051 	0.66057593 	0.00017177055 	-6.724612e-36 	0 	0 	0
0.0079079079 	2.1255385e-05 	0.0001380502 	0.66443354 	0.00017494086 	-5.4513822e-36 	0 	0 	0
0.008008008 	2.1331327e-05 	0.00013813988 	0.66829114 	0.00017811116 	-4.1781525e-36 	0 	0 	0
0.0081081081 	2.1407269e-05 	0.00013822957 	0.67214875 	0.00018128147 	-2.9049227e-36 	0 	0 	0
0.0082082082 	2.1483211e-05 	0.00013831926 	0.67600636 	0.00018445178 	-1.6316929e-36 	0 	0 	0
0.0083083083 	2.1559153e-05 	0.00013840895 	0.67986397 	0.00018762208 	-3.5846316e-37 	0 	0 	0
0.0084084084 	2.1634505e-05 	0.00013848063 	0.68372804 	0.00019092087 	0 	0 	0 	0
0.0085085085 	2.1709626e-05 	0.00013854526 	0.68759463 	0.00019427001 	0 	0 	0 	0
0.0086086086 	2.1772451e-05 	0.0001386095 	0.69134937 	0.00019763981 	0 	0 	0 	0
0.0087087087 	2.1799488e-05 	0.00013867262 	0.69477856 	0.00020106974 	0 	0 	0 	0
0.0088088088 	2.1826524e-05 	0.00013873575 	0.69820775 	0.00020449968 	0 	0 	0 	0
0.0089089089 	2.1853561e-05 	0.00013879887 	0.70163693 	0.00020792961 	0 	0 	0 	0
0.009009009 	2.1880598e-05 	0.00013886199 	0.70506612 	0.00021135955 	0 	0 	0 	0
0.0091091091 	2.1907635e-05 	0.00013892511 	0.70849531 	0.00021478948 	0 	0 	0 	0
0.0092092092 	2.1934672e-05 	0.00013898824 	0.7119245 	0.00021821942 	0 	0 	0 	0
0.0093093093 	2.1961709e-05 	0.00013905136 	0.71535368 	0.00022164935 	0 	0 	0 	0
0.0094094094 	2.1988746e-05 	0.00013911448 	0.71878287 	0.00022507929 	0 	0 	0 	0
0.0095095095 	2.2015277e-05 	0.00013917254 	0.72222006 	0.0002286628 	0 	0 	0 	0
0.0096096096 	2.204176e-05 	0.00013923011 	0.72565802 	0.00023226106 	0 	0 	0 	0
0.0097097097 	2.2065979e-05 	0.00013928614 	0.7290429 	0.00023587502 	0 	0 	0 	0
0.0098098098 	2.2075054e-05 	0.00013933183 	0.73207291 	0.00023959399 	0 	0 	0 	0
0.0099099099 	2.2084129e-05 	0.00013937752 	0.73510291 	0.00024331297 	0 	0 	0 	0
0.01001001 	2.2093204e-05 	0.0001394232 	0.73813291 	0.00024703194 	0 	0 	0 	0
0.01011011 	2.2102278e-05 	0.00013946889 	0.74116291 	0.00025075092 	0 	0 	0 	0
0.01021021 	2.2111353e-05 	0.00013951458 	0.74419291 	0.00025446989 	0 	0 	0 	0
0.01031031 	2.2120428e-05 	0.00013956027 	0.74722291 	0.00025818887 	0 	0 	0 	0
0.01041041 	2.2129503e-05 	0.00013960596 	0.75025292 	0.00026190784 	0 	0 	0 	0
0.010510511 	2.2138578e-05 	0.00013965164 	0.75328292 	0.00026562682 	0 	0 	0 	0
0.010610611 	2.2147653e-05 	0.00013969733 	0.75631292 	0.00026934579 	0 	0 	0 	0
0.010710711 	2.2156693e-05 	0.00013974954 	0.75934851 	0.00027316815 	0 	0 	0 	0
0.010810811 	2.2165718e-05 	0.00013980448 	0.76238644 	0.00027703394 	0 	0 	0 	0
0.010910911 	2.2174743e-05 	0.00013985942 	0.76542437 	0.00028089972 	0 	0 	0 	0
0.011011011 	2.2186071e-05 	0.00013990335 	0.76823896 	0.00028483539 	0 	0 	0 	0
0.011111111 	2.2199202e-05 	0.00013993866 	0.77087872 	0.00028882576 	0 	0 	0 	0
0.011211211 	2.2212334e-05 	0.00013997396 	0.77351847 	0.00029281614 	0 	0 	0 	0
0.011311311 	2.2225465e-05 	0.00014000927 	0.77615823 	0.00029680651 	0 	0 	0 	0
0.011411411 	2.2238597e-05 	0.00014004458 	0.77879798 	0.00030079688 	0 	0 	0 	0
0.011511512 	2.2251728e-05 	0.00014007988 	0.78143773 	0.00030478725 	0 	0 	0 	0
0.011611612 	2.226486e-05 	0.00014011519 	0.78407749 	0.00030877763 	0 	0 	0 	0
0.011711712 	2.2277991e-05 	0.0001401505 	0.78671724 	0.000312768 	0 	0 	0 	0
0.011811812 	2.2291122e-05 	0.00014018581 	0.789357 	0.00031675837 	0 	0 	0 	0
0.011911912 	2.2304254e-05 	0.00014022111 	0.79199675 	0.00032074875 	0 	0 	0 	0
0.012012012 	2.2317385e-05 	0.00014025642 	0.79463651 	0.00032473912 	0 	0 	0 	0
0.012112112 	2.2330742e-05 	0.00014031061 	0.79728203 	0.00032884498 	0 	0 	0 	0
0.012212212 	2.2344119e-05 	0.00014036662 	0.79992811 	0.00033296199 	0 	0 	0 	0
0.012312312 	2.2357497e-05 	0.00014042263 	0.80257419 	0.000337079 	0 	0 	0 	0
0.012412412 	2.2373559e-05 	0.00014046851 	0.80507736 	0.00034122371 	0 	0 	0 	0
0.012512513 	2.2394375e-05 	0.00014049642 	0.80732736 	0.00034541746 	0 	0 	0 	0
0.012612613 	2.241519e-05 	0.00014052432 	0.80957735 	0.00034961121 	0 	0 	0 	0
0.012712713 	2.2436006e-05 	0.00014055223 	0.81182735 	0.00035380497 	0 	0 	0 	0
0.012812813 	2.2456822e-05 	0.00014058014 	0.81407735 	0.00035799872 	0 	0 	0 	0
0.012912913 	2.2477638e-05 	0.00014060805 	0.81632735 	0.00036219248 	0 	0 	0 	0
0.013013013 	2.2498454e-05 	0.00014063596 	0.81857735 	0.00036638623 	0 	0 	0 	0
0.013113113 	2.251927e-05 	0.00014066387 	0.82082734 	0.00037057999 	0 	0 	0 	0
0.013213213 	2.2540086e-05 	0.00014069178 	0.82307734 	0.00037477374 	0 	0 	0 	0
0.013313313 	2.2560902e-05 	0.00014071969 	0.82532734 	0.0003789675 	0 	0 	0 	0
0.013413413 	2.2581717e-05 	0.0001407476 	0.82757734 	0.00038316125 	0 	0 	0 	0
0.013513514 	2.2602533e-05 	0.00014077551 	0.82982734 	0.00038735501 	0 	0 	0 	0
0.013613614 	2.2623452e-05 	0.00014081369 	0.8320787 	0.00039158829 	0 	0 	0 	0
0.013713714 	2.2644579e-05 	0.00014087271 	0.83433282 	0.00039590177 	0 	0 	0 	0
0.013813814 	2.2665706e-05 	0.00014093173 	0.83658694 	0.00040021525 	0 	0 	0 	0
0.013913914 	2.2686833e-05 	0.00014099075 	0.83884105 	0.00040452873 	0 	0 	0 	0
0.014014014 	2.2707474e-05 	0.00014103695 	0.84097221 	0.00040883706 	0 	0 	0 	0
0.014114114 	2.2727072e-05 	0.0001410557 	0.8428399 	0.00041313432 	0 	0 	0 	0
0.014214214 	2.2746671e-05 	0.00014107444 	0.84470759 	0.00041743159 	0 	0 	0 	0
0.014314314 	2.2766269e-05 	0.00014109318 	0.84657528 	0.00042172886 	0 	0 	0 	0
0.014414414 	2.2785868e-05 	0.00014111193 	0.84844297 	0.00042602613 	0 	0 	0 	0
0.014514515 	2.2805467e-05 	0.00014113067 	0.85031066 	0.00043032339 	0 	0 	0 	0
0.014614615 	2.2825065e-05 	0.00014114941 	0.85217835 	0.00043462066 	0 	0 	0 	0
0.014714715 	2.2844664e-05 	0.00014116816 	0.85404603 	0.00043891793 	0 	0 	0 	0
0.014814815 	2.2864262e-05 	0.0001411869 	0.85591372 	0.0004432152 	0 	0 	0 	0
0.014914915 	2.2883861e-05 	0.00014120564 	0.85778141 	0.00044751246 	0 	0 	0 	0
0.015015015 	2.290346e-05 	0.00014122438 	0.8596491 	0.00045180973 	0 	0 	0 	0
0.015115115 	2.2923058e-05 	0.00014124313 	0.86151679 	0.000456107 	0 	0 	0 	0
0.015215215 	2.2942657e-05 	0.00014126187 	0.86338448 	0.00046040427 	0 	0 	0 	0
0.015315315 	2.2962255e-05 	0.00014128061 	0.86525217 	0.00046470154 	0 	0 	0 	0
0.015415415 	2.298196e-05 	0.0001413308 	0.86712107 	0.00046908861 	0 	0 	0 	0
0.015515516 	2.3001704e-05 	0.00014139281 	0.86899043 	0.0004735095 	0 	0 	0 	0
0.015615616 	2.3021449e-05 	0.00014145483 	0.87085979 	0.00047793038 	0 	0 	0 	0
0.015715716 	2.3041193e-05 	0.00014151684 	0.87272914 	0.00048235126 	0 	0 	0 	0
0.015815816 	2.3057406e-05 	0.00014156756 	0.87452845 	0.00048674585 	0 	0 	0 	0
0.015915916 	2.3058952e-05 	0.00014157137 	0.87603677 	0.00049103118 	0 	0 	0 	0
0.016016016 	2.3060498e-05 	0.00014157518 	0.8775451 	0.00049531652 	0 	0 	0 	0
0.016116116 	2.3062044e-05 	0.00014157898 	0.87905342 	0.00049960185 	0 	0 	0 	0
0.016216216 	2.306359e-05 	0.00014158279 	0.88056175 	0.00050388719 	0 	0 	0 	0
0.016316316 	2.3065136e-05 	0.00014158659 	0.88207007 	0.00050817252 	0 	0 	0 	0
0.016416416 	2.3066682e-05 	0.0001415904 	0.8835784 	0.00051245786 	0 	0 	0 	0
0.016516517 	2.3068228e-05 	0.00014159421 	0.88508672 	0.00051674319 	0 	0 	0 	0
0.016616617 	2.3069774e-05 	0.00014159801 	0.88659505 	0.00052102853 	0 	0 	0 	0
0.016716717 	2.307132e-05 	0.00014160182 	0.88810337 	0.00052531387 	0 	0 	0 	0
0.016816817 	2.3072866e-05 	0.00014160563 	0.8896117 	0.0005295992 	0 	0 	0 	0
0.016916917 	2.3074412e-05 	0.00014160943 	0.89112002 	0.00053388454 	0 	0 	0 	0
0.017017017 	2.3075958e-05 	0.00014161324 	0.89262835 	0.00053816987 	0 	0 	0 	0
0.017117117 	2.3077504e-05 	0.00014161705 	0.89413667 	0.00054245521 	0 	0 	0 	0
0.017217217 	2.307905e-05 	0.00014162085 	0.895645 	0.00054674054 	0 	0 	0 	0
0.017317317 	2.3080596e-05 	0.00014162466 	0.89715332 	0.00055102588 	0 	0 	0 	0
0.017417417 	2.308111e-05 	0.00014167845 	0.89866144 	0.00055542094 	0 	0 	0 	0
0.017517518 	2.3081424e-05 	0.00014174185 	0.90016951 	0.00055983709 	0 	0 	0 	0
0.017617618 	2.3081739e-05 	0.00014180524 	0.90167759 	0.00056425324 	0 	0 	0 	0
0.017717718 	2.3082054e-05 	0.00014186864 	0.90318566 	0.00056866939 	0 	0 	0 	0
0.017817818 	2.3082368e-05 	0.00014193204 	0.90469374 	0.00057308554 	0 	0 	0 	0
0.017917918 	2.3039857e-05 	0.0001419394 	0.90597725 	0.00057737797 	0 	0 	0 	0
0.018018018 	2.2980541e-05 	0.00014192478 	0.90717265 	0.00058162185 	0 	0 	0 	0
0.018118118 	2.2921226e-05 	0.00014191016 	0.90836805 	0.00058586573 	0 	0 	0 	0
0.018218218 	2.2861911e-05 	0.00014189554 	0.90956345 	0.00059010961 	0 	0 	0 	0
0.018318318 	2.2802595e-05 	0.00014188092 	0.91075885 	0.00059435349 	0 	0 	0 	0
0.018418418 	2.274328e-05 	0.0001418663 	0.91195425 	0.00059859738 	0 	0 	0 	0
0.018518519 	2.2683965e-05 	0.00014185168 	0.91314965 	0.00060284126 	0 	0 	0 	0
0.018618619 	2.2624649e-05 	0.00014183706 	0.91434505 	0.00060708514 	0 	0 	0 	0
0.018718719 	2.2565334e-05 	0.00014182244 	0.91554045 	0.00061132902 	0 	0 	0 	0
0.018818819 	2.2506018e-05 	0.00014180782 	0.91673585 	0.0006155729 	0 	0 	0 	0
0.018918919 	2.2446703e-05 	0.0001417932 	0.91793125 	0.00061981679 	0 	0 	0 	0
0.019019019 	2.2387388e-05 	0.00014177858 	0.91912665 	0.00062406067 	0 	0 	0 	0
0.019119119 	2.2328072e-05 	0.00014176395 	0.92032205 	0.00062830455 	0 	0 	0 	0
0.019219219 	2.2268757e-05 	0.00014174933 	0.92151746 	0.00063254843 	0 	0 	0 	0
0.019319319 	2.2209441e-05 	0.00014173471 	0.92271286 	0.00063679231 	0 	0 	0 	0
0.019419419 	2.2150126e-05 	0.00014172009 	0.92390826 	0.0006410362 	0 	0 	0 	0
0.01951952 	2.2090811e-05 	0.00014170547 	0.92510366 	0.00064528008 	0 	0 	0 	0
0.01961962 	2.2029657e-05 	0.00014171986 	0.92629873 	0.00064957067 	0 	0 	0 	0
0.01971972 	2.1965381e-05 	0.00014178352 	0.92749323 	0.00065394061 	0 	0 	0 	0
0.01981982 	2.1901104e-05 	0.00014184717 	0.92868774 	0.00065831055 	0 	0 	0 	0
0.01991992 	2.1836828e-05 	0.00014191083 	0.92988225 	0.00066268049 	0 	0 	0 	0
0.02002002 	2.1772552e-05 	0.00014197449 	0.93107676 	0.00066705042 	0 	0 	0 	0
0.02012012 	2.1708275e-05 	0.00014203814 	0.93227127 	0.00067142036 	0 	0 	0 	0
0.02022022 	2.1611283e-05 	0.00014204677 	0.93331479 	0.00067570354 	0 	0 	0 	0
0.02032032 	2.1491134e-05 	0.00014201644 	0.93425143 	0.0006799253 	0 	0 	0 	0
0.02042042 	2.1370985e-05 	0.00014198611 	0.93518808 	0.00068414707 	0 	0 	0 	0
0.020520521 	2.1250836e-05 	0.00014195578 	0.93612473 	0.00068836883 	0 	0 	0 	0
0.020620621 	2.1130687e-05 	0.00014192545 	0.93706138 	0.0006925906 	0 	0 	0 	0
0.020720721 	2.1010538e-05 	0.00014189513 	0.93799803 	0.00069681237 	0 	0 	0 	0
0.020820821 	2.089039e-05 	0.0001418648 	0.93893468 	0.00070103413 	0 	0 	0 	0
0.020920921 	2.0770241e-05 	0.00014183447 	0.93987133 	0.0007052559 	0 	0 	0 	0
0.021021021 	2.0650092e-05 	0.00014180414 	0.94080797 	0.00070947766 	0 	0 	0 	0
0.021121121 	2.0529943e-05 	0.00014177381 	0.94174462 	0.00071369943 	0 	0 	0 	0
0.021221221 	2.0409794e-05 	0.00014174348 	0.94268127 	0.0007179212 	0 	0 	0 	0
0.021321321 	2.0289645e-05 	0.00014171316 	0.94361792 	0.00072214296 	0 	0 	0 	0
0.021421421 	2.0169496e-05 	0.00014168283 	0.94455457 	0.00072636473 	0 	0 	0 	0
0.021521522 	2.0049347e-05 	0.0001416525 	0.94549122 	0.00073058649 	0 	0 	0 	0
0.021621622 	1.9929198e-05 	0.00014162217 	0.94642787 	0.00073480826 	0 	0 	0 	0
0.021721722 	1.980905e-05 	0.00014159184 	0.94736451 	0.00073903003 	0 	0 	0 	0
0.021821822 	1.9688901e-05 	0.00014156151 	0.94830116 	0.00074325179 	0 	0 	0 	0
0.021921922 	1.9568752e-05 	0.00014153119 	0.94923781 	0.00074747356 	0 	0 	0 	0
0.022022022 	1.9448603e-05 	0.00014150086 	0.95017446 	0.00075169532 	0 	0 	0 	0
0.022122122 	1.9328454e-05 	0.00014147053 	0.95111111 	0.00075591709 	0 	0 	0 	0
0.022222222 	1.920245e-05 	0.00014153446 	0.95204609 	0.00076024805 	0 	0 	0 	0
0.022322322 	1.907637e-05 	0.00014159962 	0.95298105 	0.00076458044 	0 	0 	0 	0
0.022422422 	1.8950289e-05 	0.00014166479 	0.95391601 	0.00076891284 	0 	0 	0 	0
0.022522523 	1.8824209e-05 	0.00014172996 	0.95485097 	0.00077324524 	0 	0 	0 	0
0.022622623 	1.8698128e-05 	0.00014179512 	0.95578592 	0.00077757763 	0 	0 	0 	0
0.022722723 	1.8572048e-05 	0.00014186029 	0.95672088 	0.00078191003 	0 	0 	0 	0
0.022822823 	1.8437683e-05 	0.00014187625 	0.95755291 	0.00078612369 	0 	0 	0 	0
0.022922923 	1.8293248e-05 	0.00014183239 	0.95825981 	0.00079019304 	0 	0 	0 	0
0.023023023 	1.8148814e-05 	0.00014178853 	0.95896672 	0.00079426239 	0 	0 	0 	0
0.023123123 	1.8004379e-05 	0.00014174468 	0.95967363 	0.00079833174 	0 	0 	0 	0
0.023223223 	1.7859944e-05 	0.00014170082 	0.96038054 	0.00080240109 	0 	0 	0 	0
0.023323323 	1.771551e-05 	0.00014165697 	0.96108745 	0.00080647044 	0 	0 	0 	0
0.023423423 	1.7571075e-05 	0.00014161311 	0.96179435 	0.00081053979 	0 	0 	0 	0
0.023523524 	1.742664e-05 	0.00014156926 	0.96250126 	0.00081460914 	0 	0 	0 	0
0.023623624 	1.7282206e-05 	0.0001415254 	0.96320817 	0.00081867849 	0 	0 	0 	0
0.023723724 	1.7137771e-05 	0.00014148154 	0.96391508 	0.00082274784 	0 	0 	0 	0
0.023823824 	1.6993337e-05 	0.00014143769 	0.96462198 	0.00082681718 	0 	0 	0 	0
0.023923924 	1.6848902e-05 	0.00014139383 	0.96532889 	0.00083088653 	0 	0 	0 	0
0.024024024 	1.6704467e-05 	0.00014134998 	0.9660358 	0.00083495588 	0 	0 	0 	0
0.024124124 	1.6560033e-05 	0.00014130612 	0.96674271 	0.00083902523 	0 	0 	0 	0
0.024224224 	1.6415598e-05 	0.00014126226 	0.96744961 	0.00084309458 	0 	0 	0 	0
0.024324324 	1.6271164e-05 	0.00014121841 	0.96815652 	0.00084716393 	0 	0 	0 	0
0.024424424 	1.6126729e-05 	0.00014117455 	0.96886343 	0.00085123328 	0 	0 	0 	0
0.024524525 	1.5982294e-05 	0.0001411307 	0.96957034 	0.00085530263 	0 	0 	0 	0
0.024624625 	1.583786e-05 	0.00014108684 	0.97027724 	0.00085937198 	0 	0 	0 	0
0.024724725 	1.5693425e-05 	0.00014104299 	0.97098415 	0.00086344133 	0 	0 	0 	0
0.024824825 	1.5548991e-05 	0.00014099913 	0.97169106 	0.00086751068 	0 	0 	0 	0
0.024924925 	1.5404556e-05 	0.00014095527 	0.97239797 	0.00087158003 	0 	0 	0 	0
0.025025025 	1.5258818e-05 	0.00014094611 	0.97310333 	0.0008756717 	0 	0 	0 	0
0.025125125 	1.5110176e-05 	0.00014101421 	0.97380526 	0.0008798131 	0 	0 	0 	0
0.025225225 	1.4961535e-05 	0.00014108231 	0.97450719 	0.00088395449 	0 	0 	0 	0
0.025325325 	1.4812893e-05 	0.00014115041 	0.97520911 	0.00088809589 	0 	0 	0 	0
0.025425425 	1.4664252e-05 	0.00014121851 	0.97591104 	0.00089223728 	0 	0 	0 	0
0.025525526 	1.451561e-05 	0.00014128661 	0.97661297 	0.00089637868 	0 	0 	0 	0
0.025625626 	1.4366969e-05 	0.00014135471 	0.9773149 	0.00090052007 	0 	0 	0 	0
0.025725726 	1.4218327e-05 	0.00014142281 	0.97801682 	0.00090466147 	0 	0 	0 	0
0.025825826 	1.4071798e-05 	0.00014137288 	0.97851393 	0.00090823131 	0 	0 	0 	0
0.025925926 	1.3925437e-05 	0.00014131355 	0.97899472 	0.0009117556 	0 	0 	0 	0
0.026026026 	1.3779075e-05 	0.00014125422 	0.97947551 	0.0009152799 	0 	0 	0 	0
0.026126126 	1.3632714e-05 	0.00014119489 	0.9799563 	0.00091880419 	0 	0 	0 	0
0.026226226 	1.3486353e-05 	0.00014113556 	0.98043709 	0.00092232849 	0 	0 	0 	0
0.026326326 	1.3339991e-05 	0.00014107623 	0.98091787 	0.00092585278 	0 	0 	0 	0
0.026426426 	1.319363e-05 	0.0001410169 	0.98139866 	0.00092937708 	0 	0 	0 	0
0.026526527 	1.3047269e-05 	0.00014095756 	0.98187945 	0.00093290137 	0 	0 	0 	0
0.026626627 	1.2900908e-05 	0.00014089823 	0.98236024 	0.00093642567 	0 	0 	0 	0
0.026726727 	1.2754546e-05 	0.0001408389 	0.98284103 	0.00093994996 	0 	0 	0 	0
0.026826827 	1.2608185e-05 	0.00014077957 	0.98332181 	0.00094347425 	0 	0 	0 	0
0.026926927 	1.2461824e-05 	0.00014072024 	0.9838026 	0.00094699855 	0 	0 	0 	0
0.027027027 	1.2315462e-05 	0.00014066091 	0.98428339 	0.00095052284 	0 	0 	0 	0
0.027127127 	1.2169101e-05 	0.00014060158 	0.98476418 	0.00095404714 	0 	0 	0 	0
0.027227227 	1.202274e-05 	0.00014054225 	0.98524497 	0.00095757143 	0 	0 	0 	0
0.027327327 	1.1876379e-05 	0.00014048291 	0.98572576 	0.00096109573 	0 	0 	0 	0
0.027427427 	1.1730017e-05 	0.00014042358 	0.98620654 	0.00096462002 	0 	0 	0 	0
0.027527528 	1.1583656e-05 	0.00014036425 	0.98668733 	0.00096814432 	0 	0 	0 	0
0.027627628 	1.1437295e-05 	0.00014030492 	0.98716812 	0.00097166861 	0 	0 	0 	0
0.027727728 	1.1290933e-05 	0.00014024559 	0.98764891 	0.0009751929 	0 	0 	0 	0
0.027827828 	1.1144572e-05 	0.00014018626 	0.9881297 	0.0009787172 	0 	0 	0 	0
0.027927928 	1.0998211e-05 	0.00014012693 	0.98861048 	0.00098224149 	0 	0 	0 	0
0.028028028 	1.0851849e-05 	0.00014006759 	0.98909127 	0.00098576579 	0 	0 	0 	0
0.028128128 	1.0705488e-05 	0.00014000826 	0.98957206 	0.00098929008 	0 	0 	0 	0
0.028228228 	1.0559127e-05 	0.00013994893 	0.99005285 	0.00099281438 	0 	0 	0 	0
0.028328328 	1.0411008e-05 	0.0001400074 	0.99052386 	0.00099634093 	0 	0 	0 	0
0.028428428 	1.026272e-05 	0.00014007728 	0.99099392 	0.0009998677 	0 	0 	0 	0
0.028528529 	1.0114431e-05 	0.00014014715 	0.99146398 	0.0010033945 	0 	0 	0 	0
0.028628629 	9.9661426e-06 	0.00014021703 	0.99193405 	0.0010069212 	0 	0 	0 	0
0.028728729 	9.817854e-06 	0.0001402869 	0.99240411 	0.001010448 	0 	0 	0 	0
0.028828829 	9.6695654e-06 	0.00014035677 	0.99287417 	0.0010139748 	0 	0 	0 	0
0.028928929 	9.5212767e-06 	0.00014042665 	0.99334424 	0.0010175016 	0 	0 	0 	0
0.029029029 	9.3729881e-06 	0.00014049652 	0.9938143 	0.0010210283 	0 	0 	0 	0
0.029129129 	9.2401428e-06 	0.00014047677 	0.99416567 	0.0010238362 	1.429268e-36 	0 	0 	0
0.029229229 	9.1189461e-06 	0.00014038943 	0.99442751 	0.0010261017 	3.9366023e-36 	0 	0 	0
0.029329329 	8.9977494e-06 	0.00014030208 	0.99468934 	0.0010283673 	6.4439367e-36 	0 	0 	0
0.029429429 	8.8765526e-06 	0.00014021474 	0.99495118 	0.0010306329 	8.951271e-36 	0 	0 	0
0.02952953 	8.7553559e-06 	0.00014012739 	0.99521302 	0.0010328984 	1.1458605e-35 	0 	0 	0
0.02962963 	8.6341592e-06 	0.00014004005 	0.99547486 	0.001035164 	1.396594e-35 	0 	0 	0
0.02972973 	8.5129625e-06 	0.0001399527 	0.9957367 	0.0010374295 	1.6473274e-35 	0 	0 	0
0.02982983 	8.3917657e-06 	0.00013986536 	0.99599854 	0.0010396951 	1.8980608e-35 	0 	0 	0
0.02992993 	8.270569e-06 	0.00013977801 	0.99626038 	0.0010419606 	2.1487943e-35 	0 	0 	0
0.03003003 	8.1493723e-06 	0.00013969067 	0.99652221 	0.0010442262 	2.3995277e-35 	0 	0 	0
0.03013013 	8.0281755e-06 	0.00013960332 	0.99678405 	0.0010464918 	2.6502611e-35 	0 	0 	0
0.03023023 	7.9069788e-06 	0.00013951597 	0.99704589 	0.0010487573 	2.9009946e-35 	0 	0 	0
0.03033033 	7.7857821e-06 	0.00013942863 	0.99730773 	0.0010510229 	3.151728e-35 	0 	0 	0
0.03043043 	7.6645853e-06 	0.00013934128 	0.99756957 	0.0010532884 	3.4024614e-35 	0 	0 	0
0.030530531 	7.5433886e-06 	0.00013925394 	0.99783141 	0.001055554 	3.6531949e-35 	0 	0 	0
0.030630631 	7.4221919e-06 	0.00013916659 	0.99809324 	0.0010578196 	3.9039283e-35 	0 	0 	0
0.030730731 	7.3009951e-06 	0.00013907925 	0.99835508 	0.0010600851 	4.1546618e-35 	0 	0 	0
0.030830831 	7.1797984e-06 	0.0001389919 	0.99861692 	0.0010623507 	4.4053952e-35 	0 	0 	0
0.030930931 	7.0586017e-06 	0.00013890456 	0.99887876 	0.0010646162 	4.6561286e-35 	0 	0 	0
0.031031031 	6.9374049e-06 	0.00013881721 	0.9991406 	0.0010668818 	4.9068621e-35 	0 	0 	0
0.031131131 	6.8162082e-06 	0.00013872987 	0.99940244 	0.0010691474 	5.1575955e-35 	0 	0 	0
0.031231231 	6.6950115e-06 	0.00013864252 	0.99966428 	0.0010714129 	5.4083289e-35 	0 	0 	0
0.031331331 	6.5738147e-06 	0.00013855518 	0.99992611 	0.0010736785 	5.6590624e-35 	0 	0 	0
0.031431431 	6.452618e-06 	0.00013846783 	1.000188 	0.001075944 	5.9097958e-35 	0 	0 	0
0.031531532 	6.3314213e-06 	0.00013838048 	1.0004498 	0.0010782096 	6.1605292e-35 	0 	0 	0
0.031631632 	6.2102245e-06 	0.00013829314 	1.0007116 	0.0010804751 	6.4112627e-35 	0 	0 	0
0.031731732 	6.0890278e-06 	0.00013820579 	1.0009735 	0.0010827407 	6.6619961e-35 	0 	0 	0
0.031831832 	5.9678311e-06 	0.00013811845 	1.0012353 	0.0010850063 	6.9127295e-35 	0 	0 	0
0.031931932 	5.8470092e-06 	0.00013807851 	1.0014927 	0.0010872602 	7.163463e-35 	0 	0 	0
0.032032032 	5.727022e-06 	0.00013814416 	1.0017403 	0.0010894884 	7.4141964e-35 	0 	0 	0
0.032132132 	5.6070347e-06 	0.0001382098 	1.0019879 	0.0010917165 	7.6649298e-35 	0 	0 	0
0.032232232 	5.4870475e-06 	0.00013827544 	1.0022354 	0.0010939447 	7.9156633e-35 	0 	0 	0
0.032332332 	5.3670603e-06 	0.00013834109 	1.002483 	0.0010961728 	8.1663967e-35 	0 	0 	0
0.032432432 	5.2470731e-06 	0.00013840673 	1.0027306 	0.001098401 	8.4171301e-35 	0 	0 	0
0.032532533 	5.1270859e-06 	0.00013847238 	1.0029781 	0.0011006291 	8.6678636e-35 	0 	0 	0
0.032632633 	5.0070987e-06 	0.00013853802 	1.0032257 	0.0011028573 	8.918597e-35 	0 	0 	0
0.032732733 	4.8871114e-06 	0.00013860366 	1.0034733 	0.0011050854 	9.1693304e-35 	0 	0 	0
0.032832833 	4.7671242e-06 	0.00013866931 	1.0037208 	0.0011073136 	9.4200639e-35 	0 	0 	0
0.032932933 	4.6876274e-06 	0.00013857646 	1.0038339 	0.001108345 	9.2676174e-35 	0 	0 	0
0.033033033 	4.6133503e-06 	0.00013846319 	1.0039296 	0.0011092221 	9.063195e-35 	0 	0 	0
0.033133133 	4.5390733e-06 	0.00013834991 	1.0040253 	0.0011100991 	8.8587726e-35 	0 	0 	0
0.033233233 	4.4647963e-06 	0.00013823664 	1.004121 	0.0011109762 	8.6543502e-35 	0 	0 	0
0.033333333 	4.3905192e-06 	0.00013812336 	1.0042167 	0.0011118533 	8.4499278e-35 	0 	0 	0
0.033433433 	4.3162422e-06 	0.00013801008 	1.0043124 	0.0011127304 	8.2455055e-35 	0 	0 	0
0.033533534 	4.2419652e-06 	0.00013789681 	1.0044081 	0.0011136075 	8.0410831e-35 	0 	0 	0
0.033633634 	4.1676881e-06 	0.00013778353 	1.0045038 	0.0011144846 	7.8366607e-35 	0 	0 	0
0.033733734 	4.0934111e-06 	0.00013767025 	1.0045995 	0.0011153617 	7.6322383e-35 	0 	0 	0
0.033833834 	4.0191341e-06 	0.00013755698 	1.0046952 	0.0011162387 	7.4278159e-35 	0 	0 	0
0.033933934 	3.944857e-06 	0.0001374437 	1.0047909 	0.0011171158 	7.2233936e-35 	0 	0 	0
0.034034034 	3.87058e-06 	0.00013733043 	1.0048866 	0.0011179929 	7.0189712e-35 	0 	0 	0
0.034134134 	3.796303e-06 	0.00013721715 	1.0049823 	0.00111887 	6.8145488e-35 	0 	0 	0
0.034234234 	3.7220259e-06 	0.00013710387 	1.005078 	0.0011197471 	6.6101264e-35 	0 	0 	0
0.034334334 	3.6477489e-06 	0.0001369906 	1.0051737 	0.0011206242 	6.4057041e-35 	0 	0 	0
0.034434434 	3.5734719e-06 	0.00013687732 	1.0052694 	0.0011215013 	6.2012817e-35 	0 	0 	0
0.034534535 	3.4991948e-06 	0.00013676404 	1.0053651 	0.0011223784 	5.9968593e-35 	0 	0 	0
0.034634635 	3.4249178e-06 	0.00013665077 	1.0054608 	0.0011232554 	5.7924369e-35 	0 	0 	0
0.034734735 	3.3506408e-06 	0.00013653749 	1.0055565 	0.0011241325 	5.5880145e-35 	0 	0 	0
0.034834835 	3.2763637e-06 	0.00013642422 	1.0056522 	0.0011250096 	5.3835922e-35 	0 	0 	0
0.034934935 	3.2020867e-06 	0.00013631094 	1.0057479 	0.0011258867 	5.1791698e-35 	0 	0 	0
0.035035035 	3.1278097e-06 	0.00013619766 	1.0058436 	0.0011267638 	4.9747474e-35 	0 	0 	0
0.035135135 	3.0535326e-06 	0.00013608439 	1.0059393 	0.0011276409 	4.770325e-35 	0 	0 	0
0.035235235 	2.9792556e-06 	0.00013597111 	1.006035 	0.001128518 	4.5659026e-35 	0 	0 	0
0.035335335 	2.9049786e-06 	0.00013585783 	1.0061307 	0.001129395 	4.3614803e-35 	0 	0 	0
0.035435435 	2.8307015e-06 	0.00013574456 	1.0062264 	0.0011302721 	4.1570579e-35 	0 	0 	0
0.035535536 	2.7564245e-06 	0.00013563128 	1.0063221 	0.0011311492 	3.9526355e-35 	0 	0 	0
0.035635636 	2.6821474e-06 	0.00013551801 	1.0064178 	0.0011320263 	3.7482131e-35 	0 	0 	0
0.035735736 	2.6078704e-06 	0.00013540473 	1.0065135 	0.0011329034 	3.5437908e-35 	0 	0 	0
0.035835836 	2.5335934e-06 	0.00013529145 	1.0066092 	0.0011337805 	3.3393684e-35 	0 	0 	0
0.035935936 	2.4593163e-06 	0.00013517818 	1.0067049 	0.0011346576 	3.134946e-35 	0 	0 	0
0.036036036 	2.3850393e-06 	0.0001350649 	1.0068006 	0.0011355347 	2.9305236e-35 	0 	0 	0
0.036136136 	2.3145925e-06 	0.00013511762 	1.0068866 	0.0011363719 	2.7261012e-35 	0 	0 	0
0.036236236 	2.2443102e-06 	0.00013517747 	1.0069722 	0.0011372075 	2.5216789e-35 	0 	0 	0
0.036336336 	2.174028e-06 	0.00013523732 	1.0070578 	0.001138043 	2.3172565e-35 	0 	0 	0
0.036436436 	2.1037457e-06 	0.00013529718 	1.0071434 	0.0011388785 	2.1128341e-35 	0 	0 	0
0.036536537 	2.0334634e-06 	0.00013535703 	1.007229 	0.0011397141 	1.9084117e-35 	0 	0 	0
0.036636637 	1.9631812e-06 	0.00013541688 	1.0073145 	0.0011405496 	1.7039893e-35 	0 	0 	0
0.036736737 	1.8928989e-06 	0.00013547673 	1.0074001 	0.0011413852 	1.499567e-35 	0 	0 	0
0.036836837 	1.8226166e-06 	0.00013553658 	1.0074857 	0.0011422207 	1.2951446e-35 	0 	0 	0
0.036936937 	1.7523344e-06 	0.00013559643 	1.0075713 	0.0011430563 	1.0907222e-35 	0 	0 	0
0.037037037 	1.6820521e-06 	0.00013565628 	1.0076569 	0.0011438918 	8.8629983e-36 	0 	0 	0
0.037137137 	1.6251964e-06 	0.00013566369 	1.0077217 	0.0011445376 	6.8436494e-36 	0 	0 	0
0.037237237 	1.5979579e-06 	0.0001355554 	1.0077408 	0.0011447647 	4.8791713e-36 	0 	0 	0
0.037337337 	1.5707194e-06 	0.00013544711 	1.00776 	0.0011449919 	2.9146932e-36 	0 	0 	0
0.037437437 	1.543481e-06 	0.00013533882 	1.0077791 	0.0011452191 	9.5021506e-37 	0 	0 	0
0.037537538 	1.5162425e-06 	0.00013523053 	1.0077983 	0.0011454462 	-1.0142631e-36 	0 	0 	0
0.037637638 	1.489004e-06 	0.00013512225 	1.0078174 	0.0011456734 	-2.9787412e-36 	0 	0 	0
0.037737738 	1.4617655e-06 	0.00013501396 	1.0078366 	0.0011459005 	-4.9432193e-36 	0 	0 	0
0.037837838 	1.434527e-06 	0.00013490567 	1.0078557 	0.0011461277 	-6.9076974e-36 	0 	0 	0
0.037937938 	1.4072885e-06 	0.00013479738 	1.0078748 	0.0011463548 	-8.8721756e-36 	0 	0 	0
0.038038038 	1.38005e-06 	0.00013468909 	1.007894 	0.001146582 	-1.0836654e-35 	0 	0 	0
0.038138138 	1.3528115e-06 	0.00013458081 	1.0079131 	0.0011468091 	-1.2801132e-35 	0 	0 	0
0.038238238 	1.325573e-06 	0.00013447252 	1.0079323 	0.0011470363 	-1.476561e-35 	0 	0 	0
0.038338338 	1.2983345e-06 	0.00013436423 	1.0079514 	0.0011472634 	-1.6730088e-35 	0 	0 	0
0.038438438 	1.271096e-06 	0.00013425594 	1.0079706 	0.0011474906 	-1.8694566e-35 	0 	0 	0
0.038538539 	1.2438576e-06 	0.00013414765 	1.0079897 	0.0011477177 	-2.0659044e-35 	0 	0 	0
0.038638639 	1.2166191e-06 	0.00013403937 	1.0080088 	0.0011479449 	-2.2623522e-35 	0 	0 	0
0.038738739 	1.1893806e-06 	0.00013393108 	1.008028 	0.001148172 	-2.4588001e-35 	0 	0 	0
0.038838839 	1.1621421e-06 	0.00013382279 	1.0080471 	0.0011483992 	-2.6552479e-35 	0 	0 	0
0.038938939 	1.1349036e-06 	0.0001337145 	1.0080663 	0.0011486263 	-2.8516957e-35 	0 	0 	0
0.039039039 	1.1076651e-06 	0.00013360621 	1.0080854 	0.0011488535 	-3.0481435e-35 	0 	0 	0
0.039139139 	1.0804266e-06 	0.00013349793 	1.0081046 	0.0011490806 	-3.2445913e-35 	0 	0 	0
0.039239239 	1.0531881e-06 	0.00013338964 	1.0081237 	0.0011493078 	-3.4410391e-35 	0 	0 	0
0.039339339 	1.0259496e-06 	0.00013328135 	1.0081428 	0.0011495349 	-3.6374869e-35 	0 	0 	0
0.039439439 	9.9871114e-07 	0.00013317306 	1.008162 	0.0011497621 	-3.8339347e-35 	0 	0 	0
0.03953954 	9.7147265e-07 	0.00013306477 	1.0081811 	0.0011499892 	-4.0303826e-35 	0 	0 	0
0.03963964 	9.4423416e-07 	0.00013295649 	1.0082003 	0.0011502164 	-4.2268304e-35 	0 	0 	0
0.03973974 	9.1699567e-07 	0.0001328482 	1.0082194 	0.0011504435 	-4.4232782e-35 	0 	0 	0
0.03983984 	8.8975718e-07 	0.00013273991 	1.0082386 	0.0011506707 	-4.619726e-35 	0 	0 	0
0.03993994 	8.6251869e-07 	0.00013263162 	1.0082577 	0.0011508978 	-4.8161738e-35 	0 	0 	0
0.04004004 	8.352802e-07 	0.00013252333 	1.0082768 	0.001151125 	-5.0126216e-35 	0 	0 	0
0.04014014 	8.0804171e-07 	0.00013241505 	1.008296 	0.0011513521 	-5.2090694e-35 	0 	0 	0
0.04024024 	7.8080322e-07 	0.00013230676 	1.0083151 	0.0011515793 	-5.4055172e-35 	0 	0 	0
0.04034034 	7.5356473e-07 	0.00013219847 	1.0083343 	0.0011518064 	-5.6019651e-35 	0 	0 	0
0.04044044 	7.2632624e-07 	0.00013209018 	1.0083534 	0.0011520336 	-5.7984129e-35 	0 	0 	0
0.040540541 	6.9908775e-07 	0.00013198189 	1.0083725 	0.0011522607 	-5.9948607e-35 	0 	0 	0
0.040640641 	6.7184926e-07 	0.00013187361 	1.0083917 	0.0011524879 	-6.1913085e-35 	0 	0 	0
0.040740741 	6.4543312e-07 	0.00013180481 	1.00841 	0.0011527133 	-6.3877563e-35 	0 	0 	0
0.040840841 	6.2158852e-07 	0.00013185951 	1.0084258 	0.0011529331 	-6.5842041e-35 	0 	0 	0
0.040940941 	5.9774391e-07 	0.00013191421 	1.0084417 	0.0011531529 	-6.7806519e-35 	0 	0 	0
0.041041041 	5.738993e-07 	0.00013196891 	1.0084575 	0.0011533728 	-6.9770998e-35 	0 	0 	0
0.041141141 	5.5005469e-07 	0.00013202361 	1.0084733 	0.0011535926 	-7.1735476e-35 	0 	0 	0
0.041241241 	5.2621009e-07 	0.0001320783 	1.0084891 	0.0011538124 	-7.3699954e-35 	0 	0 	0
0.041341341 	5.0236548e-07 	0.000132133 	1.0085049 	0.0011540323 	-7.5664432e-35 	0 	0 	0
0.041441441 	4.7852087e-07 	0.0001321877 	1.0085207 	0.0011542521 	-7.762891e-35 	0 	0 	0
0.041541542 	4.5467626e-07 	0.0001322424 	1.0085365 	0.001154472 	-7.9593388e-35 	0 	0 	0
0.041641642 	4.3083166e-07 	0.0001322971 	1.0085524 	0.0011546918 	-8.1557866e-35 	0 	0 	0
0.041741742 	4.0698705e-07 	0.0001323518 	1.0085682 	0.0011549116 	-8.3522344e-35 	0 	0 	0
0.041841842 	3.8314244e-07 	0.0001324065 	1.008584 	0.0011551315 	-8.5486823e-35 	0 	0 	0
0.041941942 	3.6352695e-07 	0.00013243151 	1.0085968 	0.0011553213 	-8.6688316e-35 	0 	0 	0
0.042042042 	3.5944878e-07 	0.00013234744 	1.0085985 	0.0011554011 	-8.5086681e-35 	0 	0 	0
0.042142142 	3.5537061e-07 	0.00013226337 	1.0086002 	0.0011554808 	-8.3485046e-35 	0 	0 	0
0.042242242 	3.5129245e-07 	0.0001321793 	1.0086019 	0.0011555605 	-8.1883411e-35 	0 	0 	0
0.042342342 	3.4721428e-07 	0.00013209523 	1.0086036 	0.0011556403 	-8.0281776e-35 	0 	0 	0
0.042442442 	3.4313611e-07 	0.00013201116 	1.0086053 	0.00115572 	-7.8680141e-35 	0 	0 	0
0.042542543 	3.3905795e-07 	0.00013192709 	1.008607 	0.0011557997 	-7.7078506e-35 	0 	0 	0
0.042642643 	3.3497978e-07 	0.00013184302 	1.0086087 	0.0011558794 	-7.5476871e-35 	0 	0 	0
0.042742743 	3.3090162e-07 	0.00013175895 	1.0086104 	0.0011559592 	-7.3875236e-35 	0 	0 	0
0.042842843 	3.2682345e-07 	0.00013167488 	1.0086121 	0.0011560389 	-7.2273601e-35 	0 	0 	0
0.042942943 	3.2274528e-07 	0.00013159081 	1.0086138 	0.0011561186 	-7.0671966e-35 	0 	0 	0
0.043043043 	3.1866712e-07 	0.00013150675 	1.0086155 	0.0011561983 	-6.9070331e-35 	0 	0 	0
0.043143143 	3.1458895e-07 	0.00013142268 	1.0086172 	0.0011562781 	-6.7468696e-35 	0 	0 	0
0.043243243 	3.1051078e-07 	0.00013133861 	1.0086189 	0.0011563578 	-6.5867061e-35 	0 	0 	0
0.043343343 	3.0643262e-07 	0.00013125454 	1.0086207 	0.0011564375 	-6.4265426e-35 	0 	0 	0
0.043443443 	3.0235445e-07 	0.00013117047 	1.0086224 	0.0011565172 	-6.2663791e-35 	0 	0 	0
0.043543544 	2.9827629e-07 	0.0001310864 	1.0086241 	0.001156597 	-6.1062156e-35 	0 	0 	0
0.043643644 	2.9419812e-07 	0.00013100233 	1.0086258 	0.0011566767 	-5.9460521e-35 	0 	0 	0
0.043743744 	2.9011995e-07 	0.00013091826 	1.0086275 	0.0011567564 	-5.7858885e-35 	0 	0 	0
0.043843844 	2.8604179e-07 	0.00013083419 	1.0086292 	0.0011568362 	-5.625725e-35 	0 	0 	0
0.043943944 	2.8196362e-07 	0.00013075012 	1.0086309 	0.0011569159 	-5.4655615e-35 	0 	0 	0
0.044044044 	2.7788545e-07 	0.00013066605 	1.0086326 	0.0011569956 	-5.305398e-35 	0 	0 	0
0.044144144 	2.7380729e-07 	0.00013058198 	1.0086343 	0.0011570753 	-5.1452345e-35 	0 	0 	0
0.044244244 	2.6972912e-07 	0.00013049792 	1.008636 	0.0011571551 	-4.985071e-35 	0 	0 	0
0.044344344 	2.6565095e-07 	0.00013041385 	1.0086377 	0.0011572348 	-4.8249075e-35 	0 	0 	0
0.044444444 	2.6157279e-07 	0.00013032978 	1.0086394 	0.0011573145 	-4.664744e-35 	0 	0 	0
0.044544545 	2.5749462e-07 	0.00013024571 	1.0086411 	0.0011573942 	-4.5045805e-35 	0 	0 	0
0.044644645 	2.5341646e-07 	0.00013016164 	1.0086428 	0.001157474 	-4.344417e-35 	0 	0 	0
0.044744745 	2.4933829e-07 	0.00013007757 	1.0086445 	0.0011575537 	-4.1842535e-35 	0 	0 	0
0.044844845 	2.4526012e-07 	0.0001299935 	1.0086462 	0.0011576334 	-4.02409e-35 	0 	0 	0
0.044944945 	2.4118196e-07 	0.00012990943 	1.0086479 	0.0011577131 	-3.8639265e-35 	0 	0 	0
0.045045045 	2.3710379e-07 	0.00012982536 	1.0086496 	0.0011577929 	-3.703763e-35 	0 	0 	0
0.045145145 	2.3302562e-07 	0.00012974129 	1.0086513 	0.0011578726 	-3.5435995e-35 	0 	0 	0
0.045245245 	2.2894746e-07 	0.00012965722 	1.008653 	0.0011579523 	-3.383436e-35 	0 	0 	0
0.045345345 	2.2486929e-07 	0.00012957315 	1.0086547 	0.0011580321 	-3.2232725e-35 	0 	0 	0
0.045445445 	2.2079113e-07 	0.00012948908 	1.0086565 	0.0011581118 	-3.063109e-35 	0 	0 	0
0.045545546 	2.1671296e-07 	0.00012940502 	1.0086582 	0.0011581915 	-2.9029455e-35 	0 	0 	0
0.045645646 	2.1263479e-07 	0.00012932095 	1.0086599 	0.0011582712 	-2.742782e-35 	0 	0 	0
0.045745746 	2.0855663e-07 	0.00012923688 	1.0086616 	0.001158351 	-2.5826185e-35 	0 	0 	0
0.045845846 	2.0447846e-07 	0.00012915281 	1.0086633 	0.0011584307 	-2.4224549e-35 	0 	0 	0
0.045945946 	2.0040029e-07 	0.00012906874 	1.008665 	0.0011585104 	-2.2622914e-35 	0 	0 	0
0.046046046 	1.9673687e-07 	0.0001290463 	1.0086665 	0.0011586092 	-2.1021279e-35 	0 	0 	0
0.046146146 	1.935522e-07 	0.00012909502 	1.0086677 	0.0011587301 	-1.9419644e-35 	0 	0 	0
0.046246246 	1.9036752e-07 	0.00012914373 	1.008669 	0.001158851 	-1.7818009e-35 	0 	0 	0
0.046346346 	1.8718285e-07 	0.00012919244 	1.0086702 	0.0011589719 	-1.6216374e-35 	0 	0 	0
0.046446446 	1.8399818e-07 	0.00012924115 	1.0086715 	0.0011590928 	-1.4614739e-35 	0 	0 	0
0.046546547 	1.808135e-07 	0.00012928986 	1.0086727 	0.0011592137 	-1.3013104e-35 	0 	0 	0
0.046646647 	1.7762883e-07 	0.00012933858 	1.008674 	0.0011593345 	-1.1411469e-35 	0 	0 	0
0.046746747 	1.7444415e-07 	0.00012938729 	1.0086753 	0.0011594554 	-9.8098341e-36 	0 	0 	0
0.046846847 	1.7125948e-07 	0.000129436 	1.0086765 	0.0011595763 	-8.208199e-36 	0 	0 	0
0.046946947 	1.6807481e-07 	0.00012948471 	1.0086778 	0.0011596972 	-6.606564e-36 	0 	0 	0
0.047047047 	1.6489013e-07 	0.00012953343 	1.008679 	0.0011598181 	-5.0049289e-36 	0 	0 	0
0.047147147 	1.6170546e-07 	0.00012958214 	1.0086803 	0.0011599389 	-3.4032939e-36 	0 	0 	0
0.047247247 	1.5852079e-07 	0.00012963085 	1.0086815 	0.0011600598 	-1.8016588e-36 	0 	0 	0
0.047347347 	1.5533611e-07 	0.00012967956 	1.0086828 	0.0011601807 	-2.0002377e-37 	0 	0 	0
0.047447447 	1.5469898e-07 	0.00012962955 	1.0086827 	0.0011602444 	7.7606301e-37 	0 	0 	0
0.047547548 	1.5442541e-07 	0.00012956545 	1.0086824 	0.0011602999 	1.6628779e-36 	0 	0 	0
0.047647648 	1.5415184e-07 	0.00012950134 	1.0086822 	0.0011603553 	2.5496927e-36 	0 	0 	0
0.047747748 	1.5387827e-07 	0.00012943724 	1.0086819 	0.0011604108 	3.4365076e-36 	0 	0 	0
0.047847848 	1.536047e-07 	0.00012937314 	1.0086816 	0.0011604663 	4.3233224e-36 	0 	0 	0
0.047947948 	1.5333112e-07 	0.00012930904 	1.0086814 	0.0011605218 	5.2101373e-36 	0 	0 	0
0.048048048 	1.5305755e-07 	0.00012924494 	1.0086811 	0.0011605773 	6.0969522e-36 	0 	0 	0
0.048148148 	1.5278398e-07 	0.00012918083 	1.0086809 	0.0011606328 	6.983767e-36 	0 	0 	0
0.048248248 	1.5251041e-07 	0.00012911673 	1.0086806 	0.0011606883 	7.8705819e-36 	0 	0 	0
0.048348348 	1.5223684e-07 	0.00012905263 	1.0086803 	0.0011607437 	8.7573967e-36 	0 	0 	0
0.048448448 	1.5196327e-07 	0.00012898853 	1.0086801 	0.0011607992 	9.6442116e-36 	0 	0 	0
0.048548549 	1.516897e-07 	0.00012892442 	1.0086798 	0.0011608547 	1.0531026e-35 	0 	0 	0
0.048648649 	1.5141613e-07 	0.00012886032 	1.0086795 	0.0011609102 	1.1417841e-35 	0 	0 	0
0.048748749 	1.5114255e-07 	0.00012879622 	1.0086793 	0.0011609657 	1.2304656e-35 	0 	0 	0
0.048848849 	1.5086898e-07 	0.00012873212 	1.008679 	0.0011610212 	1.3191471e-35 	0 	0 	0
0.048948949 	1.5059541e-07 	0.00012866801 	1.0086787 	0.0011610767 	1.4078286e-35 	0 	0 	0
0.049049049 	1.5032184e-07 	0.00012860391 	1.0086785 	0.0011611321 	1.4965101e-35 	0 	0 	0
0.049149149 	1.5004827e-07 	0.00012853981 	1.0086782 	0.0011611876 	1.5851916e-35 	0 	0 	0
0.049249249 	1.497747e-07 	0.00012847571 	1.0086779 	0.0011612431 	1.673873e-35 	0 	0 	0
0.049349349 	1.4950113e-07 	0.00012841161 	1.0086777 	0.0011612986 	1.7625545e-35 	0 	0 	0
0.049449449 	1.4922755e-07 	0.0001283475 	1.0086774 	0.0011613541 	1.851236e-35 	0 	0 	0
0.04954955 	1.4895398e-07 	0.0001282834 	1.0086771 	0.0011614096 	1.9399175e-35 	0 	0 	0
0.04964965 	1.4868041e-07 	0.0001282193 	1.0086769 	0.0011614651 	2.028599e-35 	0 	0 	0
0.04974975 	1.4840684e-07 	0.0001281552 	1.0086766 	0.0011615205 	2.1172805e-35 	0 	0 	0
0.04984985 	1.4813327e-07 	0.00012809109 	1.0086764 	0.001161576 	2.205962e-35 	0 	0 	0
0.04994995 	1.478597e-07 	0.00012802699 	1.0086761 	0.0011616315 	2.2946434e-35 	0 	0 	0
0.05005005 	1.4758613e-07 	0.00012796289 	1.0086758 	0.001161687 	2.3833249e-35 	0 	0 	0
0.05015015 	1.4731255e-07 	0.00012789879 	1.0086756 	0.0011617425 	2.4720064e-35 	0 	0 	0
0.05025025 	1.4703898e-07 	0.00012783469 	1.0086753 	0.001161798 	2.5606879e-35 	0 	0 	0
0.05035035 	1.4676541e-07 	0.00012777058 	1.008675 	0.0011618535 	2.6493694e-35 	0 	0 	0
0.05045045 	1.4649184e-07 	0.00012770648 	1.0086748 	0.0011619089 	2.7380509e-35 	0 	0 	0
0.050550551 	1.4621827e-07 	0.00012764238 	1.0086745 	0.0011619644 	2.8267324e-35 	0 	0 	0
0.050650651 	1.459447e-07 	0.00012757828 	1.0086742 	0.0011620199 	2.9154138e-35 	0 	0 	0
0.050750751 	1.4567113e-07 	0.00012751417 	1.008674 	0.0011620754 	3.0040953e-35 	0 	0 	0
0.050850851 	1.4539756e-07 	0.00012745007 	1.0086737 	0.0011621309 	3.0927768e-35 	0 	0 	0
0.050950951 	1.4512398e-07 	0.00012738597 	1.0086734 	0.0011621864 	3.1814583e-35 	0 	0 	0
0.051051051 	1.4485041e-07 	0.00012732187 	1.0086732 	0.0011622419 	3.2701398e-35 	0 	0 	0
0.051151151 	1.4457684e-07 	0.00012725776 	1.0086729 	0.0011622973 	3.3588213e-35 	0 	0 	0
0.051251251 	1.4430327e-07 	0.00012719366 	1.0086726 	0.0011623528 	3.4475028e-35 	0 	0 	0
0.051351351 	1.440297e-07 	0.00012712956 	1.0086724 	0.0011624083 	3.5361842e-35 	0 	0 	0
0.051451451 	1.4375613e-07 	0.00012706546 	1.0086721 	0.0011624638 	3.6248657e-35 	0 	0 	0
0.051551552 	1.4348256e-07 	0.00012700136 	1.0086719 	0.0011625193 	3.7135472e-35 	0 	0 	0
0.051651652 	1.4320898e-07 	0.00012693725 	1.0086716 	0.0011625748 	3.8022287e-35 	0 	0 	0
0.051751752 	1.4293541e-07 	0.00012687315 	1.0086713 	0.0011626303 	3.8909102e-35 	0 	0 	0
0.051851852 	1.4266184e-07 	0.00012680905 	1.0086711 	0.0011626857 	3.9795917e-35 	0 	0 	0
0.051951952 	1.4238827e-07 	0.00012674495 	1.0086708 	0.0011627412 	4.0682732e-35 	0 	0 	0
0.052052052 	1.4217606e-07 	0.00012677016 	1.0086705 	0.0011628368 	4.0826461e-35 	0 	0 	0
0.052152152 	1.4197573e-07 	0.00012681264 	1.0086702 	0.0011629402 	4.0826461e-35 	0 	0 	0
0.052252252 	1.4177539e-07 	0.00012685512 	1.0086699 	0.0011630435 	4.0826461e-35 	0 	0 	0
0.052352352 	1.4157505e-07 	0.00012689761 	1.0086696 	0.0011631468 	4.0826461e-35 	0 	0 	0
0.052452452 	1.4137472e-07 	0.00012694009 	1.0086693 	0.0011632502 	4.0826461e-35 	0 	0 	0
0.052552553 	1.4117438e-07 	0.00012698258 	1.008669 	0.0011633535 	4.0826461e-35 	0 	0 	0
0.052652653 	1.4097404e-07 	0.00012702506 	1.0086687 	0.0011634569 	4.0826461e-35 	0 	0 	0
0.052752753 	1.4077371e-07 	0.00012706755 	1.0086684 	0.0011635602 	4.0826461e-35 	0 	0 	0
0.052852853 	1.4057337e-07 	0.00012711003 	1.0086681 	0.0011636636 	4.0826461e-35 	0 	0 	0
0.052952953 	1.4037303e-07 	0.00012715251 	1.0086678 	0.0011637669 	4.0826461e-35 	0 	0 	0
0.053053053 	1.4017269e-07 	0.000127195 	1.0086675 	0.0011638702 	4.0826461e-35 	0 	0 	0
0.053153153 	1.3997236e-07 	0.00012723748 	1.0086672 	0.0011639736 	4.0826461e-35 	0 	0 	0
0.053253253 	1.3977202e-07 	0.00012727997 	1.0086668 	0.0011640769 	4.0826461e-35 	0 	0 	0
0.053353353 	1.3957168e-07 	0.00012732245 	1.0086665 	0.0011641803 	4.0826461e-35 	0 	0 	0
0.053453453 	1.3937135e-07 	0.00012736494 	1.0086662 	0.0011642836 	4.0826461e-35 	0 	0 	0
0.053553554 	1.3926449e-07 	0.00012736332 	1.0086659 	0.0011643759 	4.047973e-35 	0 	0 	0
0.053653654 	1.3925666e-07 	0.00012731498 	1.0086656 	0.0011644566 	3.9765753e-35 	0 	0 	0
0.053753754 	1.3924882e-07 	0.00012726665 	1.0086653 	0.0011645373 	3.9051775e-35 	0 	0 	0
0.053853854 	1.3924098e-07 	0.00012721831 	1.0086649 	0.001164618 	3.8337797e-35 	0 	0 	0
0.053953954 	1.3923314e-07 	0.00012716998 	1.0086646 	0.0011646987 	3.7623819e-35 	0 	0 	0
0.054054054 	1.392253e-07 	0.00012712164 	1.0086643 	0.0011647794 	3.6909842e-35 	0 	0 	0
0.054154154 	1.3921747e-07 	0.00012707331 	1.008664 	0.0011648601 	3.6195864e-35 	0 	0 	0
0.054254254 	1.3920963e-07 	0.00012702497 	1.0086636 	0.0011649407 	3.5481886e-35 	0 	0 	0
0.054354354 	1.3920179e-07 	0.00012697664 	1.0086633 	0.0011650214 	3.4767908e-35 	0 	0 	0
0.054454454 	1.3919395e-07 	0.0001269283 	1.008663 	0.0011651021 	3.4053931e-35 	0 	0 	0
0.054554555 	1.3918611e-07 	0.00012687997 	1.0086626 	0.0011651828 	3.3339953e-35 	0 	0 	0
0.054654655 	1.3917828e-07 	0.00012683163 	1.0086623 	0.0011652635 	3.2625975e-35 	0 	0 	0
0.054754755 	1.3917044e-07 	0.0001267833 	1.008662 	0.0011653442 	3.1911997e-35 	0 	0 	0
0.054854855 	1.391626e-07 	0.00012673497 	1.0086617 	0.0011654249 	3.119802e-35 	0 	0 	0
0.054954955 	1.3915476e-07 	0.00012668663 	1.0086613 	0.0011655056 	3.0484042e-35 	0 	0 	0
0.055055055 	1.3914692e-07 	0.0001266383 	1.008661 	0.0011655862 	2.9770064e-35 	0 	0 	0
0.055155155 	1.3913908e-07 	0.00012658996 	1.0086607 	0.0011656669 	2.9056086e-35 	0 	0 	0
0.055255255 	1.3913125e-07 	0.00012654163 	1.0086603 	0.0011657476 	2.8342109e-35 	0 	0 	0
0.055355355 	1.3912341e-07 	0.00012649329 	1.00866 	0.0011658283 	2.7628131e-35 	0 	0 	0
0.055455455 	1.3911557e-07 	0.00012644496 	1.0086597 	0.001165909 	2.6914153e-35 	0 	0 	0
0.055555556 	1.3910773e-07 	0.00012639662 	1.0086594 	0.0011659897 	2.6200175e-35 	0 	0 	0
0.055655656 	1.3909989e-07 	0.00012634829 	1.008659 	0.0011660704 	2.5486197e-35 	0 	0 	0
0.055755756 	1.3909206e-07 	0.00012629995 	1.0086587 	0.001166151 	2.477222e-35 	0 	0 	0
0.055855856 	1.3908422e-07 	0.00012625162 	1.0086584 	0.0011662317 	2.4058242e-35 	0 	0 	0
0.055955956 	1.3907638e-07 	0.00012620328 	1.0086581 	0.0011663124 	2.3344264e-35 	0 	0 	0
0.056056056 	1.3906854e-07 	0.00012615495 	1.0086577 	0.0011663931 	2.2630286e-35 	0 	0 	0
0.056156156 	1.390607e-07 	0.00012610661 	1.0086574 	0.0011664738 	2.1916309e-35 	0 	0 	0
0.056256256 	1.3905287e-07 	0.00012605828 	1.0086571 	0.0011665545 	2.1202331e-35 	0 	0 	0
0.056356356 	1.3904503e-07 	0.00012600995 	1.0086567 	0.0011666352 	2.0488353e-35 	0 	0 	0
0.056456456 	1.3903719e-07 	0.00012596161 	1.0086564 	0.0011667158 	1.9774375e-35 	0 	0 	0
0.056556557 	1.3902935e-07 	0.00012591328 	1.0086561 	0.0011667965 	1.9060398e-35 	0 	0 	0
0.056656657 	1.3902151e-07 	0.00012586494 	1.0086558 	0.0011668772 	1.834642e-35 	0 	0 	0
0.056756757 	1.3901368e-07 	0.00012581661 	1.0086554 	0.0011669579 	1.7632442e-35 	0 	0 	0
0.056856857 	1.3900584e-07 	0.00012576827 	1.0086551 	0.0011670386 	1.6918464e-35 	0 	0 	0
0.056956957 	1.38998e-07 	0.00012571994 	1.0086548 	0.0011671193 	1.6204487e-35 	0 	0 	0
0.057057057 	1.3899016e-07 	0.0001256716 	1.0086544 	0.0011672 	1.5490509e-35 	0 	0 	0
0.057157157 	1.3898232e-07 	0.00012562327 	1.0086541 	0.0011672807 	1.4776531e-35 	0 	0 	0
0.057257257 	1.3897448e-07 	0.00012557493 	1.0086538 	0.0011673613 	1.4062553e-35 	0 	0 	0
0.057357357 	1.3896665e-07 	0.0001255266 	1.0086535 	0.001167442 	1.3348576e-35 	0 	0 	0
0.057457457 	1.3895881e-07 	0.00012547826 	1.0086531 	0.0011675227 	1.2634598e-35 	0 	0 	0
0.057557558 	1.3895097e-07 	0.00012542993 	1.0086528 	0.0011676034 	1.192062e-35 	0 	0 	0
0.057657658 	1.3894313e-07 	0.0001253816 	1.0086525 	0.0011676841 	1.1206642e-35 	0 	0 	0
0.057757758 	1.3893529e-07 	0.00012533326 	1.0086521 	0.0011677648 	1.0492665e-35 	0 	0 	0
0.057857858 	1.3892746e-07 	0.00012528493 	1.0086518 	0.0011678455 	9.7786868e-36 	0 	0 	0
0.057957958 	1.3891962e-07 	0.00012523659 	1.0086515 	0.0011679261 	9.0647091e-36 	0 	0 	0
0.058058058 	1.3891178e-07 	0.00012518826 	1.0086512 	0.0011680068 	8.3507313e-36 	0 	0 	0
0.058158158 	1.3890394e-07 	0.00012513992 	1.0086508 	0.0011680875 	7.6367536e-36 	0 	0 	0
0.058258258 	1.388961e-07 	0.00012509159 	1.0086505 	0.0011681682 	6.9227758e-36 	0 	0 	0
0.058358358 	1.3888827e-07 	0.00012504325 	1.0086502 	0.0011682489 	6.208798e-36 	0 	0 	0
0.058458458 	1.3888043e-07 	0.00012499492 	1.0086498 	0.0011683296 	5.4948203e-36 	0 	0 	0
0.058558559 	1.3887259e-07 	0.00012494658 	1.0086495 	0.0011684103 	4.7808425e-36 	0 	0 	0
0.058658659 	1.3886475e-07 	0.00012489825 	1.0086492 	0.0011684909 	4.0668648e-36 	0 	0 	0
0.058758759 	1.3885857e-07 	0.00012489059 	1.0086488 	0.0011685852 	3.6920071e-36 	0 	0 	0
0.058858859 	1.3885421e-07 	0.00012492791 	1.0086485 	0.0011686943 	3.6920071e-36 	0 	0 	0
0.058958959 	1.3884985e-07 	0.00012496522 	1.0086481 	0.0011688035 	3.6920071e-36 	0 	0 	0
0.059059059 	1.3884549e-07 	0.00012500253 	1.0086477 	0.0011689126 	3.6920071e-36 	0 	0 	0
0.059159159 	1.3884113e-07 	0.00012503984 	1.0086474 	0.0011690218 	3.6920071e-36 	0 	0 	0
0.059259259 	1.3883677e-07 	0.00012507715 	1.008647 	0.0011691309 	3.6920071e-36 	0 	0 	0
0.059359359 	1.3883241e-07 	0.00012511447 	1.0086467 	0.0011692401 	3.6920071e-36 	0 	0 	0
0.059459459 	1.3882805e-07 	0.00012515178 	1.0086463 	0.0011693492 	3.6920071e-36 	0 	0 	0
0.05955956 	1.3882369e-07 	0.00012518909 	1.0086459 	0.0011694584 	3.6920071e-36 	0 	0 	0
0.05965966 	1.3881933e-07 	0.0001252264 	1.0086456 	0.0011695675 	3.6920071e-36 	0 	0 	0
0.05975976 	1.3881497e-07 	0.00012526371 	1.0086452 	0.0011696767 	3.6920071e-36 	0 	0 	0
0.05985986 	1.3881061e-07 	0.00012530103 	1.0086448 	0.0011697859 	3.6920071e-36 	0 	0 	0
0.05995996 	1.3880625e-07 	0.00012533834 	1.0086445 	0.001169895 	3.6920071e-36 	0 	0 	0
0.06006006 	1.388019e-07 	0.00012537565 	1.0086441 	0.0011700042 	3.6920071e-36 	0 	0 	0
0.06016016 	1.3879754e-07 	0.00012541296 	1.0086437 	0.0011701133 	3.6920071e-36 	0 	0 	0
0.06026026 	1.3879318e-07 	0.00012545027 	1.0086434 	0.0011702225 	3.6920071e-36 	0 	0 	0
0.06036036 	1.3878882e-07 	0.00012548759 	1.008643 	0.0011703316 	3.6920071e-36 	0 	0 	0
0.06046046 	1.3878515e-07 	0.00012551582 	1.0086426 	0.0011704386 	3.7350726e-36 	0 	0 	0
0.060560561 	1.3878604e-07 	0.00012548365 	1.0086423 	0.001170531 	4.0646474e-36 	0 	0 	0
0.060660661 	1.3878694e-07 	0.00012545147 	1.008642 	0.0011706234 	4.3942222e-36 	0 	0 	0
0.060760761 	1.3878784e-07 	0.0001254193 	1.0086417 	0.0011707158 	4.723797e-36 	0 	0 	0
0.060860861 	1.3878874e-07 	0.00012538713 	1.0086414 	0.0011708082 	5.0533718e-36 	0 	0 	0
0.060960961 	1.3878964e-07 	0.00012535495 	1.0086411 	0.0011709006 	5.3829466e-36 	0 	0 	0
0.061061061 	1.3879054e-07 	0.00012532278 	1.0086408 	0.001170993 	5.7125214e-36 	0 	0 	0
0.061161161 	1.3879143e-07 	0.00012529061 	1.0086405 	0.0011710854 	6.0420961e-36 	0 	0 	0
0.061261261 	1.3879233e-07 	0.00012525843 	1.0086402 	0.0011711778 	6.3716709e-36 	0 	0 	0
0.061361361 	1.3879323e-07 	0.00012522626 	1.0086399 	0.0011712702 	6.7012457e-36 	0 	0 	0
0.061461461 	1.3879413e-07 	0.00012519409 	1.0086396 	0.0011713626 	7.0308205e-36 	0 	0 	0
0.061561562 	1.3879503e-07 	0.00012516191 	1.0086393 	0.001171455 	7.3603953e-36 	0 	0 	0
0.061661662 	1.3879593e-07 	0.00012512974 	1.008639 	0.0011715475 	7.6899701e-36 	0 	0 	0
0.061761762 	1.3879682e-07 	0.00012509757 	1.0086387 	0.0011716399 	8.0195449e-36 	0 	0 	0
0.061861862 	1.3879772e-07 	0.00012506539 	1.0086384 	0.0011717323 	8.3491197e-36 	0 	0 	0
0.061961962 	1.3879862e-07 	0.00012503322 	1.0086381 	0.0011718247 	8.6786945e-36 	0 	0 	0
0.062062062 	1.3879952e-07 	0.00012500105 	1.0086378 	0.0011719171 	9.0082693e-36 	0 	0 	0
0.062162162 	1.3880042e-07 	0.00012496887 	1.0086375 	0.0011720095 	9.3378441e-36 	0 	0 	0
0.062262262 	1.3880132e-07 	0.0001249367 	1.0086372 	0.0011721019 	9.6674189e-36 	0 	0 	0
0.062362362 	1.3880221e-07 	0.00012490453 	1.0086369 	0.0011721943 	9.9969937e-36 	0 	0 	0
0.062462462 	1.3880311e-07 	0.00012487235 	1.0086366 	0.0011722867 	1.0326568e-35 	0 	0 	0
0.062562563 	1.3880401e-07 	0.00012484018 	1.0086363 	0.0011723791 	1.0656143e-35 	0 	0 	0
0.062662663 	1.3880491e-07 	0.00012480801 	1.008636 	0.0011724715 	1.0985718e-35 	0 	0 	0
0.062762763 	1.3880581e-07 	0.00012477583 	1.0086357 	0.0011725639 	1.1315293e-35 	0 	0 	0
0.062862863 	1.3880671e-07 	0.00012474366 	1.0086354 	0.0011726563 	1.1644868e-35 	0 	0 	0
0.062962963 	1.3880761e-07 	0.00012471149 	1.0086351 	0.0011727487 	1.1974442e-35 	0 	0 	0
0.063063063 	1.388085e-07 	0.00012467931 	1.0086348 	0.0011728411 	1.2304017e-35 	0 	0 	0
0.063163163 	1.388094e-07 	0.00012464714 	1.0086345 	0.0011729335 	1.2633592e-35 	0 	0 	0
0.063263263 	1.388103e-07 	0.00012461497 	1.0086342 	0.0011730259 	1.2963167e-35 	0 	0 	0
0.063363363 	1.388112e-07 	0.00012458279 	1.0086339 	0.0011731183 	1.3292742e-35 	0 	0 	0
0.063463463 	1.388121e-07 	0.00012455062 	1.0086336 	0.0011732107 	1.3622316e-35 	0 	0 	0
0.063563564 	1.38813e-07 	0.00012451845 	1.0086333 	0.0011733031 	1.3951891e-35 	0 	0 	0
0.063663664 	1.3881389e-07 	0.00012448627 	1.008633 	0.0011733956 	1.4281466e-35 	0 	0 	0
0.063763764 	1.3881479e-07 	0.0001244541 	1.0086327 	0.001173488 	1.4611041e-35 	0 	0 	0
0.063863864 	1.3881569e-07 	0.00012442193 	1.0086324 	0.0011735804 	1.4940616e-35 	0 	0 	0
0.063963964 	1.3881659e-07 	0.00012438975 	1.008632 	0.0011736728 	1.527019e-35 	0 	0 	0
0.064064064 	1.3881749e-07 	0.00012435758 	1.0086317 	0.0011737652 	1.5599765e-35 	0 	0 	0
0.064164164 	1.3881839e-07 	0.00012432541 	1.0086314 	0.0011738576 	1.592934e-35 	0 	0 	0
0.064264264 	1.3881928e-07 	0.00012429323 	1.0086311 	0.00117395 	1.6258915e-35 	0 	0 	0
0.064364364 	1.3882018e-07 	0.00012426106 	1.0086308 	0.0011740424 	1.658849e-35 	0 	0 	0
0.064464464 	1.3882108e-07 	0.00012422889 	1.0086305 	0.0011741348 	1.6918064e-35 	0 	0 	0
0.064564565 	1.3882198e-07 	0.00012419671 	1.0086302 	0.0011742272 	1.7247639e-35 	0 	0 	0
0.064664665 	1.3882288e-07 	0.00012416454 	1.0086299 	0.0011743196 	1.7577214e-35 	0 	0 	0
0.064764765 	1.3882378e-07 	0.00012413237 	1.0086296 	0.001174412 	1.7906789e-35 	0 	0 	0
0.064864865 	1.3882467e-07 	0.00012410019 	1.0086293 	0.0011745044 	1.8236363e-35 	0 	0 	0
0.064964965 	1.3882557e-07 	0.00012406802 	1.008629 	0.0011745968 	1.8565938e-35 	0 	0 	0
0.065065065 	1.3882647e-07 	0.00012403585 	1.0086287 	0.0011746892 	1.8895513e-35 	0 	0 	0
0.065165165 	1.3882737e-07 	0.00012400367 	1.0086284 	0.0011747816 	1.9225088e-35 	0 	0 	0
0.065265265 	1.3882827e-07 	0.0001239715 	1.0086281 	0.001174874 	1.9554663e-35 	0 	0 	0
0.065365365 	1.3882917e-07 	0.00012393933 	1.0086278 	0.0011749664 	1.9884237e-35 	0 	0 	0
0.065465465 	1.3883007e-07 	0.00012390715 	1.0086275 	0.0011750588 	2.0213812e-35 	0 	0 	0
0.065565566 	1.3883096e-07 	0.00012387498 	1.0086272 	0.0011751513 	2.0543387e-35 	0 	0 	0
0.065665666 	1.3883186e-07 	0.00012384281 	1.0086269 	0.0011752437 	2.0872962e-35 	0 	0 	0
0.065765766 	1.3883276e-07 	0.00012381063 	1.0086266 	0.0011753361 	2.1202537e-35 	0 	0 	0
0.065865866 	1.3883366e-07 	0.00012377846 	1.0086263 	0.0011754285 	2.1532111e-35 	0 	0 	0
0.065965966 	1.3883456e-07 	0.00012374629 	1.008626 	0.0011755209 	2.1861686e-35 	0 	0 	0
0.066066066 	1.3883546e-07 	0.00012371411 	1.0086257 	0.0011756133 	2.2191261e-35 	0 	0 	0
0.066166166 	1.3883635e-07 	0.00012368194 	1.0086254 	0.0011757057 	2.2520836e-35 	0 	0 	0
0.066266266 	1.3883725e-07 	0.00012364977 	1.0086251 	0.0011757981 	2.2850411e-35 	0 	0 	0
0.066366366 	1.3883818e-07 	0.00012364242 	1.0086248 	0.0011758937 	2.3438083e-35 	0 	0 	0
0.066466466 	1.3883916e-07 	0.00012367707 	1.0086244 	0.0011759949 	2.4462476e-35 	0 	0 	0
0.066566567 	1.3884013e-07 	0.00012371172 	1.008624 	0.001176096 	2.5486869e-35 	0 	0 	0
0.066666667 	1.3884111e-07 	0.00012374638 	1.0086237 	0.0011761971 	2.6511263e-35 	0 	0 	0
0.066766767 	1.3884208e-07 	0.00012378103 	1.0086233 	0.0011762982 	2.7535656e-35 	0 	0 	0
0.066866867 	1.3884306e-07 	0.00012381569 	1.008623 	0.0011763994 	2.8560049e-35 	0 	0 	0
0.066966967 	1.3884404e-07 	0.00012385034 	1.0086226 	0.0011765005 	2.9584442e-35 	0 	0 	0
0.067067067 	1.3884501e-07 	0.00012388499 	1.0086222 	0.0011766016 	3.0608836e-35 	0 	0 	0
0.067167167 	1.3884599e-07 	0.00012391965 	1.0086219 	0.0011767027 	3.1633229e-35 	0 	0 	0
0.067267267 	1.3884696e-07 	0.0001239543 	1.0086215 	0.0011768039 	3.2657622e-35 	0 	0 	0
0.067367367 	1.3884794e-07 	0.00012398895 	1.0086212 	0.001176905 	3.3682015e-35 	0 	0 	0
0.067467467 	1.3884892e-07 	0.00012402361 	1.0086208 	0.0011770061 	3.4706409e-35 	0 	0 	0
0.067567568 	1.3884989e-07 	0.00012405826 	1.0086204 	0.0011771072 	3.5730802e-35 	0 	0 	0
0.067667668 	1.3885087e-07 	0.00012409292 	1.0086201 	0.0011772084 	3.6755195e-35 	0 	0 	0
0.067767768 	1.3885184e-07 	0.00012412757 	1.0086197 	0.0011773095 	3.7779588e-35 	0 	0 	0
0.067867868 	1.3885282e-07 	0.00012416222 	1.0086194 	0.0011774106 	3.8803982e-35 	0 	0 	0
0.067967968 	1.388538e-07 	0.00012419688 	1.008619 	0.0011775118 	3.9828375e-35 	0 	0 	0
0.068068068 	1.3885477e-07 	0.00012423153 	1.0086186 	0.0011776129 	4.0852768e-35 	0 	0 	0
0.068168168 	1.3885575e-07 	0.00012426618 	1.0086183 	0.001177714 	4.1877161e-35 	0 	0 	0
0.068268268 	1.3885673e-07 	0.00012430084 	1.0086179 	0.0011778151 	4.2901555e-35 	0 	0 	0
0.068368368 	1.3885717e-07 	0.00012429483 	1.0086176 	0.0011779021 	4.2934561e-35 	0 	0 	0
0.068468468 	1.3885746e-07 	0.00012427713 	1.0086172 	0.0011779849 	4.2682509e-35 	0 	0 	0
0.068568569 	1.3885775e-07 	0.00012425944 	1.0086169 	0.0011780678 	4.2430457e-35 	0 	0 	0
0.068668669 	1.3885804e-07 	0.00012424174 	1.0086166 	0.0011781506 	4.2178405e-35 	0 	0 	0
0.068768769 	1.3885834e-07 	0.00012422404 	1.0086162 	0.0011782335 	4.1926353e-35 	0 	0 	0
0.068868869 	1.3885863e-07 	0.00012420634 	1.0086159 	0.0011783163 	4.16743e-35 	0 	0 	0
0.068968969 	1.3885892e-07 	0.00012418865 	1.0086156 	0.0011783992 	4.1422248e-35 	0 	0 	0
0.069069069 	1.3885921e-07 	0.00012417095 	1.0086152 	0.001178482 	4.1170196e-35 	0 	0 	0
0.069169169 	1.388595e-07 	0.00012415325 	1.0086149 	0.0011785648 	4.0918144e-35 	0 	0 	0
0.069269269 	1.3885979e-07 	0.00012413555 	1.0086146 	0.0011786477 	4.0666092e-35 	0 	0 	0
0.069369369 	1.3886008e-07 	0.00012411786 	1.0086143 	0.0011787305 	4.041404e-35 	0 	0 	0
0.069469469 	1.3886038e-07 	0.00012410016 	1.0086139 	0.0011788134 	4.0161988e-35 	0 	0 	0
0.06956957 	1.3886067e-07 	0.00012408246 	1.0086136 	0.0011788962 	3.9909936e-35 	0 	0 	0
0.06966967 	1.3886096e-07 	0.00012406476 	1.0086133 	0.0011789791 	3.9657884e-35 	0 	0 	0
0.06976977 	1.3886125e-07 	0.00012404707 	1.0086129 	0.0011790619 	3.9405831e-35 	0 	0 	0
0.06986987 	1.3886154e-07 	0.00012402937 	1.0086126 	0.0011791448 	3.9153779e-35 	0 	0 	0
0.06996997 	1.3886183e-07 	0.00012401167 	1.0086123 	0.0011792276 	3.8901727e-35 	0 	0 	0
0.07007007 	1.3886212e-07 	0.00012399397 	1.0086119 	0.0011793105 	3.8649675e-35 	0 	0 	0
0.07017017 	1.3886242e-07 	0.00012397627 	1.0086116 	0.0011793933 	3.8397623e-35 	0 	0 	0
0.07027027 	1.3886271e-07 	0.00012395858 	1.0086113 	0.0011794762 	3.8145571e-35 	0 	0 	0
0.07037037 	1.38863e-07 	0.00012394088 	1.0086109 	0.001179559 	3.7893519e-35 	0 	0 	0
0.07047047 	1.3886329e-07 	0.00012392318 	1.0086106 	0.0011796419 	3.7641467e-35 	0 	0 	0
0.070570571 	1.3886358e-07 	0.00012390548 	1.0086103 	0.0011797247 	3.7389414e-35 	0 	0 	0
0.070670671 	1.3886387e-07 	0.00012388779 	1.0086099 	0.0011798076 	3.7137362e-35 	0 	0 	0
0.070770771 	1.3886416e-07 	0.00012387009 	1.0086096 	0.0011798904 	3.688531e-35 	0 	0 	0
0.070870871 	1.3886446e-07 	0.00012385239 	1.0086093 	0.0011799733 	3.6633258e-35 	0 	0 	0
0.070970971 	1.3886475e-07 	0.00012383469 	1.0086089 	0.0011800561 	3.6381206e-35 	0 	0 	0
0.071071071 	1.3886504e-07 	0.000123817 	1.0086086 	0.001180139 	3.6129154e-35 	0 	0 	0
0.071171171 	1.3886533e-07 	0.0001237993 	1.0086083 	0.0011802218 	3.5877102e-35 	0 	0 	0
0.071271271 	1.3886562e-07 	0.0001237816 	1.0086079 	0.0011803047 	3.562505e-35 	0 	0 	0
0.071371371 	1.3886591e-07 	0.0001237639 	1.0086076 	0.0011803875 	3.5372997e-35 	0 	0 	0
0.071471471 	1.388662e-07 	0.00012374621 	1.0086073 	0.0011804703 	3.5120945e-35 	0 	0 	0
0.071571572 	1.388665e-07 	0.00012372851 	1.008607 	0.0011805532 	3.4868893e-35 	0 	0 	0
0.071671672 	1.3886679e-07 	0.00012371081 	1.0086066 	0.001180636 	3.4616841e-35 	0 	0 	0
0.071771772 	1.3886708e-07 	0.00012369311 	1.0086063 	0.0011807189 	3.4364789e-35 	0 	0 	0
0.071871872 	1.3886737e-07 	0.00012367542 	1.008606 	0.0011808017 	3.4112737e-35 	0 	0 	0
0.071971972 	1.3886766e-07 	0.00012365772 	1.0086056 	0.0011808846 	3.3860685e-35 	0 	0 	0
0.072072072 	1.3886795e-07 	0.00012364002 	1.0086053 	0.0011809674 	3.3608633e-35 	0 	0 	0
0.072172172 	1.3886824e-07 	0.00012362232 	1.008605 	0.0011810503 	3.335658e-35 	0 	0 	0
0.072272272 	1.3886854e-07 	0.00012360463 	1.0086046 	0.0011811331 	3.3104528e-35 	0 	0 	0
0.072372372 	1.3886883e-07 	0.00012358693 	1.0086043 	0.001181216 	3.2852476e-35 	0 	0 	0
0.072472472 	1.3886912e-07 	0.00012356923 	1.008604 	0.0011812988 	3.2600424e-35 	0 	0 	0
0.072572573 	1.3886941e-07 	0.00012355153 	1.0086036 	0.0011813817 	3.2348372e-35 	0 	0 	0
0.072672673 	1.388697e-07 	0.00012353383 	1.0086033 	0.0011814645 	3.209632e-35 	0 	0 	0
0.072772773 	1.3886999e-07 	0.00012351614 	1.008603 	0.0011815474 	3.1844268e-35 	0 	0 	0
0.072872873 	1.3887028e-07 	0.00012349844 	1.0086026 	0.0011816302 	3.1592216e-35 	0 	0 	0
0.072972973 	1.3887058e-07 	0.00012348074 	1.0086023 	0.0011817131 	3.1340163e-35 	0 	0 	0
0.073073073 	1.3887087e-07 	0.00012346304 	1.008602 	0.0011817959 	3.1088111e-35 	0 	0 	0
0.073173173 	1.3887116e-07 	0.00012344535 	1.0086016 	0.0011818788 	3.0836059e-35 	0 	0 	0
0.073273273 	1.3887145e-07 	0.00012342765 	1.0086013 	0.0011819616 	3.0584007e-35 	0 	0 	0
0.073373373 	1.3887174e-07 	0.00012340995 	1.008601 	0.0011820445 	3.0331955e-35 	0 	0 	0
0.073473473 	1.3887203e-07 	0.00012339225 	1.0086006 	0.0011821273 	3.0079903e-35 	0 	0 	0
0.073573574 	1.3887233e-07 	0.00012337456 	1.0086003 	0.0011822102 	2.9827851e-35 	0 	0 	0
0.073673674 	1.3887262e-07 	0.00012335686 	1.0086 	0.001182293 	2.9575799e-35 	0 	0 	0
0.073773774 	1.3887291e-07 	0.00012333916 	1.0085996 	0.0011823758 	2.9323746e-35 	0 	0 	0
0.073873874 	1.388732e-07 	0.00012332146 	1.0085993 	0.0011824587 	2.9071694e-35 	0 	0 	0
0.073973974 	1.3887349e-07 	0.00012330377 	1.008599 	0.0011825415 	2.8819642e-35 	0 	0 	0
0.074074074 	1.3887378e-07 	0.00012328607 	1.0085987 	0.0011826244 	2.856759e-35 	0 	0 	0
0.074174174 	1.3887407e-07 	0.00012326837 	1.0085983 	0.0011827072 	2.8315538e-35 	0 	0 	0
0.074274274 	1.3887437e-07 	0.00012325067 	1.008598 	0.0011827901 	2.8063486e-35 	0 	0 	0
0.074374374 	1.3887466e-07 	0.00012323298 	1.0085977 	0.0011828729 	2.7811434e-35 	0 	0 	0
0.074474474 	1.3887495e-07 	0.00012321528 	1.0085973 	0.0011829558 	2.7559382e-35 	0 	0 	0
0.074574575 	1.3887524e-07 	0.00012319758 	1.008597 	0.0011830386 	2.7307329e-35 	0 	0 	0
0.074674675 	1.3887553e-07 	0.00012317988 	1.0085967 	0.0011831215 	2.7055277e-35 	0 	0 	0
0.074774775 	1.3887582e-07 	0.00012316218 	1.0085963 	0.0011832043 	2.6803225e-35 	0 	0 	0
0.074874875 	1.3887611e-07 	0.00012314449 	1.008596 	0.0011832872 	2.6551173e-35 	0 	0 	0
0.074974975 	1.3887639e-07 	0.00012314644 	1.0085956 	0.001183371 	2.6079124e-35 	0 	0 	0
0.075075075 	1.3887664e-07 	0.00012317872 	1.0085953 	0.0011834565 	2.526767e-35 	0 	0 	0
0.075175175 	1.3887688e-07 	0.00012321099 	1.0085949 	0.0011835419 	2.4456217e-35 	0 	0 	0
0.075275275 	1.3887713e-07 	0.00012324327 	1.0085945 	0.0011836274 	2.3644763e-35 	0 	0 	0
0.075375375 	1.3887738e-07 	0.00012327554 	1.0085941 	0.0011837128 	2.283331e-35 	0 	0 	0
0.075475475 	1.3887763e-07 	0.00012330782 	1.0085937 	0.0011837983 	2.2021856e-35 	0 	0 	0
0.075575576 	1.3887787e-07 	0.00012334009 	1.0085933 	0.0011838837 	2.1210402e-35 	0 	0 	0
0.075675676 	1.3887812e-07 	0.00012337237 	1.0085929 	0.0011839692 	2.0398949e-35 	0 	0 	0
0.075775776 	1.3887837e-07 	0.00012340464 	1.0085925 	0.0011840546 	1.9587495e-35 	0 	0 	0
0.075875876 	1.3887862e-07 	0.00012343692 	1.0085921 	0.0011841401 	1.8776041e-35 	0 	0 	0
0.075975976 	1.3887887e-07 	0.00012346919 	1.0085918 	0.0011842255 	1.7964588e-35 	0 	0 	0
0.076076076 	1.3887911e-07 	0.00012350147 	1.0085914 	0.001184311 	1.7153134e-35 	0 	0 	0
0.076176176 	1.3887936e-07 	0.00012353374 	1.008591 	0.0011843964 	1.6341681e-35 	0 	0 	0
0.076276276 	1.3887961e-07 	0.00012356602 	1.0085906 	0.0011844819 	1.5530227e-35 	0 	0 	0
0.076376376 	1.3887986e-07 	0.0001235983 	1.0085902 	0.0011845673 	1.4718773e-35 	0 	0 	0
0.076476476 	1.388801e-07 	0.00012363057 	1.0085898 	0.0011846528 	1.390732e-35 	0 	0 	0
0.076576577 	1.3888035e-07 	0.00012366285 	1.0085894 	0.0011847382 	1.3095866e-35 	0 	0 	0
0.076676677 	1.388806e-07 	0.00012369512 	1.008589 	0.0011848237 	1.2284412e-35 	0 	0 	0
0.076776777 	1.3888085e-07 	0.0001237274 	1.0085887 	0.0011849091 	1.1472959e-35 	0 	0 	0
0.076876877 	1.388811e-07 	0.00012375967 	1.0085883 	0.0011849946 	1.0661505e-35 	0 	0 	0
0.076976977 	1.3888134e-07 	0.00012379195 	1.0085879 	0.00118508 	9.8500516e-36 	0 	0 	0
0.077077077 	1.3888159e-07 	0.00012382422 	1.0085875 	0.0011851655 	9.038598e-36 	0 	0 	0
0.077177177 	1.3888179e-07 	0.00012384683 	1.0085871 	0.0011852466 	8.2294065e-36 	0 	0 	0
0.077277277 	1.3888184e-07 	0.00012384136 	1.0085867 	0.0011853151 	7.4267892e-36 	0 	0 	0
0.077377377 	1.3888189e-07 	0.00012383589 	1.0085863 	0.0011853836 	6.6241719e-36 	0 	0 	0
0.077477477 	1.3888193e-07 	0.00012383041 	1.0085859 	0.0011854521 	5.8215546e-36 	0 	0 	0
0.077577578 	1.3888198e-07 	0.00012382494 	1.0085855 	0.0011855206 	5.0189372e-36 	0 	0 	0
0.077677678 	1.3888203e-07 	0.00012381946 	1.0085852 	0.0011855891 	4.2163199e-36 	0 	0 	0
0.077777778 	1.3888208e-07 	0.00012381399 	1.0085848 	0.0011856576 	3.4137026e-36 	0 	0 	0
0.077877878 	1.3888213e-07 	0.00012380852 	1.0085844 	0.001185726 	2.6110853e-36 	0 	0 	0
0.077977978 	1.3888218e-07 	0.00012380304 	1.008584 	0.0011857945 	1.808468e-36 	0 	0 	0
0.078078078 	1.3888223e-07 	0.00012379757 	1.0085836 	0.001185863 	1.0058507e-36 	0 	0 	0
0.078178178 	1.3888228e-07 	0.00012379209 	1.0085832 	0.0011859315 	2.0323336e-37 	0 	0 	0
0.078278278 	1.3888233e-07 	0.00012378662 	1.0085828 	0.001186 	-5.9938395e-37 	0 	0 	0
0.078378378 	1.3888237e-07 	0.00012378115 	1.0085824 	0.0011860685 	-1.4020013e-36 	0 	0 	0
0.078478478 	1.3888242e-07 	0.00012377567 	1.008582 	0.001186137 	-2.2046186e-36 	0 	0 	0
0.078578579 	1.3888247e-07 	0.0001237702 	1.0085817 	0.0011862055 	-3.0072359e-36 	0 	0 	0
0.078678679 	1.3888252e-07 	0.00012376473 	1.0085813 	0.001186274 	-3.8098532e-36 	0 	0 	0
0.078778779 	1.3888257e-07 	0.00012375925 	1.0085809 	0.0011863425 	-4.6124705e-36 	0 	0 	0
0.078878879 	1.3888262e-07 	0.00012375378 	1.0085805 	0.001186411 	-5.4150878e-36 	0 	0 	0
0.078978979 	1.3888267e-07 	0.0001237483 	1.0085801 	0.0011864795 	-6.2177051e-36 	0 	0 	0
0.079079079 	1.3888272e-07 	0.00012374283 	1.0085797 	0.001186548 	-7.0203225e-36 	0 	0 	0
0.079179179 	1.3888277e-07 	0.00012373736 	1.0085793 	0.0011866165 	-7.8229398e-36 	0 	0 	0
0.079279279 	1.3888282e-07 	0.00012373188 	1.0085789 	0.001186685 	-8.6255571e-36 	0 	0 	0
0.079379379 	1.3888286e-07 	0.00012372641 	1.0085785 	0.0011867535 	-9.4281744e-36 	0 	0 	0
0.079479479 	1.3888291e-07 	0.00012372093 	1.0085782 	0.001186822 	-1.0230792e-35 	0 	0 	0
0.07957958 	1.3888296e-07 	0.00012371546 	1.0085778 	0.0011868905 	-1.1033409e-35 	0 	0 	0
0.07967968 	1.3888301e-07 	0.00012370999 	1.0085774 	0.001186959 	-1.1836026e-35 	0 	0 	0
0.07977978 	1.3888306e-07 	0.00012370451 	1.008577 	0.0011870275 	-1.2638644e-35 	0 	0 	0
0.07987988 	1.3888311e-07 	0.00012369904 	1.0085766 	0.001187096 	-1.3441261e-35 	0 	0 	0
0.07997998 	1.3888316e-07 	0.00012369357 	1.0085762 	0.0011871644 	-1.4243878e-35 	0 	0 	0
0.08008008 	1.3888321e-07 	0.00012368809 	1.0085758 	0.0011872329 	-1.5046496e-35 	0 	0 	0
0.08018018 	1.3888326e-07 	0.00012368262 	1.0085754 	0.0011873014 	-1.5849113e-35 	0 	0 	0
0.08028028 	1.388833e-07 	0.00012367714 	1.0085751 	0.0011873699 	-1.665173e-35 	0 	0 	0
0.08038038 	1.3888335e-07 	0.00012367167 	1.0085747 	0.0011874384 	-1.7454348e-35 	0 	0 	0
0.08048048 	1.388834e-07 	0.0001236662 	1.0085743 	0.0011875069 	-1.8256965e-35 	0 	0 	0
0.080580581 	1.3888345e-07 	0.00012366072 	1.0085739 	0.0011875754 	-1.9059582e-35 	0 	0 	0
0.080680681 	1.388835e-07 	0.00012365525 	1.0085735 	0.0011876439 	-1.9862199e-35 	0 	0 	0
0.080780781 	1.3888355e-07 	0.00012364978 	1.0085731 	0.0011877124 	-2.0664817e-35 	0 	0 	0
0.080880881 	1.388836e-07 	0.0001236443 	1.0085727 	0.0011877809 	-2.1467434e-35 	0 	0 	0
0.080980981 	1.3888365e-07 	0.00012363883 	1.0085723 	0.0011878494 	-2.2270051e-35 	0 	0 	0
0.081081081 	1.388837e-07 	0.00012363335 	1.0085719 	0.0011879179 	-2.3072669e-35 	0 	0 	0
0.081181181 	1.3888374e-07 	0.00012362788 	1.0085716 	0.0011879864 	-2.3875286e-35 	0 	0 	0
0.081281281 	1.3888379e-07 	0.00012362241 	1.0085712 	0.0011880549 	-2.4677903e-35 	0 	0 	0
0.081381381 	1.3888384e-07 	0.00012361693 	1.0085708 	0.0011881234 	-2.5480521e-35 	0 	0 	0
0.081481481 	1.3888389e-07 	0.00012361146 	1.0085704 	0.0011881919 	-2.6283138e-35 	0 	0 	0
0.081581582 	1.3888394e-07 	0.00012360598 	1.00857 	0.0011882604 	-2.7085755e-35 	0 	0 	0
0.081681682 	1.3888399e-07 	0.00012360051 	1.0085696 	0.0011883289 	-2.7888373e-35 	0 	0 	0
0.081781782 	1.3888404e-07 	0.00012359504 	1.0085692 	0.0011883974 	-2.869099e-35 	0 	0 	0
0.081881882 	1.3888409e-07 	0.00012358956 	1.0085688 	0.0011884659 	-2.9493607e-35 	0 	0 	0
0.081981982 	1.3888414e-07 	0.00012358409 	1.0085684 	0.0011885344 	-3.0296225e-35 	0 	0 	0
0.082082082 	1.3888418e-07 	0.00012357862 	1.0085681 	0.0011886028 	-3.1098842e-35 	0 	0 	0
0.082182182 	1.3888423e-07 	0.00012357314 	1.0085677 	0.0011886713 	-3.1901459e-35 	0 	0 	0
0.082282282 	1.3888428e-07 	0.00012356767 	1.0085673 	0.0011887398 	-3.2704077e-35 	0 	0 	0
0.082382382 	1.3888433e-07 	0.00012356219 	1.0085669 	0.0011888083 	-3.3506694e-35 	0 	0 	0
0.082482482 	1.3888438e-07 	0.00012355672 	1.0085665 	0.0011888768 	-3.4309311e-35 	0 	0 	0
0.082582583 	1.3888443e-07 	0.00012355125 	1.0085661 	0.0011889453 	-3.5111928e-35 	0 	0 	0
0.082682683 	1.3888448e-07 	0.00012354577 	1.0085657 	0.0011890138 	-3.5914546e-35 	0 	0 	0
0.082782783 	1.3888453e-07 	0.0001235403 	1.0085653 	0.0011890823 	-3.6717163e-35 	0 	0 	0
0.082882883 	1.3888458e-07 	0.00012353483 	1.0085649 	0.0011891508 	-3.751978e-35 	0 	0 	0
0.082982983 	1.3888462e-07 	0.00012352935 	1.0085646 	0.0011892193 	-3.8322398e-35 	0 	0 	0
0.083083083 	1.3888467e-07 	0.00012352388 	1.0085642 	0.0011892878 	-3.9125015e-35 	0 	0 	0
0.083183183 	1.3888472e-07 	0.0001235184 	1.0085638 	0.0011893563 	-3.9927632e-35 	0 	0 	0
0.083283283 	1.3888477e-07 	0.00012351293 	1.0085634 	0.0011894248 	-4.073025e-35 	0 	0 	0
0.083383383 	1.3888482e-07 	0.00012350746 	1.008563 	0.0011894933 	-4.1532867e-35 	0 	0 	0
0.083483483 	1.3888487e-07 	0.00012350198 	1.0085626 	0.0011895618 	-4.2335484e-35 	0 	0 	0
0.083583584 	1.3888492e-07 	0.00012349651 	1.0085622 	0.0011896303 	-4.3138102e-35 	0 	0 	0
0.083683684 	1.3888497e-07 	0.00012349103 	1.0085618 	0.0011896988 	-4.3940719e-35 	0 	0 	0
0.083783784 	1.3888502e-07 	0.00012348556 	1.0085614 	0.0011897673 	-4.4743336e-35 	0 	0 	0
0.083883884 	1.3888506e-07 	0.00012348009 	1.0085611 	0.0011898358 	-4.5545954e-35 	0 	0 	0
0.083983984 	1.3888511e-07 	0.00012347461 	1.0085607 	0.0011899043 	-4.6348571e-35 	0 	0 	0
0.084084084 	1.3888516e-07 	0.00012346914 	1.0085603 	0.0011899727 	-4.7151188e-35 	0 	0 	0
0.084184184 	1.3888521e-07 	0.00012346367 	1.0085599 	0.0011900412 	-4.7953805e-35 	0 	0 	0
0.084284284 	1.3888526e-07 	0.00012345819 	1.0085595 	0.0011901097 	-4.8756423e-35 	0 	0 	0
0.084384384 	1.3888531e-07 	0.00012345272 	1.0085591 	0.0011901782 	-4.955904e-35 	0 	0 	0
0.084484484 	1.3888536e-07 	0.00012344724 	1.0085587 	0.0011902467 	-5.0361657e-35 	0 	0 	0
0.084584585 	1.3888541e-07 	0.00012344177 	1.0085583 	0.0011903152 	-5.1164275e-35 	0 	0 	0
0.084684685 	1.3888545e-07 	0.00012344563 	1.0085579 	0.0011903869 	-5.1966892e-35 	0 	0 	0
0.084784785 	1.388855e-07 	0.0001234762 	1.0085575 	0.0011904674 	-5.2769509e-35 	0 	0 	0
0.084884885 	1.3888554e-07 	0.00012350676 	1.0085571 	0.001190548 	-5.3572127e-35 	0 	0 	0
0.084984985 	1.3888558e-07 	0.00012353732 	1.0085567 	0.0011906286 	-5.4374744e-35 	0 	0 	0
0.085085085 	1.3888562e-07 	0.00012356788 	1.0085562 	0.0011907092 	-5.5177361e-35 	0 	0 	0
0.085185185 	1.3888567e-07 	0.00012359845 	1.0085558 	0.0011907898 	-5.5979979e-35 	0 	0 	0
0.085285285 	1.3888571e-07 	0.00012362901 	1.0085554 	0.0011908704 	-5.6782596e-35 	0 	0 	0
0.085385385 	1.3888575e-07 	0.00012365957 	1.008555 	0.001190951 	-5.7585213e-35 	0 	0 	0
0.085485485 	1.3888579e-07 	0.00012369013 	1.0085545 	0.0011910316 	-5.8387831e-35 	0 	0 	0
0.085585586 	1.3888584e-07 	0.0001237207 	1.0085541 	0.0011911122 	-5.9190448e-35 	0 	0 	0
0.085685686 	1.3888588e-07 	0.00012375126 	1.0085537 	0.0011911928 	-5.9993065e-35 	0 	0 	0
0.085785786 	1.3888592e-07 	0.00012378182 	1.0085533 	0.0011912733 	-6.0795682e-35 	0 	0 	0
0.085885886 	1.3888596e-07 	0.00012381238 	1.0085528 	0.0011913539 	-6.15983e-35 	0 	0 	0
0.085985986 	1.3888601e-07 	0.00012384295 	1.0085524 	0.0011914345 	-6.2400917e-35 	0 	0 	0
0.086086086 	1.3888605e-07 	0.00012387351 	1.008552 	0.0011915151 	-6.3203534e-35 	0 	0 	0
0.086186186 	1.3888609e-07 	0.00012390407 	1.0085516 	0.0011915957 	-6.4006152e-35 	0 	0 	0
0.086286286 	1.3888613e-07 	0.00012393464 	1.0085511 	0.0011916763 	-6.4808769e-35 	0 	0 	0
0.086386386 	1.3888618e-07 	0.0001239652 	1.0085507 	0.0011917569 	-6.5611386e-35 	0 	0 	0
0.086486486 	1.3888622e-07 	0.00012399576 	1.0085503 	0.0011918375 	-6.6414004e-35 	0 	0 	0
0.086586587 	1.3888626e-07 	0.00012402632 	1.0085499 	0.0011919181 	-6.7216621e-35 	0 	0 	0
0.086686687 	1.388863e-07 	0.00012405689 	1.0085494 	0.0011919987 	-6.8019238e-35 	0 	0 	0
0.086786787 	1.3888635e-07 	0.00012408745 	1.008549 	0.0011920792 	-6.8821856e-35 	0 	0 	0
0.086886887 	1.3888639e-07 	0.00012411801 	1.0085486 	0.0011921598 	-6.9624473e-35 	0 	0 	0
0.086986987 	1.3888643e-07 	0.00012414857 	1.0085482 	0.0011922404 	-7.042709e-35 	0 	0 	0
0.087087087 	1.3888647e-07 	0.00012417914 	1.0085477 	0.001192321 	-7.1229708e-35 	0 	0 	0
0.087187187 	1.3888651e-07 	0.00012420291 	1.0085473 	0.0011923954 	-7.1673463e-35 	0 	0 	0
0.087287287 	1.3888652e-07 	0.00012420626 	1.0085469 	0.0011924511 	-7.1037684e-35 	0 	0 	0
0.087387387 	1.3888653e-07 	0.00012420961 	1.0085464 	0.0011925068 	-7.0401904e-35 	0 	0 	0
0.087487487 	1.3888654e-07 	0.00012421296 	1.008546 	0.0011925625 	-6.9766125e-35 	0 	0 	0
0.087587588 	1.3888655e-07 	0.00012421631 	1.0085455 	0.0011926182 	-6.9130345e-35 	0 	0 	0
0.087687688 	1.3888656e-07 	0.00012421966 	1.0085451 	0.0011926739 	-6.8494565e-35 	0 	0 	0
0.087787788 	1.3888657e-07 	0.00012422301 	1.0085446 	0.0011927296 	-6.7858786e-35 	0 	0 	0
0.087887888 	1.3888658e-07 	0.00012422636 	1.0085442 	0.0011927853 	-6.7223006e-35 	0 	0 	0
0.087987988 	1.3888659e-07 	0.00012422971 	1.0085437 	0.001192841 	-6.6587227e-35 	0 	0 	0
0.088088088 	1.388866e-07 	0.00012423306 	1.0085433 	0.0011928967 	-6.5951447e-35 	0 	0 	0
0.088188188 	1.3888661e-07 	0.00012423641 	1.0085428 	0.0011929524 	-6.5315668e-35 	0 	0 	0
0.088288288 	1.3888662e-07 	0.00012423976 	1.0085424 	0.0011930081 	-6.4679888e-35 	0 	0 	0
0.088388388 	1.3888663e-07 	0.00012424311 	1.008542 	0.0011930638 	-6.4044108e-35 	0 	0 	0
0.088488488 	1.3888664e-07 	0.00012424647 	1.0085415 	0.0011931195 	-6.3408329e-35 	0 	0 	0
0.088588589 	1.3888665e-07 	0.00012424982 	1.0085411 	0.0011931751 	-6.2772549e-35 	0 	0 	0
0.088688689 	1.3888666e-07 	0.00012425317 	1.0085406 	0.0011932308 	-6.213677e-35 	0 	0 	0
0.088788789 	1.3888667e-07 	0.00012425652 	1.0085402 	0.0011932865 	-6.150099e-35 	0 	0 	0
0.088888889 	1.3888668e-07 	0.00012425987 	1.0085397 	0.0011933422 	-6.0865211e-35 	0 	0 	0
0.088988989 	1.3888669e-07 	0.00012426322 	1.0085393 	0.0011933979 	-6.0229431e-35 	0 	0 	0
0.089089089 	1.388867e-07 	0.00012426657 	1.0085388 	0.0011934536 	-5.9593651e-35 	0 	0 	0
0.089189189 	1.3888671e-07 	0.00012426992 	1.0085384 	0.0011935093 	-5.8957872e-35 	0 	0 	0
0.089289289 	1.3888672e-07 	0.00012427327 	1.0085379 	0.001193565 	-5.8322092e-35 	0 	0 	0
0.089389389 	1.3888673e-07 	0.00012427662 	1.0085375 	0.0011936207 	-5.7686313e-35 	0 	0 	0
0.089489489 	1.3888674e-07 	0.00012427997 	1.008537 	0.0011936764 	-5.7050533e-35 	0 	0 	0
0.08958959 	1.3888675e-07 	0.00012428332 	1.0085366 	0.0011937321 	-5.6414754e-35 	0 	0 	0
0.08968969 	1.3888676e-07 	0.00012428667 	1.0085362 	0.0011937878 	-5.5778974e-35 	0 	0 	0
0.08978979 	1.3888677e-07 	0.00012429002 	1.0085357 	0.0011938435 	-5.5143194e-35 	0 	0 	0
0.08988989 	1.3888678e-07 	0.00012429337 	1.0085353 	0.0011938992 	-5.4507415e-35 	0 	0 	0
0.08998999 	1.3888679e-07 	0.00012429672 	1.0085348 	0.0011939549 	-5.3871635e-35 	0 	0 	0
0.09009009 	1.388868e-07 	0.00012430007 	1.0085344 	0.0011940106 	-5.3235856e-35 	0 	0 	0
0.09019019 	1.3888681e-07 	0.00012430342 	1.0085339 	0.0011940663 	-5.2600076e-35 	0 	0 	0
0.09029029 	1.3888682e-07 	0.00012430677 	1.0085335 	0.001194122 	-5.1964297e-35 	0 	0 	0
0.09039039 	1.3888683e-07 	0.00012431012 	1.008533 	0.0011941777 	-5.1328517e-35 	0 	0 	0
0.09049049 	1.3888684e-07 	0.00012431347 	1.0085326 	0.0011942334 	-5.0692737e-35 	0 	0 	0
0.090590591 	1.3888685e-07 	0.00012431683 	1.0085321 	0.0011942891 	-5.0056958e-35 	0 	0 	0
0.090690691 	1.3888686e-07 	0.00012432018 	1.0085317 	0.0011943448 	-4.9421178e-35 	0 	0 	0
0.090790791 	1.3888687e-07 	0.00012432353 	1.0085313 	0.0011944005 	-4.8785399e-35 	0 	0 	0
0.090890891 	1.3888688e-07 	0.00012432688 	1.0085308 	0.0011944562 	-4.8149619e-35 	0 	0 	0
0.090990991 	1.388869e-07 	0.00012433023 	1.0085304 	0.0011945119 	-4.751384e-35 	0 	0 	0
0.091091091 	1.3888691e-07 	0.00012433358 	1.0085299 	0.0011945676 	-4.687806e-35 	0 	0 	0
0.091191191 	1.3888692e-07 	0.00012433693 	1.0085295 	0.0011946233 	-4.624228e-35 	0 	0 	0
0.091291291 	1.3888693e-07 	0.00012434028 	1.008529 	0.001194679 	-4.5606501e-35 	0 	0 	0
0.091391391 	1.3888694e-07 	0.00012434363 	1.0085286 	0.0011947347 	-4.4970721e-35 	0 	0 	0
0.091491491 	1.3888695e-07 	0.00012434698 	1.0085281 	0.0011947904 	-4.4334942e-35 	0 	0 	0
0.091591592 	1.3888696e-07 	0.00012435033 	1.0085277 	0.001194846 	-4.3699162e-35 	0 	0 	0
0.091691692 	1.3888697e-07 	0.00012435368 	1.0085272 	0.0011949017 	-4.3063383e-35 	0 	0 	0
0.091791792 	1.3888698e-07 	0.00012435703 	1.0085268 	0.0011949574 	-4.2427603e-35 	0 	0 	0
0.091891892 	1.3888699e-07 	0.00012436038 	1.0085263 	0.0011950131 	-4.1791823e-35 	0 	0 	0
0.091991992 	1.38887e-07 	0.00012436373 	1.0085259 	0.0011950688 	-4.1156044e-35 	0 	0 	0
0.092092092 	1.3888701e-07 	0.00012436708 	1.0085255 	0.0011951245 	-4.0520264e-35 	0 	0 	0
0.092192192 	1.3888702e-07 	0.00012437043 	1.008525 	0.0011951802 	-3.9884485e-35 	0 	0 	0
0.092292292 	1.3888703e-07 	0.00012437378 	1.0085246 	0.0011952359 	-3.9248705e-35 	0 	0 	0
0.092392392 	1.3888704e-07 	0.00012437713 	1.0085241 	0.0011952916 	-3.8612926e-35 	0 	0 	0
0.092492492 	1.3888705e-07 	0.00012438048 	1.0085237 	0.0011953473 	-3.7977146e-35 	0 	0 	0
0.092592593 	1.3888706e-07 	0.00012438384 	1.0085232 	0.001195403 	-3.7341366e-35 	0 	0 	0
0.092692693 	1.3888707e-07 	0.00012438719 	1.0085228 	0.0011954587 	-3.6705587e-35 	0 	0 	0
0.092792793 	1.3888708e-07 	0.00012439054 	1.0085223 	0.0011955144 	-3.6069807e-35 	0 	0 	0
0.092892893 	1.3888709e-07 	0.00012439389 	1.0085219 	0.0011955701 	-3.5434028e-35 	0 	0 	0
0.092992993 	1.388871e-07 	0.00012439724 	1.0085214 	0.0011956258 	-3.4798248e-35 	0 	0 	0
0.093093093 	1.3888711e-07 	0.00012440059 	1.008521 	0.0011956815 	-3.4162469e-35 	0 	0 	0
0.093193193 	1.3888712e-07 	0.00012440394 	1.0085206 	0.0011957372 	-3.3526689e-35 	0 	0 	0
0.093293293 	1.3888713e-07 	0.00012440729 	1.0085201 	0.0011957929 	-3.2890909e-35 	0 	0 	0
0.093393393 	1.3888714e-07 	0.00012441064 	1.0085197 	0.0011958486 	-3.225513e-35 	0 	0 	0
0.093493493 	1.3888715e-07 	0.00012441399 	1.0085192 	0.0011959043 	-3.161935e-35 	0 	0 	0
0.093593594 	1.3888716e-07 	0.00012441734 	1.0085188 	0.00119596 	-3.0983571e-35 	0 	0 	0
0.093693694 	1.3888717e-07 	0.00012442069 	1.0085183 	0.0011960157 	-3.0347791e-35 	0 	0 	0
0.093793794 	1.3888718e-07 	0.00012442404 	1.0085179 	0.0011960714 	-2.9712012e-35 	0 	0 	0
0.093893894 	1.3888719e-07 	0.00012442739 	1.0085174 	0.0011961271 	-2.9076232e-35 	0 	0 	0
0.093993994 	1.388872e-07 	0.00012443074 	1.008517 	0.0011961828 	-2.8440452e-35 	0 	0 	0
0.094094094 	1.3888721e-07 	0.00012443409 	1.0085165 	0.0011962385 	-2.7804673e-35 	0 	0 	0
0.094194194 	1.3888722e-07 	0.00012443744 	1.0085161 	0.0011962942 	-2.7168893e-35 	0 	0 	0
0.094294294 	1.3888723e-07 	0.00012444079 	1.0085156 	0.0011963499 	-2.6533114e-35 	0 	0 	0
0.094394394 	1.3888724e-07 	0.00012444414 	1.0085152 	0.0011964056 	-2.5897334e-35 	0 	0 	0
0.094494494 	1.3888725e-07 	0.00012444749 	1.0085148 	0.0011964613 	-2.5261555e-35 	0 	0 	0
0.094594595 	1.3888726e-07 	0.00012445085 	1.0085143 	0.001196517 	-2.4625775e-35 	0 	0 	0
0.094694695 	1.3888727e-07 	0.0001244542 	1.0085139 	0.0011965726 	-2.3989995e-35 	0 	0 	0
0.094794795 	1.3888728e-07 	0.00012445755 	1.0085134 	0.0011966283 	-2.3354216e-35 	0 	0 	0
0.094894895 	1.3888729e-07 	0.0001244609 	1.008513 	0.001196684 	-2.2718436e-35 	0 	0 	0
0.094994995 	1.388873e-07 	0.00012446425 	1.0085125 	0.0011967397 	-2.2082657e-35 	0 	0 	0
0.095095095 	1.3888731e-07 	0.0001244676 	1.0085121 	0.0011967954 	-2.1446877e-35 	0 	0 	0
0.095195195 	1.3888732e-07 	0.00012447095 	1.0085116 	0.0011968511 	-2.0811097e-35 	0 	0 	0
0.095295295 	1.3888733e-07 	0.0001244743 	1.0085112 	0.0011969068 	-2.0175318e-35 	0 	0 	0
0.095395395 	1.3888734e-07 	0.00012447765 	1.0085107 	0.0011969625 	-1.9539538e-35 	0 	0 	0
0.095495495 	1.3888735e-07 	0.000124481 	1.0085103 	0.0011970182 	-1.8903759e-35 	0 	0 	0
0.095595596 	1.3888736e-07 	0.00012448435 	1.0085098 	0.0011970739 	-1.8267979e-35 	0 	0 	0
0.095695696 	1.3888737e-07 	0.00012450173 	1.0085094 	0.0011971379 	-1.76322e-35 	0 	0 	0
0.095795796 	1.3888738e-07 	0.00012453199 	1.0085089 	0.0011972095 	-1.699642e-35 	0 	0 	0
0.095895896 	1.3888739e-07 	0.00012456225 	1.0085085 	0.0011972812 	-1.636064e-35 	0 	0 	0
0.095995996 	1.388874e-07 	0.00012459251 	1.008508 	0.0011973528 	-1.5724861e-35 	0 	0 	0
0.096096096 	1.388874e-07 	0.00012462277 	1.0085075 	0.0011974244 	-1.5089081e-35 	0 	0 	0
0.096196196 	1.3888741e-07 	0.00012465303 	1.0085071 	0.001197496 	-1.4453302e-35 	0 	0 	0
0.096296296 	1.3888742e-07 	0.00012468329 	1.0085066 	0.0011975677 	-1.3817522e-35 	0 	0 	0
0.096396396 	1.3888743e-07 	0.00012471354 	1.0085061 	0.0011976393 	-1.3181743e-35 	0 	0 	0
0.096496496 	1.3888744e-07 	0.0001247438 	1.0085057 	0.0011977109 	-1.2545963e-35 	0 	0 	0
0.096596597 	1.3888745e-07 	0.00012477406 	1.0085052 	0.0011977825 	-1.1910183e-35 	0 	0 	0
0.096696697 	1.3888745e-07 	0.00012480432 	1.0085047 	0.0011978541 	-1.1274404e-35 	0 	0 	0
0.096796797 	1.3888746e-07 	0.00012483458 	1.0085043 	0.0011979258 	-1.0638624e-35 	0 	0 	0
0.096896897 	1.3888747e-07 	0.00012486484 	1.0085038 	0.0011979974 	-1.0002845e-35 	0 	0 	0
0.096996997 	1.3888748e-07 	0.00012489509 	1.0085033 	0.001198069 	-9.3670652e-36 	0 	0 	0
0.097097097 	1.3888749e-07 	0.00012492535 	1.0085029 	0.0011981406 	-8.7312856e-36 	0 	0 	0
0.097197197 	1.3888749e-07 	0.00012495561 	1.0085024 	0.0011982122 	-8.0955061e-36 	0 	0 	0
0.097297297 	1.388875e-07 	0.00012498587 	1.0085019 	0.0011982839 	-7.4597265e-36 	0 	0 	0
0.097397397 	1.3888751e-07 	0.00012501613 	1.0085015 	0.0011983555 	-6.8239469e-36 	0 	0 	0
0.097497497 	1.3888752e-07 	0.00012504639 	1.008501 	0.0011984271 	-6.1881674e-36 	0 	0 	0
0.097597598 	1.3888753e-07 	0.00012507665 	1.0085005 	0.0011984987 	-5.5523878e-36 	0 	0 	0
0.097697698 	1.3888753e-07 	0.0001251069 	1.0085001 	0.0011985704 	-4.9166082e-36 	0 	0 	0
0.097797798 	1.3888754e-07 	0.00012513716 	1.0084996 	0.001198642 	-4.2808286e-36 	0 	0 	0
0.097897898 	1.3888755e-07 	0.00012516742 	1.0084991 	0.0011987136 	-3.6450491e-36 	0 	0 	0
0.097997998 	1.3888756e-07 	0.00012519768 	1.0084987 	0.0011987852 	-3.0092695e-36 	0 	0 	0
0.098098098 	1.3888757e-07 	0.00012522794 	1.0084982 	0.0011988568 	-2.3734899e-36 	0 	0 	0
0.098198198 	1.3888757e-07 	0.0001252582 	1.0084977 	0.0011989285 	-1.7377104e-36 	0 	0 	0
0.098298298 	1.3888758e-07 	0.00012528846 	1.0084973 	0.0011990001 	-1.1019308e-36 	0 	0 	0
0.098398398 	1.3888759e-07 	0.00012531871 	1.0084968 	0.0011990717 	-4.6615121e-37 	0 	0 	0
0.098498498 	1.388876e-07 	0.00012534313 	1.0084963 	0.0011991392 	0 	0 	0 	0
0.098598599 	1.388876e-07 	0.00012535148 	1.0084958 	0.0011991952 	0 	0 	0 	0
0.098698699 	1.388876e-07 	0.00012535983 	1.0084953 	0.0011992512 	0 	0 	0 	0
0.098798799 	1.388876e-07 	0.00012536819 	1.0084948 	0.0011993072 	0 	0 	0 	0
0.098898899 	1.388876e-07 	0.00012537654 	1.0084944 	0.0011993632 	0 	0 	0 	0
0.098998999 	1.388876e-07 	0.00012538489 	1.0084939 	0.0011994192 	0 	0 	0 	0
0.099099099 	1.388876e-07 	0.00012539325 	1.0084934 	0.0011994752 	0 	0 	0 	0
0.099199199 	1.388876e-07 	0.0001254016 	1.0084929 	0.0011995312 	0 	0 	0 	0
0.099299299 	1.388876e-07 	0.00012540995 	1.0084924 	0.0011995872 	0 	0 	0 	0
0.099399399 	1.388876e-07 	0.00012541831 	1.0084919 	0.0011996432 	0 	0 	0 	0
0.099499499 	1.388876e-07 	0.00012542666 	1.0084914 	0.0011996992 	0 	0 	0 	0
0.0995996 	1.388876e-07 	0.00012543501 	1.0084909 	0.0011997552 	0 	0 	0 	0
0.0996997 	1.388876e-07 	0.00012544337 	1.0084904 	0.0011998112 	0 	0 	0 	0
0.0997998 	1.388876e-07 	0.00012545172 	1.0084899 	0.0011998672 	0 	0 	0 	0
0.0998999 	1.388876e-07 	0.00012546007 	1.0084894 	0.0011999232 	0 	0 	0 	0
0.1 	1.388876e-07 	0.00012546843 	1.0084889 	0.0011999792 	0 	0 	0 	0
