1.0170124e-05 	0.061085833 	-1.5660502e-05 	-2.0997761e-21 	2252.7585 	-0.042325821 	-1.931446e-18 	-2.8657538e-13 	5.6538175e-18 	2.6154078e-34
3.113662e-05 	0.12488366 	-6.9788188e-05 	-6.2844533e-21 	2252.5478 	-0.11587081 	2.7115483e-19 	-2.2008566e-13 	9.4795381e-18 	2.6864813e-35
5.3394177e-05 	0.21151687 	-0.00018394572 	-2.764283e-21 	2252.2645 	-0.20814242 	1.9230677e-18 	-5.4797484e-14 	1.4704545e-18 	4.8640719e-35
7.7022295e-05 	0.3037476 	-0.00037114449 	9.3287594e-21 	2251.9735 	-0.30198243 	7.1698269e-19 	4.1574314e-14 	-8.0902045e-18 	2.9368655e-35
0.00010210537 	0.40196367 	-0.0006445195 	8.5222797e-21 	2251.6547 	-0.40078799 	1.0038227e-18 	2.2245193e-14 	-4.8736666e-18 	2.2330524e-35
0.00012873299 	0.50658543 	-0.0010179442 	-9.9250514e-21 	2251.2915 	-0.50527584 	2.919757e-18 	1.3281151e-13 	-3.4996248e-17 	2.3232463e-34
0.00015700027 	0.6180649 	-0.0015084128 	-5.4848857e-21 	2250.8532 	-0.61665713 	-4.9919132e-19 	2.6233684e-13 	-7.1436537e-17 	4.0206224e-36
0.00018700818 	0.73684355 	-0.0021355302 	1.5218915e-20 	2250.2701 	-0.73545404 	-5.0861478e-18 	5.6258293e-14 	-1.1425175e-17 	-1.4605948e-35
0.00021886389 	0.86314529 	-0.0029209109 	8.778799e-21 	2249.3673 	-0.86180053 	-3.3649911e-18 	-1.7933722e-13 	6.5846968e-17 	1.3644571e-34
0.00025268119 	0.99650969 	-0.00388686 	-5.083577e-21 	2247.7645 	-0.99515362 	9.1010008e-19 	-1.9043187e-13 	8.4729906e-17 	-5.417591e-35
0.00028858087 	1.135255 	-0.0050543149 	-1.1309432e-20 	2244.8174 	-1.1338302 	3.0374337e-18 	-6.703295e-14 	3.6402562e-17 	-1.0209566e-35
0.00032669115 	1.2762598 	-0.0064408235 	-8.7287741e-22 	2239.6717 	-1.2747832 	1.1790702e-18 	5.9706833e-14 	-3.8475504e-17 	1.7970461e-35
0.00036714817 	1.4152034 	-0.0080593575 	5.7493787e-21 	2231.4078 	-1.4137569 	-9.4385835e-19 	8.0274962e-15 	-9.0017967e-18 	-8.2874097e-36
0.00041009642 	1.5470394 	-0.0099183168 	-2.8746731e-21 	2219.1873 	-1.5457198 	-6.2832746e-20 	-4.5477328e-14 	3.6927175e-17 	7.295737e-35
0.00045568931 	1.6664796 	-0.012021987 	-6.5540174e-21 	2202.3471 	-1.6653804 	1.2888007e-20 	6.6585972e-15 	4.1217727e-19 	2.8878468e-35
0.00050408968 	1.7684389 	-0.014371195 	-2.5440346e-21 	2180.4454 	-1.7676453 	-4.6052824e-19 	3.6992643e-14 	-3.2900472e-17 	5.7455108e-35
0.00055547043 	1.8484105 	-0.01696366 	-1.8368636e-21 	2153.2771 	-1.8479865 	7.6558881e-19 	2.9206775e-14 	-2.6646496e-17 	2.2839776e-35
0.00061001506 	1.9027261 	-0.019793965 	6.1133297e-21 	2120.8604 	-1.9027091 	2.0780138e-18 	-4.2866809e-15 	8.144934e-18 	-2.7119215e-36
0.0006679184 	1.9287259 	-0.022853484 	3.6606425e-21 	2083.3972 	-1.9291352 	1.9814635e-18 	-5.330217e-14 	5.1971322e-17 	-3.2342788e-35
0.00072938728 	1.9248874 	-0.026130138 	-3.469004e-21 	2041.224 	-1.9257329 	-6.055565e-19 	-6.6200124e-14 	5.6766463e-17 	2.7506184e-35
0.00079464125 	1.8909051 	-0.029608648 	5.4997304e-20 	1994.7607 	-1.892187 	-2.7945032e-18 	-2.3662319e-14 	1.8283247e-17 	-5.4283399e-35
0.00086391338 	1.8276929 	-0.033271061 	-4.1318283e-20 	1944.4598 	-1.8293958 	6.591296e-19 	1.2145822e-14 	-8.615151e-18 	-1.9226437e-35
0.0009374511 	1.7373019 	-0.037097419 	-4.6758259e-20 	1890.7637 	-1.7393963 	-7.8295263e-19 	-1.3652547e-14 	1.3943054e-17 	5.8209463e-35
0.0010155171 	1.6227587 	-0.041066664 	1.0374905e-19 	1834.0751 	-1.625206 	-8.470883e-18 	8.3099556e-15 	-5.8679967e-18 	-1.4671722e-34
0.0010983902 	1.4878331 	-0.045157812 	-8.6743333e-20 	1774.7438 	-1.4905825 	1.258077e-18 	5.6758907e-14 	-4.7716374e-17 	8.1450391e-35
0.0011863663 	1.3367546 	-0.049351652 	-3.6956401e-20 	1713.0683 	-1.3397147 	1.0072662e-17 	2.4705811e-15 	-3.3070322e-18 	-5.8729613e-35
0.0012797599 	1.1739092 	-0.05363186 	2.811892e-19 	1649.309 	-1.1769162 	-2.5528104e-18 	-1.8332442e-14 	1.7599406e-17 	-1.4748859e-36
0.0013789043 	1.0035523 	-0.0579799 	-1.1032989e-20 	1583.7045 	-1.0065577 	-1.6364213e-18 	1.2880243e-14 	-7.839183e-18 	7.5217572e-35
0.0014841538 	0.82958092 	-0.062363407 	-1.8922878e-19 	1516.4848 	-0.8332325 	4.8427603e-18 	-9.6918079e-15 	1.8303726e-18 	-1.5772855e-34
0.0015958843 	0.65539782 	-0.066772657 	-5.1028371e-20 	1447.8724 	-0.66036679 	-3.3787247e-18 	-1.1231081e-14 	5.7884403e-18 	-7.5063391e-35
0.0017144948 	0.48393137 	-0.07135819 	-1.4108105e-19 	1378.0693 	-0.48794306 	9.5676322e-19 	5.5366108e-15 	-2.8112543e-18 	-4.8822729e-35
0.001840409 	0.31790011 	-0.075986705 	1.4641006e-19 	1307.2322 	-0.31561013 	1.3331215e-18 	-9.9515484e-15 	2.1258926e-18 	1.7341243e-34
0.0019740768 	0.16047193 	-0.08048398 	2.4830439e-19 	1235.3948 	-0.15609364 	-4.6395307e-18 	1.7517475e-15 	1.6512574e-18 	-1.5716687e-35
0.0021159754 	0.013526648 	-0.084586868 	-7.9099946e-20 	1162.4703 	-0.021815695 	5.4561045e-18 	4.1440357e-15 	-1.2459366e-18 	-2.3912773e-34
0.0022666117 	-0.12532582 	-0.088929914 	8.6206089e-20 	1088.2819 	0.112593 	-2.1160456e-18 	-1.1574619e-14 	-8.9243532e-19 	2.5477061e-36
0.0024265239 	-0.25793495 	-0.093900299 	-2.924311e-20 	1012.2715 	0.25828306 	-1.77649e-17 	7.4533092e-15 	3.5935251e-18 	-4.7575403e-35
0.002596283 	-0.38219527 	-0.098453463 	-3.0165798e-19 	933.19871 	0.3850933 	-6.5611809e-18 	2.1733803e-14 	9.3160128e-18 	7.462863e-35
0.0027764954 	-0.49750239 	-0.10255086 	-7.0588568e-20 	849.07443 	0.494408 	1.2945905e-17 	1.4749121e-14 	7.7167934e-18 	-1.2927539e-34
0.0029678048 	-0.60808291 	-0.10643497 	1.8806525e-19 	757.0574 	0.60391923 	1.3183328e-17 	1.5560167e-16 	-2.0164952e-18 	-2.3783525e-34
0.0031708945 	-0.7215071 	-0.10979503 	1.7724234e-19 	653.84324 	0.7185335 	-6.5803431e-19 	-5.5486408e-15 	-4.6188666e-18 	8.2552834e-35
0.00338649 	-0.84272355 	-0.11231304 	-1.0617728e-19 	537.9336 	0.84420807 	-9.7029623e-19 	-9.0904055e-16 	-7.2783786e-19 	-9.5402432e-35
0.0036153613 	-0.96334232 	-0.11368555 	-1.3410249e-19 	414.03584 	0.97253913 	4.2123168e-18 	-1.5925581e-15 	-6.6404552e-18 	-7.5228989e-35
0.0038583258 	-1.0579124 	-0.11377636 	6.5432572e-20 	295.46971 	1.0691798 	-2.3560723e-18 	-2.6388421e-15 	-9.0934187e-18 	1.4174983e-35
0.0041162514 	-1.1000216 	-0.11279857 	1.1509391e-19 	199.06066 	1.0990386 	-5.2199565e-18 	-2.9646598e-16 	1.0214634e-18 	-1.5445746e-36
0.0043900594 	-1.0876629 	-0.11116733 	3.0828963e-20 	134.75841 	1.0717299 	1.6029713e-19 	4.5468866e-16 	2.4878722e-18 	-1.307682e-35
0.0046807278 	-1.0408853 	-0.10924546 	1.6890235e-20 	99.788394 	1.0270375 	3.0989023e-19 	-2.1010805e-16 	-2.4206454e-18 	-3.0512175e-36
0.0049892948 	-0.97880518 	-0.1072726 	-4.1419263e-21 	83.065049 	0.97939722 	-1.1749509e-18 	3.7154643e-16 	4.5555528e-18 	-5.7342401e-37
0.0053168625 	-0.91157312 	-0.1053564 	-8.9578529e-20 	74.094457 	0.91911538 	1.2896832e-18 	3.5890038e-16 	4.5381151e-18 	-5.6092541e-36
0.0056646009 	-0.84281962 	-0.10352446 	-3.9942568e-20 	67.319625 	0.84764073 	1.3997357e-18 	-2.8180796e-16 	-3.58499e-18 	1.892428e-36
0.0060337521 	-0.77316887 	-0.10177781 	3.2551924e-20 	60.93807 	0.77492033 	-7.994403e-19 	-2.9113826e-16 	-3.6877745e-18 	-1.8751003e-36
0.0064256347 	-0.70258669 	-0.10010554 	-5.9413206e-21 	54.59019 	0.70359197 	-1.2310438e-18 	4.5883928e-17 	6.7019626e-19 	-1.0630129e-35
0.0068416484 	-0.63110207 	-0.098489468 	3.0844717e-21 	48.264911 	0.63214342 	1.169679e-19 	1.9420896e-16 	2.5131317e-18 	-2.2904222e-36
0.007283279 	-0.55909071 	-0.096910125 	-2.9796133e-20 	42.045059 	0.56018206 	8.9697702e-19 	2.3193484e-17 	2.8641418e-19 	1.5505373e-37
0.0077521041 	-0.48735441 	-0.095352482 	-2.4729973e-20 	36.039567 	0.48844048 	1.7526141e-19 	-8.6577884e-17 	-1.1618437e-18 	1.4647942e-37
0.0082497982 	-0.41707206 	-0.093809183 	3.4309373e-20 	30.35977 	0.41813067 	-6.538982e-20 	-1.6734179e-17 	-2.3890581e-19 	2.0101812e-36
0.008778139 	-0.34967741 	-0.092281169 	-4.6816596e-20 	25.107426 	0.350689 	2.5326893e-19 	-3.6589051e-17 	-5.1806403e-19 	-5.7521807e-36
0.0093390136 	-0.28669863 	-0.090776326 	-4.6066317e-20 	20.367012 	0.28763949 	-6.7889853e-19 	-6.5008996e-17 	-8.8723485e-19 	-1.6428381e-36
0.0099344254 	-0.22957145 	-0.089306629 	2.0377304e-20 	16.199779 	0.23041943 	-4.9995602e-19 	4.1891286e-17 	6.0055453e-19 	6.3467718e-37
0.010566501 	-0.17942997 	-0.087883963 	2.7026845e-20 	12.638245 	0.18016828 	1.0693867e-18 	2.6771722e-17 	3.63912e-19 	-6.4705854e-36
0.011237498 	-0.13690401 	-0.086515385 	5.1020187e-20 	9.6816044 	0.13752325 	4.7080005e-19 	-3.9565429e-17 	-5.8227642e-19 	5.6045624e-37
0.011949813 	-0.10199681 	-0.085199574 	6.5367655e-20 	7.2948104 	0.10249729 	-9.1390577e-19 	-1.8135787e-17 	-2.5745731e-19 	2.0630123e-36
0.012705991 	-0.074119029 	-0.083926279 	3.1123287e-20 	5.414198 	0.074511919 	-6.5257888e-19 	1.1225964e-17 	1.6134579e-19 	-2.6820834e-36
0.013508733 	-0.052279875 	-0.082679009 	-1.3591879e-20 	3.9592933 	0.052585098 	2.3847709e-19 	1.1790624e-17 	1.618244e-19 	5.3926156e-37
0.014360904 	-0.035343988 	-0.08143909 	-2.1036551e-20 	2.8466107 	0.035583997 	3.6402167e-19 	1.2511546e-18 	2.1608149e-20 	6.5126712e-37
0.015265551 	-0.022243831 	-0.08018831 	6.9709559e-21 	2.0004796 	0.022425139 	-1.412621e-19 	-1.0563039e-18 	-1.1332514e-20 	-5.9645939e-37
0.016225903 	-0.012096922 	-0.0789104 	-2.567414e-21 	1.3584608 	0.012205501 	1.7685845e-20 	2.0654829e-18 	2.3019583e-20 	-9.2030642e-38
0.017245391 	-0.0042463029 	-0.077604691 	-3.4868103e-20 	0.87182181 	0.0044070323 	4.1653081e-19 	4.3791055e-19 	7.2632312e-21 	-9.1163869e-38
0.018327656 	0.0017201867 	-0.07626812 	6.9084815e-21 	0.50257288 	-0.0015787753 	-1.1848967e-19 	-1.2022561e-18 	-1.1520569e-21 	-4.5372292e-37
0.019476565 	0.0054952046 	-0.074849128 	2.6513805e-20 	0.21788157 	-0.006369497 	-4.2870819e-19 	-5.2152758e-19 	-5.7385788e-21 	1.3955821e-36
0.02069622 	0.0092389804 	-0.073374613 	-4.7870234e-20 	0.013909774 	-0.010015653 	3.0591813e-19 	2.7528493e-19 	-1.3781327e-20 	4.2035675e-38
0.021990978 	0.012820869 	-0.071870553 	-3.1634055e-20 	-0.12841406 	-0.012694729 	4.6367007e-19 	7.7462569e-19 	2.8452421e-20 	-2.7607773e-36
0.023365464 	0.014632589 	-0.07031135 	4.1215853e-20 	-0.23718003 	-0.014613226 	-3.8529835e-19 	3.9593084e-19 	4.3100354e-20 	5.6016514e-37
0.024824587 	0.015844328 	-0.068702842 	2.8908151e-21 	-0.31297558 	-0.015828518 	-4.6459675e-19 	-8.8223999e-19 	-3.5310104e-20 	-3.8448715e-37
0.026373559 	0.016555791 	-0.067036273 	-1.6651579e-20 	-0.36333168 	-0.016537501 	1.9259387e-19 	-7.528692e-19 	-4.7138639e-20 	-1.9748363e-36
0.028017912 	0.016896141 	-0.065312144 	-4.10823e-22 	-0.39537693 	-0.01688588 	2.7748206e-19 	1.9927215e-19 	7.5546675e-21 	-1.3950912e-37
0.02976352 	0.016991365 	-0.06352816 	-4.089446e-20 	-0.41496204 	-0.016986461 	5.5067474e-20 	5.4986695e-19 	1.6510268e-20 	1.8353178e-37
0.031616619 	0.016943594 	-0.06168389 	-4.9848113e-21 	-0.42637592 	-0.016939656 	-1.4709035e-19 	4.9309241e-19 	6.7598149e-21 	1.1682183e-37
0.033583826 	0.016827611 	-0.059779256 	3.6314323e-20 	-0.43243968 	-0.016824466 	-1.8742172e-19 	-6.0043906e-19 	-2.5324125e-20 	-5.0162063e-37
0.035672168 	0.016693003 	-0.057814911 	-6.2498563e-21 	-0.43480914 	-0.016689669 	1.0137153e-19 	-7.5601975e-19 	-3.6196115e-20 	-2.764648e-37
0.037889105 	0.016569926 	-0.055792607 	4.1161729e-21 	-0.43433577 	-0.016565772 	1.43846e-19 	3.8483321e-19 	2.5815457e-21 	4.1889724e-38
0.040242556 	0.016475496 	-0.053714953 	2.8638882e-20 	-0.43139662 	-0.016470266 	-7.5026416e-20 	3.4718247e-19 	1.2802216e-20 	-5.94632e-38
0.042740925 	0.016419215 	-0.05158534 	-2.1846726e-21 	-0.42613939 	-0.016412826 	-5.3064532e-20 	-3.8899599e-19 	-7.460147e-21 	-8.2736586e-39
0.045393137 	0.016406852 	-0.049407889 	-2.4281e-20 	-0.41863145 	-0.01639929 	8.6260032e-20 	-6.8513311e-20 	-5.3428644e-21 	-4.9754545e-38
0.048208665 	0.016442554 	-0.047187417 	5.304167e-21 	-0.408937 	-0.016433843 	-9.2633187e-21 	5.6653465e-19 	1.475993e-20 	-1.5829439e-38
0.051197566 	0.016529747 	-0.044929365 	3.1815427e-20 	-0.397152 	-0.016519964 	-1.269662e-19 	-3.505486e-19 	-8.6372996e-21 	-4.5300117e-38
0.054370516 	0.016671445 	-0.042639762 	-1.8694137e-20 	-0.38341521 	-0.016660646 	4.9707159e-20 	-9.5076218e-19 	-2.298752e-20 	-2.2251991e-38
0.057738847 	0.016870253 	-0.040325206 	-4.0875736e-20 	-0.36790694 	-0.016858413 	1.3527706e-19 	5.2391465e-19 	9.9228046e-21 	-9.4754614e-38
0.061314592 	0.017128258 	-0.037992722 	2.414307e-20 	-0.35084194 	-0.017115532 	-4.9779946e-20 	7.8820619e-19 	2.253378e-20 	-8.7853325e-38
0.06511052 	0.017446825 	-0.035649762 	1.2540796e-20 	-0.33245994 	-0.017432998 	-7.2076424e-20 	-3.3034246e-19 	-6.0049424e-21 	-2.6519615e-38
0.069140193 	0.01782642 	-0.033303988 	-2.7473344e-20 	-0.31301445 	-0.01781197 	3.3575796e-20 	-2.6191976e-19 	-2.1698076e-20 	-5.3498511e-38
0.073418001 	0.018266298 	-0.030963293 	-3.5005855e-21 	-0.29276228 	-0.018250587 	1.9022847e-20 	1.6855306e-19 	-8.051662e-21 	-1.5511341e-39
0.077959226 	0.018764343 	-0.028635458 	9.388573e-21 	-0.27195201 	-0.018748442 	-1.5167116e-20 	4.9279257e-20 	-2.1873553e-21 	7.0607954e-39
0.082780087 	0.019316606 	-0.02632815 	-1.9832679e-21 	-0.25081594 	-0.019298973 	-1.6695509e-21 	-5.7766153e-20 	-7.5269305e-21 	9.8009535e-40
0.087897803 	0.019917359 	-0.024048342 	2.7807236e-21 	-0.22956061 	-0.019899965 	2.2789024e-21 	2.1895776e-21 	-8.6559879e-21 	4.7200269e-41
0.093330656 	0.020558652 	-0.021802363 	-8.2819346e-22 	-0.20836221 	-0.020538694 	4.5764795e-21 	1.9911511e-20 	3.664469e-21 	-8.3007551e-40
