1.0170124e-05 	0.024506936 	3.1395867e-07 	9.0765327e-24
3.113662e-05 	0.074715781 	1.4718514e-06 	1.5187494e-24
5.3394177e-05 	0.12763236 	3.8762141e-06 	-1.6852715e-23
7.7022295e-05 	0.18379415 	7.8550535e-06 	-2.7356694e-24
0.00010210537 	0.24339864 	1.3673133e-05 	2.4162725e-23
0.00012873299 	0.30665468 	2.1620176e-05 	2.3168064e-24
0.00015700027 	0.37378284 	3.2049724e-05 	-3.4612154e-23
0.00018700818 	0.44501563 	4.5368906e-05 	-6.0073053e-24
0.00021886389 	0.52059758 	6.2040051e-05 	1.1828627e-23
0.00025268119 	0.60078499 	8.2588215e-05 	-3.1539984e-24
0.00028858087 	0.68584539 	0.00010760995 	2.6660638e-24
0.00032669115 	0.77605643 	0.0001377819 	-5.6675197e-24
0.00036714817 	0.87170408 	0.00017387035 	-5.9918368e-24
0.00041009642 	0.9730798 	0.00021674176 	-2.2309919e-23
0.00045568931 	1.0804764 	0.00026737393 	-2.7185004e-23
0.00050408968 	1.1941821 	0.0003268683 	9.5146764e-23
0.00055547043 	1.314472 	0.00039646316 	8.7352597e-23
0.00061001506 	1.441596 	0.00047754721 	-1.1099451e-22
0.0006679184 	1.5757632 	0.00057167393 	-1.0536362e-22
0.00072938728 	1.7171191 	0.00068057667 	-6.0149398e-23
0.00079464125 	1.8657169 	0.00080618421 	-2.3412192e-23
0.00086391338 	2.0214794 	0.00095063906 	1.2741277e-22
0.0009374511 	2.1841512 	0.0011163198 	1.1647394e-23
0.0010155171 	2.3532492 	0.0013058423 	8.2221291e-23
0.0010983902 	2.5280352 	0.0015219699 	3.2217233e-22
0.0011863663 	2.7075556 	0.0017673966 	-1.0252766e-23
0.0012797599 	2.8907572 	0.0020444799 	-3.6201011e-22
0.0013789043 	3.0766082 	0.0023550319 	-2.2785477e-22
0.0014841538 	3.2641436 	0.0027002216 	1.5664315e-22
0.0015958843 	3.4524402 	0.0030805977 	3.1211155e-22
0.0017144948 	3.6405636 	0.0034961309 	-9.9949772e-23
0.001840409 	3.8275149 	0.0039461431 	-4.9358757e-22
0.0019740768 	4.0121808 	0.004429124 	-1.9222209e-22
0.0021159754 	4.1932869 	0.0049424439 	1.4796988e-22
0.0022666117 	4.3693378 	0.005481935 	2.3205552e-22
0.0024265239 	4.5385281 	0.006041321 	2.0930812e-22
0.002596283 	4.698604 	0.0066114393 	9.3534519e-23
0.0027764954 	4.8466551 	0.0071791719 	8.099862e-23
0.0029678048 	4.9788731 	0.0077258434 	-1.2531037e-22
0.0031708945 	5.0906383 	0.0082257122 	-2.4425686e-22
0.00338649 	5.1779392 	0.0086509047 	5.4851594e-23
0.0036153613 	5.2404694 	0.008991072 	2.45461e-22
0.0038583258 	5.2833555 	0.0092652456 	-3.8013274e-23
0.0041162514 	5.3139725 	0.0095047981 	-6.5479383e-23
0.0043900594 	5.337522 	0.0097296269 	1.4163378e-22
0.0046807278 	5.3566156 	0.0099433551 	-3.1212399e-23
0.0049892948 	5.3728016 	0.010145592 	-7.0978284e-23
0.0053168625 	5.3870146 	0.010336108 	6.1192111e-23
0.0056646009 	5.3996149 	0.0105122 	6.4707931e-23
0.0060337521 	5.4107107 	0.010671534 	9.295036e-24
0.0064256347 	5.42038 	0.010813107 	-6.5355068e-23
0.0068416484 	5.428714 	0.010936435 	-6.7928084e-24
0.007283279 	5.4358216 	0.011041547 	3.2992257e-23
0.0077521041 	5.4418236 	0.011128975 	-1.6926408e-23
0.0082497982 	5.4468453 	0.011199625 	-6.589184e-23
0.008778139 	5.4510101 	0.01125462 	-9.4291065e-25
0.0093390136 	5.4544332 	0.011295157 	1.1685527e-22
0.0099344254 	5.4572189 	0.011322393 	5.1764869e-23
0.010566501 	5.4594582 	0.011337387 	2.3318276e-23
0.011237498 	5.4612297 	0.011341058 	-8.7951284e-23
0.011949813 	5.4626006 	0.011334183 	-2.0817662e-22
0.012705991 	5.4636287 	0.011317447 	-3.2425697e-23
0.013508733 	5.4643639 	0.011291441 	9.304843e-23
0.014360904 	5.4648502 	0.011256687 	6.7272789e-23
0.015265551 	5.4651265 	0.011213692 	1.7961738e-23
0.016225903 	5.465227 	0.011162956 	-3.589286e-23
0.017245391 	5.4651816 	0.011104843 	7.7853283e-24
0.018327656 	5.465015 	0.011039705 	4.7427734e-24
0.019476565 	5.4647487 	0.010967929 	-1.0422775e-22
0.02069622 	5.4644006 	0.010889782 	-3.8830968e-23
0.021990978 	5.463984 	0.010805435 	1.1813007e-22
0.023365464 	5.4635077 	0.010714929 	6.4881951e-23
0.024824587 	5.4629768 	0.010618169 	-1.2555849e-22
0.026373559 	5.4623932 	0.010514934 	-1.1734412e-22
0.028017912 	5.4617571 	0.010404905 	4.0560432e-25
0.02976352 	5.4610678 	0.010287689 	3.8342179e-23
0.031616619 	5.4603243 	0.010162837 	3.1663044e-23
0.033583826 	5.4595259 	0.01002986 	-4.9609888e-23
0.035672168 	5.4586724 	0.0098882301 	-8.4847293e-23
0.037889105 	5.4577646 	0.0097373895 	-3.5058991e-23
0.040242556 	5.4568037 	0.0095767463 	6.1130907e-23
0.042740925 	5.455792 	0.0094056724 	7.5486559e-23
0.045393137 	5.4547326 	0.0092235043 	-1.3384662e-24
0.048208665 	5.4536295 	0.0090295337 	-7.0233935e-23
0.051197566 	5.4524874 	0.0088230159 	-8.1156681e-25
0.054370516 	5.4513119 	0.0086031484 	9.8295666e-24
0.057738847 	5.4501091 	0.0083690936 	-3.1036943e-23
0.061314592 	5.4488858 	0.0081199376 	4.9319092e-23
0.06511052 	5.4476491 	0.007854736 	3.2470565e-23
0.069140193 	5.4464068 	0.0075724453 	-2.5806099e-24
0.073418001 	5.4451666 	0.0072719969 	3.5923714e-23
0.077959226 	5.4439365 	0.0069522051 	5.6297525e-23
0.082780087 	5.4427247 	0.0066118499 	2.7617975e-23
0.087897803 	5.4415394 	0.0062496075 	-3.8439376e-23
0.093330656 	5.4403892 	0.0058640597 	-5.2908863e-23
