1.0170124e-05 	0.023362585 	-5.1235838e-07 	-3.5215065e-23
3.113662e-05 	0.070971945 	-2.322817e-06 	-6.3654528e-23
5.3394177e-05 	0.12115586 	-6.0390095e-06 	-1.7087314e-23
7.7022295e-05 	0.17442334 	-1.2154767e-05 	2.5607071e-23
0.00010210537 	0.23096329 	-2.1076738e-05 	1.3216881e-23
0.00012873299 	0.29097587 	-3.3259061e-05 	8.5826213e-23
0.00015700027 	0.35467274 	-4.9256192e-05 	1.7419138e-22
0.00018700818 	0.42227717 	-6.9710394e-05 	3.2146929e-23
0.00021886389 	0.49402245 	-9.5352742e-05 	-1.4335324e-22
0.00025268119 	0.57014656 	-0.00012699867 	-1.726017e-22
0.00028858087 	0.65088119 	-0.0001655215 	-7.0122946e-23
0.00032669115 	0.73643756 	-0.00021180066 	5.4057198e-23
0.00036714817 	0.82699346 	-0.0002666531 	1.0854024e-23
0.00041009642 	0.92268462 	-0.00033076032 	-2.4066031e-23
0.00045568931 	1.0236004 	-0.00040460101 	8.9565007e-24
0.00050408968 	1.1297828 	-0.00048839365 	-3.119343e-23
0.00055547043 	1.2412285 	-0.00058205113 	-3.2843247e-23
0.00061001506 	1.3578935 	-0.000685149 	6.385579e-23
0.0006679184 	1.4796977 	-0.00079690754 	2.0436612e-22
0.00072938728 	1.6065312 	-0.00091618953 	2.8779723e-22
0.00079464125 	1.7382581 	-0.001041516 	9.9638487e-23
0.00086391338 	1.8747201 	-0.0011711003 	-7.8418569e-23
0.0009374511 	2.015737 	-0.0013028988 	2.4578057e-22
0.0010155171 	2.1611056 	-0.0014346762 	-2.8958792e-22
0.0010983902 	2.3105965 	-0.0015640797 	-1.1495013e-21
0.0011863663 	2.4639493 	-0.0016887119 	1.4737233e-22
0.0012797599 	2.6208678 	-0.0018061956 	6.2772021e-22
0.0013789043 	2.7810167 	-0.0019142256 	-5.0909489e-22
0.0014841538 	2.9440179 	-0.0020106497 	4.3883979e-22
0.0015958843 	3.109449 	-0.0020935836 	4.5064317e-22
0.0017144948 	3.2768401 	-0.0021611828 	-4.2985649e-22
0.001840409 	3.4456679 	-0.0022111745 	8.9055186e-22
0.0019740768 	3.6153455 	-0.0022412323 	-2.4472007e-22
0.0021159754 	3.78519 	-0.0022524387 	-2.7378538e-22
0.0022666117 	3.9544053 	-0.0022460644 	1.4703379e-21
0.0024265239 	4.1220448 	-0.0022154295 	-1.3607406e-21
0.002596283 	4.2868789 	-0.0021587771 	-4.4685673e-21
0.0027764954 	4.447214 	-0.0020788554 	-3.2859987e-21
0.0029678048 	4.6006514 	-0.0019731173 	8.2531762e-22
0.0031708945 	4.7437578 	-0.0018384147 	1.6000157e-21
0.00338649 	4.8718792 	-0.0016694679 	1.3687966e-22
0.0036153613 	4.9797921 	-0.0014596434 	1.5183661e-21
0.0038583258 	5.0638529 	-0.0012067984 	2.1106231e-21
0.0041162514 	5.1245906 	-0.00092154845 	3.6823349e-24
0.0043900594 	5.1672379 	-0.00062201291 	-5.146455e-22
0.0046807278 	5.1991628 	-0.00031730675 	2.5608801e-22
0.0049892948 	5.2263018 	-7.2910653e-06 	-4.7855457e-22
0.0053168625 	5.2516551 	0.00030458509 	-4.484967e-22
0.0056646009 	5.2761065 	0.00061142311 	4.9285846e-22
0.0060337521 	5.2996943 	0.00090989491 	4.7556371e-22
0.0064256347 	5.3222456 	0.0011986894 	-2.1044107e-22
0.0068416484 	5.3435406 	0.0014756406 	-4.6452097e-22
0.007283279 	5.3633646 	0.0017378816 	-2.080455e-23
0.0077521041 	5.3815317 	0.0019824242 	3.2782136e-22
0.0082497982 	5.3979005 	0.0022064988 	1.0186538e-22
0.008778139 	5.4123839 	0.0024078084 	3.0542011e-22
0.0093390136 	5.4249564 	0.0025847751 	3.1574205e-22
0.0099344254 	5.4356563 	0.0027367506 	-5.7277619e-22
0.010566501 	5.4445844 	0.0028641327 	-1.1388276e-22
0.011237498 	5.4518942 	0.0029683306 	9.0171007e-22
0.011949813 	5.4577761 	0.0030515507 	3.6470741e-22
0.012705991 	5.4624362 	0.0031164421 	-4.9618758e-22
0.013508733 	5.4660752 	0.003165714 	-5.756019e-22
0.014360904 	5.4688731 	0.003201843 	-4.2724344e-23
0.015265551 	5.4709825 	0.0032269225 	1.6213812e-23
0.016225903 	5.4725281 	0.0032426179 	-3.4227955e-22
0.017245391 	5.4736106 	0.0032502501 	1.4735746e-22
0.018327656 	5.4743108 	0.0032512566 	5.2540181e-22
0.019476565 	5.4746966 	0.0032462235 	-2.629756e-22
0.02069622 	5.4748217 	0.0032357664 	-4.2769167e-22
0.021990978 	5.4747296 	0.0032207791 	6.7217511e-22
0.023365464 	5.4744591 	0.0032017163 	6.720419e-22
0.024824587 	5.474042 	0.0031793165 	-5.6954246e-22
0.026373559 	5.4735061 	0.0031541414 	-5.6341894e-22
0.028017912 	5.4728734 	0.0031266193 	1.2021772e-22
0.02976352 	5.4721597 	0.003097071 	3.1625164e-22
0.031616619 	5.4713756 	0.0030657063 	2.9055659e-22
0.033583826 	5.4705275 	0.0030326004 	-3.1412243e-22
0.035672168 	5.4696193 	0.0029977343 	-4.0053257e-22
0.037889105 	5.4686536 	0.0029610146 	2.0588225e-22
0.040242556 	5.4676329 	0.0029222911 	1.7909816e-22
0.042740925 	5.4665599 	0.0028813688 	-2.0071501e-22
0.045393137 	5.4654381 	0.0028380124 	-3.181178e-23
0.048208665 	5.4642717 	0.0027919464 	2.8512148e-22
0.051197566 	5.4630661 	0.0027428515 	-1.7194923e-22
0.054370516 	5.4618271 	0.0026903596 	-4.7913643e-22
0.057738847 	5.4605616 	0.0026340497 	2.7085175e-22
0.061314592 	5.4592769 	0.0025734415 	3.9296113e-22
0.06511052 	5.4579809 	0.0025079892 	-1.7635145e-22
0.069140193 	5.4566818 	0.0024370834 	-1.0247409e-22
0.073418001 	5.4553882 	0.0023600304 	1.2116506e-22
0.077959226 	5.4541086 	0.0022760897 	3.2776916e-23
0.082780087 	5.4528518 	0.0021843991 	-1.652786e-23
0.087897803 	5.4516264 	0.0020841177 	2.667877e-23
0.093330656 	5.4504411 	0.0019741961 	7.8673198e-25
