1.0170124e-05 	0.00049830984 	3.1991459e-05 	6.7324914e-13 	17.882195
3.113662e-05 	0.0018857267 	0.00012097437 	6.3206539e-12 	17.882717
5.3394177e-05 	0.0039530137 	0.00025361213 	3.0036365e-11 	17.883968
7.7022295e-05 	0.0065609321 	0.00042112352 	9.8826088e-11 	17.886265
0.00010210537 	0.009669915 	0.00062118422 	2.5882256e-10 	17.889994
0.00012873299 	0.01328081 	0.00085415491 	5.8226942e-10 	17.895616
0.00015700027 	0.017410445 	0.0011215496 	1.176716e-09 	17.90369
0.00018700818 	0.02208521 	0.0014256684 	2.1968898e-09 	17.914888
0.00021886389 	0.027338575 	0.0017694974 	3.8599683e-09 	17.930027
0.00025268119 	0.03320997 	0.0021567172 	6.4652429e-09 	17.950089
0.00028858087 	0.039744246 	0.0025917761 	1.0419516e-08 	17.976266
0.00032669115 	0.046991343 	0.0030800169 	1.6270045e-08 	18.009996
0.00036714817 	0.055005985 	0.0036278609 	2.4747514e-08 	18.053019
0.00041009642 	0.063847207 	0.004243059 	3.6822419e-08 	18.107443
0.00045568931 	0.073577514 	0.0049350293 	5.3779552e-08 	18.17583
0.00050408968 	0.084261405 	0.0057153113 	7.7317008e-08 	18.2613
0.00055547043 	0.095962843 	0.0065981774 	1.0967851e-07 	18.367669
0.00061001506 	0.10874115 	0.0076014645 	1.5383083e-07 	18.499633
0.0006679184 	0.12264448 	0.008747717 	2.1370152e-07 	18.663009
0.00072938728 	0.13769983 	0.010065773 	2.944952e-07 	18.865062
0.00079464125 	0.15389809 	0.011592929 	4.0310851e-07 	19.11494
0.00086391338 	0.17117229 	0.013377354 	5.486567e-07 	19.424187
0.0009374511 	0.18936722 	0.015477874 	7.4300194e-07 	19.80682
0.0010155171 	0.20819902 	0.017952302 	1.0004304e-06 	20.277409
0.0010983902 	0.22720757 	0.020824618 	1.3341882e-06 	20.845107
0.0011863663 	0.24571338 	0.024045863 	1.7493683e-06 	21.505694
0.0012797599 	0.26280208 	0.02749395 	2.2386082e-06 	22.239794
0.0013789043 	0.27735316 	0.031026736 	2.7869651e-06 	23.02147
0.0014841538 	0.28816254 	0.034513509 	3.3798817e-06 	23.802418
0.0015958843 	0.29412285 	0.03782627 	4.0066373e-06 	24.496415
0.0017144948 	0.29432619 	0.040855667 	4.6610653e-06 	25.021134
0.001840409 	0.28810182 	0.043533854 	5.3418344e-06 	25.338992
0.0019740768 	0.27508703 	0.045826497 	6.0531909e-06 	25.450382
0.0021159754 	0.25533276 	0.047714563 	6.8082589e-06 	25.373478
0.0022666117 	0.22940265 	0.049182821 	7.6371025e-06 	25.132302
0.0024265239 	0.1984449 	0.050211558 	8.6036989e-06 	24.749731
0.002596283 	0.16420915 	0.050770322 	9.8429143e-06 	24.243376
0.0027764954 	0.12897214 	0.050814929 	1.1646796e-05 	23.623626
0.0029678048 	0.095325813 	0.050292424 	1.4675481e-05 	22.894238
0.0031708945 	0.065773078 	0.049162292 	2.0427593e-05 	22.056934
0.00338649 	0.042133853 	0.047437076 	3.1867738e-05 	21.120601
0.0036153613 	0.025007802 	0.0452177 	5.2229428e-05 	20.109997
0.0038583258 	0.013740248 	0.042679185 	7.874974e-05 	19.064384
0.0041162514 	0.0069633796 	0.040015855 	0.00010507767 	18.027332
0.0043900594 	0.0032289909 	0.037385404 	0.00012980907 	17.034843
0.0046807278 	0.0013543965 	0.034868442 	0.00015084874 	16.103701
0.0049892948 	0.00050729841 	0.03247672 	0.00016499161 	15.231288
0.0053168625 	0.00016759229 	0.030212801 	0.00017491306 	14.413494
0.0056646009 	4.8470544e-05 	0.02810435 	0.00018439135 	13.656336
0.0060337521 	1.2342537e-05 	0.026186897 	0.00019454572 	12.969539
0.0064256347 	2.7864954e-06 	0.024488464 	0.00020570096 	12.36067
0.0068416484 	5.6214944e-07 	0.023027617 	0.00021793564 	11.834484
0.007283279 	1.0414478e-07 	0.021811519 	0.00023119976 	11.392288
0.0077521041 	1.8983435e-08 	0.020834978 	0.00024532396 	11.031633
0.0082497982 	3.8487279e-09 	0.020081041 	0.00026002168 	10.746495
0.008778139 	9.6012372e-10 	0.019523261 	0.00027491396 	10.528
0.0093390136 	2.8500986e-10 	0.019129223 	0.00028957722 	10.365553
0.0099344254 	9.0321436e-11 	0.018864534 	0.00030359959 	10.248086
0.010566501 	2.8223821e-11 	0.018696413 	0.00031662881 	10.165156
0.011237498 	8.3487832e-12 	0.018596268 	0.00032840164 	10.107688
0.011949813 	2.3021206e-12 	0.018541056 	0.00033875374 	10.06833
0.012705991 	6.1297668e-13 	0.018513532 	0.00034761315 	10.041466
0.013508733 	1.9387458e-13 	0.018501719 	0.00035497931 	10.02302
0.014360904 	1.0529876e-13 	0.01849793 	0.00036087228 	10.010156
0.015265551 	9.0355115e-14 	0.018497651 	0.00036507977 	10.000969
0.016225903 	8.8721352e-14 	0.018498502 	0.00036695508 	9.9942094
0.017245391 	8.9222299e-14 	0.0184994 	0.00036661121 	9.989072
0.018327656 	9.041399e-14 	0.018499958 	0.00036544024 	9.9850421
0.019476565 	9.1891628e-14 	0.01850011 	0.00036444445 	9.9817887
0.02069622 	9.326109e-14 	0.018499908 	0.00036374801 	9.9790954
0.021990978 	9.4290713e-14 	0.018499425 	0.00036328122 	9.9768161
0.023365464 	9.491851e-14 	0.018498721 	0.00036296694 	9.9748478
0.024824587 	9.515045e-14 	0.018497837 	0.00036274625 	9.9731143
0.026373559 	9.4978138e-14 	0.018496796 	0.00036258124 	9.9715574
0.028017912 	9.4349353e-14 	0.018495612 	0.00036245127 	9.970131
0.02976352 	9.3174477e-14 	0.018494291 	0.00036234769 	9.9687986
0.031616619 	9.1347712e-14 	0.018492834 	0.00036226892 	9.967531
0.033583826 	8.877145e-14 	0.018491244 	0.00036221675 	9.9663053
0.035672168 	8.5377743e-14 	0.018489521 	0.00036219418 	9.9651033
0.037889105 	8.114341e-14 	0.018487669 	0.00036220416 	9.9639112
0.040242556 	7.6100941e-14 	0.018485692 	0.00036224893 	9.962719
0.042740925 	7.0342339e-14 	0.018483597 	0.00036232975 	9.9615198
0.045393137 	6.4012949e-14 	0.018481393 	0.00036244686 	9.9603097
0.048208665 	5.7299244e-14 	0.018479091 	0.00036259968 	9.9590868
0.051197566 	5.0413435e-14 	0.018476705 	0.0003627867 	9.9578518
0.054370516 	4.3574175e-14 	0.018474251 	0.00036300559 	9.9566068
0.057738847 	3.6986973e-14 	0.018471746 	0.00036325325 	9.9553555
0.061314592 	3.082657e-14 	0.018469207 	0.00036352598 	9.9541029
0.06511052 	2.5225599e-14 	0.018466655 	0.00036381962 	9.9528547
0.069140193 	2.0269859e-14 	0.018464109 	0.00036412973 	9.9516173
0.073418001 	1.5997599e-14 	0.018461588 	0.00036445173 	9.9503975
0.077959226 	1.2405138e-14 	0.018459111 	0.00036478108 	9.9492023
0.082780087 	9.4555529e-15 	0.018456694 	0.0003651134 	9.9480388
0.087897803 	7.088882e-15 	0.018454357 	0.0003654445 	9.9469139
0.093330656 	5.2314471e-15 	0.018452114 	0.00036577055 	9.9458347
