1.0170124e-05 	0.00051000549 	0.0015612913 	6.962018e-12 	151.7466
3.113662e-05 	0.0019329026 	0.0059091353 	6.5397452e-11 	151.79471
5.3394177e-05 	0.0040538221 	0.012419891 	3.173977e-10 	151.90923
7.7022295e-05 	0.0067293035 	0.020713474 	1.829585e-09 	152.11832
0.00010210537 	0.0099177667 	0.030736283 	1.1665283e-08 	152.45443
0.00012873299 	0.013618051 	0.042536717 	4.8132345e-08 	152.94688
0.00015700027 	0.017843313 	0.056121776 	1.3477173e-07 	153.60676
0.00018700818 	0.022617301 	0.071385694 	2.9025246e-07 	154.39431
0.00021886389 	0.027979413 	0.088095274 	5.2829876e-07 	155.19443
0.00025268119 	0.033984847 	0.10591533 	8.6255576e-07 	155.85329
0.00028858087 	0.040696486 	0.12445026 	1.3090259e-06 	156.23735
0.00032669115 	0.048178084 	0.1432842 	1.8859115e-06 	156.25236
0.00036714817 	0.056490924 	0.16201497 	2.6094964e-06 	155.83807
0.00041009642 	0.06569134 	0.18028232 	3.4940583e-06 	154.96328
0.00045568931 	0.075829058 	0.19778689 	4.5576819e-06 	153.62136
0.00050408968 	0.086946288 	0.21429644 	5.8191849e-06 	151.82498
0.00055547043 	0.099077293 	0.22964361 	7.293006e-06 	149.60094
0.00061001506 	0.11224786 	0.24371981 	8.9889668e-06 	146.98611
0.0006679184 	0.12647391 	0.25646609 	1.0910553e-05 	144.0237
0.00072938728 	0.14175841 	0.26786257 	1.305316e-05 	140.76002
0.00079464125 	0.15808589 	0.27791756 	1.5402956e-05 	137.24175
0.00086391338 	0.1754138 	0.28665727 	1.793689e-05 	133.51374
0.0009374511 	0.19366043 	0.29411661 	2.0624284e-05 	129.61738
0.0010155171 	0.21268936 	0.30033157 	2.3430141e-05 	125.58955
0.0010983902 	0.23229082 	0.30533325 	2.631991e-05 	121.46201
0.0011863663 	0.2521609 	0.30914387 	2.926509e-05 	117.26134
0.0012797599 	0.27188048 	0.31177437 	3.2248823e-05 	113.00909
0.0013789043 	0.29089658 	0.31322373 	3.5270703e-05 	108.72225
0.0014841538 	0.30851023 	0.31347947 	3.835035e-05 	104.41389
0.0015958843 	0.32387642 	0.31251929 	4.152991e-05 	100.09376
0.0017144948 	0.33602244 	0.31031326 	4.4876305e-05 	95.769044
0.001840409 	0.34389176 	0.30682657 	4.8484911e-05 	91.444897
0.0019740768 	0.34641947 	0.30202262 	5.248733e-05 	87.125024
0.0021159754 	0.34264383 	0.2958666 	5.7067905e-05 	82.812168
0.0022666117 	0.33185352 	0.28833036 	6.2496773e-05 	78.508668
0.0024265239 	0.31376266 	0.2793998 	6.9191565e-05 	74.217281
0.002596283 	0.28868938 	0.26908689 	7.7824787e-05 	69.942527
0.0027764954 	0.25768511 	0.25744787 	8.9489409e-05 	65.692828
0.0029678048 	0.22253214 	0.24460717 	0.0001058885 	61.48341
0.0031708945 	0.18553441 	0.23077984 	0.00012937291 	57.339189
0.00338649 	0.14911814 	0.21627699 	0.0001622906 	53.295806
0.0036153613 	0.11540833 	0.20143273 	0.00020427285 	49.385747
0.0038583258 	0.085903982 	0.18648881 	0.0002502657 	45.617146
0.0041162514 	0.061341852 	0.17160383 	0.00028803511 	41.984016
0.0043900594 	0.04183509 	0.15694215 	0.00030631945 	38.492925
0.0046807278 	0.027097601 	0.14267239 	0.00030864751 	35.161833
0.0049892948 	0.01656783 	0.12891731 	0.00030469625 	32.005228
0.0053168625 	0.009498618 	0.1157572 	0.00029885563 	29.031568
0.0056646009 	0.0050699632 	0.10325574 	0.00029230999 	26.246491
0.0060337521 	0.0025002228 	0.091468608 	0.00028540262 	23.653977
0.0064256347 	0.0011301237 	0.080444677 	0.0002782747 	21.256626
0.0068416484 	0.00046458337 	0.070225502 	0.00027102883 	19.055732
0.007283279 	0.00017262154 	0.060844497 	0.00026377483 	17.051346
0.0077521041 	5.7921654e-05 	0.052326288 	0.00025664969 	15.242373
0.0082497982 	1.7748167e-05 	0.044686467 	0.0002498341 	13.626733
0.008778139 	5.1275761e-06 	0.037931802 	0.0002435733 	12.201586
0.0093390136 	1.4883035e-06 	0.032060676 	0.00023820584 	10.963527
0.0099344254 	4.7126993e-07 	0.027063108 	0.00023419715 	9.9086152
0.010566501 	1.6835802e-07 	0.022919276 	0.00023215618 	9.0319585
0.011237498 	6.433245e-08 	0.019595362 	0.0002327887 	8.3265796
0.011949813 	2.4222797e-08 	0.017036805 	0.00023673438 	7.7816038
0.012705991 	8.5238068e-09 	0.015162078 	0.00024429233 	7.380516
0.013508733 	2.7551498e-09 	0.013862823 	0.00025516726 	7.1008853
0.014360904 	8.1965999e-10 	0.013014183 	0.00026843995 	6.9164894
0.015265551 	2.2524596e-10 	0.012492188 	0.0002828334 	6.8011272
0.016225903 	5.7187763e-11 	0.012189755 	0.00029710385 	6.7321737
0.017245391 	1.330747e-11 	0.012024905 	0.000310316 	6.6923955
0.018327656 	2.8133543e-12 	0.011940818 	0.00032191303 	6.6699409
0.019476565 	5.7082003e-13 	0.011901194 	0.00033164576 	6.6572946
0.02069622 	1.6232802e-13 	0.011884413 	0.00033944426 	6.6499911
0.021990978 	1.0832671e-13 	0.011878429 	0.00034523978 	6.6455164
0.023365464 	1.1381752e-13 	0.011876982 	0.00034878068 	6.6425178
0.024824587 	1.3017337e-13 	0.011877076 	0.00034997797 	6.640294
0.026373559 	1.4928419e-13 	0.011877419 	0.00034956908 	6.6384904
0.028017912 	1.6720585e-13 	0.011877541 	0.00034868923 	6.6369297
0.02976352 	1.8124319e-13 	0.011877325 	0.00034795369 	6.635521
0.031616619 	1.9041698e-13 	0.011876783 	0.00034746333 	6.6342142
0.033583826 	1.9487618e-13 	0.011875961 	0.00034716969 	6.6329782
0.035672168 	1.9512295e-13 	0.011874902 	0.00034701209 	6.6317903
0.037889105 	1.916158e-13 	0.011873637 	0.00034694704 	6.6306334
0.040242556 	1.8470328e-13 	0.011872191 	0.0003469495 	6.6294937
0.042740925 	1.7472731e-13 	0.01187058 	0.00034700731 	6.628361
0.045393137 	1.6211565e-13 	0.011868822 	0.00034711547 	6.6272281
0.048208665 	1.4741769e-13 	0.011866933 	0.00034727195 	6.6260907
0.051197566 	1.3129262e-13 	0.01186493 	0.0003474752 	6.6249471
0.054370516 	1.1446107e-13 	0.011862834 	0.00034772296 	6.6237976
0.057738847 	9.7639802e-14 	0.011860663 	0.00034801189 	6.6226444
0.061314592 	8.1476001e-14 	0.01185844 	0.00034833757 	6.6214913
0.06511052 	6.6496046e-14 	0.011856185 	0.0003486947 	6.6203428
0.069140193 	5.3075169e-14 	0.01185392 	0.0003490773 	6.6192045
0.073418001 	4.1428565e-14 	0.011851666 	0.00034947905 	6.6180824
0.077959226 	3.1623074e-14 	0.011849443 	0.0003498935 	6.6169826
0.082780087 	2.3603117e-14 	0.011847268 	0.0003503143 	6.6159116
0.087897803 	1.7224958e-14 	0.011845161 	0.00035073554 	6.6148758
0.093330656 	1.2289312e-14 	0.011843136 	0.00035115209 	6.6138814
