-0.046805254 	5.4000313 	0.00047981057 	3.6291957e-23
-0.040820451 	5.4001337 	0.0014304177 	3.4445401e-22
-0.035593767 	5.4003106 	0.0022686653 	6.3651561e-22
-0.031029167 	5.4005394 	0.0029888751 	5.5997933e-22
-0.027042782 	5.4007897 	0.0036056051 	3.7118244e-22
-0.023561368 	5.4010452 	0.0041327597 	3.4571254e-22
-0.020520958 	5.4012967 	0.0045829382 	2.2358462e-22
-0.017865688 	5.4015378 	0.0049673023 	-1.4352236e-22
-0.015546772 	5.4017643 	0.005295604 	-2.8354902e-22
-0.013521602 	5.401974 	0.0055762584 	1.5075509e-23
-0.011752967 	5.4021658 	0.005816456 	1.4932003e-22
-0.010208373 	5.4023399 	0.0060223014 	-1.991726e-23
-0.0088594378 	5.4024967 	0.0061989577 	-2.2239442e-23
-0.0076813777 	5.4026374 	0.0063507837 	1.7125259e-23
-0.006652547 	5.402763 	0.0064814566 	-1.5730051e-22
-0.0057540422 	5.4028747 	0.0065940791 	-1.4572219e-22
-0.0049693545 	5.4029737 	0.0066912721 	2.0265237e-22
-0.0042840662 	5.4030614 	0.0067752524 	2.2681427e-22
-0.003685586 	5.4031388 	0.0068478986 	-1.0244317e-22
-0.0031629175 	5.4032071 	0.0069108059 	-3.6496134e-23
-0.0027064575 	5.4032672 	0.0069653314 	1.5310469e-22
-0.0023078191 	5.4033201 	0.0070126325 	-1.0120287e-22
-0.0019596776 	5.4033665 	0.007053698 	-3.0311019e-22
-0.0016556366 	5.4034073 	0.0070893747 	-1.3173582e-22
-0.0013901097 	5.4034431 	0.0071203888 	1.1972973e-22
-0.001158218 	5.4034745 	0.0071473645 	1.2859443e-22
-0.000955701 	5.4035019 	0.0071708391 	-1.3706039e-23
-0.00077883757 	5.403526 	0.0071912759 	3.7682846e-23
-0.00062437811 	5.4035471 	0.0072090748 	8.1466097e-23
-0.00048948463 	5.4035655 	0.0072245815 	-6.4329356e-23
-0.00037167862 	5.4035817 	0.0072380953 	-1.1521647e-22
-0.00026879555 	5.4035958 	0.0072498753 	-2.0493174e-23
-0.00017894507 	5.4036081 	0.0072601464 	-3.4259586e-23
-0.0001004763 	5.4036189 	0.0072691036 	-9.7117686e-23
-3.1947465e-05 	5.4036285 	0.0072769732 	-2.7392005e-23
2.9991242e-05 	5.4036371 	0.007284125 	6.9700501e-23
9.0286504e-05 	5.4036455 	0.0072910005 	8.9716505e-23
0.00015121058 	5.4036538 	0.0072978735 	3.6896349e-23
0.00021277004 	5.4036623 	0.007304811 	1.7663043e-23
0.0002749715 	5.4036708 	0.0073118136 	3.0426121e-23
0.00033782165 	5.4036795 	0.0073188818 	-3.6960712e-23
0.00040132727 	5.4036882 	0.007326016 	-8.865208e-23
0.00046549519 	5.4036971 	0.0073332169 	-1.7005566e-23
0.00053033231 	5.403706 	0.0073404849 	7.5431335e-23
0.00059584562 	5.4037151 	0.0073478206 	3.3512313e-23
0.00066204216 	5.4037242 	0.0073552244 	-2.6964183e-23
0.00072892907 	5.4037335 	0.007362697 	-2.6896808e-23
0.00079651354 	5.4037428 	0.0073702389 	-5.0848749e-23
0.00086480285 	5.4037523 	0.0073778506 	-4.5962485e-23
0.00093380434 	5.4037619 	0.0073855326 	-2.9711896e-24
0.0010035254 	5.4037716 	0.0073932855 	3.722376e-23
0.0010739737 	5.4037814 	0.0074011098 	9.1360523e-23
0.0011451566 	5.4037913 	0.0074090061 	7.0017374e-23
0.0012170819 	5.4038013 	0.0074169749 	-5.7552408e-23
0.0012897573 	5.4038114 	0.0074250167 	-1.0952602e-22
0.0013631906 	5.4038217 	0.0074331321 	-5.0120965e-23
0.0014373898 	5.4038321 	0.0074413216 	7.0197275e-24
0.0015123628 	5.4038425 	0.0074495858 	1.6134668e-23
0.0015881177 	5.4038531 	0.0074579252 	-7.7964897e-24
0.0016646626 	5.4038639 	0.0074663404 	-7.1409571e-23
0.0017420058 	5.4038747 	0.0074748319 	-8.6435205e-23
0.0018201557 	5.4038857 	0.0074834003 	2.8776225e-23
0.0018991205 	5.4038968 	0.007492046 	1.8414695e-22
0.0019789089 	5.4039081 	0.0075007697 	1.5414671e-22
0.0020595294 	5.4039194 	0.0075095719 	-4.127502e-23
0.0021409906 	5.4039309 	0.0075184531 	-7.6006058e-23
0.0022233015 	5.4039425 	0.0075274139 	-1.5422661e-23
0.0023064707 	5.4039543 	0.0075364549 	1.1349284e-24
0.0023905073 	5.4039662 	0.0075455764 	-1.4055845e-23
0.0024754204 	5.4039782 	0.0075547793 	-9.0087823e-23
0.0025612189 	5.4039904 	0.0075640638 	-3.8688103e-23
0.0026479123 	5.4040027 	0.0075734307 	1.0660979e-22
0.0027355098 	5.4040152 	0.0075828803 	1.236262e-22
0.0028240209 	5.4040278 	0.0075924134 	1.8528166e-23
0.002913455 	5.4040405 	0.0076020303 	-1.3966531e-22
0.0030038219 	5.4040534 	0.0076117317 	-9.7638875e-23
0.0030951311 	5.4040665 	0.007621518 	7.553851e-23
0.0031873927 	5.4040797 	0.0076313898 	9.1708307e-23
0.0032806164 	5.404093 	0.0076413477 	4.1095216e-23
0.0033748124 	5.4041065 	0.0076513921 	-2.4042188e-23
0.0034699907 	5.4041202 	0.0076615235 	3.1162989e-24
0.0035661616 	5.404134 	0.0076717425 	1.0682682e-22
0.0036633356 	5.404148 	0.0076820497 	6.2289994e-23
0.0037615229 	5.4041622 	0.0076924454 	-1.2926878e-22
0.0038607342 	5.4041765 	0.0077029303 	-1.7520453e-22
0.0039609802 	5.404191 	0.0077135047 	2.7213198e-23
0.0040622717 	5.4042056 	0.0077241693 	6.1332598e-23
0.0041646195 	5.4042204 	0.0077349245 	-6.1767688e-23
0.0042680347 	5.4042354 	0.0077457708 	-3.6368646e-23
0.0043725284 	5.4042506 	0.0077567087 	6.7165011e-23
0.0044781119 	5.4042659 	0.0077677387 	1.0477663e-22
0.0045847965 	5.4042815 	0.0077788612 	-2.3343453e-23
0.0046925938 	5.4042972 	0.0077900767 	-1.8090872e-22
0.0048015152 	5.4043131 	0.0078013857 	-1.2194258e-22
0.0049115726 	5.4043292 	0.0078127886 	6.5927945e-23
0.0050227778 	5.4043455 	0.007824286 	1.4594422e-22
0.0051351427 	5.4043619 	0.0078358781 	1.3254742e-22
0.0052486795 	5.4043786 	0.0078475655 	3.8271425e-23
0.0053634003 	5.4043954 	0.0078593486 	-1.1534577e-22
0.0054793176 	5.4044125 	0.0078712278 	-1.8384642e-22
0.0055964437 	5.4044298 	0.0078832035 	-7.1526597e-23
0.0057147914 	5.4044472 	0.0078952762 	4.7117535e-23
0.0058343733 	5.4044649 	0.0079074462 	-9.7665698e-24
0.0059552024 	5.4044828 	0.0079197138 	1.4580513e-23
0.0060772915 	5.4045009 	0.0079320796 	1.4039519e-22
0.006200654 	5.4045192 	0.0079445438 	1.0644354e-22
0.0063253029 	5.4045377 	0.0079571068 	-6.2349877e-23
0.0064512519 	5.4045564 	0.0079697689 	-8.5701379e-23
0.0065785143 	5.4045754 	0.0079825305 	1.1091713e-22
0.006707104 	5.4045946 	0.0079953919 	1.672426e-22
0.0068370347 	5.404614 	0.0080083534 	1.3003872e-22
0.0069683205 	5.4046336 	0.0080214153 	1.9627937e-22
0.0071009754 	5.4046535 	0.0080345779 	2.1655572e-23
0.0072350138 	5.4046736 	0.0080478414 	-2.7261207e-22
0.0073704501 	5.404694 	0.0080612061 	-3.597122e-22
0.0075072989 	5.4047146 	0.0080746722 	-1.7769063e-22
0.0076455748 	5.4047354 	0.00808824 	2.1578164e-22
0.0077852928 	5.4047565 	0.0081019097 	2.2231128e-22
0.007926468 	5.4047779 	0.0081156814 	-1.4005482e-22
0.0080691154 	5.4047995 	0.0081295553 	-2.1848169e-22
0.0082132505 	5.4048213 	0.0081435316 	-6.3055991e-23
0.0083588888 	5.4048435 	0.0081576104 	-1.806527e-23
0.008506046 	5.4048659 	0.0081717919 	-6.92499e-23
0.0086547378 	5.4048885 	0.0081860761 	-3.207092e-23
0.0088049804 	5.4049114 	0.0082004631 	9.6843224e-23
0.0089567898 	5.4049346 	0.008214953 	1.4752064e-22
0.0091101825 	5.4049581 	0.0082295458 	9.3615525e-23
0.0092651749 	5.4049819 	0.0082442415 	2.7334533e-23
0.0094217836 	5.4050059 	0.0082590402 	-2.5078289e-23
0.0095800257 	5.4050303 	0.0082739417 	5.392707e-23
0.0097399181 	5.4050549 	0.0082889461 	6.6662276e-23
0.009901478 	5.4050798 	0.0083040532 	-1.046889e-22
0.010064723 	5.405105 	0.008319263 	-8.7530914e-23
0.01022967 	5.4051306 	0.0083345753 	-3.6589873e-23
0.010396337 	5.4051564 	0.00834999 	-7.6415343e-23
0.010564743 	5.4051825 	0.0083655069 	1.2727558e-22
0.010734905 	5.405209 	0.0083811258 	3.8891303e-22
0.010906842 	5.4052358 	0.0083968463 	2.5233118e-22
0.011080571 	5.4052629 	0.0084126684 	-8.0326121e-23
0.011256113 	5.4052903 	0.0084285915 	-1.2095907e-22
0.011433485 	5.405318 	0.0084446155 	-6.8607002e-23
0.011612707 	5.4053461 	0.00846074 	-2.4649574e-22
0.011793798 	5.4053746 	0.0084769644 	-3.1086614e-22
0.011976778 	5.4054033 	0.0084932885 	-2.4868489e-23
0.012161666 	5.4054325 	0.0085097117 	1.5167718e-22
0.012348482 	5.4054619 	0.0085262336 	-2.7641591e-23
0.012537247 	5.4054918 	0.0085428535 	-7.5177084e-23
0.01272798 	5.4055219 	0.0085595709 	1.743062e-22
0.012920702 	5.4055525 	0.0085763852 	2.4880261e-22
0.013115435 	5.4055834 	0.0085932957 	-4.0575315e-23
0.013312198 	5.4056147 	0.0086103017 	-2.2364453e-22
0.013511013 	5.4056464 	0.0086274025 	-6.1378188e-23
0.013711901 	5.4056784 	0.0086445972 	7.6074958e-23
0.013914885 	5.4057109 	0.0086618851 	9.3768392e-23
0.014119985 	5.4057437 	0.0086792652 	3.4572811e-24
0.014327225 	5.4057769 	0.0086967367 	-1.6256276e-22
0.014536626 	5.4058106 	0.0087142984 	-9.6824758e-23
0.01474821 	5.4058446 	0.0087319495 	1.5301366e-22
0.014962002 	5.405879 	0.0087496889 	1.6112621e-22
0.015178023 	5.4059139 	0.0087675154 	-1.3730698e-22
0.015396296 	5.4059492 	0.0087854279 	-2.1441907e-22
0.015616846 	5.4059849 	0.008803425 	-2.3898412e-24
0.015839697 	5.406021 	0.0088215056 	8.2249153e-24
0.016064871 	5.4060576 	0.0088396682 	-4.61309e-23
0.016292394 	5.4060946 	0.0088579116 	1.0046748e-22
0.016522289 	5.4061321 	0.0088762342 	2.8299212e-22
0.016754582 	5.40617 	0.0088946345 	2.7862063e-22
0.016989298 	5.4062084 	0.0089131109 	5.4674641e-23
0.017226461 	5.4062472 	0.0089316619 	-1.5828319e-22
0.017466098 	5.4062865 	0.0089502857 	-1.7177899e-22
0.017708234 	5.4063263 	0.0089689805 	-4.1011099e-23
0.017952896 	5.4063665 	0.0089877445 	-4.8877367e-23
0.018200108 	5.4064072 	0.0090065758 	-3.3355084e-23
0.0184499 	5.4064485 	0.0090254724 	1.4156724e-22
0.018702296 	5.4064902 	0.0090444324 	1.5004203e-22
0.018957324 	5.4065324 	0.0090634535 	1.439725e-22
0.019215012 	5.4065751 	0.0090825336 	4.3274343e-23
0.019475387 	5.4066184 	0.0091016705 	-2.1674882e-22
0.019738478 	5.4066621 	0.0091208617 	-2.2732893e-22
0.020004313 	5.4067064 	0.009140105 	-6.9199795e-23
0.02027292 	5.4067512 	0.0091593978 	2.329834e-23
0.020544328 	5.4067966 	0.0091787376 	5.5400298e-23
0.020818567 	5.4068425 	0.0091981217 	8.0725399e-23
0.021095666 	5.4068889 	0.0092175474 	5.0688315e-23
0.021375655 	5.4069359 	0.0092370118 	1.0489393e-24
0.021658563 	5.4069834 	0.0092565121 	3.9947707e-23
0.021944423 	5.4070315 	0.0092760454 	-4.0324786e-23
0.022233263 	5.4070802 	0.0092956084 	-1.8709181e-22
0.022525116 	5.4071295 	0.0093151981 	3.209525e-23
0.022820012 	5.4071793 	0.0093348113 	3.0136562e-22
0.023117984 	5.4072297 	0.0093544445 	-4.0073795e-23
0.023419063 	5.4072808 	0.0093740944 	-3.8482824e-22
0.023723283 	5.4073324 	0.0093937575 	-5.4123384e-23
0.024030675 	5.4073846 	0.00941343 	1.4988054e-22
0.024341273 	5.4074375 	0.0094331084 	2.7316439e-23
0.02465511 	5.407491 	0.0094527888 	1.7377705e-23
0.02497222 	5.4075451 	0.0094724673 	8.3597732e-24
0.025292637 	5.4075998 	0.0094921398 	2.1772883e-22
0.025616396 	5.4076552 	0.0095118024 	2.2967137e-22
0.025943531 	5.4077112 	0.0095314507 	-1.8524456e-22
0.026274078 	5.4077679 	0.0095510805 	-2.5676251e-22
0.026608073 	5.4078252 	0.0095706873 	-8.3278849e-23
0.02694555 	5.4078832 	0.0095902667 	-6.2570587e-23
0.027286547 	5.4079419 	0.009609814 	-1.5118414e-22
0.0276311 	5.4080013 	0.0096293245 	-9.9397896e-23
0.027979247 	5.4080613 	0.0096487933 	7.1564541e-23
0.028331025 	5.408122 	0.0096682156 	2.8626705e-22
0.028686471 	5.4081835 	0.0096875862 	4.7594767e-22
0.029045624 	5.4082456 	0.0097069001 	2.8631609e-22
0.029408522 	5.4083084 	0.0097261519 	1.1374661e-22
0.029775206 	5.408372 	0.0097453363 	6.4953127e-23
0.030145713 	5.4084363 	0.0097644478 	-2.7014832e-22
0.030520085 	5.4085013 	0.0097834808 	-5.1238605e-22
0.03089836 	5.4085671 	0.0098024296 	-2.4731261e-22
0.031280581 	5.4086335 	0.0098212884 	1.5048793e-22
0.031666788 	5.4087008 	0.0098400512 	6.9417368e-23
0.032057023 	5.4087688 	0.0098587121 	-1.5191813e-22
0.032451328 	5.4088375 	0.0098772649 	-1.4778085e-23
0.032849744 	5.4089071 	0.0098957034 	7.9630072e-23
0.033252316 	5.4089774 	0.0099140211 	-7.760331e-23
0.033659086 	5.4090484 	0.0099322116 	-1.1643324e-22
0.034070098 	5.4091203 	0.0099502684 	8.0163363e-23
0.034485397 	5.409193 	0.0099681847 	1.0843887e-22
0.034905027 	5.4092664 	0.0099859538 	-6.6424007e-23
0.035329034 	5.4093407 	0.010003569 	-7.0248501e-23
0.035757462 	5.4094157 	0.010021023 	1.5666434e-22
0.036190358 	5.4094916 	0.010038308 	2.6501801e-22
0.036627769 	5.4095683 	0.010055418 	6.5336086e-23
0.037069742 	5.4096459 	0.010072346 	-1.4310081e-22
0.037516324 	5.4097242 	0.010089083 	-1.9977987e-22
0.037967563 	5.4098034 	0.010105622 	-3.8491014e-23
0.038423508 	5.4098835 	0.010121957 	1.0893971e-22
0.038884209 	5.4099644 	0.010138078 	-6.2973576e-23
0.039349714 	5.4100461 	0.010153978 	-2.6909896e-23
0.039820074 	5.4101288 	0.01016965 	2.6956363e-22
0.040295339 	5.4102122 	0.010185086 	8.0925601e-23
0.040775561 	5.4102966 	0.010200277 	-2.161046e-22
0.041260791 	5.4103818 	0.010215215 	3.6873595e-23
0.041751081 	5.4104679 	0.010229892 	3.2546093e-22
0.042246485 	5.4105549 	0.0102443 	6.9142182e-23
0.042747055 	5.4106428 	0.01025843 	-4.1375901e-22
0.043252845 	5.4107315 	0.010272274 	-3.2523481e-22
0.043763911 	5.4108212 	0.010285824 	9.7111141e-23
0.044280306 	5.4109118 	0.010299071 	6.9357207e-23
0.044802087 	5.4110032 	0.010312006 	-3.9635365e-24
0.045329309 	5.4110956 	0.010324621 	8.8443435e-23
0.04586203 	5.4111889 	0.010336908 	3.7547316e-23
0.046400307 	5.4112832 	0.010348856 	6.816046e-23
0.046944197 	5.4113783 	0.010360458 	1.0445055e-22
0.04749376 	5.4114744 	0.010371705 	-8.017942e-23
0.048049054 	5.4115713 	0.010382588 	-1.8176843e-22
0.048610139 	5.4116693 	0.010393098 	-9.503199e-23
0.049177075 	5.4117681 	0.010403226 	-1.9577314e-22
0.049749924 	5.4118679 	0.010412964 	-1.9388271e-22
0.050328748 	5.4119687 	0.010422302 	1.3737271e-22
0.050913608 	5.4120703 	0.010431231 	3.6807452e-23
0.051504567 	5.412173 	0.010439744 	-2.8563218e-22
0.052101689 	5.4122765 	0.01044783 	1.1556263e-22
0.052705039 	5.412381 	0.010455481 	5.9325136e-22
0.053314682 	5.4124865 	0.010462688 	2.7780757e-22
0.053930682 	5.4125929 	0.010469443 	6.5122959e-23
0.054553106 	5.4127003 	0.010475736 	6.8600044e-23
0.055182022 	5.4128086 	0.010481559 	-1.9660056e-22
0.055817496 	5.4129179 	0.010486904 	-2.8489542e-23
0.056459598 	5.4130281 	0.010491761 	2.286174e-22
0.057108397 	5.4131393 	0.010496122 	1.4892856e-22
0.057763961 	5.4132515 	0.01049998 	9.5602547e-23
0.058426363 	5.4133646 	0.010503324 	-3.9070885e-23
0.059095673 	5.4134787 	0.010506148 	-2.18653e-22
0.059771963 	5.4135937 	0.010508443 	-2.7966855e-22
0.060455306 	5.4137097 	0.010510201 	-3.4092817e-22
0.061145775 	5.4138266 	0.010511414 	-3.5515028e-22
0.061843446 	5.4139445 	0.010512075 	6.5059719e-23
0.062548392 	5.4140634 	0.010512174 	4.2289747e-22
0.063260691 	5.4141832 	0.010511707 	2.5751713e-22
0.063980417 	5.414304 	0.010510663 	1.9716408e-23
0.06470765 	5.4144257 	0.010509038 	-2.1840689e-22
0.065442467 	5.4145484 	0.010506822 	-2.6949609e-22
0.066184948 	5.414672 	0.010504011 	-4.704621e-23
0.066935172 	5.4147966 	0.010500596 	1.4279982e-22
0.06769322 	5.4149221 	0.010496572 	2.7633131e-22
0.068459173 	5.4150485 	0.010491932 	5.9535661e-23
0.069233115 	5.4151759 	0.010486669 	-2.8444621e-22
0.070015128 	5.4153043 	0.010480779 	-2.3282787e-22
0.070805297 	5.4154336 	0.010474256 	-1.9537059e-22
0.071603706 	5.4155638 	0.010467093 	-7.2525996e-23
0.072410442 	5.4156949 	0.010459287 	2.6266585e-22
0.073225592 	5.415827 	0.010450831 	3.0418717e-22
0.074049243 	5.41596 	0.010441722 	1.1022641e-22
0.074881483 	5.4160939 	0.010431955 	-1.5178208e-22
0.075722403 	5.4162287 	0.010421525 	-2.2051582e-22
0.076572093 	5.4163644 	0.010410429 	1.3454595e-22
0.077430644 	5.4165011 	0.010398664 	3.500503e-22
0.078298149 	5.4166386 	0.010386225 	-3.9352621e-24
0.079174701 	5.4167771 	0.01037311 	-1.4135276e-22
0.080060395 	5.4169164 	0.010359317 	1.6197876e-22
0.080955325 	5.4170566 	0.010344842 	9.2352483e-23
0.081859589 	5.4171978 	0.010329685 	6.2024998e-23
0.082773283 	5.4173398 	0.010313842 	2.7404025e-22
0.083696507 	5.4174826 	0.010297312 	-4.0650721e-23
0.084629358 	5.4176264 	0.010280095 	-5.5686848e-22
0.085571939 	5.417771 	0.01026219 	-4.5346101e-22
0.086524349 	5.4179165 	0.010243595 	-4.8147664e-23
0.087486692 	5.4180628 	0.010224312 	1.2607551e-22
0.088459071 	5.41821 	0.01020434 	2.4760775e-22
0.089441592 	5.418358 	0.010183679 	1.9662363e-22
0.090434358 	5.4185069 	0.010162332 	-2.3682762e-24
0.091437479 	5.4186566 	0.010140298 	-5.2824044e-24
0.092451061 	5.4188071 	0.01011758 	-9.125646e-23
0.093475213 	5.4189585 	0.010094179 	-3.0366443e-22
0.094510047 	5.4191107 	0.010070098 	-1.3041874e-22
0.095555673 	5.4192637 	0.010045339 	2.107742e-22
0.096612203 	5.4194175 	0.010019906 	2.0227325e-22
0.097679752 	5.4195721 	0.0099938023 	1.2953744e-22
0.098758435 	5.4197275 	0.0099670308 	7.4580939e-23
0.099848367 	5.4198837 	0.0099395959 	-2.0133695e-22
0.10094967 	5.4200407 	0.009911502 	-2.4593846e-22
0.10206245 	5.4201984 	0.0098827541 	1.4213709e-22
0.10318684 	5.420357 	0.0098533571 	3.4340715e-22
0.10432296 	5.4205163 	0.0098233165 	3.5319639e-23
0.10547092 	5.4206763 	0.0097926382 	-3.1858204e-22
0.10663086 	5.4208372 	0.0097613283 	-2.6330273e-22
0.10780289 	5.4209988 	0.0097293932 	-7.1382211e-24
0.10898715 	5.4211611 	0.0096968397 	2.607085e-23
0.11018375 	5.4213242 	0.009663675 	-4.6847663e-24
0.11139284 	5.421488 	0.0096299064 	1.9175113e-22
0.11261454 	5.4216525 	0.0095955419 	2.0901945e-22
0.11384897 	5.4218178 	0.0095605893 	-9.6150317e-23
0.11509628 	5.4219838 	0.0095250571 	-3.0133386e-22
0.1163566 	5.4221505 	0.0094889539 	-1.7394747e-22
0.11763007 	5.4223179 	0.0094522886 	6.6571978e-23
0.11891681 	5.4224861 	0.0094150705 	1.6197211e-22
0.12021697 	5.4226549 	0.0093773091 	2.6317066e-22
0.1215307 	5.4228245 	0.009339014 	1.0570699e-22
0.12285812 	5.4229947 	0.0093001954 	-3.2537371e-22
0.12419939 	5.4231656 	0.0092608634 	-2.3841233e-22
0.12555464 	5.4233373 	0.0092210285 	1.9007885e-22
0.12692403 	5.4235096 	0.0091807014 	2.3726129e-22
0.1283077 	5.4236826 	0.0091398931 	-4.4552517e-25
0.1297058 	5.4238562 	0.0090986146 	-1.965036e-22
0.13111848 	5.4240306 	0.0090568774 	-1.4932017e-22
0.1325459 	5.4242056 	0.0090146929 	-1.9343753e-23
0.1339882 	5.4243812 	0.0089720728 	-1.4307905e-23
0.13544554 	5.4245576 	0.008929029 	6.1768075e-23
0.13691808 	5.4247346 	0.0088855734 	1.2146445e-22
0.13840598 	5.4249122 	0.0088417182 	-4.3957632e-23
0.1399094 	5.4250905 	0.0087974757 	-1.8416146e-22
0.14142849 	5.4252695 	0.0087528582 	-3.6110384e-23
0.14296343 	5.4254491 	0.0087078783 	1.2438545e-22
0.14451437 	5.4256294 	0.0086625485 	8.7433172e-23
0.14608149 	5.4258103 	0.0086168815 	-4.0829791e-24
0.14766496 	5.4259918 	0.00857089 	-1.554052e-22
0.14926493 	5.426174 	0.0085245868 	-1.5245194e-22
0.1508816 	5.4263568 	0.0084779847 	1.2455596e-22
0.15251512 	5.4265403 	0.0084310966 	2.3168181e-22
0.15416568 	5.4267244 	0.0083839353 	1.6024867e-22
0.15583345 	5.4269092 	0.0083365137 	2.1880769e-22
0.15751862 	5.4270945 	0.0082888446 	-6.0033587e-24
0.15922136 	5.4272805 	0.0082409409 	-3.5695099e-22
0.16094186 	5.4274672 	0.0081928152 	-8.7101659e-23
0.1626803 	5.4276544 	0.0081444805 	2.0338033e-22
0.16443687 	5.4278423 	0.0080959492 	-2.4237329e-23
0.16621176 	5.4280308 	0.008047234 	-1.4108688e-22
0.16800516 	5.42822 	0.0079983473 	-7.5540054e-23
0.16981727 	5.4284098 	0.0079493015 	-7.3455202e-23
0.17164827 	5.4286002 	0.0079001088 	8.3342982e-23
0.17349837 	5.4287912 	0.0078507813 	1.760418e-22
0.17536776 	5.4289829 	0.0078013309 	-5.4835653e-23
0.17725665 	5.4291752 	0.0077517693 	-2.0146407e-22
0.17916524 	5.4293681 	0.0077021082 	-1.2117117e-22
0.18109373 	5.4295616 	0.0076523589 	-1.3105841e-22
0.18304234 	5.4297558 	0.0076025325 	4.7068274e-23
0.18501127 	5.4299506 	0.00755264 	2.656479e-22
0.18700073 	5.430146 	0.007502692 	6.6512154e-23
0.18901094 	5.430342 	0.0074526988 	7.3589782e-23
0.19104211 	5.4305387 	0.0074026707 	1.8024359e-22
0.19309447 	5.430736 	0.0073526174 	-8.2117171e-23
0.19516823 	5.430934 	0.0073025484 	-2.1389388e-22
0.19726361 	5.4311325 	0.0072524728 	-1.251853e-23
0.19938085 	5.4313317 	0.0072023996 	1.3984532e-22
0.20152017 	5.4315316 	0.007152337 	6.198335e-23
0.20368181 	5.431732 	0.0071022932 	-2.4156029e-23
0.20586598 	5.4319331 	0.0070522759 	-6.2673686e-23
0.20807294 	5.4321349 	0.0070022922 	-1.478991e-22
0.21030291 	5.4323372 	0.006952349 	-1.2384475e-22
0.21255613 	5.4325402 	0.0069024525 	1.0669202e-22
0.21483286 	5.4327439 	0.0068526086 	1.4287162e-22
0.21713333 	5.4329481 	0.0068028227 	1.8726618e-23
0.21945779 	5.433153 	0.0067530994 	4.5558205e-23
0.22180649 	5.4333586 	0.0067034432 	7.7438079e-24
0.22417969 	5.4335648 	0.0066538577 	-2.9577689e-23
0.22657764 	5.4337716 	0.0066043459 	3.14651e-23
0.2290006 	5.433979 	0.0065549103 	4.1780113e-23
0.23144882 	5.4341871 	0.0065055528 	-2.8915959e-23
0.23392258 	5.4343959 	0.0064562743 	-1.2263112e-22
0.23642213 	5.4346052 	0.0064070755 	-6.9603293e-23
0.23894776 	5.4348152 	0.0063579559 	9.8177026e-23
0.24149972 	5.4350259 	0.0063089144 	6.7460715e-23
0.2440783 	5.4352371 	0.0062599493 	-1.0451331e-22
0.24668377 	5.435449 	0.0062110576 	-1.2124053e-22
0.24931641 	5.4356616 	0.0061622359 	1.3706131e-23
0.25197651 	5.4358747 	0.0061134797 	8.725893e-23
0.25466435 	5.4360885 	0.0060647833 	7.3562937e-23
0.25738022 	5.436303 	0.0060161404 	1.2967975e-23
0.26012442 	5.436518 	0.0059675434 	-4.0330402e-23
0.26289723 	5.4367336 	0.0059189838 	1.1166857e-22
0.26569896 	5.4369499 	0.0058704518 	1.485276e-22
0.26852991 	5.4371668 	0.0058219364 	2.9265171e-23
0.27139039 	5.4373842 	0.0057734254 	1.2170183e-22
0.2742807 	5.4376023 	0.0057249054 	4.1485289e-23
0.27720115 	5.437821 	0.0056763615 	-1.919714e-22
0.28015205 	5.4380402 	0.0056277773 	-1.9712149e-22
0.28313373 	5.43826 	0.0055791352 	-1.2630366e-22
0.28614651 	5.4384803 	0.0055304157 	-7.6773947e-24
0.28919071 	5.4387012 	0.0054815978 	7.8659005e-23
0.29226666 	5.4389227 	0.0054326588 	1.3306237e-23
0.29537468 	5.4391446 	0.0053835743 	1.9194332e-24
0.29851512 	5.4393671 	0.0053343177 	1.3846553e-22
0.30168831 	5.4395901 	0.0052848608 	1.4152719e-22
0.30489459 	5.4398135 	0.0052351733 	-1.6646938e-22
0.30813432 	5.4400373 	0.0051852225 	-3.5822248e-22
0.31140782 	5.4402616 	0.0051349737 	-9.6855774e-23
0.31471547 	5.4404863 	0.00508439 	1.2013076e-22
0.31805762 	5.4407113 	0.0050334318 	4.7273697e-23
0.32143461 	5.4409367 	0.0049820574 	5.7416636e-23
0.32484683 	5.4411623 	0.0049302222 	8.0283089e-23
0.32829463 	5.4413882 	0.0048778792 	-1.3090537e-22
0.33177839 	5.4416144 	0.0048249787 	-2.2103569e-22
0.33529849 	5.4418407 	0.0047714679 	5.9592322e-23
0.33885529 	5.4420671 	0.0047172918 	2.0956011e-22
0.34244919 	5.4422936 	0.0046623921 	4.5984049e-23
0.34608056 	5.4425201 	0.0046067078 	-5.5485076e-23
0.34974981 	5.4427465 	0.004550175 	-3.2165388e-23
0.35345733 	5.4429727 	0.0044927273 	-5.6233445e-23
0.35720351 	5.4431988 	0.0044342952 	-3.3329469e-23
0.36098876 	5.4434245 	0.004374807 	3.330556e-23
0.36481349 	5.4436498 	0.0043141881 	-1.7558498e-23
0.3686781 	5.4438746 	0.0042523622 	1.4712465e-23
0.37258302 	5.4440988 	0.0041892508 	7.5111758e-23
0.37652866 	5.4443222 	0.0041247742 	-9.0819685e-23
0.38051546 	5.4445447 	0.0040588511 	-2.099575e-22
0.38454383 	5.4447662 	0.0039914004 	-1.2392164e-23
0.38861421 	5.4449866 	0.0039223404 	1.97011e-22
0.39272704 	5.4452055 	0.0038515914 	1.8843651e-22
0.39688276 	5.4454229 	0.0037790746 	1.5746209e-22
0.40108183 	5.4456385 	0.0037047156 	8.4187561e-23
0.40532468 	5.4458522 	0.0036284432 	1.8726895e-23
0.40961179 	5.4460637 	0.0035501938 	1.049317e-22
0.4139436 	5.4462727 	0.0034699099 	8.1476607e-23
0.41832059 	5.446479 	0.003387546 	-1.0816239e-22
0.42274323 	5.4466823 	0.0033030664 	-1.8380118e-22
0.427212 	5.4468824 	0.0032164533 	-7.2795363e-23
0.43172736 	5.4470788 	0.0031277035 	2.4366002e-23
0.43628982 	5.4472712 	0.0030368386 	8.9190496e-24
0.44089986 	5.4474593 	0.0029439008 	-4.2212691e-23
0.44555798 	5.4476428 	0.002848966 	-7.8059548e-23
0.45026468 	5.4478212 	0.0027521376 	-6.1937894e-23
0.45502046 	5.4479942 	0.0026535635 	1.459368e-23
0.45982584 	5.4481613 	0.0025534265 	8.6527975e-23
0.46468134 	5.4483221 	0.0024519665 	6.6417351e-23
0.46958747 	5.4484763 	0.0023494661 	1.7471493e-23
0.47454477 	5.4486235 	0.0022462798 	-5.4340628e-24
0.47955377 	5.4487631 	0.0021428108 	-4.9354674e-23
0.48461501 	5.448895 	0.0020395504 	-3.457714e-23
0.48972903 	5.4490186 	0.0019370423 	5.5942749e-23
0.49489639 	5.4491339 	0.0018359354 	8.7862003e-23
0.50011763 	5.4492404 	0.0017369278 	5.1907356e-23
0.50539333 	5.449338 	0.0016408417 	2.3684972e-23
0.51072405 	5.4494267 	0.0015485332 	-4.3947427e-24
0.51611036 	5.4495064 	0.0014610034 	8.1805482e-25
0.52155285 	5.4495773 	0.0013792524 	3.3047528e-23
0.52705209 	5.4496396 	0.0013044526 	4.9631812e-24
0.53260869 	5.4496938 	0.0012377067 	-9.1481952e-24
0.53822324 	5.4497403 	0.0011803423 	8.7827419e-24
0.54389634 	5.44978 	0.0011334961 	-6.0019304e-24
0.54962861 	5.4498139 	0.0010987059 	-2.8472313e-23
0.55542065 	5.4498429 	0.001077122 	-2.3531872e-23
0.5612731 	5.4498682 	0.0010700958 	-6.0394803e-24
0.56718659 	5.4498922 	0.0010786669 	8.4610304e-25
0.57316175 	5.449917 	0.00110302 	6.7527747e-24
0.57919923 	5.4499439 	0.0011444404 	7.3356798e-24
0.58529966 	5.4499753 	0.0012036585 	-7.7650789e-24
0.59146372 	5.4500137 	0.0012811352 	-2.7187935e-23
0.59769207 	5.4500615 	0.0013770765 	-5.7558014e-23
0.60398537 	5.4501213 	0.001491404 	-8.5404828e-23
0.6103443 	5.4501957 	0.0016237452 	-1.1382741e-22
0.61676955 	5.4502874 	0.0017734356 	-1.357618e-22
0.62326181 	5.450399 	0.0019395243 	-1.6203396e-22
0.62982178 	5.4505327 	0.002120785 	-1.7854963e-22
0.63645016 	5.4506909 	0.0023157384 	-1.8878327e-22
0.64314767 	5.4508756 	0.002522686 	-1.7734118e-22
0.64991502 	5.4510884 	0.0027397509 	-9.3216303e-23
0.65675295 	5.451331 	0.0029649243 	-9.9730201e-23
0.6636622 	5.4516045 	0.0031961165 	-8.0216245e-23
0.6706435 	5.4519096 	0.0034312076 	4.847512e-24
0.67769761 	5.4522468 	0.003668098 	2.3081515e-23
0.68482528 	5.4526165 	0.0039047554 	6.4805999e-23
0.6920273 	5.4530185 	0.0041392561 	1.0014857e-22
0.69930442 	5.4534524 	0.0043698197 	1.3647892e-22
0.70665743 	5.4539178 	0.0045948368 	1.5936403e-22
0.71408713 	5.4544137 	0.0048128887 	9.7212794e-23
0.72159431 	5.4549393 	0.0050227592 	1.9756424e-24
0.72917978 	5.4554934 	0.0052234392 	2.7370213e-23
0.73684436 	5.456075 	0.0054141257 	1.1666532e-22
0.74458888 	5.4566829 	0.0055942141 	6.3297486e-23
0.75241416 	5.4573156 	0.0057632872 	-1.2419627e-22
0.76032106 	5.4579721 	0.0059211002 	-2.283299e-22
0.76831041 	5.4586509 	0.006067564 	-3.6203824e-23
0.77638309 	5.459351 	0.006202727 	1.7368558e-22
0.78453995 	5.4600711 	0.0063267564 	9.7528485e-23
0.79278189 	5.4608101 	0.0064399199 	-6.8032754e-23
0.80110977 	5.461567 	0.0065425672 	-1.421787e-22
0.80952451 	5.4623406 	0.0066351137 	-5.2451129e-23
0.81802701 	5.4631302 	0.0067180239 	1.3776659e-22
0.82661818 	5.4639347 	0.0067917976 	1.1949466e-22
0.83529894 	5.4647535 	0.0068569568 	-6.6185379e-24
0.84407024 	5.4655858 	0.0069140346 	3.0431181e-23
0.85293301 	5.4664309 	0.0069635654 	-9.8245522e-23
0.86188821 	5.4672883 	0.0070060775 	-3.0848722e-22
0.87093681 	5.4681574 	0.0070420857 	-2.1496144e-22
0.88007977 	5.4690377 	0.0070720857 	1.9630865e-23
0.88931809 	5.4699288 	0.0070965501 	2.4142694e-22
0.89865275 	5.4708302 	0.0071159228 	2.8641446e-22
0.90808476 	5.4717417 	0.007130618 	1.9518308e-22
0.91761514 	5.4726629 	0.0071410231 	1.1323788e-22
0.92724491 	5.4735936 	0.0071474853 	-2.721581e-23
0.93697511 	5.4745334 	0.0071503037 	-8.1685018e-23
0.94680679 	5.4754822 	0.0071497433 	-8.3698646e-23
0.956741 	5.4764396 	0.0071460437 	-1.3383911e-22
0.96677881 	5.4774056 	0.0071394178 	-2.6982966e-22
0.97692131 	5.4783797 	0.0071300567 	-3.8471469e-22
0.98716958 	5.4793619 	0.0071181339 	2.3572702e-23
0.99752474 	5.4803519 	0.0071038123 	4.0723578e-22
1.0079879 	5.4813494 	0.0070872503 	1.3986877e-22
1.0185602 	5.4823543 	0.0070686076 	-1.7112008e-22
1.0292427 	5.4833663 	0.0070480488 	-2.6553916e-23
1.0400366 	5.4843852 	0.0070257448 	3.3812393e-22
1.0509431 	5.4854109 	0.0070018723 	2.2756202e-22
1.0619634 	5.4864432 	0.0069766104 	-1.6115709e-22
1.0730985 	5.4874818 	0.0069501381 	-3.8974818e-23
1.0843498 	5.4885268 	0.0069226309 	2.1750671e-22
1.0957185 	5.489578 	0.0068942584 	1.0616543e-22
1.1072057 	5.4906354 	0.0068651821 	-4.4423682e-23
1.1188127 	5.4916989 	0.0068355538 	-2.4003877e-22
1.1305407 	5.4927685 	0.0068055137 	-4.1545008e-22
1.1423911 	5.4938442 	0.0067751891 	-1.9937294e-22
1.1543651 	5.494926 	0.0067446948 	7.6610445e-23
1.1664639 	5.496014 	0.006714134 	1.8648644e-22
1.1786889 	5.4971081 	0.0066835986 	2.3643085e-22
1.1910414 	5.4982084 	0.00665317 	8.3362303e-23
1.2035227 	5.4993151 	0.0066229174 	-1.0348436e-22
1.2161342 	5.5004281 	0.0065928985 	-6.4264594e-23
1.2288773 	5.5015476 	0.0065631596 	-8.6965705e-24
1.2417532 	5.5026736 	0.006533738 	-7.8197407e-23
1.2547634 	5.5038063 	0.0065046632 	-2.7437585e-23
1.2679093 	5.5049456 	0.0064759594 	7.2204666e-23
1.2811922 	5.5060918 	0.0064476452 	-1.327916e-22
1.2946137 	5.5072449 	0.0064197339 	-3.1763025e-22
1.3081752 	5.5084051 	0.006392233 	7.8394518e-24
1.3218781 	5.5095723 	0.0063651464 	2.9968999e-22
1.335724 	5.5107468 	0.0063384759 	7.9732266e-23
1.3497142 	5.5119287 	0.0063122234 	-3.0083179e-22
1.3638503 	5.5131179 	0.0062863887 	-4.6589179e-22
1.3781338 	5.5143148 	0.0062609676 	-1.3332884e-22
1.3925664 	5.5155193 	0.0062359531 	3.4187049e-22
1.4071494 	5.5167315 	0.0062113362 	2.6281749e-22
1.4218845 	5.5179517 	0.0061871058 	-2.4423843e-23
1.4367733 	5.5191798 	0.0061632503 	4.2327022e-23
1.4518173 	5.520416 	0.0061397583 	2.515552e-22
1.4670183 	5.5216605 	0.0061166133 	3.287902e-22
1.4823778 	5.5229133 	0.0060937943 	4.7722571e-23
1.4978975 	5.5241744 	0.0060712883 	-4.2335849e-22
1.513579 	5.5254441 	0.0060490906 	-4.166979e-22
1.529424 	5.5267224 	0.0060271973 	2.1216486e-23
1.5454344 	5.5280093 	0.0060056085 	1.1949079e-22
1.5616116 	5.5293051 	0.0059843283 	-8.6185206e-23
1.5779576 	5.5306099 	0.005963347 	6.7372439e-24
1.5944741 	5.5319237 	0.0059426339 	1.8563695e-22
1.6111628 	5.5332466 	0.0059221597 	2.200009e-22
1.6280256 	5.5345788 	0.0059019124 	2.2020128e-22
1.6450642 	5.5359204 	0.005881892 	1.2436576e-23
1.6622805 	5.5372713 	0.0058621111 	-1.0802735e-22
1.6796764 	5.5386318 	0.0058425901 	7.6190324e-23
1.6972537 	5.5400019 	0.0058233274 	1.334472e-22
1.7150143 	5.5413819 	0.0058042721 	4.2513076e-23
1.7329601 	5.5427718 	0.0057853581 	-1.4988979e-22
1.7510931 	5.5441716 	0.0057665619 	-2.1803773e-22
1.7694152 	5.5455814 	0.0057479083 	-3.9288404e-23
1.7879284 	5.5470013 	0.0057294488 	-8.2755195e-23
1.8066346 	5.5484314 	0.0057112461 	-2.4296365e-22
1.825536 	5.5498718 	0.0056933284 	-1.6613723e-22
1.8446344 	5.5513229 	0.0056756153 	1.3804651e-22
1.8639321 	5.5527846 	0.005657977 	2.160191e-22
1.883431 	5.554257 	0.0056403688 	-6.0213529e-23
1.9031332 	5.5557401 	0.005622849 	2.6811326e-23
1.9230409 	5.5572339 	0.0056055145 	2.5468735e-22
1.9431562 	5.5587386 	0.0055884691 	1.4119585e-23
1.9634814 	5.5602544 	0.0055717679 	-1.2688807e-22
1.9840185 	5.5617817 	0.0055552834 	-5.1183209e-23
2.0047697 	5.5633205 	0.0055387833 	2.6205156e-23
2.0257374 	5.5648708 	0.0055221686 	1.1373646e-22
2.0469238 	5.5664324 	0.0055055243 	1.023489e-23
2.0683311 	5.5680054 	0.0054889998 	-1.3875488e-23
2.0899616 	5.5695899 	0.0054727467 	5.9737296e-24
2.1118178 	5.5711863 	0.0054568907 	-1.5675828e-22
2.1339019 	5.5727949 	0.0054413313 	-2.2147849e-22
2.1562163 	5.5744158 	0.0054257442 	-5.746109e-23
2.1787634 	5.5760491 	0.0054099164 	1.233902e-22
2.2015456 	5.5776944 	0.0053939307 	1.2694979e-22
2.2245655 	5.5793518 	0.005378012 	7.7149221e-23
2.2478254 	5.5810213 	0.0053623767 	3.2991339e-23
2.2713279 	5.5827033 	0.0053472613 	-6.5781034e-23
2.2950755 	5.5843983 	0.0053326388 	-1.7421009e-22
2.3190708 	5.5861067 	0.0053180393 	-1.5776627e-22
2.3433163 	5.5878283 	0.0053030513 	-3.8738804e-23
2.3678147 	5.5895629 	0.0052877672 	6.6079655e-23
2.3925686 	5.5913101 	0.0052725317 	1.5362719e-22
2.4175806 	5.5930702 	0.005257628 	2.7961588e-23
2.4428535 	5.5948435 	0.0052434593 	-2.2285994e-22
2.4683899 	5.5966307 	0.005230198 	-2.1771102e-22
2.4941927 	5.5984324 	0.005217233 	4.261113e-23
2.5202646 	5.6002487 	0.0052039528 	2.234293e-22
2.5466083 	5.6020789 	0.0051906745 	1.7705453e-22
2.5732268 	5.6039228 	0.0051781783 	4.5858234e-23
2.6001229 	5.6057807 	0.0051672047 	-3.616934e-24
2.6272996 	5.6076538 	0.0051588153 	7.7484317e-23
2.6547596 	5.6095424 	0.0051542764 	3.7947722e-23
2.682506 	5.6114512 	0.0051536383 	-8.7552721e-23
2.7105418 	5.6133761 	0.0051575154 	-1.1930298e-23
2.7388699 	5.615329 	0.0051677997 	1.675942e-23
2.7674935 	5.6172921 	0.0051869969 	-1.3993448e-22
2.7964157 	5.6193153 	0.0052156142 	-1.3591009e-22
2.8256394 	5.6213193 	0.005251206 	5.5840432e-24
2.8551679 	5.6235047 	0.0052859587 	1.1446916e-22
2.8850044 	5.6255928 	0.0052953828 	1.4276094e-22
