-0.046805254 	0.010532621 	0.16117465 	1.6811436e-21 	-0.00043689524 	-0.014166422 	-1.3854548e-20 	1.7426502e-22 	-2.6419378e-20 	-1.4984378e-38
-0.040820451 	0.025613693 	0.15991704 	4.1654637e-20 	-0.0016587638 	-0.027091568 	6.9081665e-22 	3.1249042e-21 	-2.3985022e-20 	9.3080706e-39
-0.035593767 	0.043330767 	0.15767023 	9.6814449e-21 	-0.0039169792 	-0.042924286 	3.359291e-21 	9.3770432e-22 	-3.3389444e-20 	-4.0325178e-38
-0.031029167 	0.057362401 	0.15480769 	-3.4195932e-20 	-0.0068345451 	-0.05657085 	-4.709053e-21 	-8.9361861e-21 	-4.8853642e-20 	-5.9684572e-38
-0.027042782 	0.068717875 	0.15162725 	-2.1118364e-20 	-0.010068461 	-0.068289267 	-1.6204195e-20 	1.9242037e-20 	1.4392447e-20 	7.6316883e-38
-0.023561368 	0.078475396 	0.14832249 	-3.0653997e-20 	-0.013416255 	-0.078321705 	-2.8195933e-20 	8.0668011e-20 	1.3168802e-19 	-1.6716162e-37
-0.020520958 	0.087003096 	0.14501924 	-1.0195121e-19 	-0.016752763 	-0.086890683 	-3.2715526e-20 	4.163913e-20 	7.4722114e-20 	1.8813932e-38
-0.017865688 	0.094329229 	0.14181177 	-8.4338625e-20 	-0.019984984 	-0.094198482 	-2.3992906e-20 	-1.2044769e-19 	-1.7252655e-19 	6.8708525e-37
-0.015546772 	0.10053545 	0.1387679 	7.1381239e-20 	-0.023046576 	-0.10042627 	-3.664497e-21 	-1.6135111e-19 	-2.4042436e-19 	-4.6874815e-37
-0.013521602 	0.10579551 	0.13592905 	1.0150554e-19 	-0.025897752 	-0.10573355 	7.6566307e-21 	3.5350978e-20 	2.0395308e-20 	-1.2842784e-36
-0.011752967 	0.11028003 	0.13331542 	-4.248872e-20 	-0.028519763 	-0.11025874 	-6.1400898e-22 	9.866851e-20 	1.2085713e-19 	9.5848708e-38
-0.010208373 	0.11411445 	0.13093279 	-4.825925e-20 	-0.03090794 	-0.11412067 	-2.7149916e-20 	-4.6988812e-20 	-3.7547022e-20 	-1.7925283e-37
-0.0088594378 	0.11739304 	0.12877761 	2.2910763e-20 	-0.033066628 	-0.11742055 	-2.1694666e-20 	-1.494548e-20 	-3.8768506e-21 	-9.5607216e-37
-0.0076813777 	0.12019703 	0.12684032 	-8.2707644e-20 	-0.035005989 	-0.12024412 	2.2171034e-20 	2.2675303e-20 	3.0451465e-20 	-4.6913528e-37
-0.006652547 	0.12259885 	0.12510759 	-6.0082436e-20 	-0.036739782 	-0.12266377 	1.2558631e-20 	-2.4161403e-19 	-2.4189776e-19 	-5.3381153e-37
-0.0057540422 	0.12466034 	0.12356406 	2.7273401e-19 	-0.038283694 	-0.12474047 	-2.9230782e-20 	-2.085409e-19 	-2.0925743e-19 	2.4711377e-37
-0.0049693545 	0.12643275 	0.12219357 	2.0533318e-19 	-0.039654135 	-0.12652555 	-1.750315e-20 	4.5527474e-19 	4.2681039e-19 	-7.960446e-37
-0.0042840662 	0.12795871 	0.12097994 	-3.130258e-19 	-0.040867421 	-0.12806223 	2.8759085e-20 	4.734434e-19 	4.4574616e-19 	-9.8394941e-37
-0.003685586 	0.12927421 	0.11990759 	-1.4707174e-19 	-0.041939267 	-0.12938695 	3.4754646e-20 	-3.1425606e-19 	-2.9827349e-19 	-5.8679921e-37
-0.0031629175 	0.13040977 	0.1189618 	2.8677203e-19 	-0.042884484 	-0.13053044 	-3.2144734e-21 	-2.2729061e-21 	-2.9154029e-20 	-4.9711316e-36
-0.0027064575 	0.13139126 	0.11812887 	-2.2320538e-19 	-0.043716805 	-0.13151872 	-1.3679971e-21 	5.3963007e-19 	4.8741295e-19 	-7.3141043e-37
-0.0023078191 	0.13224052 	0.11739627 	-6.017753e-19 	-0.044448816 	-0.13237381 	1.6676637e-20 	-6.1729819e-19 	-5.1940087e-19 	2.2456946e-36
-0.0019596776 	0.1329761 	0.1167526 	9.7876859e-20 	-0.045091944 	-0.13311443 	-1.3551908e-20 	-1.5675279e-18 	-1.3613458e-18 	-2.9950644e-36
-0.0016556366 	0.13361385 	0.11618757 	7.816695e-19 	-0.045656493 	-0.1337565 	-3.8278942e-20 	-7.0649285e-19 	-5.9197791e-19 	-3.2139163e-37
-0.0013901097 	0.13416723 	0.11569196 	4.0841177e-19 	-0.046151704 	-0.1343136 	-2.6142403e-20 	9.3108145e-19 	8.3885799e-19 	-1.3628932e-35
-0.001158218 	0.13464775 	0.11525754 	-3.5642525e-19 	-0.046585824 	-0.13479734 	5.4957697e-21 	9.69128e-19 	8.387249e-19 	-1.9914265e-35
-0.000955701 	0.13506528 	0.11487698 	-9.0888337e-20 	-0.046966188 	-0.13521766 	1.8969937e-20 	-1.1542338e-19 	-1.3390137e-19 	-3.9374371e-36
-0.00077883757 	0.13542832 	0.11454379 	2.549019e-19 	-0.047299304 	-0.1355831 	9.1230303e-21 	8.1816969e-19 	6.5805067e-19 	-8.4562374e-36
-0.00062437811 	0.13574415 	0.11425221 	-5.329723e-19 	-0.047590929 	-0.135901 	1.3029144e-20 	1.1952782e-18 	9.9166363e-19 	-2.5337382e-36
-0.00048948463 	0.13601903 	0.11399715 	-6.930506e-19 	-0.047846148 	-0.13617767 	1.4276791e-20 	-1.5700306e-18 	-1.3417546e-18 	4.2581982e-36
-0.00037167862 	0.13625835 	0.11377409 	3.4279456e-19 	-0.048069441 	-0.13641856 	-6.9408398e-21 	-2.6585495e-18 	-2.2396787e-18 	-1.4022045e-35
-0.00026879555 	0.13646685 	0.11357895 	2.7492734e-19 	-0.048264757 	-0.13662837 	-1.5946622e-20 	-4.6741082e-19 	-3.5375098e-19 	-3.5761226e-35
-0.00017894507 	0.13664857 	0.11340796 	-5.0171591e-19 	-0.048435564 	-0.13681118 	3.2383755e-21 	-1.8292801e-18 	-1.4715675e-18 	-2.2049711e-35
-0.0001004763 	0.13680669 	0.11325788 	2.8429044e-19 	-0.04858491 	-0.1369705 	9.1981047e-21 	-4.5453905e-18 	-3.7687896e-18 	-1.2281303e-36
-3.1947465e-05 	0.13694495 	0.11312543 	1.3486437e-18 	-0.048716409 	-0.13711041 	3.7059141e-21 	-9.3741189e-19 	-8.1431206e-19 	1.1272182e-35
2.9991242e-05 	0.13707013 	0.11300516 	9.1465392e-19 	-0.048836109 	-0.13723753 	5.1128986e-21 	4.5372002e-18 	3.6795046e-18 	2.2796951e-36
9.0286504e-05 	0.13719081 	0.11288974 	-2.6484866e-19 	-0.048951352 	-0.13735971 	-2.2392547e-21 	5.7691132e-18 	4.736319e-18 	-8.9240904e-37
0.00015121058 	0.13731222 	0.11277423 	-5.9408789e-19 	-0.04906675 	-0.1374818 	-8.059248e-21 	2.3682001e-18 	1.9963373e-18 	5.8039498e-35
0.00021277004 	0.13743526 	0.11265742 	-5.6636051e-20 	-0.049183449 	-0.13760499 	6.1960838e-22 	1.0653062e-18 	8.8926984e-19 	-1.1326001e-35
0.0002749715 	0.13755948 	0.1125393 	-4.2125451e-19 	-0.049301464 	-0.13772927 	1.1512352e-20 	1.8703939e-18 	1.5149535e-18 	-3.3558447e-35
0.00033782165 	0.13768471 	0.11241989 	-9.4211399e-19 	-0.04942081 	-0.13785466 	3.620925e-21 	-2.1387556e-18 	-1.7555524e-18 	9.7321401e-35
0.00040132727 	0.13781101 	0.11229916 	1.3736424e-19 	-0.049541503 	-0.13798116 	-1.5960153e-20 	-5.197543e-18 	-4.195216e-18 	3.315824e-35
0.00046549519 	0.13793851 	0.11217711 	1.2673748e-18 	-0.049663559 	-0.13810878 	-2.364996e-20 	-1.0209261e-18 	-6.9844425e-19 	-2.9570418e-35
0.00053033231 	0.13806712 	0.11205371 	4.05663e-19 	-0.049786995 	-0.13823752 	-1.2629154e-20 	4.2871664e-18 	3.6155902e-18 	1.1419924e-35
0.00059584562 	0.13819681 	0.11192895 	-7.7598106e-19 	-0.049911825 	-0.1383674 	4.1532135e-21 	1.935216e-18 	1.6058557e-18 	-6.900348e-35
0.00066204216 	0.13832764 	0.11180282 	-4.6341321e-19 	-0.050038066 	-0.13849842 	7.9898264e-21 	-1.4853564e-18 	-1.2155103e-18 	-6.0154983e-35
0.00072892907 	0.13845964 	0.11167531 	-1.7341544e-19 	-0.050165736 	-0.13863059 	4.3743027e-21 	-1.4510035e-18 	-1.1811529e-18 	3.5319696e-35
0.00079651354 	0.13859281 	0.11154638 	-1.4563672e-19 	-0.05029485 	-0.13876392 	1.2580023e-21 	-2.6733453e-18 	-2.1945283e-18 	7.1712285e-35
0.00086480285 	0.13872714 	0.11141604 	3.4082083e-19 	-0.050425427 	-0.13889841 	-2.0275076e-21 	-2.433255e-18 	-2.0525678e-18 	8.2848568e-36
0.00093380434 	0.13886266 	0.11128425 	6.0215865e-19 	-0.050557482 	-0.13903406 	5.0803253e-22 	-1.8986123e-19 	-2.2125485e-19 	-5.6065495e-35
0.0010035254 	0.13899937 	0.111151 	6.7042208e-19 	-0.050691034 	-0.1391709 	4.6027776e-21 	1.8624821e-18 	1.5032629e-18 	-7.6986562e-36
0.0010739737 	0.13913725 	0.11101628 	2.37151e-19 	-0.050826101 	-0.13930892 	9.8395827e-21 	4.4625506e-18 	3.5371186e-18 	6.3618132e-35
0.0011451566 	0.1392763 	0.11088005 	-1.0247396e-18 	-0.0509627 	-0.13944813 	2.4983365e-20 	3.3953348e-18 	2.6031361e-18 	-1.0521704e-35
0.0012170819 	0.13941652 	0.11074232 	-1.2435496e-18 	-0.051100849 	-0.13958854 	1.4262423e-20 	-2.7073057e-18 	-2.2091357e-18 	-3.6987069e-35
0.0012897573 	0.13955796 	0.11060304 	4.299739e-20 	-0.051240566 	-0.13973015 	-2.4401894e-20 	-5.1086962e-18 	-3.9720412e-18 	1.1553318e-34
0.0013631906 	0.13970067 	0.11046221 	7.8727289e-19 	-0.051381871 	-0.13987297 	-3.0740368e-20 	-2.273528e-18 	-1.6277626e-18 	-2.037063e-35
0.0014373898 	0.13984461 	0.1103198 	4.4194998e-19 	-0.051524782 	-0.14001702 	-5.434112e-21 	3.2270773e-19 	3.447184e-19 	-9.5877718e-35
0.0015123628 	0.13998972 	0.11017579 	-9.6907591e-20 	-0.051669317 	-0.14016228 	8.5423331e-21 	6.9695101e-19 	4.9707972e-19 	7.5392803e-36
0.0015881177 	0.14013604 	0.11003016 	-5.6791735e-19 	-0.051815496 	-0.14030878 	5.6655873e-21 	-3.4509447e-19 	-3.3290029e-19 	-3.5089489e-36
0.0016646626 	0.14028361 	0.10988289 	-5.1554145e-19 	-0.051963339 	-0.14045652 	2.909192e-21 	-3.0475587e-18 	-2.3949819e-18 	-2.9965466e-36
0.0017420058 	0.14043243 	0.10973395 	6.2812664e-19 	-0.052112865 	-0.14060551 	4.0332241e-21 	-3.6725563e-18 	-2.9022017e-18 	2.4161541e-36
0.0018201557 	0.14058248 	0.10958333 	1.7160459e-18 	-0.052264094 	-0.14075574 	-9.8106255e-22 	1.1370127e-18 	8.3226406e-19 	2.8507812e-35
0.0018991205 	0.14073378 	0.10943101 	8.1168544e-19 	-0.052417046 	-0.14090723 	-7.7693126e-21 	7.4654721e-18 	5.812275e-18 	-1.4435327e-35
0.0019789089 	0.14088639 	0.10927695 	-1.384017e-18 	-0.052571741 	-0.14105999 	1.060154e-22 	6.2395075e-18 	4.8624687e-18 	-2.2759222e-35
0.0020595294 	0.14104027 	0.10912115 	-1.436832e-18 	-0.052728201 	-0.14121401 	4.0199161e-21 	-1.5708138e-18 	-1.2540432e-18 	-8.6464172e-36
0.0021409906 	0.14119542 	0.10896357 	1.4719627e-19 	-0.052886446 	-0.14136931 	-3.3704799e-21 	-2.9710214e-18 	-2.2889766e-18 	-6.5622111e-36
0.0022233015 	0.14135182 	0.1088042 	4.7062886e-19 	-0.053046496 	-0.1415259 	8.6644435e-24 	-5.801344e-19 	-3.7575185e-19 	3.1217017e-35
0.0023064707 	0.1415095 	0.10864301 	9.1135922e-21 	-0.053208374 	-0.14168377 	6.4896543e-21 	3.993455e-20 	4.5194145e-20 	1.997101e-35
0.0023905073 	0.14166852 	0.10847997 	-5.3353966e-19 	-0.0533721 	-0.14184293 	9.121678e-21 	-5.1995628e-19 	-4.386087e-19 	1.3553871e-35
0.0024754204 	0.14182886 	0.10831508 	-1.5509349e-19 	-0.053537697 	-0.1420034 	6.1429708e-21 	-3.2411772e-18 	-2.5095985e-18 	-4.1255093e-36
0.0025612189 	0.14199045 	0.1081483 	1.1291233e-18 	-0.053705186 	-0.14216516 	-5.7203588e-21 	-1.4136065e-18 	-1.0800231e-18 	-1.5395992e-35
0.0026479123 	0.14215333 	0.1079796 	9.4249932e-19 	-0.053874589 	-0.14232824 	-1.782494e-21 	3.7003305e-18 	2.8117912e-18 	1.6308169e-35
0.0027355098 	0.14231758 	0.10780898 	-4.8632516e-19 	-0.054045931 	-0.14249264 	8.2824129e-21 	4.2588962e-18 	3.1989576e-18 	-6.319912e-37
0.0028240209 	0.14248315 	0.10763639 	-1.4720987e-18 	-0.054219233 	-0.14265835 	2.7815646e-21 	6.6017482e-19 	4.9089564e-19 	1.9712824e-36
0.002913455 	0.14264999 	0.10746183 	-6.6520122e-19 	-0.054394517 	-0.14282539 	2.6681845e-22 	-4.6033563e-18 	-3.4316303e-18 	-1.3545077e-35
0.0030038219 	0.14281815 	0.10728526 	1.1682177e-18 	-0.054571809 	-0.14299376 	-1.70619e-21 	-3.2366039e-18 	-2.4192785e-18 	-6.8183793e-36
0.0030951311 	0.14298766 	0.10710667 	1.0458041e-18 	-0.054751132 	-0.14316346 	-8.2114365e-21 	2.3902727e-18 	1.7560835e-18 	1.3130358e-35
0.0031873927 	0.14315853 	0.10692602 	-1.747948e-19 	-0.054932509 	-0.1433345 	-1.2843927e-20 	2.9137539e-18 	2.1802092e-18 	-6.6486538e-37
0.0032806164 	0.14333072 	0.1067433 	-6.1604162e-19 	-0.055115964 	-0.14350689 	-8.5490755e-21 	1.3076254e-18 	1.0224581e-18 	7.36641e-36
0.0033748124 	0.14350424 	0.10655847 	-2.125832e-19 	-0.055301522 	-0.14368062 	3.7530909e-21 	-7.1552543e-19 	-5.1713439e-19 	-9.4510584e-36
0.0034699907 	0.14367914 	0.10637152 	6.7415051e-19 	-0.055489208 	-0.14385571 	8.3522311e-21 	5.7382002e-20 	2.6953109e-20 	1.393075e-35
0.0035661616 	0.14385544 	0.10618242 	3.2086073e-19 	-0.055679046 	-0.14403215 	7.3767106e-21 	3.1285466e-18 	2.2982741e-18 	6.9518088e-37
0.0036633356 	0.14403309 	0.10599114 	-1.1904553e-18 	-0.055871062 	-0.14420995 	1.0534945e-20 	1.8394795e-18 	1.3330292e-18 	4.4984163e-36
0.0037615229 	0.14421207 	0.10579767 	-1.2158593e-18 	-0.056065281 	-0.14438911 	1.0026861e-20 	-3.6401482e-18 	-2.6923377e-18 	1.7687967e-35
0.0038607342 	0.14439244 	0.10560196 	7.6006685e-19 	-0.056261729 	-0.14456964 	-9.4944903e-21 	-4.953471e-18 	-3.6052341e-18 	-3.121772e-35
0.0039609802 	0.14457415 	0.105404 	1.1899436e-18 	-0.056460432 	-0.14475154 	-1.5932543e-20 	7.0942187e-19 	5.6450795e-19 	-1.0216378e-35
0.0040622717 	0.14475722 	0.10520377 	-4.2407805e-19 	-0.056661417 	-0.1449348 	5.9681154e-21 	1.7177974e-18 	1.2655974e-18 	6.7472887e-36
0.0041646195 	0.14494168 	0.10500123 	-4.9273717e-19 	-0.05686471 	-0.14511945 	1.1595259e-20 	-1.6553996e-18 	-1.2430972e-18 	1.0137239e-37
0.0042680347 	0.14512753 	0.10479636 	6.1649764e-19 	-0.057070339 	-0.14530547 	-2.78908e-21 	-1.0020162e-18 	-7.5249047e-19 	4.1385162e-35
0.0043725284 	0.14531473 	0.10458913 	6.8376587e-19 	-0.057278329 	-0.14549286 	-1.737035e-20 	1.7416427e-18 	1.3063355e-18 	8.5727337e-36
0.0044781119 	0.14550331 	0.10437951 	-4.1485669e-19 	-0.057488709 	-0.14568164 	-7.0957477e-21 	2.7008139e-18 	1.9853198e-18 	-1.4738883e-35
0.0045847965 	0.14569329 	0.10416749 	-1.3354136e-18 	-0.057701506 	-0.1458718 	1.8592291e-20 	-5.5450501e-19 	-4.2005619e-19 	6.8396135e-36
0.0046925938 	0.14588465 	0.10395302 	-4.7306089e-19 	-0.057916749 	-0.14606334 	1.1363049e-20 	-4.4709989e-18 	-3.2223281e-18 	-7.0140938e-36
0.0048015152 	0.1460774 	0.10373608 	1.1212632e-18 	-0.058134467 	-0.14625627 	-1.1673385e-20 	-2.9912249e-18 	-2.1290528e-18 	-9.3778645e-36
0.0049115726 	0.14627154 	0.10351665 	1.2187651e-18 	-0.058354687 	-0.14645058 	-1.2762321e-20 	1.563381e-18 	1.115571e-18 	1.2502127e-35
0.0050227778 	0.14646706 	0.10329469 	3.0191676e-19 	-0.058577439 	-0.14664627 	-1.4839544e-21 	3.4153511e-18 	2.3928493e-18 	1.274709e-35
0.0051351427 	0.14666397 	0.10307017 	-4.6847522e-19 	-0.058802752 	-0.14684335 	6.5392644e-21 	3.0483543e-18 	2.1266218e-18 	9.0250811e-36
0.0052486795 	0.14686223 	0.10284308 	-1.0770114e-18 	-0.059030655 	-0.14704182 	3.7033438e-21 	8.9717289e-19 	6.5306625e-19 	1.2778024e-35
0.0053634003 	0.14706186 	0.10261337 	-9.6835811e-19 	-0.05926118 	-0.14724167 	-9.2358818e-21 	-2.5380695e-18 	-1.730981e-18 	-2.7332444e-36
0.0054793176 	0.14726292 	0.10238101 	1.7110875e-19 	-0.059494356 	-0.14744291 	-1.0436991e-20 	-4.0261514e-18 	-2.7690758e-18 	-1.1432223e-35
0.0055964437 	0.14746539 	0.10214599 	9.7886868e-19 	-0.059730212 	-0.14764552 	-6.6649408e-21 	-1.5786358e-18 	-1.0769107e-18 	-2.8577875e-35
0.0057147914 	0.14766924 	0.10190826 	2.7451199e-19 	-0.05996878 	-0.14784952 	-9.6572341e-22 	1.0058934e-18 	7.0388334e-19 	-3.588064e-36
0.0058343733 	0.14787443 	0.1016678 	-1.4309264e-19 	-0.060210091 	-0.1480549 	7.0720605e-21 	-1.7889396e-19 	-1.3040475e-19 	2.0096451e-35
0.0059552024 	0.14808098 	0.10142457 	6.0617204e-19 	-0.060454176 	-0.14826165 	5.5340905e-21 	2.6854444e-19 	1.6583423e-19 	7.2555026e-36
0.0060772915 	0.1482889 	0.10117854 	3.8484522e-19 	-0.060701068 	-0.14846978 	1.215793e-20 	2.8133786e-18 	1.9067513e-18 	5.2303838e-35
0.006200654 	0.14849821 	0.10092969 	-8.0356137e-19 	-0.060950797 	-0.14867927 	1.8031113e-20 	2.1229864e-18 	1.4259057e-18 	-2.4683866e-36
0.0063253029 	0.14870891 	0.10067798 	-7.7179849e-19 	-0.061203397 	-0.14889014 	3.6977405e-21 	-1.19517e-18 	-8.2200709e-19 	-4.3320087e-35
0.0064512519 	0.14892098 	0.10042337 	6.6738229e-19 	-0.061458899 	-0.14910237 	-2.2394349e-20 	-1.6525988e-18 	-1.1153887e-18 	4.5971382e-35
0.0065785143 	0.14913439 	0.10016584 	9.9318856e-19 	-0.061717336 	-0.14931596 	-1.8965684e-20 	2.0776981e-18 	1.3831522e-18 	3.5363629e-36
0.006707104 	0.14934914 	0.099905357 	8.0530977e-20 	-0.061978742 	-0.1495309 	5.4700442e-21 	3.1266319e-18 	2.0632036e-18 	-4.0627248e-35
0.0068370347 	0.14956523 	0.09964188 	1.0606972e-19 	-0.06224315 	-0.14974719 	4.6104176e-21 	2.3856718e-18 	1.5765738e-18 	8.975211e-36
0.0069683205 	0.14978269 	0.099375378 	-3.9370556e-19 	-0.062510594 	-0.14996482 	7.9089834e-21 	3.5473998e-18 	2.3683667e-18 	4.6968519e-36
0.0071009754 	0.15000151 	0.099105819 	-1.7463074e-18 	-0.062781108 	-0.15018379 	1.4920933e-20 	4.3223254e-19 	3.0979688e-19 	-5.6116601e-36
0.0072350138 	0.15022164 	0.098833167 	-1.4293701e-18 	-0.063054725 	-0.15040409 	3.3236523e-21 	-4.7441398e-18 	-3.0980625e-18 	1.5227548e-35
0.0073704501 	0.15044309 	0.098557389 	3.2627028e-19 	-0.063331482 	-0.15062571 	-5.19028e-21 	-6.2149154e-18 	-4.0463931e-18 	-7.5809063e-36
0.0075072989 	0.15066587 	0.098278449 	2.0795423e-18 	-0.063611412 	-0.15084865 	-9.9493558e-21 	-3.0661251e-18 	-1.9955563e-18 	-3.1958146e-35
0.0076455748 	0.15088998 	0.097996313 	1.4650374e-18 	-0.063894551 	-0.15107289 	-6.4265714e-21 	3.5820307e-18 	2.3055292e-18 	4.3587654e-35
0.0077852928 	0.15111535 	0.097710947 	-1.2449408e-18 	-0.064180934 	-0.15129843 	5.5089214e-21 	3.6991897e-18 	2.3757479e-18 	1.8972499e-35
0.007926468 	0.15134198 	0.097422313 	-1.5706271e-18 	-0.064470597 	-0.15152526 	-2.5405063e-21 	-2.2439227e-18 	-1.4421282e-18 	-3.2363786e-35
0.0080691154 	0.15156993 	0.097130375 	2.528929e-19 	-0.064763576 	-0.15175337 	-9.9609259e-21 	-3.4992089e-18 	-2.2374764e-18 	2.743784e-36
0.0082132505 	0.15179916 	0.096835099 	6.97406e-19 	-0.065059908 	-0.15198274 	2.6303982e-21 	-1.0109554e-18 	-6.4927932e-19 	6.1360778e-37
0.0083588888 	0.15202962 	0.096536448 	-1.3097889e-20 	-0.065359628 	-0.15221337 	5.3145534e-22 	-2.7819645e-19 	-1.6645655e-19 	8.4101292e-36
0.008506046 	0.15226133 	0.096234385 	-5.0865971e-20 	-0.065662773 	-0.15244524 	-1.0015291e-20 	-1.0424547e-18 	-6.4148874e-19 	-5.7998201e-36
0.0086547378 	0.15249427 	0.095928874 	5.489814e-19 	-0.06596938 	-0.15267835 	-6.828259e-21 	-4.8192634e-19 	-2.9743891e-19 	2.0595022e-37
0.0088049804 	0.15272841 	0.095619877 	5.9743443e-19 	-0.066279487 	-0.15291267 	-5.0478294e-21 	1.4180406e-18 	8.7910454e-19 	1.4356287e-35
0.0089567898 	0.15296376 	0.095307357 	-4.7541056e-21 	-0.066593132 	-0.15314819 	1.9225775e-21 	2.1442968e-18 	1.3220031e-18 	-5.9517905e-36
0.0091101825 	0.15320032 	0.094991276 	-3.8942297e-19 	-0.06691035 	-0.15338491 	1.1286696e-20 	1.3432834e-18 	8.2730562e-19 	-9.4400596e-36
0.0092651749 	0.15343806 	0.094671597 	-3.8068807e-19 	-0.067231181 	-0.15362279 	1.1017601e-20 	3.8426225e-19 	2.3645775e-19 	2.905229e-36
0.0094217836 	0.15367694 	0.094348282 	7.9680932e-20 	-0.067555663 	-0.15386183 	9.4150784e-22 	-3.4035613e-19 	-2.0103525e-19 	-9.0728847e-37
0.0095800257 	0.15391692 	0.094021293 	2.9189657e-19 	-0.067883833 	-0.15410202 	-5.9484577e-21 	7.3204259e-19 	4.5853418e-19 	-4.6942012e-36
0.0097399181 	0.15415803 	0.09369059 	-4.8413554e-19 	-0.068215732 	-0.15434332 	1.1383443e-21 	9.12839e-19 	5.6865737e-19 	5.4374007e-36
0.009901478 	0.15440028 	0.093356135 	-4.8554149e-19 	-0.068551398 	-0.15458573 	-5.2608959e-21 	-1.3694951e-18 	-8.1416419e-19 	-2.214714e-36
0.010064723 	0.15464366 	0.093017888 	2.0288208e-19 	-0.06889087 	-0.15482922 	-3.8815681e-21 	-1.1549408e-18 	-6.9770604e-19 	4.5301501e-36
0.01022967 	0.15488809 	0.092675813 	3.7988201e-20 	-0.069234185 	-0.15507378 	6.9703163e-21 	-4.7495485e-19 	-3.0652809e-19 	1.2778684e-35
0.010396337 	0.15513349 	0.09232987 	4.7738654e-19 	-0.069581385 	-0.15531938 	2.8074725e-21 	-9.7063204e-19 	-5.9848026e-19 	-6.5697656e-36
0.010564743 	0.15537991 	0.091980018 	1.3688334e-18 	-0.069932508 	-0.155566 	8.296502e-21 	1.5540786e-18 	9.1006727e-19 	9.6871071e-36
0.010734905 	0.15562738 	0.091626218 	3.8707269e-19 	-0.070287594 	-0.15581361 	1.7672147e-20 	4.7430438e-18 	2.7879213e-18 	2.1376757e-35
0.010906842 	0.15587588 	0.091268431 	-1.3428883e-18 	-0.070646683 	-0.15606221 	1.6092158e-20 	3.0746711e-18 	1.8056473e-18 	-2.2538916e-35
0.011080571 	0.15612532 	0.090906616 	-1.0860652e-18 	-0.071009815 	-0.15631175 	1.3824968e-20 	-9.3272774e-19 	-5.4393823e-19 	-2.0850118e-35
0.011256113 	0.15637566 	0.090540735 	2.6721836e-20 	-0.07137703 	-0.15656221 	8.7423408e-21 	-1.4465907e-18 	-8.5385069e-19 	-4.8690485e-36
0.011433485 	0.15662686 	0.090170747 	-3.3467264e-19 	-0.071748367 	-0.15681357 	3.1837245e-21 	-7.9221434e-19 	-4.5622686e-19 	9.3079251e-36
0.011612707 	0.15687894 	0.089796612 	-6.7591704e-19 	-0.072123867 	-0.1570658 	-4.553777e-21 	-2.7682157e-18 	-1.5707792e-18 	3.7884382e-35
0.011793798 	0.15713188 	0.08941829 	5.8845408e-19 	-0.072503571 	-0.15731887 	-2.7671359e-20 	-3.4842431e-18 	-1.9792898e-18 	4.3712673e-36
0.011976778 	0.15738563 	0.089035741 	1.2599562e-18 	-0.072887519 	-0.15757275 	-3.4476113e-20 	-2.9790485e-19 	-1.6379058e-19 	-2.2030102e-35
0.012161666 	0.15764015 	0.088648925 	7.9656062e-21 	-0.073275749 	-0.15782741 	3.7074658e-21 	1.6479236e-18 	9.3738297e-19 	4.454149e-36
0.012348482 	0.15789544 	0.088257802 	-6.0968156e-19 	-0.073668303 	-0.15808282 	2.1331859e-20 	-2.8656471e-19 	-1.6304099e-19 	-5.5442883e-36
0.012537247 	0.15815147 	0.087862331 	5.1997188e-19 	-0.074065223 	-0.15833894 	-1.3487713e-20 	-8.0773899e-19 	-4.6569801e-19 	1.5018767e-36
0.01272798 	0.15840816 	0.087462473 	8.5521658e-19 	-0.074466547 	-0.15859574 	-2.547567e-20 	1.7967439e-18 	9.8250941e-19 	2.8058553e-35
0.012920702 	0.15866547 	0.087058189 	-5.3787664e-19 	-0.074872317 	-0.15885319 	-5.819623e-21 	2.5652684e-18 	1.4124129e-18 	-1.2554755e-35
0.013115435 	0.15892339 	0.086649443 	-1.2144647e-18 	-0.075282572 	-0.15911124 	8.9070072e-21 	-3.8218321e-19 	-2.0508443e-19 	-9.1726063e-36
0.013312198 	0.1591819 	0.086236188 	-7.0341017e-20 	-0.075697352 	-0.15936987 	1.3750061e-20 	-2.2299991e-18 	-1.2227223e-18 	6.075601e-37
0.013511013 	0.15944094 	0.08581838 	7.5073724e-19 	-0.076116699 	-0.15962902 	5.9346465e-21 	-6.2382169e-19 	-3.5059354e-19 	-7.295916e-36
0.013711901 	0.15970045 	0.08539598 	3.917689e-19 	-0.076540653 	-0.15988867 	1.7667052e-21 	7.2627418e-19 	3.9296781e-19 	2.1285625e-35
0.013914885 	0.1599604 	0.084968948 	-1.7093006e-19 	-0.076969255 	-0.16014877 	9.2796041e-21 	8.935317e-19 	4.8841054e-19 	5.7503282e-36
0.014119985 	0.16022076 	0.084537242 	-6.1705011e-19 	-0.077402544 	-0.16040927 	5.4313927e-21 	4.7183886e-20 	3.5434786e-20 	-1.6354782e-35
0.014327225 	0.16048154 	0.084100838 	-2.5096894e-19 	-0.077840559 	-0.16067014 	-2.0772963e-20 	-1.4838615e-18 	-7.7578528e-19 	3.4462823e-36
0.014536626 	0.1607428 	0.083659701 	7.3759337e-19 	-0.078283339 	-0.16093132 	-3.2924412e-20 	-8.8805521e-19 	-4.6865855e-19 	-4.0446197e-36
0.01474821 	0.16100427 	0.0832138 	6.1654754e-19 	-0.07873092 	-0.16119277 	-3.9409482e-21 	1.3496327e-18 	6.9144119e-19 	-8.6944399e-36
0.014962002 	0.16126578 	0.08276314 	-6.5624064e-19 	-0.079183342 	-0.16145445 	1.7055951e-20 	1.300481e-18 	6.7871974e-19 	1.4435804e-35
0.015178023 	0.16152755 	0.082307525 	-8.7370341e-19 	-0.079640648 	-0.16171629 	-1.1735043e-20 	-1.4300872e-18 	-7.0581047e-19 	-4.0610815e-36
0.015396296 	0.16178955 	0.081846861 	2.8935459e-19 	-0.080102871 	-0.16197826 	-3.6804079e-20 	-1.9792487e-18 	-9.9762964e-19 	-1.1743575e-35
0.015616846 	0.16205153 	0.08138134 	5.0855641e-19 	-0.080570046 	-0.16224029 	-2.2951542e-21 	-3.4799686e-20 	-2.3260091e-20 	5.7583795e-36
0.015839697 	0.16231349 	0.08091094 	-9.4225952e-20 	-0.081042215 	-0.16250234 	4.3573831e-20 	7.5186472e-20 	3.7795607e-20 	3.18603e-36
0.016064871 	0.16257549 	0.080435522 	1.9531584e-19 	-0.081519416 	-0.16276434 	3.270635e-20 	-3.888244e-19 	-2.0162894e-19 	-8.3993733e-37
0.016292394 	0.16283739 	0.079955054 	7.1938565e-19 	-0.082001686 	-0.16302624 	-5.757238e-21 	7.9449615e-19 	3.7878206e-19 	1.7037289e-36
0.016522289 	0.16309912 	0.079469501 	3.942145e-19 	-0.08248906 	-0.16328799 	-1.5778639e-20 	2.2485386e-18 	1.0943444e-18 	4.6878004e-36
0.016754582 	0.16336066 	0.078978825 	-4.7955652e-19 	-0.082981574 	-0.16354952 	-1.3046965e-21 	2.1959347e-18 	1.0666464e-18 	-3.2460766e-36
0.016989298 	0.16362193 	0.078482996 	-9.2640669e-19 	-0.083479263 	-0.16381077 	1.3195654e-20 	4.3992431e-19 	2.1719216e-19 	-2.4190659e-36
0.017226461 	0.16388288 	0.07798198 	-4.8539435e-19 	-0.083982162 	-0.16407167 	2.7029665e-20 	-1.2031699e-18 	-5.7660268e-19 	2.5247605e-37
0.017466098 	0.16414342 	0.077475743 	2.3783932e-19 	-0.084490304 	-0.16433217 	1.988439e-20 	-1.3098786e-18 	-6.3208461e-19 	-2.7691521e-36
0.017708234 	0.16440348 	0.076964249 	2.6113526e-19 	-0.085003721 	-0.16459219 	-4.6322219e-21 	-3.1440912e-19 	-1.4914261e-19 	8.5831579e-36
0.017952896 	0.16466302 	0.07644747 	1.6076773e-20 	-0.085522447 	-0.16485167 	-1.5505282e-20 	-3.4561847e-19 	-1.5043334e-19 	2.293975e-36
0.018200108 	0.16492198 	0.075925372 	3.7627388e-19 	-0.086046514 	-0.16511053 	-2.4085666e-20 	-2.4377771e-19 	-1.1035046e-19 	-5.8581456e-36
0.0184499 	0.16518025 	0.075397927 	3.6829719e-19 	-0.086575951 	-0.1653687 	-1.4929393e-20 	1.0018514e-18 	4.5568646e-19 	-2.5398623e-36
0.018702296 	0.16543774 	0.074865105 	3.1921467e-21 	-0.087110788 	-0.16562612 	1.0274618e-20 	1.0471666e-18 	4.7298841e-19 	3.994419e-36
0.018957324 	0.16569439 	0.074326878 	-2.0313394e-19 	-0.087651054 	-0.1658827 	2.6342712e-20 	9.8013292e-19 	4.3694426e-19 	3.9722307e-36
0.019215012 	0.16595014 	0.073783215 	-6.8679396e-19 	-0.088196778 	-0.16613836 	2.0825707e-20 	3.0288628e-19 	1.3415618e-19 	-4.771438e-36
0.019475387 	0.16620491 	0.07323409 	-5.2408336e-19 	-0.088747988 	-0.16639304 	-2.2086346e-20 	-1.4403846e-18 	-6.3566162e-19 	8.9520383e-36
0.019738478 	0.16645863 	0.072679481 	2.706271e-19 	-0.089304708 	-0.16664664 	-3.8431376e-20 	-1.5020782e-18 	-6.5573961e-19 	-1.4510938e-37
0.020004313 	0.16671123 	0.072119365 	4.6948077e-19 	-0.089866964 	-0.16689908 	-1.0381579e-20 	-4.5564014e-19 	-1.9582763e-19 	-9.067517e-36
0.02027292 	0.16696257 	0.071553727 	2.3280133e-19 	-0.09043478 	-0.16715029 	6.4786656e-21 	1.4905317e-19 	6.4041577e-20 	6.0565237e-36
0.020544328 	0.16721257 	0.07098254 	1.0455024e-19 	-0.091008177 	-0.16740017 	1.1820561e-20 	3.4952186e-19 	1.4405934e-19 	-7.1337582e-37
0.020818567 	0.16746118 	0.070405768 	-6.2406134e-21 	-0.091587178 	-0.16764863 	5.4254488e-21 	4.9796535e-19 	2.0481341e-19 	-3.5718939e-36
0.021095666 	0.16770831 	0.069823387 	-1.4133567e-19 	-0.092171804 	-0.16789559 	2.1940473e-21 	3.1637732e-19 	1.3599576e-19 	1.1023879e-35
0.021375655 	0.16795385 	0.069235387 	-2.2989849e-20 	-0.092762072 	-0.16814095 	5.3613387e-22 	6.0903291e-21 	7.3044241e-21 	3.9756548e-36
0.021658563 	0.1681977 	0.068641755 	-6.7134901e-20 	-0.093357997 	-0.16838461 	-7.736724e-21 	2.3273292e-19 	9.6715475e-20 	-1.2429543e-35
0.021944423 	0.1684398 	0.068042476 	-3.8963748e-19 	-0.093959598 	-0.1686265 	-9.9117185e-21 	-2.2221874e-19 	-8.5578698e-20 	2.9825004e-36
0.022233263 	0.16868003 	0.067437534 	1.1108701e-19 	-0.094566888 	-0.16886649 	-1.9682893e-20 	-1.076715e-18 	-4.3041418e-19 	5.6179652e-36
0.022525116 	0.16891828 	0.066826918 	8.2714908e-19 	-0.09517988 	-0.16910451 	-1.7255338e-20 	1.714213e-19 	6.2904596e-20 	-4.011701e-36
0.022820012 	0.16915445 	0.066210618 	-1.0235834e-19 	-0.095798584 	-0.16934043 	1.8922833e-20 	1.7043066e-18 	6.6799379e-19 	-2.3134848e-36
0.023117984 	0.16938845 	0.065588627 	-1.1421953e-18 	-0.096423009 	-0.16957417 	2.2482842e-20 	-2.0099683e-19 	-7.0880512e-20 	-5.0051892e-37
0.023419063 	0.16962018 	0.064960939 	-4.3780679e-20 	-0.097053161 	-0.16980561 	-3.6246907e-20 	-2.1138474e-18 	-8.0973498e-19 	3.9330104e-36
0.023723283 	0.16984951 	0.064327544 	8.7474995e-19 	-0.097689046 	-0.17003465 	-4.5879899e-20 	-3.0469606e-19 	-1.1756436e-19 	-3.9567093e-36
0.024030675 	0.17007633 	0.063688445 	1.4117698e-19 	-0.098330667 	-0.17026118 	6.8850069e-21 	8.1170286e-19 	3.1386101e-19 	1.1138417e-36
0.024341273 	0.17030054 	0.063043642 	-2.1341774e-19 	-0.098978025 	-0.17048509 	2.5886987e-20 	1.5003262e-19 	6.4554016e-20 	2.6264295e-36
0.02465511 	0.17052204 	0.062393131 	-3.0636606e-20 	-0.099631119 	-0.17070626 	2.1073048e-20 	9.6933575e-20 	3.7726661e-20 	-5.1275064e-36
0.02497222 	0.17074071 	0.061736917 	3.0531033e-19 	-0.10028995 	-0.17092458 	1.2175252e-20 	4.2599963e-20 	1.4689583e-20 	4.1108336e-36
0.025292637 	0.17095642 	0.061075009 	3.4948459e-19 	-0.1009545 	-0.17113993 	1.2565536e-20 	1.0863247e-18 	3.8789889e-19 	4.9685543e-36
0.025616396 	0.17116909 	0.060407414 	-6.0426211e-19 	-0.10162477 	-0.1713522 	3.2345285e-20 	1.1591961e-18 	4.1696782e-19 	-6.1439555e-36
0.025943531 	0.17137857 	0.059734142 	-7.4892597e-19 	-0.10230075 	-0.17156126 	1.6422159e-20 	-9.0476229e-19 	-3.1363068e-19 	1.0481079e-36
0.026274078 	0.17158473 	0.059055209 	1.4543313e-19 	-0.10298243 	-0.171767 	-1.1193444e-20 	-1.2606712e-18 	-4.3978674e-19 	3.3248782e-36
0.026608073 	0.17178743 	0.05837063 	2.9422644e-19 	-0.10366978 	-0.17196928 	-1.1222094e-20 	-4.0571989e-19 	-1.4019503e-19 	-2.4409425e-36
0.02694555 	0.17198657 	0.057680421 	-9.5552461e-20 	-0.1043628 	-0.17216799 	-6.6216209e-21 	-2.9329934e-19 	-9.9266382e-20 	2.8743842e-36
0.027286547 	0.17218204 	0.056984605 	-5.7930336e-20 	-0.10506146 	-0.17236299 	-6.2321111e-21 	-6.9949857e-19 	-2.3200917e-19 	-6.016287e-37
0.0276311 	0.17237371 	0.056283206 	3.1598317e-19 	-0.10576574 	-0.17255416 	1.045977e-23 	-4.6301262e-19 	-1.5181452e-19 	-1.8548744e-36
0.027979247 	0.17256143 	0.055576251 	5.4916115e-19 	-0.1064756 	-0.17274136 	5.3831622e-21 	3.174006e-19 	1.0213732e-19 	3.1318416e-36
0.028331025 	0.17274506 	0.054863772 	5.7485925e-19 	-0.10719103 	-0.17292447 	-6.8119755e-21 	1.275261e-18 	4.033295e-19 	3.6234119e-36
0.028686471 	0.17292445 	0.054145802 	9.9946973e-21 	-0.10791198 	-0.17310335 	6.1270096e-21 	2.1127648e-18 	6.6074117e-19 	-1.7388869e-36
0.029045624 	0.17309952 	0.053422384 	-5.0499998e-19 	-0.10863843 	-0.17327786 	1.6716664e-20 	1.2579958e-18 	3.8819485e-19 	-2.2241852e-36
0.029408522 	0.17327012 	0.052693562 	-3.0539871e-19 	-0.10937032 	-0.17344787 	-1.5102013e-20 	4.7862025e-19 	1.4580029e-19 	-1.9873738e-36
0.029775206 	0.17343608 	0.051959358 	-5.1016742e-19 	-0.11010763 	-0.17361323 	-1.6400335e-20 	2.8455573e-19 	8.777346e-20 	3.7329048e-36
0.030145713 	0.17359726 	0.051219812 	-7.7932632e-19 	-0.1108503 	-0.17377382 	2.422967e-20 	-1.117156e-18 	-3.2903818e-19 	7.5077883e-36
0.030520085 	0.17375356 	0.050474985 	1.6022522e-20 	-0.11159828 	-0.17392948 	3.7136814e-20 	-2.1314966e-18 	-6.1908353e-19 	-6.6521696e-36
0.03089836 	0.17390481 	0.049724934 	8.703055e-19 	-0.11235153 	-0.17408008 	3.7356913e-21 	-1.029948e-18 	-2.9879169e-19 	1.2684276e-36
0.031280581 	0.17405088 	0.048969718 	4.2325243e-19 	-0.11310998 	-0.17422547 	-1.6016663e-20 	6.001309e-19 	1.5966036e-19 	8.6280341e-38
0.031666788 	0.17419162 	0.048209396 	-3.8714298e-19 	-0.11387357 	-0.17436551 	3.6280614e-21 	2.7868565e-19 	7.4887288e-20 	-5.2055875e-36
0.032057023 	0.17432688 	0.047444032 	-1.1385886e-19 	-0.11464225 	-0.17450005 	-5.5973544e-21 	-6.0251175e-19 	-1.6698231e-19 	4.2532803e-36
0.032451328 	0.17445651 	0.046673697 	2.9484975e-19 	-0.11541593 	-0.17462895 	-4.5654144e-20 	-6.0222179e-20 	-2.3655178e-20 	-1.5010023e-36
0.032849744 	0.17458038 	0.04589846 	-7.424472e-20 	-0.11619456 	-0.17475205 	-3.5197558e-20 	3.1617091e-19 	8.4224875e-20 	-1.8328881e-36
0.033252316 	0.17469833 	0.0451184 	-2.4770153e-19 	-0.11697804 	-0.17486922 	1.0231179e-20 	-2.8632214e-19 	-6.7930942e-20 	1.8644168e-36
0.033659086 	0.17481021 	0.044333599 	1.8898025e-19 	-0.11776631 	-0.17498029 	1.6741222e-20 	-4.3927023e-19 	-1.1000712e-19 	2.5677132e-37
0.034070098 	0.17491586 	0.043544141 	2.7824571e-19 	-0.11855928 	-0.17508513 	-1.2397075e-20 	2.9526416e-19 	7.1131947e-20 	1.1824812e-36
0.034485397 	0.17501515 	0.042750114 	-1.7152498e-19 	-0.11935686 	-0.17518358 	-1.5943149e-20 	4.0587741e-19 	1.0046394e-19 	7.8746052e-37
0.034905027 	0.17510792 	0.041951611 	-2.1678697e-19 	-0.12015896 	-0.1752755 	2.5417484e-21 	-2.2897672e-19 	-5.0623038e-20 	-1.9732454e-36
0.035329034 	0.17519404 	0.04114873 	2.5483073e-19 	-0.12096547 	-0.17536072 	1.9022026e-21 	-2.4754722e-19 	-5.7330188e-20 	4.8543942e-37
0.035757462 	0.17527333 	0.040341576 	3.9078552e-19 	-0.12177631 	-0.1754391 	9.881134e-21 	5.4037681e-19 	1.2715581e-19 	6.0905157e-36
0.036190358 	0.17534565 	0.039530253 	-9.7099184e-20 	-0.12259135 	-0.17551049 	3.1692749e-20 	9.1181128e-19 	2.1617926e-19 	-6.5794217e-37
0.036627769 	0.17541086 	0.038714872 	-4.6238934e-19 	-0.1234105 	-0.17557474 	1.8128078e-20 	2.2380577e-19 	5.5945601e-20 	-3.6340537e-36
0.037069742 	0.1754688 	0.037895551 	-3.0044927e-19 	-0.12423363 	-0.17563169 	-1.1310727e-20 	-4.7939917e-19 	-1.0529334e-19 	2.4731091e-36
0.037516324 	0.1755193 	0.037072409 	1.1129643e-19 	-0.12506063 	-0.17568121 	-5.7358695e-21 	-6.5840769e-19 	-1.4290663e-19 	-1.1718277e-36
0.037967563 	0.17556223 	0.036245571 	3.3840034e-19 	-0.12589137 	-0.17572312 	1.450631e-20 	-1.3334674e-19 	-3.2008416e-20 	-3.0664982e-36
0.038423508 	0.17559744 	0.035415166 	-1.9067396e-20 	-0.12672571 	-0.17575729 	1.7529367e-20 	3.4454129e-19 	6.8363498e-20 	2.1932669e-36
0.038884209 	0.17562478 	0.034581328 	-1.4907253e-19 	-0.12756353 	-0.17578357 	-4.1988864e-21 	-1.9693574e-19 	-4.206091e-20 	-3.9265272e-37
0.039349714 	0.1756441 	0.033744198 	3.4837588e-19 	-0.1284047 	-0.17580181 	-2.2661907e-20 	-9.1020058e-20 	-2.4171577e-20 	-1.2840966e-36
0.039820074 	0.17565526 	0.032903918 	1.2317858e-19 	-0.12924905 	-0.17581186 	3.2986764e-23 	8.3067882e-19 	1.5703442e-19 	1.3218363e-36
0.040295339 	0.17565811 	0.032060638 	-5.0403817e-19 	-0.13009645 	-0.17581358 	-2.1195182e-22 	2.5532787e-19 	5.0050923e-20 	-2.2018457e-38
0.040775561 	0.1756525 	0.031214517 	-5.6005039e-20 	-0.13094674 	-0.17580682 	-4.4868931e-20 	-6.4922957e-19 	-1.1849775e-19 	1.2333362e-36
0.041260791 	0.17563831 	0.030365715 	5.5278373e-19 	-0.13179976 	-0.17579143 	-3.7420287e-20 	1.1124341e-19 	2.0299341e-20 	2.0634517e-36
0.041751081 	0.17561538 	0.029514392 	4.2113992e-20 	-0.13265535 	-0.17576729 	1.266623e-20 	9.6554926e-19 	1.714794e-19 	-1.6736031e-36
0.042246485 	0.17558354 	0.028660716 	-7.3730451e-19 	-0.13351334 	-0.17573424 	3.5330738e-20 	2.1203321e-19 	4.3373221e-20 	3.4679767e-37
0.042747055 	0.17554269 	0.027804863 	-4.0139472e-19 	-0.13437356 	-0.17569215 	2.3768107e-20 	-1.1830459e-18 	-1.8568091e-19 	5.3487247e-37
0.043252845 	0.17549269 	0.026947012 	4.9539033e-19 	-0.13523582 	-0.17564088 	3.1551867e-21 	-9.301523e-19 	-1.4646303e-19 	-1.5301872e-36
0.043763911 	0.17543339 	0.026087345 	3.9089805e-19 	-0.13609996 	-0.1755803 	1.7128829e-20 	2.6594575e-19 	4.2076021e-20 	-1.3339034e-36
0.044280306 	0.17536469 	0.025226051 	-9.5553552e-20 	-0.13696576 	-0.17551028 	2.5526843e-20 	1.8919864e-19 	2.6322711e-20 	2.4391013e-36
0.044802087 	0.17528644 	0.024363323 	1.6449945e-20 	-0.13783306 	-0.17543069 	-7.2042362e-21 	-1.8141708e-20 	-1.3782196e-20 	3.3485614e-36
0.045329309 	0.1751985 	0.023499359 	4.239133e-20 	-0.13870164 	-0.1753414 	-3.0030007e-20 	2.3717423e-19 	2.787637e-20 	-3.949047e-36
0.04586203 	0.17510076 	0.022634363 	-2.0480954e-20 	-0.13957131 	-0.17524229 	-3.5680378e-20 	1.0540265e-19 	1.4689322e-20 	1.324308e-36
0.046400307 	0.17499311 	0.021768539 	5.9594482e-20 	-0.14044185 	-0.17513325 	-7.5289786e-21 	1.8352494e-19 	2.4805789e-20 	1.8682054e-36
0.046944197 	0.17487542 	0.0209021 	-1.3238659e-19 	-0.14131307 	-0.17501414 	3.2860748e-20 	2.7126778e-19 	4.1439542e-20 	-2.4474184e-36
0.04749376 	0.17474759 	0.020035264 	-2.5852545e-19 	-0.14218473 	-0.17488487 	1.4180198e-20 	-2.0490943e-19 	-1.9204122e-20 	-1.5229213e-39
0.048049054 	0.1746095 	0.01916825 	-1.6540446e-20 	-0.14305663 	-0.17474532 	-1.5140786e-20 	-4.5846151e-19 	-5.8141783e-20 	1.2517727e-36
0.048610139 	0.17446105 	0.018301284 	-1.0832115e-20 	-0.14392853 	-0.17459539 	1.4040118e-20 	-2.3821639e-19 	-2.9503269e-20 	2.8936328e-36
0.049177075 	0.17430214 	0.017434595 	-8.7411759e-20 	-0.14480022 	-0.17443497 	2.2517094e-20 	-4.872786e-19 	-4.5656986e-20 	-2.5525074e-36
0.049749924 	0.17413266 	0.016568417 	2.8575508e-19 	-0.14567144 	-0.17426397 	-3.0703935e-20 	-4.7907932e-19 	-4.6715346e-20 	1.5346601e-36
0.050328748 	0.17395252 	0.015702986 	2.041695e-19 	-0.14654198 	-0.17408229 	-3.191576e-20 	3.342765e-19 	2.7839042e-20 	2.5812973e-36
0.050913608 	0.17376162 	0.014838546 	-3.577969e-19 	-0.14741158 	-0.17388986 	1.7046816e-20 	9.7388874e-20 	1.0031351e-20 	-4.1342263e-36
0.051504567 	0.1735599 	0.013975341 	5.5227674e-20 	-0.14828 	-0.17368657 	9.6485023e-21 	-6.7178216e-19 	-5.2685139e-20 	-9.8350531e-37
0.052101689 	0.17334729 	0.013113619 	7.3098847e-19 	-0.14914699 	-0.17347237 	-3.5150192e-20 	2.601689e-19 	1.9957327e-20 	1.8457194e-36
0.052705039 	0.1731237 	0.012253634 	1.4598561e-19 	-0.15001231 	-0.17324716 	-2.3946917e-20 	1.3659975e-18 	1.0120272e-19 	3.1090969e-36
0.053314682 	0.17288905 	0.01139564 	-4.3164609e-19 	-0.15087569 	-0.17301089 	2.7090194e-20 	6.4321068e-19 	5.0487124e-20 	-3.1351479e-36
0.053930682 	0.17264328 	0.010539896 	-1.7262501e-19 	-0.15173688 	-0.17276349 	3.0513364e-20 	1.4352809e-19 	1.5211881e-20 	-5.9566603e-37
0.054553106 	0.17238634 	0.0096866658 	-2.0584759e-19 	-0.15259562 	-0.1725049 	1.9991843e-20 	1.5145354e-19 	1.5612117e-20 	3.8798461e-36
0.055182022 	0.17211818 	0.0088362139 	-8.4551564e-20 	-0.15345164 	-0.17223507 	4.0146544e-20 	-4.3226444e-19 	-1.9769906e-20 	8.6387635e-38
0.055817496 	0.17183875 	0.0079888068 	3.307502e-19 	-0.15430467 	-0.17195396 	4.3684361e-20 	-8.5580285e-20 	-5.2171876e-21 	-3.3812562e-36
0.056459598 	0.17154801 	0.0071447124 	1.4537723e-19 	-0.15515445 	-0.17166153 	5.296501e-21 	4.6788914e-19 	9.6566063e-21 	1.3320489e-37
0.057108397 	0.17124593 	0.006304203 	-1.0069734e-19 	-0.15600071 	-0.17135775 	-3.4995454e-20 	3.0507384e-19 	-9.4518243e-21 	8.2501341e-37
0.057763961 	0.17093248 	0.0054675542 	-1.4300673e-19 	-0.15684316 	-0.17104257 	-1.1615957e-20 	1.9235374e-19 	-2.6271488e-21 	-4.9757753e-37
0.058426363 	0.17060764 	0.004635041 	-2.3568352e-19 	-0.15768155 	-0.170716 	1.2261983e-20 	-9.0639273e-20 	-8.4452397e-21 	1.6429028e-36
0.059095673 	0.1702714 	0.0038069393 	-1.7907039e-19 	-0.15851558 	-0.17037801 	-2.3011401e-20 	-4.5151731e-19 	-2.4978335e-20 	8.3205264e-37
0.059771963 	0.16992373 	0.0029835278 	-8.9373638e-20 	-0.15934498 	-0.17002859 	-4.1409454e-20 	-5.5857392e-19 	-2.5264576e-20 	8.138239e-37
0.060455306 	0.16956465 	0.002165086 	-5.6478767e-20 	-0.16016948 	-0.16966775 	-2.0746239e-20 	-6.6771608e-19 	-1.836201e-20 	-7.6256026e-38
0.061145775 	0.16919416 	0.0013518939 	2.859941e-19 	-0.16098879 	-0.16929548 	-9.0886508e-21 	-6.901445e-19 	-1.0002463e-20 	-1.515109e-36
0.061843446 	0.16881226 	0.0005442325 	5.5463811e-19 	-0.16180264 	-0.16891181 	-1.4271908e-20 	1.2488658e-19 	4.1327345e-22 	-5.9420474e-37
0.062548392 	0.16841898 	-0.00025761643 	1.4197765e-19 	-0.16261073 	-0.16851676 	6.6559904e-21 	8.1206452e-19 	9.5580773e-21 	1.0167482e-36
0.063260691 	0.16801435 	-0.0010533726 	-2.8035879e-19 	-0.1634128 	-0.16811035 	3.0846626e-20 	4.8796212e-19 	1.0931959e-20 	-1.3824243e-37
0.063980417 	0.16759842 	-0.0018427575 	-3.2831004e-19 	-0.16420856 	-0.16769261 	3.3511952e-20 	3.3623104e-20 	6.2771702e-21 	-1.0069851e-36
0.06470765 	0.16717122 	-0.0026254917 	-1.9963085e-19 	-0.16499774 	-0.16726359 	1.2467538e-20 	-4.0683569e-19 	-1.9191478e-21 	-9.4588635e-37
0.065442467 	0.16673278 	-0.003401295 	1.1275863e-19 	-0.16578005 	-0.16682334 	-1.8653051e-20 	-4.9664133e-19 	2.7747802e-21 	9.1156191e-37
0.066184948 	0.16628317 	-0.0041698899 	2.7661826e-19 	-0.16655522 	-0.16637191 	-1.644198e-20 	-8.7425865e-20 	4.9114945e-21 	2.5344659e-36
0.066935172 	0.16582244 	-0.0049310019 	2.141747e-19 	-0.16732297 	-0.16590936 	-2.4375895e-20 	2.528941e-19 	-9.6716947e-21 	-1.4214784e-36
0.06769322 	0.16535067 	-0.0056843559 	-5.1359728e-20 	-0.16808303 	-0.16543578 	-9.2064928e-21 	4.8854285e-19 	-1.0823688e-20 	-5.1269192e-37
0.068459173 	0.16486793 	-0.0064296784 	-3.6128511e-19 	-0.16883512 	-0.16495123 	3.2499485e-20 	1.0712335e-19 	4.7225993e-21 	2.2749398e-36
0.069233115 	0.16437431 	-0.0071667008 	-1.9024112e-19 	-0.16957899 	-0.1644558 	-1.7884408e-20 	-4.8823173e-19 	1.3305999e-20 	1.1709833e-37
0.070015128 	0.16386991 	-0.0078951565 	5.6867641e-20 	-0.17031435 	-0.16394959 	-7.2417688e-20 	-3.8151447e-19 	1.1074902e-20 	-4.4420246e-37
0.070805297 	0.16335483 	-0.0086147815 	9.7689798e-20 	-0.17104095 	-0.1634327 	-3.2231883e-20 	-3.0215279e-19 	2.5287128e-20 	-1.4357686e-36
0.071603706 	0.16282919 	-0.0093253163 	2.8142298e-19 	-0.17175853 	-0.16290522 	8.164997e-21 	-1.0493951e-19 	2.8875666e-20 	-3.9523357e-37
0.072410442 	0.16229307 	-0.010026504 	2.3629041e-19 	-0.17246683 	-0.16236729 	2.3796381e-20 	4.4183566e-19 	-3.4661097e-21 	1.4042467e-36
0.073225592 	0.16174659 	-0.010718091 	-8.9443988e-20 	-0.1731656 	-0.16181901 	3.7867025e-20 	5.0301843e-19 	-2.0572707e-20 	-5.1702494e-37
0.074049243 	0.16118988 	-0.011399831 	-2.7443997e-19 	-0.17385459 	-0.16126051 	4.0786464e-20 	1.8126752e-19 	-2.6408971e-21 	1.5806243e-37
0.074881483 	0.16062309 	-0.01207148 	-2.0008714e-19 	-0.17453356 	-0.16069194 	2.0191229e-20 	-2.3985875e-19 	2.1553224e-20 	2.2573103e-36
0.075722403 	0.16004636 	-0.012732799 	1.6368304e-19 	-0.17520228 	-0.16011344 	-1.083434e-20 	-3.4703672e-19 	2.6732389e-20 	-8.8169428e-37
0.076572093 	0.15945984 	-0.013383554 	3.3529097e-19 	-0.17586049 	-0.15952514 	-6.8106605e-21 	2.0317343e-19 	-1.1918506e-20 	-1.1528803e-36
0.077430644 	0.15886369 	-0.014023517 	-7.2458482e-20 	-0.17650799 	-0.15892722 	5.567095e-21 	5.322306e-19 	-4.7357549e-20 	1.2319495e-36
0.078298149 	0.15825807 	-0.014652467 	-2.8323525e-19 	-0.17714454 	-0.15831982 	2.3586252e-21 	1.9006539e-22 	-7.0285698e-21 	-1.7569855e-36
0.079174701 	0.15764313 	-0.015270187 	8.7895365e-20 	-0.17776994 	-0.15770312 	-6.0005627e-21 	-2.1146192e-19 	1.8502146e-20 	-7.0365312e-37
0.080060395 	0.15701904 	-0.015876469 	1.3474307e-19 	-0.17838396 	-0.1570773 	-6.4451637e-21 	2.3420078e-19 	-1.6015125e-20 	9.9660759e-37
0.080955325 	0.15638599 	-0.01647111 	-5.4472077e-20 	-0.17898642 	-0.15644252 	-1.1345488e-20 	1.376596e-19 	-1.0031649e-20 	-7.670779e-37
0.081859589 	0.15574415 	-0.017053913 	9.6622673e-20 	-0.17957712 	-0.15579898 	-1.9391442e-20 	9.4413418e-20 	-7.9824583e-21 	1.6593075e-37
0.082773283 	0.15509372 	-0.017624689 	-5.146062e-20 	-0.18015586 	-0.15514687 	1.243407e-20 	3.9404255e-19 	-3.1199184e-20 	-3.5796385e-38
0.083696507 	0.15443491 	-0.018183257 	-4.4411948e-19 	-0.18072246 	-0.15448638 	4.4508957e-20 	-5.1698672e-20 	1.5065023e-20 	7.0679689e-37
0.084629358 	0.15376792 	-0.018729446 	-2.2597798e-19 	-0.18127676 	-0.15381771 	2.2286397e-20 	-7.7343344e-19 	8.3246027e-20 	1.0428265e-36
0.085571939 	0.15309296 	-0.01926309 	2.6434391e-19 	-0.18181858 	-0.15314107 	-1.6467414e-20 	-6.2976645e-19 	6.4052255e-20 	-2.618733e-37
0.086524349 	0.15241021 	-0.01978403 	3.0498092e-19 	-0.18234778 	-0.15245668 	-1.8199534e-20 	-6.7432714e-20 	1.0123413e-21 	1.3892866e-36
0.087486692 	0.15171989 	-0.020292119 	1.5390261e-19 	-0.18286419 	-0.15176474 	-7.5899563e-21 	1.6960859e-19 	-2.7035317e-20 	1.9649921e-37
0.088459071 	0.15102223 	-0.020787217 	3.7405848e-20 	-0.18336769 	-0.15106547 	1.6935566e-23 	3.2671899e-19 	-4.2363302e-20 	-1.9911754e-36
0.089441592 	0.15031744 	-0.02126919 	-1.2554947e-19 	-0.18385814 	-0.1503591 	1.6622424e-20 	2.5497295e-19 	-3.4137702e-20 	-3.6089359e-37
0.090434358 	0.14960575 	-0.021737917 	-1.0275998e-19 	-0.18433542 	-0.14964585 	1.2947809e-20 	-1.0889447e-20 	-3.6080486e-21 	-6.6592515e-38
0.091437479 	0.1488874 	-0.022193283 	-4.2969828e-20 	-0.18479941 	-0.14892595 	8.3084632e-21 	-1.5557229e-20 	4.1035781e-22 	1.5408602e-36
0.092451061 	0.14816261 	-0.022635185 	-1.4555639e-19 	-0.18525001 	-0.14819964 	1.2030998e-20 	-1.2439013e-19 	1.3508565e-20 	6.6704301e-37
0.093475213 	0.14743161 	-0.023063527 	-2.2528102e-20 	-0.18568712 	-0.14746715 	-1.4048783e-20 	-3.8889758e-19 	4.6983668e-20 	-1.2537464e-36
0.094510047 	0.14669466 	-0.023478228 	2.4624552e-19 	-0.18611067 	-0.14672871 	-2.6779449e-20 	-1.6332955e-19 	1.6825203e-20 	-3.9565085e-37
0.095555673 	0.14595201 	-0.023879211 	1.6089172e-19 	-0.18652058 	-0.14598457 	1.4146286e-20 	2.5771198e-19 	-4.2521216e-20 	-3.4498672e-37
0.096612203 	0.14520385 	-0.024266405 	-3.7955315e-20 	-0.18691677 	-0.14523497 	2.7880013e-20 	2.3246752e-19 	-4.5684916e-20 	1.6199409e-37
0.097679752 	0.14445044 	-0.024639759 	-5.8779054e-20 	-0.1872992 	-0.14448015 	-1.8758658e-20 	1.3715248e-19 	-4.0918712e-20 	3.2821185e-37
0.098758435 	0.14369206 	-0.024999231 	-1.5052544e-19 	-0.18766782 	-0.14372036 	-3.2356966e-20 	1.5838207e-19 	-3.3084021e-20 	-4.7026845e-37
0.099848367 	0.14292891 	-0.025344772 	-1.4867262e-19 	-0.18802259 	-0.14295583 	-1.6918178e-21 	-4.2694157e-20 	2.1373438e-20 	-7.2280652e-37
0.10094967 	0.14216124 	-0.025676357 	1.5153607e-19 	-0.18836348 	-0.14218683 	-6.8474856e-21 	-1.6231444e-19 	4.5038454e-20 	-3.3651753e-37
0.10206245 	0.14138932 	-0.025993986 	2.6497776e-19 	-0.18869049 	-0.14141359 	-2.2514706e-20 	1.437861e-19 	-9.41109e-21 	-2.9070256e-38
0.10318684 	0.14061339 	-0.026297648 	-4.3241481e-20 	-0.1890036 	-0.14063636 	1.069918e-20 	3.6832123e-19 	-4.834791e-20 	2.241232e-38
0.10432296 	0.13983369 	-0.026587338 	-2.8941454e-19 	-0.18930282 	-0.13985539 	3.3700419e-20 	4.6775826e-20 	1.8849852e-21 	5.6125016e-38
0.10547092 	0.13905048 	-0.026863072 	-1.3250322e-19 	-0.18958816 	-0.13907092 	1.2227355e-20 	-3.4869536e-19 	6.5712945e-20 	1.869191e-37
0.10663086 	0.13826398 	-0.027124875 	1.3187696e-19 	-0.18985965 	-0.1382832 	-1.0566313e-20 	-2.8475398e-19 	5.1952081e-20 	-1.7085351e-37
0.10780289 	0.13747445 	-0.027372784 	1.2447098e-19 	-0.19011732 	-0.13749248 	-2.0771477e-20 	-2.3373685e-21 	6.3269507e-21 	-1.6544875e-37
0.10898715 	0.13668212 	-0.027606841 	1.3355601e-21 	-0.19036122 	-0.13669899 	-1.7857966e-20 	4.0719229e-20 	7.4759727e-21 	5.3052627e-38
0.11018375 	0.13588724 	-0.027827096 	6.6448741e-20 	-0.19059139 	-0.13590297 	-4.2881286e-21 	8.6377302e-21 	1.7153824e-20 	1.8529496e-37
0.11139284 	0.13509006 	-0.028033615 	8.9248975e-20 	-0.1908079 	-0.13510468 	1.2552926e-20 	2.0814664e-19 	-2.2103424e-20 	1.2603622e-37
0.11261454 	0.1342908 	-0.02822647 	-1.1387216e-19 	-0.19101083 	-0.13430433 	3.4517833e-20 	2.2104255e-19 	-3.2298834e-20 	-2.7009588e-37
0.11384897 	0.1334897 	-0.028405746 	-2.0589356e-19 	-0.19120025 	-0.13350218 	3.1004574e-20 	-1.0268191e-19 	1.3326982e-20 	1.5302941e-37
0.11509628 	0.13268701 	-0.028571532 	-3.38139e-20 	-0.19137626 	-0.13269845 	6.5032341e-21 	-3.1118146e-19 	5.0263876e-20 	9.3903846e-39
0.1163566 	0.13188293 	-0.028723929 	1.4364908e-19 	-0.19153896 	-0.13189338 	-2.4168081e-23 	-1.8343766e-19 	2.8859651e-20 	-1.7504057e-37
0.11763007 	0.13107771 	-0.028863046 	1.322027e-19 	-0.19168846 	-0.13108718 	-2.776963e-21 	5.2281924e-20 	-1.8797981e-20 	1.4644577e-37
0.11891681 	0.13027155 	-0.028989003 	7.6478302e-20 	-0.19182487 	-0.13028009 	-7.9750453e-21 	1.4839246e-19 	-3.8781012e-20 	3.2336415e-38
0.12021697 	0.1294647 	-0.029101928 	-1.9580498e-20 	-0.19194834 	-0.12947232 	-2.3582671e-21 	2.4593213e-19 	-5.8858354e-20 	-2.2299108e-37
0.1215307 	0.12865736 	-0.029201956 	-2.2053198e-19 	-0.19205898 	-0.12866409 	7.8462094e-21 	9.4299846e-20 	-3.0046843e-20 	3.2875115e-37
0.12285812 	0.12784974 	-0.029289231 	-1.3225463e-19 	-0.19215695 	-0.12785561 	-1.3432415e-20 	-3.1083535e-19 	5.3201361e-20 	3.7424611e-37
0.12419939 	0.12704206 	-0.029363906 	1.8797593e-19 	-0.1922424 	-0.1270471 	-3.667018e-20 	-2.1628699e-19 	4.7323363e-20 	-1.8897126e-37
0.12555464 	0.12623452 	-0.029426143 	1.7648239e-19 	-0.19231548 	-0.12623875 	-6.3739909e-21 	1.8585771e-19 	-2.7417063e-20 	2.0070876e-37
0.12692403 	0.12542732 	-0.029476109 	-6.6903535e-20 	-0.19237638 	-0.12543077 	3.1457656e-20 	2.1680971e-19 	-3.9279739e-20 	-1.6196256e-38
0.1283077 	0.12462066 	-0.02951398 	-1.5567927e-19 	-0.19242526 	-0.12462335 	2.7892623e-20 	-1.1749472e-20 	-1.7301617e-21 	-2.8661876e-37
0.1297058 	0.12381473 	-0.029539938 	-5.4327494e-20 	-0.1924623 	-0.12381669 	-8.0418703e-21 	-1.8783085e-19 	2.7896653e-20 	-6.709365e-38
0.13111848 	0.1230097 	-0.029554175 	6.175304e-20 	-0.1924877 	-0.12301097 	-2.9400506e-20 	-1.3262172e-19 	2.3274543e-20 	-1.3888474e-37
0.1325459 	0.12220577 	-0.029556887 	4.7353927e-20 	-0.19250166 	-0.12220638 	-8.2950268e-21 	-9.9369694e-21 	1.0068622e-20 	9.8272327e-38
0.1339882 	0.12140312 	-0.029548278 	2.7197972e-20 	-0.19250437 	-0.12140308 	9.1021316e-21 	-1.0706999e-20 	1.0511923e-20 	2.7018316e-37
0.13544554 	0.12060193 	-0.029528556 	4.6869617e-20 	-0.19249605 	-0.12060126 	7.9967398e-21 	5.2248083e-20 	-8.1296576e-21 	-1.7511311e-37
0.13691808 	0.11980234 	-0.029497939 	-3.3814083e-20 	-0.19247691 	-0.11980108 	2.1920133e-20 	9.9357128e-20 	-2.868559e-20 	-1.4627557e-37
0.13840598 	0.11900453 	-0.029456645 	-1.0273087e-19 	-0.19244718 	-0.1190027 	3.0128902e-20 	-5.1800534e-20 	-5.8110733e-21 	6.2476154e-38
0.1399094 	0.11820865 	-0.029404902 	5.4047679e-22 	-0.19240707 	-0.11820629 	2.861361e-21 	-1.7790222e-19 	1.8576555e-20 	2.9292326e-38
0.14142849 	0.11741486 	-0.029342942 	1.012537e-19 	-0.19235683 	-0.11741198 	-2.0199342e-20 	-4.8893951e-20 	-8.3759212e-21 	8.7351559e-38
0.14296343 	0.11662331 	-0.029271002 	4.1314846e-20 	-0.19229669 	-0.11661993 	-1.1916001e-20 	8.8651624e-20 	-3.5551857e-20 	7.8774708e-38
0.14451437 	0.11583413 	-0.029189326 	-4.0756491e-20 	-0.19222689 	-0.11583027 	-1.2107867e-20 	5.9545637e-20 	-2.527151e-20 	-3.9696085e-38
0.14608149 	0.11504745 	-0.029098159 	-7.6623944e-20 	-0.19214768 	-0.11504315 	-1.5368811e-20 	-2.4951389e-21 	-1.6210294e-21 	-1.1164908e-38
0.14766496 	0.11426342 	-0.028997752 	-4.774975e-20 	-0.19205931 	-0.11425869 	-2.7566296e-22 	-1.1514982e-19 	3.0750892e-20 	-1.4428299e-38
0.14926493 	0.11348215 	-0.028888356 	8.5202795e-20 	-0.19196203 	-0.11347702 	4.3592179e-21 	-1.165298e-19 	2.9945413e-20 	-2.0984601e-38
0.1508816 	0.11270377 	-0.028770231 	1.1898768e-19 	-0.19185611 	-0.11269826 	7.5872012e-21 	9.3710687e-20 	-2.1033821e-20 	1.1406121e-38
0.15251512 	0.11192838 	-0.028643638 	1.1812443e-20 	-0.19174179 	-0.11192252 	1.6954439e-20 	1.644938e-19 	-4.7738206e-20 	9.2885016e-38
0.15416568 	0.1111561 	-0.02850884 	-4.4309013e-21 	-0.19161935 	-0.11114992 	1.1639774e-20 	9.9151923e-20 	-4.118891e-20 	5.01903e-38
0.15583345 	0.11038703 	-0.028366107 	-4.7691308e-20 	-0.19148905 	-0.11038054 	9.9603149e-21 	1.3744017e-19 	-5.2601886e-20 	-2.669771e-37
0.15751862 	0.10962128 	-0.028215707 	-1.687769e-19 	-0.19135117 	-0.1096145 	2.2271939e-21 	-3.1074435e-20 	-1.9363913e-20 	2.0678429e-37
0.15922136 	0.10885893 	-0.028057912 	-2.7235275e-20 	-0.19120598 	-0.10885189 	-2.6072748e-20 	-2.7410409e-19 	4.5674189e-20 	8.0775517e-38
0.16094186 	0.10810007 	-0.027892993 	1.6122367e-19 	-0.19105374 	-0.10809278 	-1.8243509e-20 	-6.0970755e-20 	1.5979344e-20 	-3.3857477e-37
0.1626803 	0.10734479 	-0.027721229 	2.097718e-20 	-0.19089474 	-0.10733728 	9.9432353e-21 	1.394734e-19 	-3.5852724e-20 	1.022609e-37
0.16443687 	0.10659317 	-0.027542899 	-9.7713846e-20 	-0.19072925 	-0.10658545 	-1.2853725e-20 	-2.4569741e-20 	-2.1670982e-21 	1.854079e-37
0.16621176 	0.10584527 	-0.02735828 	-1.5655637e-20 	-0.19055755 	-0.10583736 	-2.1826072e-20 	-8.1819291e-20 	3.3296296e-20 	1.8971139e-38
0.16800516 	0.10510117 	-0.027167652 	1.8695183e-20 	-0.19037993 	-0.10509309 	2.0232048e-20 	-3.4951846e-20 	2.4288601e-20 	-5.2574392e-38
0.16981727 	0.10436093 	-0.026971296 	4.2950398e-20 	-0.19019666 	-0.10435269 	1.4642958e-20 	-5.8101272e-20 	8.3571201e-21 	-1.4022133e-39
0.17164827 	0.10362459 	-0.026769492 	6.851177e-20 	-0.19000802 	-0.10361623 	-2.6285951e-20 	5.4787303e-20 	-1.5241308e-20 	3.1579324e-38
0.17349837 	0.10289223 	-0.026562526 	-3.5392253e-20 	-0.18981431 	-0.10288376 	-1.3811242e-20 	1.3714665e-19 	-1.8474748e-20 	7.9998975e-39
0.17536776 	0.10216389 	-0.026350681 	-1.010754e-19 	-0.18961579 	-0.10215532 	1.6799043e-20 	-2.1626958e-20 	1.6567303e-20 	-1.569586e-38
0.17725665 	0.10143961 	-0.026134235 	-1.8794074e-20 	-0.18941276 	-0.10143096 	3.0025729e-21 	-1.3005866e-19 	3.3398202e-20 	-4.8303061e-39
0.17916524 	0.10071942 	-0.025913472 	1.8874452e-20 	-0.1892055 	-0.10071071 	-2.3387822e-20 	-6.7991937e-20 	2.620938e-20 	4.2840858e-38
0.18109373 	0.10000337 	-0.025688678 	4.2765275e-20 	-0.18899428 	-0.09999462 	-2.6814047e-20 	-5.4255509e-20 	3.6561117e-20 	-4.346166e-38
0.18304234 	0.099291499 	-0.025460134 	1.0088996e-19 	-0.1887794 	-0.099282708 	-2.9860389e-20 	7.2388686e-20 	1.9232273e-20 	-1.201446e-38
0.18501127 	0.098583807 	-0.025228119 	6.4341085e-21 	-0.18856113 	-0.098575001 	-3.9794918e-21 	2.283485e-19 	2.9416629e-21 	1.6757005e-37
0.18700073 	0.097880326 	-0.024992916 	-4.9087624e-20 	-0.18833975 	-0.097871521 	4.1564273e-20 	8.6532448e-20 	2.4461097e-20 	7.6664063e-38
0.18901094 	0.097181078 	-0.024754807 	2.7862138e-20 	-0.18811556 	-0.097172284 	3.7171143e-20 	5.2157428e-20 	8.3639599e-22 	-1.6350673e-37
0.19104211 	0.096486071 	-0.024514071 	-3.593256e-20 	-0.18788882 	-0.0964773 	1.2989558e-20 	1.0613908e-19 	-2.5839242e-20 	1.1150363e-38
0.19309447 	0.095795309 	-0.024270985 	-9.5847662e-20 	-0.18765981 	-0.095786579 	-6.7713077e-21 	-4.9606042e-20 	7.1820976e-21 	2.3127583e-37
0.19516823 	0.095108803 	-0.024025831 	1.4843112e-20 	-0.18742882 	-0.095100123 	-1.7151376e-20 	-1.1213476e-19 	3.5603983e-20 	-1.17676e-37
0.19726361 	0.094426551 	-0.023778885 	8.3837118e-20 	-0.18719612 	-0.09441793 	-1.1337884e-21 	1.3685388e-20 	1.6579179e-20 	-1.1234079e-37
0.19938085 	0.09374854 	-0.02353042 	1.8539768e-20 	-0.18696198 	-0.093739997 	7.7875088e-21 	9.278433e-20 	-8.0227504e-21 	-2.0585332e-39
0.20152017 	0.093074766 	-0.023280712 	-3.7843821e-20 	-0.18672669 	-0.093066312 	-4.5206471e-21 	4.7516925e-20 	-4.5505748e-24 	-4.6921112e-38
0.20368181 	0.092405219 	-0.023030036 	-2.8873708e-20 	-0.18649052 	-0.092396861 	-1.81153e-21 	8.8905621e-21 	1.6945684e-20 	3.0679448e-38
0.20586598 	0.091739878 	-0.022778664 	-2.816334e-20 	-0.18625373 	-0.091731626 	1.6175819e-20 	-1.8921096e-20 	1.9603487e-20 	3.6277426e-38
0.20807294 	0.091078717 	-0.022526867 	-1.4169071e-20 	-0.1860166 	-0.091070585 	1.2712444e-20 	-7.9442953e-20 	2.1043884e-20 	7.7457861e-39
0.21030291 	0.090421709 	-0.022274916 	5.5924195e-20 	-0.18577941 	-0.090413711 	-7.2288717e-21 	-6.7538541e-20 	1.4467174e-20 	-3.4116818e-38
0.21255613 	0.089768831 	-0.02202308 	5.9427708e-20 	-0.18554241 	-0.08976097 	-7.6337024e-21 	6.496493e-20 	-7.7879902e-21 	1.0726322e-38
0.21483286 	0.089120049 	-0.021771627 	-1.8336087e-20 	-0.18530589 	-0.089112327 	3.8872943e-21 	8.033767e-20 	-1.275804e-20 	-1.6400243e-38
0.21713333 	0.088475314 	-0.021520823 	-2.1361328e-20 	-0.1850701 	-0.088467742 	-4.8790134e-21 	1.3571069e-20 	-5.9414467e-24 	2.5890094e-38
0.21945779 	0.087834575 	-0.021270935 	-2.3232489e-21 	-0.18483531 	-0.087827168 	-6.0714472e-22 	4.308918e-20 	4.9323626e-21 	8.888657e-38
0.22180649 	0.087197789 	-0.021022231 	-1.6023972e-20 	-0.18460179 	-0.087190554 	7.8912777e-21 	1.3472822e-20 	4.1380488e-21 	-3.4634494e-38
0.22417969 	0.086564907 	-0.020774978 	4.6874441e-21 	-0.18436981 	-0.086557844 	-6.344574e-21 	-7.2752178e-21 	7.2315859e-21 	-4.3627899e-38
0.22657764 	0.085935859 	-0.020529436 	1.5052206e-20 	-0.18413963 	-0.085928978 	-7.2383325e-21 	3.2862762e-20 	4.8248e-21 	2.4499708e-38
0.2290006 	0.085310578 	-0.02028587 	-1.2047517e-20 	-0.18391152 	-0.085303889 	-7.0654291e-22 	3.859586e-20 	3.6305999e-21 	3.4332067e-38
0.23144882 	0.084688996 	-0.020044549 	-3.3369625e-20 	-0.18368573 	-0.084682504 	-1.1293176e-21 	1.1074946e-21 	1.181168e-20 	-1.9417557e-38
0.23392258 	0.084071032 	-0.019805733 	-8.8482853e-21 	-0.18346253 	-0.084064746 	4.1985032e-21 	-4.7705719e-20 	2.2535592e-20 	-8.2405954e-39
0.23642213 	0.083456603 	-0.019569688 	4.3432344e-20 	-0.1832422 	-0.083450529 	1.4662669e-20 	-2.7791211e-20 	1.3633723e-20 	1.0478767e-37
0.23894776 	0.082845623 	-0.01933668 	2.7791443e-20 	-0.18302499 	-0.082839761 	1.2118742e-20 	3.93116e-20 	-1.3049668e-20 	-1.7195206e-38
0.24149972 	0.082237989 	-0.019106977 	-3.8811374e-20 	-0.18281117 	-0.082232345 	-9.9048603e-22 	2.2203603e-20 	-1.3698564e-20 	-1.0499827e-37
0.2440783 	0.081633589 	-0.018880842 	-3.6966924e-20 	-0.18260101 	-0.081628175 	-3.3288829e-21 	-5.1821108e-20 	6.6878254e-21 	3.1822318e-38
0.24668377 	0.081032317 	-0.018658546 	2.1938575e-20 	-0.18239478 	-0.081027137 	-3.6508847e-21 	-6.0677219e-20 	8.6919297e-21 	-1.2930572e-38
0.24931641 	0.080434056 	-0.018440362 	3.9661535e-20 	-0.18219274 	-0.080429109 	-5.5877187e-21 	1.0243072e-20 	-7.0136918e-22 	-2.9787621e-38
0.25197651 	0.079838671 	-0.018226561 	1.1512427e-20 	-0.18199518 	-0.079833961 	-6.2182723e-21 	4.7306501e-20 	-7.0391079e-21 	9.0927006e-39
0.25466435 	0.079246015 	-0.018017418 	-1.3631316e-20 	-0.18180236 	-0.079241553 	-1.376259e-20 	4.5353341e-20 	-2.3523031e-21 	-1.7908794e-38
0.25738022 	0.07865594 	-0.017813208 	-2.0901149e-20 	-0.18161457 	-0.078651735 	5.4217644e-24 	3.3625276e-20 	1.3212727e-20 	-3.6728325e-38
0.26012442 	0.07806829 	-0.017614214 	1.7120528e-20 	-0.18143208 	-0.078064345 	8.9280615e-21 	-1.1643033e-20 	8.1821791e-21 	2.3776747e-38
0.26289723 	0.077482897 	-0.017420722 	3.4213423e-20 	-0.18125518 	-0.077479209 	2.6265813e-21 	5.7012134e-20 	-4.914326e-21 	1.6342793e-38
0.26569896 	0.076899567 	-0.017233017 	-1.397442e-20 	-0.18108415 	-0.076896144 	1.3502453e-20 	6.6007059e-20 	-1.1773453e-20 	-2.4202681e-38
0.26852991 	0.076318105 	-0.017051392 	-5.403246e-21 	-0.18091929 	-0.076314951 	-8.0360405e-23 	-7.2850857e-21 	-1.1872014e-20 	-1.8296209e-38
0.27139039 	0.0757383 	-0.016876146 	2.4867403e-21 	-0.1807609 	-0.075735418 	4.3404879e-22 	5.0280284e-20 	-8.4848584e-21 	5.0507565e-38
0.2742807 	0.075159921 	-0.016707578 	-5.3324776e-20 	-0.18060927 	-0.075157317 	2.3433711e-20 	-1.1609184e-20 	-1.2393985e-20 	2.4126453e-38
0.27720115 	0.074582722 	-0.016545995 	-4.1154693e-20 	-0.18046472 	-0.074580406 	2.3345464e-21 	-1.3016722e-19 	-4.7452575e-21 	4.0168422e-38
0.28015205 	0.074006446 	-0.016391709 	1.0656067e-20 	-0.18032755 	-0.074004419 	-1.2332578e-20 	-9.8085298e-20 	8.7397663e-21 	2.1606038e-39
0.28313373 	0.073430812 	-0.01624504 	3.1418716e-20 	-0.18019808 	-0.073429079 	-3.8168759e-21 	-5.8851316e-20 	6.4027597e-21 	-9.2740839e-38
0.28614651 	0.072855517 	-0.016106314 	3.4033422e-20 	-0.18007664 	-0.072854081 	-7.4490568e-21 	-7.3308761e-21 	-2.2099933e-21 	2.8369562e-39
0.28919071 	0.072280237 	-0.01597586 	3.8399526e-21 	-0.17996356 	-0.072279104 	-8.495598e-21 	3.8796124e-20 	-3.8146999e-21 	3.383838e-38
0.29226666 	0.071704626 	-0.015854017 	-1.2581921e-20 	-0.17985918 	-0.071703798 	-6.8825562e-21 	1.896451e-20 	4.867681e-21 	6.1098661e-38
0.29537468 	0.07112831 	-0.015741126 	1.9519577e-20 	-0.17976382 	-0.071127793 	-3.380449e-21 	2.3231775e-20 	1.0989398e-20 	4.8706987e-39
0.29851512 	0.070550889 	-0.015637541 	2.2339927e-20 	-0.17967787 	-0.070550684 	1.8351527e-20 	6.8247536e-20 	-1.1142245e-21 	-2.5269168e-39
0.30168831 	0.069971932 	-0.015543619 	-4.6734087e-20 	-0.17960165 	-0.069972044 	3.9581341e-20 	1.8435505e-20 	-2.2369841e-20 	-8.7192343e-39
0.30489459 	0.069390973 	-0.015459723 	-7.7566699e-20 	-0.17953554 	-0.069391407 	1.7953144e-20 	-1.4988211e-19 	-2.3898937e-20 	6.3704714e-38
0.30813432 	0.068807511 	-0.015386221 	9.3077599e-21 	-0.1794799 	-0.068808279 	-3.0664052e-20 	-1.9759457e-19 	-2.7541674e-21 	-2.553918e-38
0.31140782 	0.068221021 	-0.01532349 	7.2554278e-20 	-0.17943512 	-0.06822212 	-3.521323e-20 	-2.1752273e-20 	1.0496103e-20 	-1.1902039e-37
0.31471547 	0.067630927 	-0.015271907 	2.2441086e-20 	-0.17940156 	-0.067632361 	-2.057131e-21 	7.4595633e-20 	2.8052198e-21 	2.3697115e-38
0.31805762 	0.067036611 	-0.015231854 	-9.4393577e-21 	-0.17937961 	-0.067038377 	1.5209487e-21 	1.9257759e-20 	-2.3625476e-21 	-1.7700525e-38
0.32143461 	0.066437401 	-0.015203713 	4.916441e-21 	-0.17936964 	-0.06643951 	-3.2644526e-21 	3.5615468e-20 	2.0683775e-21 	-2.0252509e-38
0.32484683 	0.065832587 	-0.015187868 	-2.6848011e-20 	-0.17937205 	-0.065835039 	1.5031566e-20 	3.8929711e-20 	-2.0480359e-21 	-7.3854839e-39
0.32829463 	0.065221398 	-0.015184696 	-4.3757436e-20 	-0.17938718 	-0.065224205 	1.0017144e-20 	-7.8394549e-20 	-4.2678853e-21 	2.0379703e-38
0.33177839 	0.064603017 	-0.015194573 	2.6279013e-20 	-0.17941545 	-0.064606175 	-2.4106246e-20 	-9.4342399e-20 	7.3608031e-21 	-1.664478e-38
0.33529849 	0.063976557 	-0.015217864 	6.1044291e-20 	-0.17945719 	-0.063980072 	-2.4241634e-20 	6.5912598e-20 	1.2317953e-20 	2.8774204e-38
0.33885529 	0.063341075 	-0.015254923 	-1.1962001e-21 	-0.17951277 	-0.063344938 	9.0496026e-21 	1.2131252e-19 	4.3863955e-21 	4.5043256e-38
0.34244919 	0.062695541 	-0.015306081 	-3.6763308e-20 	-0.1795825 	-0.062699765 	1.3294043e-20 	2.0949624e-20 	-1.6770408e-21 	-4.8354172e-38
0.34608056 	0.062038879 	-0.015371654 	-1.0947879e-20 	-0.17966672 	-0.062043451 	-1.5534552e-21 	-1.4900788e-20 	4.0562361e-21 	-8.4260126e-39
0.34974981 	0.061369911 	-0.015451919 	-2.300395e-23 	-0.17976566 	-0.061374842 	8.5964929e-21 	1.5108926e-22 	4.7024295e-21 	-6.8714406e-39
0.35345733 	0.060687398 	-0.015547123 	-3.0837794e-22 	-0.17987962 	-0.060692677 	9.9464899e-21 	-5.3159612e-20 	-1.1784066e-20 	4.6632718e-40
0.35720351 	0.059990006 	-0.01565746 	1.184244e-20 	-0.18000873 	-0.05999564 	-1.1508833e-20 	-4.9298631e-20 	-1.5007918e-20 	5.9009671e-39
0.36098876 	0.059276325 	-0.015783079 	2.3595649e-21 	-0.18015321 	-0.059282292 	-6.1150393e-21 	3.6835771e-21 	-7.4306773e-21 	-1.0214241e-38
0.36481349 	0.058544833 	-0.015924049 	-2.6477715e-21 	-0.18031304 	-0.058551144 	6.2266557e-21 	-3.6139644e-20 	-1.2309728e-20 	7.8458695e-39
0.3686781 	0.057793943 	-0.016080369 	1.1919828e-20 	-0.1804883 	-0.057800569 	-7.2702351e-21 	-3.9732024e-20 	-2.0810409e-20 	1.557049e-38
0.37258302 	0.057021943 	-0.01625193 	-1.2841233e-20 	-0.18067879 	-0.057028892 	-1.7881854e-20 	7.0902434e-21 	-1.4569195e-20 	1.7769612e-39
0.37652866 	0.056227056 	-0.016438528 	-3.6056896e-20 	-0.18088438 	-0.056234288 	-1.3891902e-20 	-1.3225312e-20 	1.1630464e-20 	1.3715948e-39
0.38051546 	0.05540738 	-0.016639812 	8.9939898e-21 	-0.18110465 	-0.055414898 	-1.2609693e-20 	-3.0506879e-20 	2.7621796e-20 	-1.6381322e-38
0.38454383 	0.054560943 	-0.016855293 	5.0146527e-20 	-0.18133918 	-0.054568697 	-9.7779321e-21 	5.2069504e-20 	1.8986731e-20 	8.5882647e-39
0.38861421 	0.053685657 	-0.017084289 	2.4988145e-20 	-0.18158718 	-0.053693652 	5.4510578e-21 	1.0564416e-19 	-5.8124458e-22 	1.1660801e-38
0.39272704 	0.052779382 	-0.017325941 	-4.6675566e-21 	-0.18184791 	-0.052787549 	6.3542074e-21 	6.1177248e-20 	-1.4934732e-20 	-7.8222861e-39
0.39688276 	0.051839869 	-0.017579136 	-1.2342292e-20 	-0.18212012 	-0.051848205 	-4.4151028e-21 	5.5564099e-20 	-1.1949712e-20 	-2.1587358e-39
0.40108183 	0.050864839 	-0.017842527 	-1.6502031e-20 	-0.18240258 	-0.050873251 	1.2848038e-21 	4.4871486e-20 	-2.3752242e-22 	-6.6066404e-39
0.40532468 	0.049851922 	-0.018114439 	2.0918838e-21 	-0.1826935 	-0.049860411 	3.6433743e-21 	1.0566719e-20 	1.3755042e-21 	3.9704148e-39
0.40961179 	0.048798773 	-0.018392912 	7.5364968e-21 	-0.18299102 	-0.048807218 	3.6274735e-23 	4.3947755e-20 	-4.3552558e-21 	1.721857e-39
0.4139436 	0.047702994 	-0.018675569 	-2.4111782e-20 	-0.18329263 	-0.047711384 	1.0532683e-20 	4.3338646e-20 	5.4137833e-22 	4.9382795e-39
0.41832059 	0.04656226 	-0.018959676 	-3.0384416e-20 	-0.18359575 	-0.046570446 	1.6151905e-20 	-4.1285551e-20 	9.7331458e-21 	1.5864422e-38
0.42274323 	0.045374266 	-0.019241994 	3.589833e-21 	-0.18389695 	-0.04538224 	1.3176625e-21 	-8.2208939e-20 	1.0658836e-20 	-1.0491447e-38
0.427212 	0.044136879 	-0.019518858 	2.3164113e-20 	-0.18419274 	-0.04414445 	-4.1132651e-21 	-2.8051124e-20 	5.828789e-21 	-1.9618439e-38
0.43172736 	0.042848076 	-0.019785987 	9.2238083e-21 	-0.18447865 	-0.042855228 	7.544434e-21 	-1.6465708e-20 	-9.3537684e-21 	2.795127e-39
0.43628982 	0.041506127 	-0.020038614 	-7.1158647e-21 	-0.1847501 	-0.041512619 	4.5871994e-21 	-5.6119028e-20 	-1.838935e-20 	4.2666669e-40
0.44089986 	0.040109542 	-0.020271244 	-9.3829417e-21 	-0.18500137 	-0.040115362 	-5.985168e-21 	-4.2455596e-20 	-3.5386757e-21 	-1.5162565e-39
0.44555798 	0.038657301 	-0.020477857 	-2.2406924e-21 	-0.18522666 	-0.03866215 	-9.0662838e-21 	-1.8206736e-20 	1.0472762e-20 	-6.3687049e-39
0.45026468 	0.037148802 	-0.020651589 	9.6410138e-21 	-0.18541886 	-0.037152678 	-9.280566e-21 	1.4025805e-20 	1.5827034e-20 	-4.099234e-39
0.45502046 	0.035584134 	-0.020785048 	1.5511824e-20 	-0.18557081 	-0.035586666 	-4.8712298e-21 	4.196085e-20 	8.4567268e-21 	2.3062333e-39
0.45982584 	0.033964026 	-0.020869896 	5.5542957e-21 	-0.1856739 	-0.033965241 	1.1470743e-21 	4.3973474e-20 	-5.6716134e-21 	1.6549577e-39
0.46468134 	0.032290192 	-0.020897333 	-6.9967291e-21 	-0.18571958 	-0.03228964 	3.8202858e-21 	4.0930428e-20 	-2.1037032e-21 	3.8043547e-40
0.46958747 	0.030565264 	-0.020857535 	-7.3542668e-21 	-0.18569773 	-0.030563017 	4.9211411e-21 	3.4692591e-20 	6.7311494e-21 	5.5423661e-39
0.47454477 	0.028793195 	-0.020740406 	-6.6729509e-21 	-0.18559854 	-0.028788704 	6.5523838e-21 	8.7761487e-21 	4.7360299e-21 	-2.4817517e-40
0.47955377 	0.026979181 	-0.020534776 	-2.9637625e-21 	-0.1854105 	-0.026972601 	6.7451471e-22 	-4.4159796e-20 	7.3595825e-22 	-4.5554584e-40
0.48461501 	0.025130119 	-0.020229577 	1.0230854e-20 	-0.18512282 	-0.025120794 	-1.1191231e-20 	-1.5212234e-20 	2.3566333e-21 	2.0917647e-39
0.48972903 	0.023254521 	-0.019812655 	1.1976006e-20 	-0.18472303 	-0.023242729 	-9.0569283e-21 	9.5625809e-20 	7.245422e-21 	1.9066719e-39
0.49489639 	0.021362958 	-0.019272606 	-2.94655e-22 	-0.18419999 	-0.021347924 	3.0362809e-21 	1.161161e-19 	6.3973556e-21 	1.8819386e-39
0.50011763 	0.019467996 	-0.018596947 	-6.1027556e-21 	-0.18354089 	-0.019450181 	4.0907675e-21 	6.6369541e-20 	3.6303085e-21 	-3.8640918e-39
0.50539333 	0.017584531 	-0.017775001 	-5.2902381e-21 	-0.18273533 	-0.017563043 	1.9242413e-21 	5.7832125e-20 	6.105752e-21 	-1.1959652e-39
0.51072405 	0.015729824 	-0.016794926 	-2.1980319e-21 	-0.18177122 	-0.015705339 	3.7058385e-21 	3.3580825e-20 	6.9661426e-21 	-2.6194172e-40
0.51611036 	0.013923419 	-0.015648381 	3.3875508e-21 	-0.18064055 	-0.013894976 	1.0180882e-21 	2.1946572e-20 	2.9923232e-21 	1.9912636e-39
0.52155285 	0.012187603 	-0.014325376 	4.6435395e-22 	-0.1793333 	-0.012156007 	2.8928956e-21 	3.3199746e-20 	-1.1414827e-21 	-2.2434896e-39
0.52705209 	0.01054606 	-0.012822083 	-3.8257565e-21 	-0.1778466 	-0.010510605 	5.7455725e-21 	-3.7694198e-20 	-3.9609968e-21 	-3.4302994e-40
0.53260869 	0.0090257321 	-0.01113102 	2.925457e-22 	-0.17617364 	-0.0089867591 	2.1426146e-21 	-4.0147743e-20 	-3.4790281e-21 	6.6123573e-39
0.53822324 	0.0076519238 	-0.0092548754 	3.2051057e-22 	-0.17432198 	-0.0076101444 	3.7469924e-21 	-2.1184844e-20 	-1.5230153e-21 	1.2130509e-38
0.54389634 	0.0064541015 	-0.0071823064 	-3.2514818e-21 	-0.17228535 	-0.0064059734 	6.9639171e-21 	-8.5499006e-20 	-5.1629546e-22 	7.2194737e-39
0.54962861 	0.0054550384 	-0.0049176805 	-1.5489192e-21 	-0.17009425 	-0.005405433 	4.7626946e-21 	-1.4018611e-19 	-1.3343713e-21 	-4.2997914e-39
0.55542065 	0.0046684764 	-0.0024843396 	1.9188862e-21 	-0.16772459 	-0.0046237044 	-6.2448781e-22 	-9.574042e-20 	-1.3414841e-21 	-6.9444569e-40
0.5612731 	0.0041911446 	0.00010339075 	2.0929362e-21 	-0.16518913 	-0.0041759401 	-3.4652783e-21 	-3.6645724e-20 	7.1188492e-22 	2.7660383e-39
0.56718659 	0.0040956913 	0.0027420683 	1.0823412e-21 	-0.16254733 	-0.0040613756 	-3.0865352e-21 	-9.2679507e-20 	-4.1818432e-22 	-9.3314581e-40
0.57316175 	0.0042990066 	0.0054469469 	5.4823222e-22 	-0.15979244 	-0.0042345153 	-1.1803253e-21 	-1.3508644e-19 	-3.5333201e-21 	-2.4757973e-39
0.57919923 	0.0047969978 	0.0082627533 	-1.1751878e-21 	-0.15697937 	-0.0047567671 	-3.8084115e-22 	-9.8624893e-20 	-5.1058792e-21 	-9.5779557e-41
0.58529966 	0.00567022 	0.01111746 	-2.8075735e-21 	-0.15414022 	-0.0056411454 	4.4321497e-22 	-2.6025686e-20 	-3.6284046e-21 	1.287665e-39
0.59146372 	0.0069302637 	0.013966636 	-4.0118137e-21 	-0.15130985 	-0.0068995067 	3.0686142e-21 	4.8539487e-20 	3.7955333e-21 	-4.6116429e-40
0.59769207 	0.0085697162 	0.016766492 	-4.6480259e-21 	-0.14852982 	-0.0085399817 	4.0070622e-21 	1.1187746e-19 	1.0992428e-20 	2.5214235e-39
0.60398537 	0.010584461 	0.019471877 	-4.4325479e-21 	-0.14584484 	-0.010560533 	1.924877e-21 	1.329226e-19 	1.4377071e-20 	6.505986e-39
0.6103443 	0.012966696 	0.022038957 	-3.9589895e-21 	-0.14329869 	-0.01294947 	1.4957291e-21 	1.1655146e-19 	7.8056617e-21 	7.794804e-39
0.61676955 	0.015698589 	0.024426331 	-3.7664316e-21 	-0.14093283 	-0.015687322 	1.2080893e-20 	9.1691079e-20 	-2.5687614e-21 	1.1042734e-38
0.62326181 	0.018752977 	0.02659563 	-3.3124973e-21 	-0.1387857 	-0.018747353 	1.6711606e-20 	1.3089327e-19 	1.0470708e-20 	9.3819906e-39
0.62982178 	0.022095742 	0.028512727 	-2.0153562e-21 	-0.13689152 	-0.022095777 	1.3633411e-20 	1.7432894e-19 	2.8979957e-20 	9.1217402e-39
0.63645016 	0.025687092 	0.030149206 	8.9731226e-23 	-0.13527879 	-0.025692586 	7.9676229e-21 	1.766936e-19 	3.7993955e-20 	2.2833896e-38
0.64314767 	0.029482444 	0.031483495 	6.9990386e-21 	-0.13396916 	-0.029492903 	-2.0437126e-21 	1.792754e-19 	4.6890765e-20 	1.7423017e-38
0.64991502 	0.03343372 	0.032501537 	5.802467e-21 	-0.13297678 	-0.033448516 	-7.8364225e-21 	1.1139141e-19 	3.3364282e-20 	2.6261529e-39
0.65675295 	0.037491018 	0.033197094 	9.2177155e-22 	-0.13230796 	-0.037509478 	-5.3445758e-21 	5.6151867e-20 	1.5930809e-20 	1.0920547e-39
0.6636622 	0.041604295 	0.033571705 	7.4415167e-21 	-0.13196125 	-0.041625726 	7.7508838e-21 	3.7731636e-20 	1.1091835e-20 	-1.0431447e-38
0.6706435 	0.045724924 	0.033634299 	7.4909167e-21 	-0.13192778 	-0.045748629 	1.1983196e-20 	-1.8424598e-21 	6.0375954e-22 	-3.0080098e-38
0.67769761 	0.04980707 	0.033400485 	4.219874e-21 	-0.13219201 	-0.049832376 	1.1494212e-20 	-3.3141773e-20 	-1.1130346e-20 	-2.2116912e-38
0.68482528 	0.053808845 	0.032891594 	5.3491875e-21 	-0.13273266 	-0.053835132 	8.9332371e-21 	-4.6049571e-20 	-1.8661603e-20 	2.3452834e-39
0.6920273 	0.057693199 	0.032133553 	4.9740578e-21 	-0.13352385 	-0.057719919 	1.8493148e-21 	-5.1069713e-20 	-2.0601113e-20 	7.9286732e-39
0.69930442 	0.061428525 	0.031155662 	3.9964925e-21 	-0.13453631 	-0.061455209 	2.0654167e-22 	-4.3884797e-20 	-1.7516551e-20 	9.1177689e-39
0.70665743 	0.064988976 	0.029989372 	-2.6017054e-21 	-0.1357386 	-0.065015226 	-5.719473e-21 	8.8923811e-22 	-1.5311234e-21 	3.1578075e-38
0.71408713 	0.068354498 	0.028667105 	-1.0358274e-20 	-0.1370983 	-0.068379997 	-1.2710495e-20 	1.4765443e-20 	8.0217984e-21 	3.5305066e-38
0.72159431 	0.071510653 	0.027221192 	-4.7022855e-21 	-0.13858309 	-0.071535159 	-5.8334582e-21 	-7.0665562e-20 	-2.6529979e-20 	-1.7962394e-38
0.72917978 	0.074448254 	0.02568295 	7.340756e-21 	-0.14016162 	-0.074471585 	3.9235197e-21 	-1.2729074e-19 	-5.9351017e-20 	-1.721482e-38
0.73684436 	0.07716286 	0.02408193 	2.4732349e-21 	-0.14180432 	-0.077184885 	-6.2219664e-21 	-7.7694655e-20 	-4.2735837e-20 	-6.9484097e-39
0.74458888 	0.079654179 	0.022445344 	-1.5205455e-20 	-0.14348394 	-0.079674807 	-2.648565e-20 	-2.7409415e-20 	-1.4375386e-20 	5.169475e-39
0.75241416 	0.081925424 	0.020797671 	-1.8625055e-20 	-0.14517597 	-0.081944604 	-3.178961e-20 	4.7971095e-20 	3.6053205e-20 	1.7556421e-38
0.76032106 	0.083982681 	0.019160425 	5.0681094e-21 	-0.14685885 	-0.084000388 	-4.5971957e-21 	6.5210446e-20 	4.9586107e-20 	1.6406117e-39
0.76831041 	0.085834289 	0.017552062 	2.4923393e-20 	-0.14851407 	-0.085850515 	2.4439499e-20 	3.5117263e-21 	4.8029578e-21 	6.138742e-39
0.77638309 	0.087490276 	0.015988009 	8.6230016e-21 	-0.15012616 	-0.087505031 	2.2061217e-20 	-5.5721957e-20 	-3.8197167e-20 	-1.3629309e-39
0.78453995 	0.088961858 	0.014480775 	-1.455528e-20 	-0.15168257 	-0.088975168 	5.6998866e-21 	-1.423367e-19 	-8.0621808e-20 	-5.0566975e-41
0.79278189 	0.090261004 	0.01304013 	-1.4564e-20 	-0.15317347 	-0.090272908 	-1.7124704e-20 	-1.3415847e-19 	-6.9490736e-20 	2.4676814e-39
0.80110977 	0.091400066 	0.011673319 	7.776318e-22 	-0.15459157 	-0.091410617 	-3.886454e-20 	-2.6608099e-20 	-8.5993136e-21 	1.3562849e-38
0.80952451 	0.092391466 	0.010385303 	1.6462617e-20 	-0.15593187 	-0.092400724 	-3.7047971e-20 	1.5253174e-19 	8.6262214e-20 	4.9107858e-38
0.81802701 	0.093247436 	0.0091790266 	1.0151241e-20 	-0.15719138 	-0.093255469 	-1.4567932e-21 	2.5988377e-19 	1.370087e-19 	2.9969796e-39
0.82661818 	0.093979817 	0.0080556926 	-8.349032e-21 	-0.15836886 	-0.093986698 	3.1859572e-20 	1.6048261e-19 	8.5448771e-20 	-3.8743228e-38
0.83529894 	0.094599909 	0.0070150282 	-5.1996446e-21 	-0.15946453 	-0.09460571 	2.7379359e-20 	-2.2619016e-21 	3.1933823e-21 	2.7698791e-38
0.84407024 	0.095118371 	0.0060555469 	-4.974513e-21 	-0.16047986 	-0.09512316 	6.2304749e-21 	-4.8768196e-20 	-2.374877e-20 	3.2654035e-38
0.85293301 	0.095545153 	0.0051747894 	-1.8893179e-20 	-0.16141726 	-0.095549005 	-2.2621186e-21 	-5.7972204e-20 	-2.2380649e-20 	-2.160439e-39
0.86188821 	0.095889485 	0.0043695295 	-6.7337257e-21 	-0.16227993 	-0.095892474 	-6.1114964e-21 	-6.6457792e-20 	-1.7935708e-20 	-2.3734572e-38
0.87093681 	0.096159857 	0.003635934 	1.7822016e-20 	-0.16307169 	-0.096162073 	-8.5372641e-21 	-1.4574092e-20 	4.8604101e-21 	-4.1890016e-39
0.88007977 	0.096364078 	0.0029697334 	2.4728468e-20 	-0.16379676 	-0.096365568 	4.3850419e-21 	5.3826436e-20 	2.3376805e-20 	4.7837709e-38
0.88931809 	0.09650905 	0.0023662771 	1.4537191e-20 	-0.16445978 	-0.09651005 	1.7290424e-20 	6.6532685e-20 	9.0754368e-21 	1.8037899e-38
0.89865275 	0.09660146 	0.0018207346 	-2.2254002e-21 	-0.16506563 	-0.09660205 	5.9416587e-21 	7.7018467e-21 	-2.3168866e-20 	-2.5788798e-38
0.90808476 	0.096647362 	0.0013285211 	-9.114625e-21 	-0.16562148 	-0.096647437 	-8.7562583e-21 	-6.7211521e-21 	-1.4235321e-20 	-3.4513401e-39
0.91761514 	0.096651511 	0.00088465804 	-1.1596078e-20 	-0.16613192 	-0.096650823 	-5.1228212e-21 	-5.9442642e-21 	-2.4512384e-21 	6.2591518e-39
0.92724491 	0.096616337 	0.00048325515 	-1.0102182e-20 	-0.1665978 	-0.096615277 	-2.6604837e-21 	-1.2161779e-20 	5.0943008e-22 	-7.1270293e-39
0.93697511 	0.09654407 	0.00011892646 	-2.9223578e-21 	-0.16702426 	-0.096543355 	-4.4639923e-21 	1.3090715e-20 	1.5271028e-20 	-1.9395511e-38
0.94680679 	0.096438728 	-0.0002123789 	-2.6682609e-21 	-0.16741803 	-0.096437883 	1.0691708e-20 	1.9457908e-20 	2.0386957e-20 	-4.9296251e-39
0.956741 	0.096302699 	-0.00051416258 	-9.2691747e-21 	-0.16778272 	-0.096301426 	3.5764377e-20 	-8.3357314e-20 	-3.3865991e-20 	2.4377526e-38
0.96677881 	0.096136979 	-0.00078964706 	-1.2397052e-20 	-0.16812186 	-0.096135542 	2.7725457e-20 	-2.5135483e-19 	-1.2446312e-19 	2.3892902e-38
0.97692131 	0.095942568 	-0.0010414971 	1.3996712e-20 	-0.16843808 	-0.095940981 	-3.5331269e-20 	-2.7380552e-19 	-1.3873173e-19 	3.0667754e-38
0.98716958 	0.095720133 	-0.0012717228 	3.8458345e-20 	-0.16873345 	-0.095718326 	-6.6943209e-20 	6.2424688e-20 	1.9736279e-20 	2.9604503e-39
0.99752474 	0.095470309 	-0.0014816459 	6.0937583e-21 	-0.16900923 	-0.095468269 	-1.6328866e-20 	2.7297379e-19 	1.2122504e-19 	-1.6819091e-38
1.0079879 	0.095193985 	-0.0016719727 	-2.7503849e-20 	-0.16926614 	-0.095191704 	3.1267796e-20 	1.389226e-19 	7.3644691e-20 	-1.8313544e-38
1.0185602 	0.094892414 	-0.0018429575 	-8.2537128e-21 	-0.16950432 	-0.094889896 	4.0141855e-20 	-5.867432e-20 	-1.5280729e-20 	-8.6888838e-39
1.0292427 	0.094567288 	-0.001994614 	2.3482824e-20 	-0.16972379 	-0.094564556 	1.6741613e-20 	-1.7146584e-19 	-9.6512627e-20 	-1.1225779e-38
1.0400366 	0.094220756 	-0.0021269335 	1.2136717e-20 	-0.16992442 	-0.094217871 	1.3792195e-21 	-1.1775549e-19 	-9.099794e-20 	6.2111066e-38
1.0509431 	0.093855333 	-0.0022400798 	-2.2431234e-20 	-0.17010638 	-0.093852361 	1.603865e-20 	-1.8204281e-19 	-1.0916111e-19 	1.0005909e-37
1.0619634 	0.093473732 	-0.0023344897 	-1.242797e-20 	-0.17027002 	-0.09347072 	-2.1543197e-21 	-3.1192114e-19 	-1.5191345e-19 	-3.5734807e-38
1.0730985 	0.093078672 	-0.0024108744 	1.6741959e-20 	-0.17041612 	-0.093075655 	-3.0973418e-20 	-1.7941103e-19 	-8.5387461e-20 	-4.7777266e-38
1.0843498 	0.092672778 	-0.0024701716 	6.6994082e-21 	-0.17054556 	-0.092669783 	-1.3636482e-20 	-1.1512614e-20 	-6.5006706e-21 	3.7755462e-38
1.0957185 	0.092258529 	-0.0025134877 	-1.1392843e-20 	-0.17065952 	-0.092255573 	-3.0891314e-22 	-2.8862533e-20 	-7.451599e-21 	4.1628501e-38
1.1072057 	0.091838233 	-0.0025420644 	-1.4946151e-20 	-0.17075917 	-0.091835341 	1.0054087e-20 	4.9558561e-21 	1.9845329e-20 	-5.2746262e-38
1.1188127 	0.091413998 	-0.0025572633 	-1.594238e-20 	-0.17084594 	-0.0914112 	3.8721164e-20 	-9.0089278e-20 	-2.4642191e-20 	-5.9515153e-38
1.1305407 	0.090987686 	-0.0025605184 	1.4144838e-21 	-0.17092122 	-0.090984999 	1.700463e-20 	-2.8336168e-19 	-1.2835968e-19 	-8.581627e-40
1.1423911 	0.090560878 	-0.0025532525 	2.0630033e-20 	-0.17098651 	-0.090558296 	-2.8460851e-20 	-1.8992187e-19 	-9.7694869e-20 	-7.9415554e-39
1.1543651 	0.090134897 	-0.0025368003 	1.6149513e-20 	-0.17104309 	-0.090132413 	-1.9980297e-20 	-3.190891e-21 	-1.3606048e-20 	-1.4599446e-38
1.1664639 	0.089710892 	-0.0025123808 	6.5760479e-21 	-0.17109227 	-0.089708497 	1.2293472e-20 	-1.0073565e-20 	-1.9572682e-20 	-1.5457095e-39
1.1786889 	0.089289895 	-0.002481136 	-4.0316063e-21 	-0.17113509 	-0.089287607 	1.9209466e-20 	-1.3196534e-19 	-8.0051928e-20 	3.2575951e-38
1.1910414 	0.088872837 	-0.0024441956 	-1.3592703e-20 	-0.17117274 	-0.088870689 	4.5225024e-22 	-2.0418391e-19 	-1.0604989e-19 	5.1750622e-39
1.2035227 	0.088460476 	-0.0024026839 	-6.0491383e-21 	-0.17120629 	-0.088458479 	-1.8504976e-20 	-1.344638e-19 	-6.2423234e-20 	-4.4126196e-38
1.2161342 	0.088053342 	-0.0023576552 	3.6478365e-21 	-0.17123688 	-0.088051483 	-9.8235067e-21 	-1.5859696e-20 	-3.9768216e-21 	-7.7341633e-39
1.2288773 	0.087651748 	-0.0023100286 	-4.6834608e-22 	-0.17126539 	-0.087650015 	1.4728155e-20 	-4.554408e-20 	-1.7789901e-20 	8.4317811e-38
1.2417532 	0.087255872 	-0.002260549 	-7.4905568e-22 	-0.17129264 	-0.087254243 	6.9094507e-21 	-1.8447415e-19 	-7.8591414e-20 	6.6547779e-38
1.2547634 	0.086865825 	-0.0022097866 	5.7281995e-21 	-0.17131913 	-0.086864287 	-2.0344671e-20 	-1.1578063e-19 	-4.3600499e-20 	-2.7495698e-38
1.2679093 	0.086481726 	-0.0021582065 	-3.785002e-21 	-0.17134538 	-0.0864803 	-1.3708415e-20 	5.4405435e-20 	3.7130145e-20 	-5.7954859e-38
1.2811922 	0.086103699 	-0.0021062582 	-1.4584487e-20 	-0.17137174 	-0.086102409 	3.2976653e-21 	7.5033161e-20 	5.1755309e-20 	-4.2527061e-38
1.2946137 	0.085731799 	-0.0020543769 	4.8355744e-21 	-0.17139875 	-0.085730632 	-6.2465097e-21 	7.8200256e-20 	5.0467718e-20 	-9.004537e-39
1.3081752 	0.085365948 	-0.0020029187 	2.2599754e-20 	-0.17142671 	-0.085364888 	-8.1753704e-21 	1.8082311e-19 	8.1380485e-20 	1.8106235e-38
1.3218781 	0.085005996 	-0.0019520975 	2.9827987e-21 	-0.17145594 	-0.08500501 	1.9337025e-20 	1.6798626e-19 	6.6426484e-20 	-4.0430499e-41
1.335724 	0.08465182 	-0.0019019785 	-2.1410071e-20 	-0.17148641 	-0.084650891 	3.2404997e-20 	-3.6811704e-20 	-2.5533202e-20 	2.0030707e-38
1.3497142 	0.084303434 	-0.0018526253 	-1.9526458e-20 	-0.17151822 	-0.084302615 	7.2972341e-21 	-2.0499842e-19 	-9.7444272e-20 	7.9499085e-38
1.3638503 	0.083960909 	-0.0018042382 	5.5793576e-21 	-0.17155148 	-0.08396023 	-4.0094189e-20 	-1.535132e-19 	-6.9865474e-20 	1.0871227e-37
1.3781338 	0.083624181 	-0.0017570432 	2.7992176e-20 	-0.17158655 	-0.08362359 	-5.5735628e-20 	2.1239475e-19 	9.1275449e-20 	5.1489565e-38
1.3925664 	0.083293058 	-0.0017111777 	1.3934902e-20 	-0.17162351 	-0.083292541 	-3.7929333e-21 	4.1467437e-19 	1.7627693e-19 	-9.0741395e-38
1.4071494 	0.082967352 	-0.0016667574 	-1.2347828e-20 	-0.17166253 	-0.082966927 	3.315689e-20 	1.4257273e-19 	5.8276824e-20 	-1.3275522e-37
1.4218845 	0.082646849 	-0.0016238429 	-7.6338671e-21 	-0.17170362 	-0.082646459 	9.3250266e-21 	-3.9549005e-20 	-2.2168332e-20 	-1.5321959e-38
1.4367733 	0.082331352 	-0.0015823968 	9.1128081e-21 	-0.17174683 	-0.082330999 	-1.378736e-21 	2.1140391e-20 	-3.4562801e-21 	4.3862234e-38
1.4518173 	0.08202077 	-0.0015425549 	9.5623869e-21 	-0.1717921 	-0.082020598 	3.0481347e-21 	-3.6157045e-20 	-3.7492873e-20 	3.7912799e-39
1.4670183 	0.081714845 	-0.0015045962 	-6.4218642e-21 	-0.17183992 	-0.08171479 	3.882872e-21 	-4.9481241e-20 	-3.5373662e-20 	8.9078395e-38
1.4823778 	0.081412932 	-0.0014683585 	-2.422357e-20 	-0.17189021 	-0.08141276 	2.3344205e-20 	-1.7639143e-19 	-6.2055277e-20 	4.9852438e-38
1.4978975 	0.08111458 	-0.0014332828 	-1.5156142e-20 	-0.17194233 	-0.081114368 	8.806487e-21 	-3.9266087e-19 	-1.4786585e-19 	-9.8279162e-38
1.513579 	0.080819914 	-0.0013990478 	1.3822129e-20 	-0.17199574 	-0.080819816 	-3.3970823e-20 	-1.8788367e-19 	-7.5533299e-20 	-2.5986983e-38
1.529424 	0.080529134 	-0.0013654897 	1.7006135e-20 	-0.17205054 	-0.080529007 	-3.8150667e-20 	1.5314199e-19 	5.7918173e-20 	4.078762e-39
1.5454344 	0.080242393 	-0.0013323493 	-3.1165055e-21 	-0.17210635 	-0.080242211 	-2.8175737e-20 	2.9960673e-19 	1.2924607e-19 	-9.044559e-40
1.5616116 	0.079960189 	-0.0012999048 	-3.6238873e-21 	-0.17216325 	-0.0799603 	-2.8169317e-20 	4.6093009e-19 	2.1889907e-19 	1.1946767e-37
1.5779576 	0.079682745 	-0.0012692063 	8.1597863e-21 	-0.17222237 	-0.079683205 	-1.3144299e-20 	6.4204069e-19 	2.9611771e-19 	1.079858e-37
1.5944741 	0.079409086 	-0.0012408174 	6.483847e-21 	-0.17228482 	-0.079409417 	1.1697693e-20 	6.3744453e-19 	2.831512e-19 	-5.3936912e-38
1.6111628 	0.079137844 	-0.0012141169 	1.0353517e-21 	-0.17234981 	-0.079137924 	2.8884143e-20 	4.7833073e-19 	2.0798801e-19 	-1.6300613e-37
1.6280256 	0.078868617 	-0.0011881937 	-6.0232454e-21 	-0.17241619 	-0.078868671 	4.174195e-20 	1.8644781e-19 	7.8335915e-20 	-5.7572468e-38
1.6450642 	0.078601764 	-0.0011623191 	-9.5636774e-21 	-0.17248324 	-0.078601715 	3.1758862e-20 	-1.9118979e-19 	-7.6650494e-20 	4.2820062e-38
1.6622805 	0.078337992 	-0.0011359064 	1.7039176e-21 	-0.17255038 	-0.078337836 	-6.84603e-21 	-2.7958638e-19 	-1.1025664e-19 	-5.5006011e-38
1.6796764 	0.078078515 	-0.0011093591 	6.9192516e-21 	-0.1726176 	-0.078078735 	-1.3917089e-20 	-1.0051751e-20 	-5.100165e-21 	-2.3754671e-38
1.6972537 	0.07782413 	-0.0010846945 	-8.8633655e-22 	-0.17268699 	-0.077825082 	1.470755e-20 	3.4054129e-21 	-4.1533331e-21 	6.2913972e-38
1.7150143 	0.077573384 	-0.0010636936 	-7.8547254e-21 	-0.17276116 	-0.077574363 	2.4694155e-20 	-2.1813082e-19 	-9.6642967e-20 	4.3099972e-38
1.7329601 	0.077323206 	-0.0010455205 	-7.2557885e-21 	-0.17283968 	-0.077323473 	1.4221617e-21 	-3.6988885e-19 	-1.5700368e-19 	-2.0060017e-38
1.7510931 	0.077072065 	-0.0010276007 	2.9136883e-21 	-0.17291921 	-0.077071901 	-3.0427205e-20 	-2.1030525e-19 	-8.2221266e-20 	-5.9474029e-38
1.7694152 	0.076821093 	-0.0010078831 	3.757829e-21 	-0.17299733 	-0.076820847 	-9.5747391e-21 	1.2890238e-19 	6.2588314e-20 	7.657166e-39
1.7879284 	0.076572578 	-0.00098539539 	-5.4339036e-21 	-0.17307315 	-0.076572203 	2.7427379e-20 	-2.1450123e-20 	-9.4600256e-21 	6.7500182e-38
1.8066346 	0.076329171 	-0.0009608268 	-2.3308329e-21 	-0.17314699 	-0.07632926 	1.2055754e-20 	-2.577077e-19 	-1.2518989e-19 	9.7602018e-38
1.825536 	0.076092854 	-0.00093797932 	9.9433708e-21 	-0.17322226 	-0.076094397 	-2.6390905e-20 	-2.1327212e-19 	-1.171912e-19 	1.6472268e-38
1.8446344 	0.07586159 	-0.00092094793 	1.007794e-20 	-0.17330477 	-0.075863385 	-3.5975093e-20 	7.9212383e-20 	9.3497714e-21 	-1.1446367e-37
1.8639321 	0.075629503 	-0.00090871647 	-4.9595653e-21 	-0.17339457 	-0.075629807 	1.717178e-21 	2.2131691e-19 	8.4042279e-20 	-5.9734034e-38
1.883431 	0.075393335 	-0.00089634845 	-5.030578e-21 	-0.1734852 	-0.075392672 	1.5020979e-20 	-9.3427441e-20 	-3.9094565e-20 	-2.7276987e-38
1.9031332 	0.075155442 	-0.00088023833 	7.8544233e-21 	-0.17357196 	-0.075154889 	-2.555403e-21 	-1.1460269e-19 	-5.4883947e-20 	2.3741907e-38
1.9230409 	0.074920161 	-0.00085934938 	-8.596054e-23 	-0.17365424 	-0.074919577 	2.8084408e-20 	-1.3049355e-19 	-6.148775e-20 	1.1558033e-37
1.9431562 	0.074691462 	-0.0008348376 	-9.4286227e-21 	-0.17373295 	-0.074691334 	3.2189862e-20 	-6.8048619e-19 	-2.869966e-19 	8.7485631e-38
1.9634814 	0.074472385 	-0.00081242601 	-1.6859493e-21 	-0.17381283 	-0.074474518 	-1.3326705e-20 	-6.8938385e-19 	-2.9707957e-19 	-1.1616193e-40
1.9840185 	0.074260233 	-0.00079905479 	3.7036974e-21 	-0.17390337 	-0.074263049 	-3.02363e-20 	-3.8978436e-19 	-1.7942007e-19 	-1.1823039e-37
2.0047697 	0.074045674 	-0.00079388144 	3.9655184e-21 	-0.17400574 	-0.074046218 	-4.2089796e-20 	-1.1991979e-19 	-5.9585713e-20 	-4.6993522e-38
2.0257374 	0.073822743 	-0.00078915416 	-3.2311368e-22 	-0.17410993 	-0.073821571 	-1.8184166e-20 	3.3707614e-19 	1.4847735e-19 	8.1323447e-38
2.0469238 	0.073594628 	-0.00077896247 	-3.0748286e-21 	-0.17420797 	-0.073593745 	2.0994328e-20 	1.7918963e-19 	8.6768226e-20 	-2.5462045e-38
2.0683311 	0.073367873 	-0.00076190564 	-1.1465935e-22 	-0.17429908 	-0.073367215 	1.7832432e-20 	-4.3556653e-20 	-1.2787812e-20 	-6.4526019e-38
2.0899616 	0.073147596 	-0.0007387226 	-3.1819428e-21 	-0.17438452 	-0.073146858 	1.2181869e-20 	-1.2422038e-19 	-4.8981502e-20 	1.7850349e-38
2.1118178 	0.072938405 	-0.00071525378 	-5.1973908e-21 	-0.17446814 	-0.07294025 	-3.0208665e-21 	-2.2585001e-19 	-9.3040588e-20 	3.206397e-39
2.1339019 	0.072739571 	-0.00070166206 	2.1435822e-21 	-0.17456231 	-0.072743414 	-2.3382758e-20 	-5.0181123e-20 	-1.9749584e-20 	3.7690925e-39
2.1562163 	0.072540022 	-0.00070030914 	7.6593402e-21 	-0.17467325 	-0.072541567 	-1.855286e-20 	2.1648416e-19 	8.5304832e-20 	3.3061248e-38
2.1787634 	0.072329034 	-0.0007019199 	4.1271731e-21 	-0.17478999 	-0.072327479 	1.0963539e-20 	3.1201749e-19 	1.1618616e-19 	2.6129383e-39
2.2015456 	0.072108242 	-0.0006967625 	-9.8329073e-22 	-0.17489901 	-0.072106609 	3.2549146e-20 	-2.6643167e-20 	-2.4053616e-20 	1.3797939e-38
2.2245655 	0.071886802 	-0.00068209666 	-2.0338081e-21 	-0.17499753 	-0.071885982 	2.5178621e-20 	-4.0418873e-19 	-1.7711291e-19 	5.2126326e-38
2.2478254 	0.071671996 	-0.0006579752 	-3.0288741e-21 	-0.17508763 	-0.071670368 	3.5249659e-21 	-6.2424534e-19 	-2.5979525e-19 	-3.2038085e-39
2.2713279 	0.071470675 	-0.00062972391 	-4.3625768e-21 	-0.17517141 	-0.071471823 	-1.295593e-20 	-5.2666001e-19 	-2.1504667e-19 	-4.0086437e-38
2.2950755 	0.07128559 	-0.00061221317 	-1.9710736e-21 	-0.17526464 	-0.071291084 	-1.6151518e-20 	-3.4038169e-19 	-1.4066159e-19 	-2.271183e-38
2.3190708 	0.071103505 	-0.00061330178 	2.7494093e-21 	-0.17538241 	-0.071106698 	-1.4711016e-20 	-1.6128624e-19 	-7.2356804e-20 	-1.8359373e-38
2.3433163 	0.070905964 	-0.00062106173 	4.5944659e-21 	-0.17551222 	-0.070903575 	-1.6878952e-20 	-8.3158647e-20 	-3.8804797e-20 	-3.9600036e-38
2.3678147 	0.070692482 	-0.00061982345 	3.9356439e-21 	-0.17563124 	-0.070689744 	-3.116104e-20 	1.291428e-19 	5.5092814e-20 	7.1497659e-38
2.3925686 	0.070476716 	-0.0006059004 	-6.9179768e-22 	-0.17573487 	-0.070476123 	-1.2972371e-20 	6.0343171e-19 	2.5755848e-19 	1.0733427e-37
2.4175806 	0.070267983 	-0.00057859229 	-7.4580331e-21 	-0.17582761 	-0.070265269 	3.0110167e-20 	4.6072029e-19 	2.0488613e-19 	-5.8941436e-38
2.4428535 	0.070075714 	-0.00054035034 	-4.9268175e-21 	-0.17590671 	-0.070075035 	2.5392612e-20 	4.6597705e-20 	2.0800207e-20 	4.3807125e-38
2.4683899 	0.069907126 	-0.00051107169 	5.0786714e-21 	-0.17599245 	-0.069914659 	-1.2527652e-20 	1.607677e-20 	-2.0164335e-20 	9.236168e-38
2.4941927 	0.06974655 	-0.00050592363 	8.5362749e-21 	-0.17610816 	-0.069752344 	-2.5666336e-20 	3.2214845e-19 	9.4829433e-20 	-9.4558024e-38
2.5202646 	0.06956863 	-0.00050681418 	2.6481484e-21 	-0.17623637 	-0.069564284 	-3.1799741e-21 	4.4051045e-19 	1.5788496e-19 	-7.2160831e-38
2.5466083 	0.069371467 	-0.00048708244 	-3.3319029e-21 	-0.17634285 	-0.069365958 	1.3553258e-20 	2.3721723e-19 	8.837202e-20 	-1.9455991e-38
2.5732268 	0.069174156 	-0.00043927078 	-3.4069895e-21 	-0.17641569 	-0.069174449 	7.3267839e-21 	3.8148814e-20 	1.173615e-20 	-3.7545666e-38
2.6001229 	0.069000934 	-0.00035918189 	5.4355699e-22 	-0.17646078 	-0.068993994 	-2.3758307e-21 	1.0385155e-20 	7.1350127e-22 	-1.4606093e-38
2.6272996 	0.068850074 	-0.00023814845 	7.9752826e-22 	-0.17645603 	-0.068850361 	-9.1254789e-22 	5.8742995e-20 	2.470723e-20 	1.2100314e-38
2.6547596 	0.068782901 	-9.5256653e-05 	-2.9597962e-21 	-0.17642207 	-0.068782756 	1.0753264e-20 	-1.7223646e-20 	2.0992844e-21 	6.7362524e-39
2.682506 	0.06872505 	5.6370759e-05 	-9.5331957e-22 	-0.17638623 	-0.068748284 	9.4043106e-21 	-2.6804624e-19 	-9.6153909e-20 	-3.8358219e-39
2.7105418 	0.068795565 	0.00024894455 	1.8703961e-21 	-0.17631875 	-0.068752655 	-5.6690048e-21 	-2.7022115e-19 	-1.0178331e-19 	-2.0947439e-39
2.7388699 	0.068761952 	0.00051448483 	-2.1788185e-21 	-0.17614557 	-0.068836555 	-9.2414031e-21 	-1.6808824e-20 	-9.7537798e-21 	-1.272456e-38
2.7674935 	0.069256568 	0.00082777897 	-2.7015963e-21 	-0.17590705 	-0.069125811 	-2.8270063e-21 	6.5473413e-20 	2.8077422e-20 	1.0806341e-38
2.7964157 	0.069273655 	0.0011019936 	2.4482394e-21 	-0.17572142 	-0.06959008 	-5.5499606e-21 	-3.432771e-20 	-2.6965192e-21 	5.8460922e-38
2.8256394 	0.071248564 	0.0011981929 	4.2712763e-21 	-0.17562435 	-0.070341983 	-1.6096892e-20 	1.4169869e-19 	6.8572348e-20 	6.6629204e-38
2.8551679 	0.067197026 	0.00076667255 	2.146448e-21 	-0.176051 	-0.071154925 	-1.4822457e-20 	4.6764479e-19 	1.9808321e-19 	3.8833277e-38
2.8850044 	0.049482793 	8.11259e-05 	3.1123087e-22 	-0.17648119 	-0.070414724 	3.0294855e-21 	5.1281939e-19 	2.1343438e-19 	-7.5013006e-39
