-0.046805254 	5.4000306 	0.00046753688 	3.1544221e-23
-0.040820451 	5.4001307 	0.0013939206 	2.8516417e-22
-0.035593767 	5.400303 	0.0022110423 	5.2005764e-22
-0.031029167 	5.4005254 	0.002913326 	4.557292e-22
-0.027042782 	5.4007688 	0.0035149994 	2.9838111e-22
-0.023561368 	5.4010176 	0.0040295241 	2.7295901e-22
-0.020520958 	5.4012627 	0.0044690936 	1.7768708e-22
-0.017865688 	5.4014977 	0.0048445345 	-1.0505377e-22
-0.015546772 	5.4017186 	0.0051653182 	-2.1475843e-22
-0.013521602 	5.401923 	0.0054396225 	5.4636133e-24
-0.011752967 	5.4021101 	0.0056744389 	1.0796704e-22
-0.010208373 	5.4022798 	0.0058757077 	-9.9061441e-24
-0.0088594378 	5.4024329 	0.0060484571 	-1.4787338e-23
-0.0076813777 	5.4025702 	0.0061969343 	1.2091142e-23
-0.006652547 	5.4026927 	0.0063247241 	-9.5873788e-23
-0.0057540422 	5.4028017 	0.0064348526 	-9.0089051e-23
-0.0049693545 	5.4028984 	0.0065298764 	1.1111957e-22
-0.0042840662 	5.402984 	0.0066119579 	1.2703113e-22
-0.003685586 	5.4030596 	0.0066829291 	-5.0855002e-23
-0.0031629175 	5.4031263 	0.0067443445 	-2.3651465e-23
-0.0027064575 	5.403185 	0.0067975246 	7.3074741e-23
-0.0023078191 	5.4032366 	0.0068435931 	-4.0382406e-23
-0.0019596776 	5.4032819 	0.0068835064 	-1.3052124e-22
-0.0016556366 	5.4033218 	0.0069180799 	-5.6083935e-23
-0.0013901097 	5.4033567 	0.0069480131 	4.6060662e-23
-0.001158218 	5.4033873 	0.006973909 	4.9772079e-23
-0.000955701 	5.4034142 	0.0069962912 	-4.8217624e-24
-0.00077883757 	5.4034377 	0.0070156186 	1.0873168e-23
-0.00062437811 	5.4034583 	0.0070322956 	2.6895774e-23
-0.00048948463 	5.4034763 	0.0070466808 	-1.9091579e-23
-0.00037167862 	5.403492 	0.0070590923 	-3.4878106e-23
-0.00026879555 	5.4035058 	0.0070698116 	-6.2433527e-24
-0.00017894507 	5.4035179 	0.0070790865 	-9.124269e-24
-0.0001004763 	5.4035284 	0.007087133 	-2.6438738e-23
-3.1947465e-05 	5.4035377 	0.0070941887 	-7.5861625e-24
2.9991242e-05 	5.4035462 	0.00710061 	1.8374184e-23
9.0286504e-05 	5.4035543 	0.0071068057 	2.3602086e-23
0.00015121058 	5.4035625 	0.0071130259 	9.6477771e-24
0.00021277004 	5.4035707 	0.0071193313 	4.6467071e-24
0.0002749715 	5.4035791 	0.0071257224 	8.0457267e-24
0.00033782165 	5.4035875 	0.0071321994 	-9.7945039e-24
0.00040132727 	5.4035961 	0.0071387627 	-2.3546266e-23
0.00046549519 	5.4036047 	0.0071454126 	-4.6430946e-24
0.00053033231 	5.4036134 	0.0071521495 	1.9916828e-23
0.00059584562 	5.4036223 	0.0071589736 	8.8629183e-24
0.00066204216 	5.4036312 	0.0071658853 	-7.1801054e-24
0.00072892907 	5.4036402 	0.0071728848 	-7.1820271e-24
0.00079651354 	5.4036494 	0.0071799725 	-1.3587796e-23
0.00086480285 	5.4036586 	0.0071871486 	-1.2211401e-23
0.00093380434 	5.403668 	0.0071944133 	-7.0290054e-25
0.0010035254 	5.4036774 	0.007201767 	1.002425e-23
0.0010739737 	5.403687 	0.0072092099 	2.4728584e-23
0.0011451566 	5.4036966 	0.0072167422 	1.9060871e-23
0.0012170819 	5.4037064 	0.0072243643 	-1.5567262e-23
0.0012897573 	5.4037163 	0.0072320762 	-2.9868281e-23
0.0013631906 	5.4037263 	0.0072398783 	-1.3861161e-23
0.0014373898 	5.4037364 	0.0072477709 	1.8125404e-24
0.0015123628 	5.4037467 	0.007255754 	4.4852528e-24
0.0015881177 	5.403757 	0.0072638281 	-2.0624504e-24
0.0016646626 	5.4037675 	0.0072719932 	-1.9618988e-23
0.0017420058 	5.4037781 	0.0072802496 	-2.3739191e-23
0.0018201557 	5.4037888 	0.0072885975 	8.0463623e-24
0.0018991205 	5.4037997 	0.0072970372 	5.0944754e-23
0.0019789089 	5.4038106 	0.0073055689 	4.2643865e-23
0.0020595294 	5.4038217 	0.0073141928 	-1.1463432e-23
0.0021409906 	5.4038329 	0.0073229091 	-2.1140468e-23
0.0022233015 	5.4038443 	0.007331718 	-4.3949031e-24
0.0023064707 	5.4038558 	0.0073406197 	3.0118881e-25
0.0023905073 	5.4038674 	0.0073496145 	-3.8895042e-24
0.0024754204 	5.4038791 	0.0073587026 	-2.5292606e-23
0.0025612189 	5.403891 	0.0073678842 	-1.0856013e-23
0.0026479123 	5.403903 	0.0073771595 	3.0133536e-23
0.0027355098 	5.4039152 	0.0073865287 	3.5019575e-23
0.0028240209 	5.4039275 	0.0073959921 	5.2293135e-24
0.002913455 	5.40394 	0.0074055498 	-3.9822593e-23
0.0030038219 	5.4039525 	0.0074152022 	-2.7810393e-23
0.0030951311 	5.4039653 	0.0074249493 	2.1684577e-23
0.0031873927 	5.4039782 	0.0074347915 	2.6261656e-23
0.0032806164 	5.4039912 	0.007444729 	1.1708997e-23
0.0033748124 	5.4040044 	0.0074547619 	-6.9686094e-24
0.0034699907 	5.4040177 	0.0074648906 	9.6858931e-25
0.0035661616 	5.4040312 	0.0074751151 	3.098818e-23
0.0036633356 	5.4040449 	0.0074854358 	1.8069522e-23
0.0037615229 	5.4040587 	0.0074958529 	-3.7684852e-23
0.0038607342 	5.4040727 	0.0075063666 	-5.1125996e-23
0.0039609802 	5.4040868 	0.0075169771 	7.9650754e-24
0.0040622717 	5.4041011 	0.0075276847 	1.7898062e-23
0.0041646195 	5.4041156 	0.0075384895 	-1.8110913e-23
0.0042680347 	5.4041303 	0.0075493918 	-1.0621448e-23
0.0043725284 	5.4041451 	0.0075603919 	1.9790564e-23
0.0044781119 	5.4041601 	0.0075714899 	3.0968304e-23
0.0045847965 	5.4041752 	0.007582686 	-6.9643312e-24
0.0046925938 	5.4041906 	0.0075939805 	-5.3911845e-23
0.0048015152 	5.4042061 	0.0076053736 	-3.6423929e-23
0.0049115726 	5.4042218 	0.0076168655 	1.9791973e-23
0.0050227778 	5.4042377 	0.0076284564 	4.397088e-23
0.0051351427 	5.4042538 	0.0076401466 	4.0052983e-23
0.0052486795 	5.4042701 	0.0076519362 	1.1482175e-23
0.0053634003 	5.4042865 	0.0076638254 	-3.5169893e-23
0.0054793176 	5.4043032 	0.0076758145 	-5.6058197e-23
0.0055964437 	5.4043201 	0.0076879036 	-2.1791828e-23
0.0057147914 	5.4043371 	0.007700093 	1.4413452e-23
0.0058343733 	5.4043544 	0.0077123827 	-3.0462395e-24
0.0059552024 	5.4043718 	0.0077247731 	4.6082809e-24
0.0060772915 	5.4043895 	0.0077372642 	4.3500138e-23
0.006200654 	5.4044074 	0.0077498563 	3.3018948e-23
0.0063253029 	5.4044255 	0.0077625495 	-1.9459929e-23
0.0064512519 	5.4044438 	0.0077753439 	-2.6739075e-23
0.0065785143 	5.4044623 	0.0077882398 	3.4832044e-23
0.006707104 	5.4044811 	0.0078012373 	5.2557563e-23
0.0068370347 	5.4045 	0.0078143364 	4.0995736e-23
0.0069683205 	5.4045192 	0.0078275374 	6.2003849e-23
0.0071009754 	5.4045387 	0.0078408403 	6.6619614e-24
0.0072350138 	5.4045583 	0.0078542453 	-8.6843321e-23
0.0073704501 	5.4045782 	0.0078677524 	-1.1475934e-22
0.0075072989 	5.4045984 	0.0078813618 	-5.6706742e-23
0.0076455748 	5.4046187 	0.0078950734 	6.940555e-23
0.0077852928 	5.4046394 	0.0079088875 	7.1488134e-23
0.007926468 	5.4046602 	0.007922804 	-4.5355616e-23
0.0080691154 	5.4046813 	0.007936823 	-7.0778553e-23
0.0082132505 	5.4047027 	0.0079509444 	-2.0413692e-23
0.0083588888 	5.4047243 	0.0079651684 	-5.9215538e-24
0.008506046 	5.4047462 	0.0079794949 	-2.2752279e-23
0.0086547378 	5.4047684 	0.0079939239 	-1.0531802e-23
0.0088049804 	5.4047908 	0.0080084553 	3.1992113e-23
0.0089567898 	5.4048134 	0.0080230892 	4.8814689e-23
0.0091101825 	5.4048364 	0.0080378254 	3.1059808e-23
0.0092651749 	5.4048596 	0.0080526638 	9.1069261e-24
0.0094217836 	5.4048831 	0.0080676044 	-8.4324613e-24
0.0095800257 	5.4049069 	0.0080826471 	1.8075504e-23
0.0097399181 	5.404931 	0.0080977916 	2.2308472e-23
0.009901478 	5.4049554 	0.0081130378 	-3.5449019e-23
0.010064723 	5.40498 	0.0081283856 	-2.9553633e-23
0.01022967 	5.405005 	0.0081438347 	-1.2347943e-23
0.010396337 	5.4050303 	0.0081593849 	-2.5980888e-23
0.010564743 	5.4050558 	0.0081750359 	4.3759866e-23
0.010734905 	5.4050817 	0.0081907875 	1.3371539e-22
0.010906842 	5.4051079 	0.0082066393 	8.6762784e-23
0.011080571 	5.4051344 	0.0082225911 	-2.7938897e-23
0.011256113 	5.4051612 	0.0082386424 	-4.1778419e-23
0.011433485 	5.4051884 	0.0082547929 	-2.3927109e-23
0.011612707 	5.4052158 	0.0082710421 	-8.6456859e-23
0.011793798 	5.4052436 	0.0082873897 	-1.0906141e-22
0.011976778 	5.4052718 	0.008303835 	-8.6085365e-24
0.012161666 	5.4053003 	0.0083203777 	5.3570925e-23
0.012348482 	5.4053291 	0.0083370172 	-9.8648681e-24
0.012537247 	5.4053583 	0.0083537528 	-2.6605016e-23
0.01272798 	5.4053878 	0.008370584 	6.2385499e-23
0.012920702 	5.4054177 	0.0083875101 	8.9023399e-23
0.013115435 	5.4054479 	0.0084045305 	-1.4810383e-23
0.013312198 	5.4054786 	0.0084216444 	-8.0625809e-23
0.013511013 	5.4055096 	0.0084388512 	-2.2000249e-23
0.013711901 	5.4055409 	0.00845615 	2.7720785e-23
0.013914885 	5.4055727 	0.0084735401 	3.4165292e-23
0.014119985 	5.4056048 	0.0084910207 	1.0869758e-24
0.014327225 	5.4056373 	0.0085085911 	-5.9953868e-23
0.014536626 	5.4056702 	0.0085262501 	-3.5634752e-23
0.01474821 	5.4057035 	0.0085439964 	5.6960109e-23
0.014962002 	5.4057372 	0.0085618286 	5.974789e-23
0.015178023 	5.4057714 	0.0085797451 	-5.1764015e-23
0.015396296 	5.4058059 	0.008597745 	-8.0314091e-23
0.015616846 	5.4058408 	0.0086158276 	-6.5733844e-25
0.015839697 	5.4058762 	0.0086339916 	3.0809761e-24
0.016064871 	5.405912 	0.0086522357 	-1.7327982e-23
0.016292394 	5.4059483 	0.0086705586 	3.8450482e-23
0.016522289 	5.4059849 	0.0086889589 	1.0814038e-22
0.016754582 	5.406022 	0.0087074349 	1.0669633e-22
0.016989298 	5.4060596 	0.0087259853 	2.0815199e-23
0.017226461 	5.4060976 	0.0087446085 	-6.1181394e-23
0.017466098 	5.4061361 	0.0087633026 	-6.63615e-23
0.017708234 	5.4061751 	0.0087820661 	-1.5884422e-23
0.017952896 	5.4062145 	0.0088008972 	-1.9342186e-23
0.018200108 	5.4062544 	0.0088197939 	-1.30728e-23
0.0184499 	5.4062947 	0.0088387545 	5.5791301e-23
0.018702296 	5.4063356 	0.0088577768 	5.936305e-23
0.018957324 	5.4063769 	0.0088768589 	5.732702e-23
0.019215012 	5.4064188 	0.0088959986 	1.7060527e-23
0.019475387 	5.4064611 	0.0089151937 	-8.6950995e-23
0.019738478 	5.406504 	0.0089344419 	-9.1291252e-23
0.020004313 	5.4065474 	0.008953741 	-2.7789816e-23
0.02027292 	5.4065913 	0.0089730885 	9.4725943e-24
0.020544328 	5.4066357 	0.0089924818 	2.2565218e-23
0.020818567 	5.4066806 	0.0090119185 	3.3030749e-23
0.021095666 	5.4067261 	0.0090313959 	2.0645746e-23
0.021375655 	5.4067722 	0.0090509112 	4.0558634e-25
0.021658563 	5.4068187 	0.0090704617 	1.6598949e-23
0.021944423 	5.4068659 	0.0090900444 	-1.7015669e-23
0.022233263 	5.4069136 	0.0091096563 	-7.8034597e-23
0.022525116 	5.4069619 	0.0091292945 	1.3734107e-23
0.022820012 	5.4070107 	0.0091489557 	1.2643264e-22
0.023117984 	5.4070601 	0.0091686367 	-1.7327536e-23
0.023419063 	5.4071101 	0.0091883341 	-1.6264697e-22
0.023723283 	5.4071607 	0.0092080446 	-2.2573524e-23
0.024030675 	5.407212 	0.0092277647 	6.3786324e-23
0.024341273 	5.4072638 	0.0092474907 	1.1685609e-23
0.02465511 	5.4073162 	0.0092672189 	7.4093621e-24
0.02497222 	5.4073692 	0.0092869455 	3.6725548e-24
0.025292637 	5.4074229 	0.0093066667 	9.4649391e-23
0.025616396 	5.4074772 	0.0093263784 	9.9455092e-23
0.025943531 	5.4075321 	0.0093460766 	-8.1054236e-23
0.026274078 	5.4075877 	0.0093657571 	-1.1212956e-22
0.026608073 	5.4076439 	0.0093854155 	-3.6461974e-23
0.02694555 	5.4077008 	0.0094050475 	-2.770726e-23
0.027286547 	5.4077583 	0.0094246487 	-6.7158615e-23
0.0276311 	5.4078165 	0.0094442143 	-4.4037315e-23
0.027979247 	5.4078754 	0.0094637396 	3.2173135e-23
0.028331025 	5.407935 	0.00948322 	1.285225e-22
0.028686471 	5.4079952 	0.0095026504 	2.1393464e-22
0.029045624 	5.4080562 	0.0095220259 	1.2902087e-22
0.029408522 	5.4081178 	0.0095413412 	5.1866951e-23
0.029775206 	5.4081802 	0.0095605913 	2.9305932e-23
0.030145713 	5.4082433 	0.0095797707 	-1.2397588e-22
0.030520085 	5.408307 	0.0095988739 	-2.3484258e-22
0.03089836 	5.4083716 	0.0096178955 	-1.1344192e-22
0.031280581 	5.4084368 	0.0096368297 	6.9652532e-23
0.031666788 	5.4085028 	0.0096556708 	3.2016932e-23
0.032057023 	5.4085695 	0.0096744128 	-7.0748656e-23
0.032451328 	5.408637 	0.0096930498 	-6.8833291e-24
0.032849744 	5.4087052 	0.0097115757 	3.7094238e-23
0.033252316 	5.4087742 	0.0097299843 	-3.6663719e-23
0.033659086 	5.408844 	0.0097482692 	-5.4819215e-23
0.034070098 	5.4089146 	0.0097664239 	3.8126932e-23
0.034485397 	5.4089859 	0.0097844421 	5.1402405e-23
0.034905027 	5.409058 	0.0098023169 	-3.1987617e-23
0.035329034 	5.4091309 	0.0098200417 	-3.364585e-23
0.035757462 	5.4092047 	0.0098376097 	7.6061437e-23
0.036190358 	5.4092792 	0.0098550137 	1.2851452e-22
0.036627769 	5.4093545 	0.0098722469 	3.1585413e-23
0.037069742 	5.4094307 	0.009889302 	-7.0021305e-23
0.037516324 	5.4095076 	0.0099061717 	-9.8090577e-23
0.037967563 	5.4095854 	0.0099228488 	-1.8639471e-23
0.038423508 	5.4096641 	0.0099393257 	5.4003052e-23
0.038884209 	5.4097435 	0.0099555948 	-3.1609622e-23
0.039349714 	5.4098239 	0.0099716487 	-1.3186662e-23
0.039820074 	5.409905 	0.0099874794 	1.3503283e-22
0.040295339 	5.4099871 	0.010003079 	4.0128179e-23
0.040775561 	5.41007 	0.01001844 	-1.0905993e-22
0.041260791 	5.4101537 	0.010033554 	1.8962066e-23
0.041751081 	5.4102384 	0.010048413 	1.6529339e-22
0.042246485 	5.4103239 	0.01006301 	3.4878335e-23
0.042747055 	5.4104102 	0.010077335 	-2.1192748e-22
0.043252845 	5.4104975 	0.01009138 	-1.6660501e-22
0.043763911 	5.4105857 	0.010105137 	5.038775e-23
0.044280306 	5.4106747 	0.010118598 	3.5780473e-23
0.044802087 	5.4107647 	0.010131754 	-1.9537535e-24
0.045329309 	5.4108555 	0.010144597 	4.6024778e-23
0.04586203 	5.4109473 	0.010157118 	1.9361393e-23
0.046400307 	5.41104 	0.010169308 	3.5854409e-23
0.046944197 	5.4111336 	0.010181158 	5.5219086e-23
0.04749376 	5.4112281 	0.010192661 	-4.2603739e-23
0.048049054 	5.4113235 	0.010203807 	-9.6644639e-23
0.048610139 	5.4114198 	0.010214587 	-5.0508863e-23
0.049177075 	5.4115171 	0.010224993 	-1.0481909e-22
0.049749924 	5.4116153 	0.010235015 	-1.0403732e-22
0.050328748 	5.4117145 	0.010244645 	7.4073089e-23
0.050913608 	5.4118145 	0.010253875 	1.9521017e-23
0.051504567 	5.4119156 	0.010262694 	-1.5507599e-22
0.052101689 	5.4120175 	0.010271095 	6.3712489e-23
0.052705039 	5.4121204 	0.010279068 	3.2472502e-22
0.053314682 	5.4122243 	0.010286605 	1.5200023e-22
0.053930682 	5.4123291 	0.010293697 	3.6027991e-23
0.054553106 	5.4124348 	0.010300334 	3.7803177e-23
0.055182022 	5.4125415 	0.010306509 	-1.09293e-22
0.055817496 	5.4126492 	0.010312213 	-1.4952934e-23
0.056459598 	5.4127578 	0.010317437 	1.2805783e-22
0.057108397 	5.4128673 	0.010322172 	8.3232121e-23
0.057763961 	5.4129779 	0.010326409 	5.3679155e-23
0.058426363 	5.4130893 	0.010330142 	-2.2229769e-23
0.059095673 	5.4132017 	0.01033336 	-1.2420894e-22
0.059771963 	5.4133151 	0.010336056 	-1.595191e-22
0.060455306 	5.4134295 	0.010338222 	-1.9509703e-22
0.061145775 	5.4135448 	0.010339848 	-2.0361886e-22
0.061843446 	5.413661 	0.010340929 	3.8008553e-23
0.062548392 	5.4137782 	0.010341455 	2.4435364e-22
0.063260691 	5.4138964 	0.010341418 	1.4913299e-22
0.063980417 	5.4140155 	0.010340812 	1.1418577e-23
0.06470765 	5.4141356 	0.010339629 	-1.2770624e-22
0.065442467 	5.4142566 	0.010337861 	-1.5769472e-22
0.066184948 	5.4143786 	0.010335501 	-2.755506e-23
0.066935172 	5.4145015 	0.010332542 	8.4235812e-23
0.06769322 	5.4146254 	0.010328977 	1.6379285e-22
0.068459173 	5.4147502 	0.0103248 	3.5140691e-23
0.069233115 	5.414876 	0.010320003 	-1.6972869e-22
0.070015128 	5.4150027 	0.010314582 	-1.3945276e-22
0.070805297 	5.4151303 	0.010308529 	-1.1752119e-22
0.071603706 	5.4152589 	0.010301838 	-4.3146349e-23
0.072410442 	5.4153885 	0.010294504 	1.5904554e-22
0.073225592 	5.4155189 	0.010286522 	1.8416214e-22
0.074049243 	5.4156503 	0.010277886 	6.6788627e-23
0.074881483 	5.4157826 	0.01026859 	-9.2929169e-23
0.075722403 	5.4159158 	0.010258631 	-1.3478827e-22
0.076572093 	5.41605 	0.010248003 	8.3281891e-23
0.077430644 	5.416185 	0.010236703 	2.1569205e-22
0.078298149 	5.416321 	0.010224725 	-3.1338515e-24
0.079174701 	5.4164579 	0.010212067 	-8.7520235e-23
0.080060395 	5.4165957 	0.010198724 	1.0119983e-22
0.080955325 	5.4167343 	0.010184693 	5.7269003e-23
0.081859589 	5.4168739 	0.010169972 	3.888311e-23
0.082773283 	5.4170144 	0.010154557 	1.7241378e-22
0.083696507 	5.4171557 	0.010138446 	-2.6128465e-23
0.084629358 	5.417298 	0.010121636 	-3.5249245e-22
0.085571939 	5.4174411 	0.010104126 	-2.8709515e-22
0.086524349 	5.4175851 	0.010085914 	-3.022722e-23
0.087486692 	5.4177299 	0.010066998 	8.0504296e-23
0.088459071 	5.4178756 	0.010047377 	1.5855474e-22
0.089441592 	5.4180222 	0.010027051 	1.2606557e-22
0.090434358 	5.4181696 	0.010006019 	-1.5398506e-24
0.091437479 	5.4183179 	0.0099842805 	-3.3876172e-24
0.092451061 	5.418467 	0.0099618355 	-5.9457718e-23
0.093475213 	5.4186169 	0.0099386844 	-1.9735459e-22
0.094510047 	5.4187677 	0.0099148276 	-8.4609282e-23
0.095555673 	5.4189193 	0.0098902662 	1.3786825e-22
0.096612203 	5.4190717 	0.0098650012 	1.3255811e-22
0.097679752 	5.4192249 	0.009839034 	8.5262316e-23
0.098758435 	5.419379 	0.0098123664 	4.892352e-23
0.099848367 	5.4195338 	0.0097850003 	-1.3347233e-22
0.10094967 	5.4196895 	0.0097569379 	-1.6292224e-22
0.10206245 	5.4198459 	0.0097281816 	9.4944941e-23
0.10318684 	5.4200031 	0.0096987339 	2.2904914e-22
0.10432296 	5.4201611 	0.009668598 	2.3227132e-23
0.10547092 	5.4203199 	0.0096377775 	-2.1388362e-22
0.10663086 	5.4204794 	0.0096062758 	-1.7691229e-22
0.10780289 	5.4206397 	0.0095740966 	-4.6324728e-24
0.10898715 	5.4208008 	0.009541244 	1.7502194e-23
0.11018375 	5.4209626 	0.0095077222 	-3.0321651e-24
0.11139284 	5.4211251 	0.0094735356 	1.3081619e-22
0.11261454 	5.4212884 	0.009438689 	1.4236832e-22
0.11384897 	5.4214524 	0.0094031871 	-6.609305e-23
0.11509628 	5.4216172 	0.0093670351 	-2.0666346e-22
0.1163566 	5.4217826 	0.0093302382 	-1.1935483e-22
0.11763007 	5.4219488 	0.0092928019 	4.6023289e-23
0.11891681 	5.4221157 	0.0092547319 	1.1185059e-22
0.12021697 	5.4222832 	0.0092160339 	1.822665e-22
0.1215307 	5.4224515 	0.009176714 	7.3048559e-23
0.12285812 	5.4226205 	0.0091367781 	-2.2673934e-22
0.12419939 	5.4227901 	0.0090962327 	-1.6588897e-22
0.12555464 	5.4229604 	0.0090550841 	1.3333601e-22
0.12692403 	5.4231314 	0.0090133388 	1.6616041e-22
0.1283077 	5.423303 	0.0089710035 	-7.4300297e-25
0.1297058 	5.4234753 	0.0089280849 	-1.3855857e-22
0.13111848 	5.4236482 	0.0088845899 	-1.0516526e-22
0.1325459 	5.4238218 	0.0088405255 	-1.3623556e-23
0.1339882 	5.423996 	0.0087958985 	-1.0197845e-23
0.13544554 	5.4241709 	0.0087507163 	4.3967568e-23
0.13691808 	5.4243463 	0.0087049859 	8.6369713e-23
0.13840598 	5.4245224 	0.0086587145 	-3.1720117e-23
0.1399094 	5.424699 	0.0086119095 	-1.3190893e-22
0.14142849 	5.4248763 	0.0085645781 	-2.5863039e-23
0.14296343 	5.4250541 	0.0085167278 	8.9137007e-23
0.14451437 	5.4252326 	0.0084683659 	6.2661558e-23
0.14608149 	5.4254115 	0.0084195 	-2.9564418e-24
0.14766496 	5.4255911 	0.0083701373 	-1.1205073e-22
0.14926493 	5.4257712 	0.0083202855 	-1.1000089e-22
0.1508816 	5.4259518 	0.0082699521 	9.0222666e-23
0.15251512 	5.426133 	0.0082191445 	1.6765583e-22
0.15416568 	5.4263147 	0.0081678703 	1.1592485e-22
0.15583345 	5.4264969 	0.0081161372 	1.5855559e-22
0.15751862 	5.4266796 	0.0080639528 	-5.1623766e-24
0.15922136 	5.4268628 	0.0080113246 	-2.6043867e-22
0.16094186 	5.4270464 	0.0079582604 	-6.3177444e-23
0.1626803 	5.4272305 	0.0079047679 	1.4843834e-22
0.16443687 	5.4274151 	0.007850855 	-1.8090813e-23
0.16621176 	5.4276001 	0.0077965296 	-1.0279721e-22
0.16800516 	5.4277856 	0.0077417996 	-5.4896e-23
0.16981727 	5.4279714 	0.0076866732 	-5.4157062e-23
0.17164827 	5.4281577 	0.0076311586 	6.1204578e-23
0.17349837 	5.4283443 	0.0075752643 	1.2991384e-22
0.17536776 	5.4285313 	0.0075189988 	-3.9877273e-23
0.17725665 	5.4287187 	0.0074623711 	-1.4803855e-22
0.17916524 	5.4289063 	0.0074053903 	-8.8705775e-23
0.18109373 	5.4290943 	0.0073480658 	-9.5321657e-23
0.18304234 	5.4292826 	0.0072904073 	3.6317081e-23
0.18501127 	5.4294712 	0.007232425 	1.9791368e-22
0.18700073 	5.42966 	0.0071741297 	5.0764787e-23
0.18901094 	5.429849 	0.0071155325 	5.4474534e-23
0.19104211 	5.4300383 	0.0070566451 	1.3240539e-22
0.19309447 	5.4302278 	0.0069974799 	-6.0402046e-23
0.19516823 	5.4304174 	0.0069380501 	-1.5648426e-22
0.19726361 	5.4306072 	0.0068783695 	-8.1790297e-24
0.19938085 	5.4307971 	0.0068184532 	1.0323219e-22
0.20152017 	5.4309871 	0.0067583167 	4.6054865e-23
0.20368181 	5.4311771 	0.0066979771 	-1.6486366e-23
0.20586598 	5.4313673 	0.0066374524 	-4.477034e-23
0.20807294 	5.4315574 	0.006576762 	-1.0761613e-22
0.21030291 	5.4317475 	0.0065159266 	-9.0334637e-23
0.21255613 	5.4319376 	0.0064549684 	7.7870697e-23
0.21483286 	5.4321276 	0.0063939113 	1.0417647e-22
0.21713333 	5.4323176 	0.0063327809 	1.3858359e-23
0.21945779 	5.4325074 	0.0062716046 	3.4082959e-23
0.22180649 	5.432697 	0.006210412 	6.4408665e-24
0.22417969 	5.4328865 	0.0061492346 	-2.0645963e-23
0.22657764 	5.4330758 	0.0060881062 	2.3380237e-23
0.2290006 	5.4332649 	0.0060270629 	3.0585513e-23
0.23144882 	5.4334536 	0.0059661435 	-1.9718174e-23
0.23392258 	5.4336421 	0.0059053892 	-8.5996447e-23
0.23642213 	5.4338303 	0.0058448439 	-4.8179231e-23
0.23894776 	5.4340182 	0.0057845545 	6.9566655e-23
0.24149972 	5.4342057 	0.0057245708 	4.6733801e-23
0.2440783 	5.4343928 	0.0056649457 	-7.408345e-23
0.24668377 	5.4345795 	0.0056057351 	-8.5072991e-23
0.24931641 	5.4347658 	0.0055469982 	9.8451696e-24
0.25197651 	5.4349516 	0.0054887976 	6.0480315e-23
0.25466435 	5.435137 	0.0054311991 	5.0649461e-23
0.25738022 	5.4353219 	0.0053742718 	1.0705863e-23
0.26012442 	5.4355064 	0.0053180884 	-2.6497377e-23
0.26289723 	5.4356904 	0.0052627246 	7.6643386e-23
0.26569896 	5.435874 	0.0052082599 	1.0116901e-22
0.26852991 	5.4360571 	0.0051547767 	1.7732734e-23
0.27139039 	5.4362398 	0.0051023609 	8.1118952e-23
0.2742807 	5.436422 	0.0050511012 	2.8775244e-23
0.27720115 	5.4366039 	0.0050010894 	-1.2971405e-22
0.28015205 	5.4367854 	0.0049524198 	-1.3303693e-22
0.28313373 	5.4369666 	0.0049051893 	-8.375461e-23
0.28614651 	5.4371475 	0.004859497 	-5.3424677e-24
0.28919071 	5.4373281 	0.0048154435 	5.0323437e-23
0.29226666 	5.4375086 	0.0047731313 	7.003285e-24
0.29537468 	5.4376891 	0.0047326639 	8.4742215e-26
0.29851512 	5.4378695 	0.0046941451 	9.186636e-23
0.30168831 	5.43805 	0.0046576791 	9.7247929e-23
0.30489459 	5.4382307 	0.0046233695 	-1.0577204e-22
0.30813432 	5.4384117 	0.0045913187 	-2.3557288e-22
0.31140782 	5.4385931 	0.0045616273 	-6.567158e-23
0.31471547 	5.438775 	0.0045343935 	7.9115562e-23
0.31805762 	5.4389577 	0.0045097122 	3.3360237e-23
0.32143461 	5.4391411 	0.0044876743 	3.7023586e-23
0.32484683 	5.4393256 	0.0044683663 	5.0990451e-23
0.32829463 	5.4395113 	0.004451869 	-8.4889634e-23
0.33177839 	5.4396984 	0.0044382574 	-1.4832561e-22
0.33529849 	5.439887 	0.0044275993 	3.32841e-23
0.33885529 	5.4400774 	0.0044199555 	1.384132e-22
0.34244919 	5.4402697 	0.0044153825 	3.3777293e-23
0.34608056 	5.4404643 	0.004413928 	-3.8408467e-23
0.34974981 	5.4406612 	0.0044156259 	-2.3738866e-23
0.35345733 	5.4408609 	0.0044204997 	-3.0229118e-23
0.35720351 	5.4410634 	0.0044285641 	-1.2804352e-23
0.36098876 	5.4412691 	0.0044398247 	2.7518131e-23
0.36481349 	5.4414782 	0.0044542772 	-1.9568552e-24
0.3686781 	5.4416909 	0.004471908 	2.7485716e-23
0.37258302 	5.4419075 	0.0044926949 	6.1798897e-23
0.37652866 	5.4421282 	0.0045166072 	-8.388246e-23
0.38051546 	5.4423533 	0.0045436067 	-1.8829061e-22
0.38454383 	5.4425831 	0.0045736483 	-3.2058475e-23
0.38861421 	5.4428178 	0.0046066809 	1.555121e-22
0.39272704 	5.4430576 	0.0046426482 	1.7006123e-22
0.39688276 	5.4433028 	0.0046814891 	1.3821098e-22
0.40108183 	5.4435536 	0.0047231388 	6.5383829e-23
0.40532468 	5.4438103 	0.004767529 	1.8024381e-23
0.40961179 	5.4440732 	0.0048145878 	9.9781089e-23
0.4139436 	5.4443424 	0.0048642406 	6.6755104e-23
0.41832059 	5.4446183 	0.0049164092 	-1.1751504e-22
0.42274323 	5.4449011 	0.0049710117 	-1.8837114e-22
0.427212 	5.445191 	0.0050279619 	-7.7778102e-23
0.43172736 	5.4454883 	0.0050871687 	5.5642174e-23
0.43628982 	5.4457932 	0.0051485351 	6.3878873e-23
0.44089986 	5.4461061 	0.0052119569 	-3.6718591e-23
0.44555798 	5.4464271 	0.0052773223 	-1.2147819e-22
0.45026468 	5.4467566 	0.00534451 	-1.2723013e-22
0.45502046 	5.4470948 	0.0054133888 	-1.2820916e-23
0.45982584 	5.4474419 	0.0054838163 	1.2812894e-22
0.46468134 	5.4477982 	0.0055556379 	8.2850619e-23
0.46958747 	5.448164 	0.0056286864 	-1.1410103e-23
0.47454477 	5.4485395 	0.0057027819 	-2.4179268e-23
0.47955377 	5.4489249 	0.0057777312 	-6.5104371e-23
0.48461501 	5.4493204 	0.0058533289 	-7.4778416e-23
0.48972903 	5.4497262 	0.005929358 	9.3337213e-24
0.49489639 	5.4501425 	0.006005591 	8.4661138e-23
0.50011763 	5.4505695 	0.0060817916 	6.0305659e-23
0.50539333 	5.4510073 	0.0061577168 	-3.0390281e-23
0.51072405 	5.451456 	0.0062331191 	-1.0365948e-22
0.51611036 	5.4519156 	0.0063077492 	-3.1074803e-23
0.52155285 	5.4523864 	0.0063813586 	1.24469e-22
0.52705209 	5.4528682 	0.0064537029 	1.2447496e-22
0.53260869 	5.453361 	0.0065245449 	9.3360522e-23
0.53822324 	5.453865 	0.006593658 	1.2202229e-22
0.54389634 	5.4543799 	0.0066608292 	1.3325682e-23
0.54962861 	5.4549057 	0.0067258611 	-1.645675e-22
0.55542065 	5.4554424 	0.0067885741 	-1.2620555e-22
0.5612731 	5.4559897 	0.0068488098 	3.7857456e-23
0.56718659 	5.4565477 	0.0069064313 	-5.8557881e-23
0.57316175 	5.457116 	0.0069613213 	-1.8087766e-22
0.57919923 	5.4576946 	0.0070133824 	-1.4864053e-22
0.58529966 	5.4582834 	0.0070625369 	-1.1866388e-22
0.59146372 	5.458882 	0.007108726 	1.3900106e-23
0.59769207 	5.4594904 	0.0071519097 	1.0943808e-22
0.60398537 	5.4601083 	0.0071920668 	9.2830592e-23
0.6103443 	5.4607356 	0.0072291941 	-6.8969553e-23
0.61676955 	5.4613721 	0.0072633063 	-2.3663325e-22
0.62326181 	5.4620176 	0.0072944353 	-1.1405958e-22
0.62982178 	5.462672 	0.0073226294 	5.3139005e-23
0.63645016 	5.4633349 	0.0073479518 	8.659119e-23
0.64314767 	5.4640063 	0.0073704788 	1.3305258e-22
0.64991502 	5.464686 	0.0073902984 	1.1422425e-22
0.65675295 	5.4653738 	0.0074075081 	-3.4869753e-23
0.6636622 	5.4660697 	0.0074222127 	-4.7335083e-23
0.6706435 	5.4667734 	0.0074345224 	2.4168857e-24
0.67769761 	5.4674848 	0.0074445514 	-3.0525049e-23
0.68482528 	5.4682039 	0.0074524181 	-5.7055842e-24
0.6920273 	5.4689305 	0.0074582419 	2.6636355e-23
0.69930442 	5.4696646 	0.0074621372 	7.9348409e-23
0.70665743 	5.470406 	0.0074642123 	1.6790232e-22
0.71408713 	5.4711547 	0.0074645744 	1.2161273e-22
0.72159431 	5.4719107 	0.0074633302 	-7.8092091e-23
0.72917978 	5.4726738 	0.0074605835 	-1.1846732e-22
0.73684436 	5.473444 	0.0074564336 	2.4262226e-23
0.74458888 	5.4742213 	0.0074509754 	2.791711e-23
0.75241416 	5.4750057 	0.0074442995 	-7.3920149e-23
0.76032106 	5.475797 	0.0074364921 	-1.429528e-22
0.76831041 	5.4765954 	0.0074276349 	-2.4380531e-23
0.77638309 	5.4774006 	0.0074178056 	1.1574504e-22
0.78453995 	5.4782129 	0.0074070775 	-2.0283756e-24
0.79278189 	5.4790321 	0.0073955201 	-1.3497855e-22
0.80110977 	5.4798582 	0.007383199 	-1.3668504e-22
0.80952451 	5.4806912 	0.0073701758 	1.7138618e-23
0.81802701 	5.4815311 	0.0073565088 	2.1624333e-22
0.82661818 	5.482378 	0.0073422524 	1.6357652e-22
0.83529894 	5.4832318 	0.0073274578 	2.9717095e-24
0.84407024 	5.4840925 	0.0073121723 	1.3684052e-23
0.85293301 	5.4849603 	0.0072964402 	-9.3333361e-23
0.86188821 	5.4858349 	0.0072803021 	-2.6851622e-22
0.87093681 	5.4867166 	0.0072637957 	-1.7982864e-22
0.88007977 	5.4876053 	0.0072469557 	2.5381138e-23
0.88931809 	5.488501 	0.0072298139 	2.0814927e-22
0.89865275 	5.4894038 	0.0072123998 	2.3338904e-22
0.90808476 	5.4903137 	0.0071947407 	1.5595923e-22
0.91761514 	5.4912306 	0.0071768621 	9.1538489e-23
0.92724491 	5.4921548 	0.0071587875 	-2.3602757e-23
0.93697511 	5.4930861 	0.0071405391 	-6.766923e-23
0.94680679 	5.4940246 	0.0071221375 	-6.6425918e-23
0.956741 	5.4949704 	0.0071036019 	-1.0876817e-22
0.96677881 	5.4959235 	0.0070849501 	-2.2607018e-22
0.97692131 	5.4968839 	0.0070661986 	-3.2251179e-22
0.98716958 	5.4978516 	0.0070473627 	1.3923209e-23
0.99752474 	5.4988268 	0.0070284566 	3.2894015e-22
1.0079879 	5.4998094 	0.0070094931 	1.1411814e-22
1.0185602 	5.5007995 	0.0069904838 	-1.331449e-22
1.0292427 	5.5017972 	0.0069714389 	-1.5487308e-23
1.0400366 	5.5028024 	0.0069523679 	2.7764006e-22
1.0509431 	5.5038153 	0.0069332792 	1.8894551e-22
1.0619634 	5.5048359 	0.0069141805 	-1.2341363e-22
1.0730985 	5.5058642 	0.0068950784 	-2.7533771e-23
1.0843498 	5.5069003 	0.0068759791 	1.7695998e-22
1.0957185 	5.5079442 	0.0068568885 	8.7814581e-23
1.1072057 	5.508996 	0.0068378127 	-3.6984266e-23
1.1188127 	5.5100557 	0.0068187578 	-1.912532e-22
1.1305407 	5.5111234 	0.0067997298 	-3.2420163e-22
1.1423911 	5.5121992 	0.0067807348 	-1.5411496e-22
1.1543651 	5.5132831 	0.0067617786 	6.0880029e-23
1.1664639 	5.5143751 	0.0067428673 	1.5319126e-22
1.1786889 	5.5154753 	0.0067240061 	2.0180464e-22
1.1910414 	5.5165838 	0.0067051999 	7.8180107e-23
1.2035227 	5.5177006 	0.0066864528 	-8.0591711e-23
1.2161342 	5.5188258 	0.006667769 	-5.3766482e-23
1.2288773 	5.5199595 	0.0066491526 	-4.8297107e-24
1.2417532 	5.5211017 	0.0066306069 	-5.4979232e-23
1.2547634 	5.5222525 	0.0066121344 	-1.7428272e-23
1.2679093 	5.5234119 	0.0065937359 	5.7282901e-23
1.2811922 	5.52458 	0.0065754119 	-1.1354817e-22
1.2946137 	5.5257569 	0.0065571643 	-2.6776467e-22
1.3081752 	5.5269426 	0.0065389956 	-1.2813865e-25
1.3218781 	5.5281373 	0.0065209076 	2.4349879e-22
1.335724 	5.5293409 	0.0065029004 	6.8288607e-23
1.3497142 	5.5305535 	0.0064849717 	-2.4180386e-22
1.3638503 	5.5317753 	0.0064671192 	-3.8298962e-22
1.3781338 	5.5330063 	0.0064493425 	-1.2084048e-22
1.3925664 	5.5342465 	0.0064316431 	2.6999162e-22
1.4071494 	5.535496 	0.0064140225 	2.1649206e-22
1.4218845 	5.5367548 	0.0063964796 	-1.6181557e-23
1.4367733 	5.5380232 	0.0063790122 	3.6026354e-23
1.4518173 	5.539301 	0.0063616179 	2.0736519e-22
1.4670183 	5.5405885 	0.0063442964 	2.6842627e-22
1.4823778 	5.5418856 	0.0063270492 	4.3640673e-23
1.4978975 	5.5431924 	0.006309878 	-3.3639682e-22
1.513579 	5.544509 	0.0062927816 	-3.3889327e-22
1.529424 	5.5458356 	0.0062757571 	1.2841549e-23
1.5454344 	5.547172 	0.0062588028 	8.9324494e-23
1.5616116 	5.5485185 	0.0062419194 	-8.5183194e-23
1.5779576 	5.549875 	0.0062251067 	-8.8807064e-24
1.5944741 	5.5512417 	0.0062083633 	1.4136075e-22
1.6111628 	5.5526187 	0.0061916871 	1.7247786e-22
1.6280256 	5.5540059 	0.0061750754 	1.7955324e-22
1.6450642 	5.5554035 	0.006158528 	1.6508994e-23
1.6622805 	5.5568116 	0.0061420481 	-8.3185245e-23
1.6796764 	5.5582302 	0.0061256361 	6.1829748e-23
1.6972537 	5.5596594 	0.0061092857 	1.0993957e-22
1.7150143 	5.5610992 	0.0060929892 	3.9932924e-23
1.7329601 	5.5625498 	0.0060767442 	-1.1646296e-22
1.7510931 	5.5640112 	0.0060605539 	-1.7658944e-22
1.7694152 	5.5654834 	0.0060444251 	-3.427281e-23
1.7879284 	5.5669667 	0.0060283616 	-6.3824606e-23
1.8066346 	5.5684609 	0.0060123568 	-1.9172307e-22
1.825536 	5.5699663 	0.0059963941 	-1.3442545e-22
1.8446344 	5.5714828 	0.0059804641 	1.0562922e-22
1.8639321 	5.5730105 	0.0059645746 	1.6972226e-22
1.883431 	5.5745496 	0.0059487393 	-4.5345399e-23
1.9031332 	5.5761 	0.0059329643 	2.5842545e-23
1.9230409 	5.5776619 	0.0059172453 	2.1122744e-22
1.9431562 	5.5792353 	0.0059015663 	2.2403683e-23
1.9634814 	5.5808203 	0.0058859049 	-9.7415991e-23
1.9840185 	5.5824169 	0.0058702605 	-4.1901481e-23
2.0047697 	5.5840253 	0.0058546557 	1.6302235e-23
2.0257374 	5.5856454 	0.0058391035 	8.3068577e-23
2.0469238 	5.5872773 	0.005823599 	9.887541e-24
2.0683311 	5.5889212 	0.0058081272 	-5.6306021e-24
2.0899616 	5.5905772 	0.0057926714 	6.9554424e-24
2.1118178 	5.5922451 	0.0057772176 	-1.2310806e-22
2.1339019 	5.5939251 	0.0057617748 	-1.7687903e-22
2.1562163 	5.5956173 	0.0057463639 	-4.921619e-23
2.1787634 	5.5973217 	0.0057309862 	9.4280453e-23
2.2015456 	5.5990384 	0.0057156226 	1.0114063e-22
2.2245655 	5.6007675 	0.0057002535 	6.5768327e-23
2.2478254 	5.6025089 	0.0056848787 	3.307575e-23
2.2713279 	5.6042627 	0.0056695076 	-4.7673994e-23
2.2950755 	5.606029 	0.0056541263 	-1.3716377e-22
2.3190708 	5.6078079 	0.0056387238 	-1.245503e-22
2.3433163 	5.6095993 	0.0056232889 	-2.9916056e-23
2.3678147 	5.6114033 	0.0056077946 	4.8268506e-23
2.3925686 	5.6132199 	0.0055922311 	1.1372007e-22
2.4175806 	5.6150491 	0.0055766244 	2.2223715e-23
2.4428535 	5.616891 	0.0055609955 	-1.705714e-22
2.4683899 	5.6187454 	0.0055453361 	-1.6922268e-22
2.4941927 	5.6206125 	0.0055297225 	3.0339675e-23
2.5202646 	5.6224922 	0.0055142993 	1.6905484e-22
2.5466083 	5.6243847 	0.0054991814 	1.356986e-22
2.5732268 	5.6262897 	0.0054846105 	3.6508247e-23
2.6001229 	5.6282074 	0.0054713108 	-1.8658634e-24
2.6272996 	5.6301384 	0.0054601811 	6.0634183e-23
2.6547596 	5.6320827 	0.0054524383 	3.0671946e-23
2.682506 	5.6340442 	0.0054490997 	-6.5615877e-23
2.7105418 	5.6360194 	0.0054518633 	-9.6407325e-24
2.7388699 	5.6380222 	0.0054620272 	9.6990038e-24
2.7674935 	5.6400337 	0.0054814309 	-1.0920546e-22
2.7964157 	5.6421062 	0.0055099345 	-1.0228476e-22
2.8256394 	5.6441557 	0.005544267 	7.9429704e-24
2.8551679 	5.6463846 	0.0055730219 	9.6102843e-23
2.8850044 	5.6485069 	0.005570076 	1.2362398e-22
