/*--------------------------------*- C++ -*----------------------------------*\
| =========                 |                                                 |
| \\      /  F ield         | OpenFOAM: The Open Source CFD Toolbox           |
|  \\    /   O peration     | Version:  2206                                  |
|   \\  /    A nd           | Website:  www.openfoam.com                      |
|    \\/     M anipulation  |                                                 |
\*---------------------------------------------------------------------------*/
FoamFile
{
    version     2.0;
    format      ascii;
    arch        "LSB;label=32;scalar=64";
    class       volScalarField;
    location    "200";
    object      omega;
}
// * * * * * * * * * * * * * * * * * * * * * * * * * * * * * * * * * * * * * //

dimensions      [0 0 -1 0 0 0 0];

internalField   nonuniform List<scalar> 
7480
(
7569.1011
7590.8085
7571.1048
7538.149
7512.5599
7498.0726
7491.116
7487.7265
7485.8474
7484.6238
7483.6785
7482.8678
7482.1614
7481.5502
7481.0203
7480.558
7480.1546
7479.8005
7479.4854
7479.2029
7478.9493
7478.7204
7478.5122
7478.3224
7478.149
7477.99
7477.8435
7477.7084
7477.5836
7477.4682
7477.3612
7477.262
7477.17
7477.0848
7477.0057
7476.9325
7476.8648
7476.8023
7476.7449
7476.6924
7476.6447
7476.6017
7476.5636
7476.5302
7476.5016
7476.4781
7476.4601
7476.4479
7476.4414
7476.4405
7476.445
7476.4546
7476.469
7476.487
7476.5079
7476.531
7476.555
7476.5776
7476.5971
7476.6119
7476.6218
7476.6269
7476.6277
7476.6249
7476.6191
7476.6112
7476.6018
7476.5914
7476.5804
7476.569
7476.5575
7476.546
7476.5345
7476.5231
7476.5119
7476.5009
7476.4901
7476.4789
7476.4676
7476.4561
7476.4446
7476.4331
7476.4214
7476.4098
7476.398
7476.3861
7476.3742
7476.3622
7476.3502
7476.3381
7476.326
7476.3139
7476.3019
7476.2898
7476.2779
7476.2653
7476.2544
7476.2387
7476.2299
7476.2059
1003.2541
1574.4105
1842.4993
1920.7688
1937.013
1923.8383
1863.1372
1797.7879
1744.1624
1703.9734
1673.329
1647.6691
1624.4479
1603.0368
1583.2447
1564.8606
1547.8131
1532.1875
1517.8313
1504.5265
1492.1762
1480.758
1470.1648
1460.2837
1451.0691
1442.4942
1434.4876
1426.9806
1419.9422
1413.3486
1407.1579
1401.3343
1395.8617
1390.7236
1385.8958
1381.3598
1377.1067
1373.1247
1369.4003
1365.9254
1362.6984
1359.7168
1356.9773
1354.4839
1352.2321
1350.2267
1348.4623
1346.9576
1345.7178
1344.7343
1344.0284
1343.6336
1343.4451
1343.4303
1343.5516
1343.7708
1344.0455
1344.3137
1344.5226
1344.6186
1344.576
1344.395
1344.12
1343.7432
1343.2631
1342.7033
1342.0853
1341.4296
1340.7521
1340.0644
1339.3755
1338.6922
1338.0181
1337.3562
1336.7095
1336.0773
1335.4626
1334.8563
1334.2538
1333.6565
1333.0643
1332.4774
1331.8952
1331.3151
1330.7367
1330.159
1329.5819
1329.0055
1328.43
1327.856
1327.2835
1326.7132
1326.1456
1325.5793
1325.0193
1324.4474
1323.9024
1323.3405
1322.6636
1322.0524
190.66788
396.63763
585.96472
709.20515
769.24927
785.36102
782.06241
789.19137
803.66068
812.82413
819.30636
823.52245
825.01968
824.12185
821.39406
817.37331
811.90872
805.25191
797.66292
789.35989
780.55425
771.45018
762.19136
752.88172
743.6261
734.51905
725.57655
716.79879
708.2019
699.80942
691.63578
683.69088
675.98826
668.54037
661.35448
654.43848
647.80199
641.4452
635.36536
629.56307
624.04433
618.81693
613.88838
609.26986
604.96888
600.985
597.32282
593.96118
590.89076
588.10141
585.62915
583.47825
581.54376
579.79153
578.19657
576.70571
575.2572
573.80825
572.35221
570.88916
569.41049
567.9041
566.45265
565.00746
563.55088
562.08571
560.61818
559.15717
557.71099
556.28656
554.88936
553.52382
552.19308
550.8992
549.64402
548.42669
547.24796
546.13013
545.05657
544.01447
542.99717
542.00149
541.02555
540.06575
539.12017
538.18647
537.2634
536.34997
535.44533
534.54945
533.66158
532.78179
531.91019
531.04513
530.19061
529.33018
528.49697
527.65947
526.73908
525.65371
72.002691
121.36722
194.00097
267.7308
324.63168
359.73708
377.80419
386.77977
392.45035
397.56651
404.51643
415.22557
426.20749
437.93263
452.28236
470.55357
485.14109
496.52953
505.29715
511.85414
516.52438
519.59944
521.33842
522.01074
521.93217
521.34905
519.99052
517.80462
514.87934
511.33889
507.30244
502.87381
498.14382
493.1929
488.09565
482.92641
477.73277
472.49775
467.22097
461.91953
456.61962
451.34891
446.13294
440.99571
435.96875
431.03446
426.18674
421.38588
416.61887
411.89664
407.24094
402.75056
398.32645
393.98043
389.74792
385.58399
381.45333
377.39962
373.50952
369.85417
366.45072
363.31622
360.48538
357.88312
355.45988
353.18028
351.01741
348.9525
346.97272
345.06934
343.23628
341.47001
339.76838
338.12905
336.55046
335.03001
333.56685
332.18621
330.88024
329.6334
328.43551
327.28111
326.16739
325.09053
324.04764
323.03545
322.05123
321.0926
320.15717
319.24342
318.34943
317.474
316.61594
315.77328
314.94732
314.12871
313.32652
312.57494
311.72031
310.7625
55.641207
64.532696
83.912898
111.35378
140.42769
165.53462
184.58911
198.13875
207.74968
214.79595
220.42775
225.66996
230.96592
236.83782
244.10562
253.55442
263.35189
273.15527
282.75084
292.00817
300.83378
309.30801
317.72431
326.71589
337.34752
349.83444
359.69284
366.92327
372.204
375.98529
378.57342
380.18955
381.01207
381.20862
380.97013
380.50804
379.8006
378.45553
376.46889
373.92549
370.92058
367.53673
363.842
359.89735
355.77783
351.47743
346.94366
342.14575
337.11074
331.88574
326.51967
321.07267
315.61794
310.16509
304.7502
299.32767
293.92293
288.65878
283.65401
278.98951
274.72772
270.88262
267.41402
264.26537
261.3829
258.72012
256.23754
253.90414
251.69628
249.59621
247.59113
245.67303
243.83467
242.07022
240.37566
238.74717
237.1837
235.68808
234.26316
232.90485
231.60742
230.36641
229.17917
228.04237
226.95313
225.90804
224.90387
223.93756
223.00594
222.10648
221.23679
220.39464
219.57781
218.78403
218.01275
217.259
216.51891
215.85107
215.10126
214.2849
53.508972
54.436822
58.088395
65.266729
75.160968
86.045315
96.438563
105.64699
113.54778
120.26774
125.97338
130.8794
135.19062
139.11923
142.94809
147.01605
151.4242
156.27475
161.71389
167.82212
174.16054
180.7277
187.52924
194.61727
202.10388
210.07261
218.05447
225.69166
232.80998
239.34843
245.32055
250.80585
255.97519
261.15854
266.96585
274.11788
281.53195
286.1033
288.7503
290.0803
290.44751
290.06919
289.09818
287.68043
285.99718
284.19609
281.83152
278.80886
275.2293
271.20111
266.82451
262.19768
257.42095
252.52573
247.56436
242.60917
237.71469
232.96457
228.43814
224.1881
220.23495
216.58536
213.2225
210.11821
207.24247
204.56496
202.05662
199.69336
197.45504
195.32516
193.29115
191.34481
189.47871
187.68693
185.96524
184.30972
182.71949
181.18943
179.72101
178.31582
176.97294
175.69039
174.46653
173.29891
172.1851
171.1221
170.10684
169.13619
168.2068
167.31578
166.46033
165.63785
164.84573
164.08154
163.34385
162.62952
161.93118
161.3029
160.6311
159.8916
53.223487
52.808008
52.958585
54.085091
56.273733
59.364807
62.975143
66.791867
70.62102
74.359822
77.938096
81.309793
84.45318
87.366254
90.079954
92.662901
95.185267
97.717648
100.34422
103.15567
106.19498
109.53025
113.24438
117.38834
121.86622
126.7274
131.94227
137.42692
143.08459
148.83134
154.59467
160.31744
165.96843
171.55764
177.1406
182.82334
188.52706
193.80236
198.43695
202.38579
205.68539
208.4232
210.75107
212.94814
215.47973
218.47862
219.85562
219.67352
218.49285
216.62694
214.29612
211.70017
209.00676
205.97869
202.5607
199.0566
195.61949
192.29617
189.04589
185.87833
182.82019
179.88516
177.07449
174.3904
171.83312
169.39547
167.06786
164.84346
162.71298
160.66747
158.69988
156.80542
154.98019
153.2215
151.52693
149.89356
148.32111
146.80538
145.34512
143.94199
142.59715
141.31064
140.082
138.9098
137.79221
136.72691
135.71135
134.74276
133.81798
132.93415
132.08834
131.27793
130.50042
129.75336
129.03505
128.34297
127.67039
127.05829
126.43606
125.73543
53.161334
52.541742
52.020098
51.712132
51.711663
52.046777
52.633142
53.455632
54.480312
55.669791
56.984365
58.3861
59.839735
61.312381
62.778713
64.226121
65.652498
67.062935
68.471876
69.903399
71.383527
72.943563
74.623561
76.469159
78.516889
80.818359
83.430448
86.357086
89.552862
93.015972
96.736072
100.69352
104.8653
109.23186
113.78418
118.5229
123.42808
128.40718
133.35614
138.17862
142.79385
147.13986
151.17341
154.87862
158.27816
161.33744
163.88064
165.7682
167.0008
167.67152
167.93285
167.98489
167.97894
167.24666
165.73484
163.88659
162.05958
160.27921
158.32357
156.29492
154.25542
152.20444
150.13779
148.07748
146.04021
144.02977
142.05248
140.12055
138.23241
136.38862
134.59081
132.8403
131.13773
129.48611
127.88609
126.33614
124.83761
123.38886
121.98793
120.6357
119.33376
118.08326
116.88482
115.738
114.64166
113.59445
112.59471
111.64034
110.72861
109.85715
109.02336
108.22486
107.45955
106.72518
106.02011
105.34212
104.68635
104.081
103.48885
102.80823
53.12496
52.474709
51.838283
51.240006
50.710238
50.271808
49.928934
49.683923
49.538894
49.48304
49.49415
49.598759
49.796755
50.078153
50.429401
50.837399
51.291906
51.784754
52.310696
52.868393
53.459656
54.089173
54.765698
55.502571
56.315989
57.226822
58.26166
59.446386
60.802486
62.355807
64.136433
66.147099
68.385002
70.856484
73.572981
76.543367
79.77401
83.257606
86.971529
90.885023
94.962216
99.162672
103.44239
107.75533
112.06174
116.26158
120.21014
123.79619
126.93139
129.55936
131.65329
133.21546
134.27666
134.88357
135.04373
134.79528
134.3768
133.84781
132.99805
132.01531
130.99485
129.84913
128.54938
127.16699
125.72753
124.23044
122.69798
121.1489
119.58998
118.03065
116.48026
114.94632
113.43406
111.95587
110.51393
109.10639
107.73788
106.408
105.11469
103.85916
102.64307
101.46792
100.33492
99.244562
98.196197
97.189837
96.225037
95.300546
94.414123
93.564296
92.749211
91.966959
91.216198
90.494995
89.802065
89.135541
88.492525
87.891304
87.317673
86.648682
53.09492
52.438141
51.782127
51.130742
50.490815
49.869692
49.272889
48.705051
48.170957
47.674374
47.216856
46.802479
46.434827
46.115604
45.830252
45.572902
45.356195
45.18557
45.061221
44.981627
44.94469
44.947978
44.990596
45.074024
45.20171
45.379064
45.614017
45.916477
46.297769
46.77126
47.353191
48.059592
48.906991
49.914843
51.106876
52.4897
54.080131
55.896832
57.951409
60.252667
62.809796
65.629583
68.716229
72.071269
75.694813
79.565889
83.60123
87.699
91.75528
95.662818
99.316191
102.61694
105.48072
107.85193
109.69202
110.92349
111.55392
111.7607
111.74372
111.56359
111.32567
110.96268
110.42177
109.77423
109.01768
108.09588
107.07235
105.97169
104.79937
103.57688
102.32071
101.04627
99.763937
98.506028
97.267263
96.045159
94.843148
93.663093
92.505204
91.371057
90.262531
89.181438
88.129705
87.108749
86.118067
85.159297
84.234602
83.343513
82.48445
81.65667
80.859266
80.090988
79.35174
78.63974
77.954331
77.294192
76.65802
76.057153
75.492374
74.828096
53.068542
52.408382
51.747198
51.085258
50.423687
49.764026
49.10804
48.457762
47.815597
47.18415
46.565891
45.963371
45.379171
44.815699
44.273666
43.753201
43.255694
42.782933
42.336536
41.917668
41.521956
41.1391
40.773893
40.435833
40.130943
39.862732
39.633822
39.446494
39.303231
39.208122
39.167268
39.188124
39.279407
39.451407
39.716514
40.087314
40.578788
41.209289
41.998882
42.958726
44.108919
45.471493
47.070523
48.932223
51.085232
53.559868
56.374602
59.517939
62.960484
66.649312
70.506901
74.431441
78.300184
81.982885
85.356512
88.279838
90.622651
92.354892
93.518753
94.222705
94.58756
94.75703
94.786276
94.711565
94.54789
94.225504
93.785695
93.228161
92.522768
91.71751
90.832632
89.896895
88.920151
87.937048
86.941155
85.933573
84.920111
83.904763
82.890658
81.881651
80.88108
79.892107
78.918184
77.962134
77.025655
76.111124
75.221058
74.356678
73.518301
72.706222
71.920479
71.160804
70.427163
69.718865
69.035875
68.377222
67.742951
67.139637
66.577163
65.91306
53.030521
52.36648
51.701579
51.03558
50.368467
49.700282
49.031287
48.362073
47.69356
47.026888
46.363301
45.704106
45.050682
44.404457
43.766749
43.138735
42.521606
41.916594
41.324954
40.747927
40.186198
39.63938
39.107634
38.592086
38.094359
37.616223
37.158784
36.716264
36.283475
35.868993
35.483235
35.133398
34.824606
34.560871
34.345895
34.18487
34.084836
34.054789
34.105553
34.248614
34.497825
34.870333
35.385782
36.063985
36.933051
38.02738
39.386391
41.049029
43.051439
45.421339
48.171063
51.289191
54.731841
58.418076
62.233252
66.023911
69.602352
72.795202
75.472276
77.596245
79.179284
80.299318
81.054568
81.523271
81.795726
81.937622
81.960583
81.886703
81.679614
81.361126
80.926192
80.397446
79.794663
79.125603
78.398119
77.625687
76.818723
75.983416
75.126252
74.254056
73.372211
72.485789
71.600048
70.719202
69.846683
68.98611
68.140674
67.312775
66.504128
65.716003
64.949336
64.204718
63.482649
62.783219
62.10681
61.452818
60.822327
60.21901
59.658363
58.995574
52.972128
52.292994
51.615354
50.938852
50.263068
49.587495
48.911768
48.235813
47.559847
46.884274
46.209587
45.536316
44.865039
44.196384
43.531018
42.869639
42.21298
41.561813
40.916948
40.27923
39.649486
39.028417
38.416673
37.814951
37.224041
36.644817
36.078168
35.524298
34.982863
34.454456
33.94073
33.443901
32.966124
32.50356
32.049328
31.613256
31.207769
30.840932
30.518358
30.244096
30.023093
29.863029
29.773897
29.767747
29.859998
30.070902
30.425799
30.954718
31.696357
32.695992
34.003622
35.669677
37.737731
40.233112
43.150548
46.43949
49.989925
53.63764
57.185596
60.457037
63.314194
65.68811
67.583276
69.024862
70.073148
70.815821
71.309747
71.626842
71.817598
71.889491
71.862401
71.725212
71.496514
71.18618
70.774755
70.287518
69.737784
69.130416
68.473824
67.777886
67.050301
66.297993
65.528433
64.74758
63.960789
63.17353
62.390115
61.614255
60.8491
60.09702
59.360015
58.639619
57.937063
57.253236
56.589091
55.944551
55.321561
54.722031
54.164816
53.50545
52.921241
52.221248
51.523677
50.828553
50.135665
49.444582
48.754888
48.066355
47.378993
46.692981
46.008575
45.326057
44.64572
43.967869
43.292824
42.620913
41.952486
41.28791
40.627568
39.971869
39.32124
38.676114
38.036931
37.404141
36.778221
36.159674
35.549038
34.946814
34.353415
33.76927
33.194939
32.631157
32.078791
31.538187
31.008915
30.491691
29.988521
29.502025
29.033109
28.572072
28.123287
27.702109
27.318385
26.978309
26.686539
26.450202
26.280395
26.192102
26.205375
26.346808
26.650597
27.159219
27.926114
29.012555
30.481759
32.387196
34.753806
37.555848
40.702222
44.045895
47.40528
50.601834
53.500054
56.007975
58.085541
59.752133
61.037137
61.987682
62.677341
63.150672
63.470863
63.660779
63.740412
63.739763
63.648248
63.47282
63.225746
62.891142
62.478123
62.002248
61.471021
60.890645
60.271757
59.621958
58.94833
58.258853
57.559105
56.854403
56.149629
55.448436
54.754158
54.069429
53.396397
52.736879
52.092517
51.463913
50.853791
50.263102
49.712705
49.060235
52.891264
52.176573
51.463522
50.752456
50.043497
49.336535
48.631382
47.927926
47.226197
46.526353
45.828625
45.133271
44.440565
43.750784
43.06421
42.381125
41.701813
41.02656
40.355649
39.689365
39.027995
38.371821
37.721122
37.076176
36.437256
35.804636
35.178591
34.559395
33.947312
33.342599
32.745525
32.156389
31.575531
31.003276
30.439857
29.885558
29.340844
28.806401
28.282925
27.769935
27.267526
26.777549
26.302717
25.843718
25.389166
24.948872
24.53924
24.169881
23.847771
23.581519
23.385531
23.28022
23.293767
23.464439
23.842266
24.488427
25.473673
26.865391
28.707621
30.999498
33.680278
36.630978
39.697957
42.717641
45.543636
48.07589
50.254286
52.055466
53.503613
54.627642
55.467257
56.078081
56.500662
56.777677
56.950917
57.03365
57.043177
56.973623
56.825013
56.608792
56.314161
55.942605
55.512783
55.030065
54.501911
53.940173
53.35051
52.740246
52.116516
51.484313
50.848708
50.213629
49.58238
48.957939
48.342768
47.73832
47.148102
46.572661
46.034202
45.393554
52.876337
52.153619
51.431654
50.710874
49.991553
49.273779
48.557551
47.842887
47.12988
46.418708
45.709605
45.002838
44.298692
43.59746
42.899439
42.204928
41.514228
40.827636
40.145448
39.467956
38.79545
38.12821
37.466513
36.810627
36.160811
35.517316
34.880382
34.250238
33.627103
33.011177
32.40265
31.801703
31.208506
30.623222
30.045993
29.476952
28.916239
28.364028
27.820519
27.285818
26.760009
26.243361
25.736407
25.23967
24.752299
24.274734
23.809319
23.359181
22.916785
22.481308
22.074108
21.708165
21.393365
21.142897
20.978504
20.931451
21.045075
21.376215
21.991858
22.960653
24.338359
26.1463
28.356184
30.885747
33.609035
36.382554
39.067524
41.546932
43.747097
45.628592
47.179191
48.422532
49.384755
50.098027
50.618227
50.983088
51.220159
51.362662
51.434332
51.436542
51.366294
51.222718
51.018684
50.737452
50.387402
49.987835
49.538359
49.049874
48.532241
47.990981
47.433526
46.865139
46.290577
45.714329
45.139806
44.569572
44.007989
43.455632
42.935952
42.313603
52.869735
52.142943
51.416339
50.69036
49.965323
49.241398
48.518679
47.797257
47.077262
46.358883
45.642352
44.927935
44.215912
43.506578
42.800235
42.097186
41.397738
40.702198
40.010871
39.324059
38.642059
37.965167
37.29367
36.627851
35.967983
35.314333
34.667157
34.026705
33.393212
32.766901
32.147985
31.536659
30.933107
30.337495
29.749972
29.170669
28.599701
28.037166
27.48315
26.937719
26.400916
25.872779
25.353374
24.842796
24.340998
23.847976
23.363994
22.88963
22.424512
21.968275
21.523198
21.092811
20.670155
20.257099
19.878029
19.548241
19.282171
19.103501
19.047144
19.160409
19.502534
20.13855
21.128087
22.509928
24.284045
26.402377
28.772242
31.270487
33.768147
36.148864
38.319268
40.224789
41.838961
43.156832
44.20683
45.01323
45.608515
46.037578
46.33955
46.529502
46.634839
46.682722
46.665547
46.580271
46.429789
46.227416
45.945746
45.608164
45.225657
44.800807
44.344981
43.863898
43.364132
42.852061
42.332062
41.808225
41.28586
40.765991
40.273661
39.67774
52.867528
52.138682
51.409695
50.681
49.952928
49.225687
48.499421
47.774258
47.050349
46.327883
45.607086
44.888212
44.171531
43.45733
42.745899
42.037539
41.33255
40.631232
39.933887
39.240814
38.552309
37.868664
37.190168
36.517102
35.849743
35.188361
34.533219
33.884572
33.242665
32.607735
31.980008
31.359702
30.747019
30.142152
29.545279
28.956562
28.376152
27.804179
27.240756
26.685982
26.139933
25.602665
25.074219
24.554628
24.043893
23.542001
23.048953
22.564803
22.08954
21.623108
21.16572
20.717965
20.279537
19.85044
19.433709
19.033883
18.63728
18.26724
17.946135
17.691528
17.529177
17.496565
17.64293
18.02592
18.706127
19.732588
21.126777
22.8705
24.901388
27.121867
29.414337
31.663744
33.771693
35.663524
37.302232
38.672063
39.77861
40.651065
41.310474
41.792159
42.132274
42.367256
42.502245
42.574388
42.590367
42.547056
42.44023
42.278662
42.060991
41.777905
41.450423
41.080295
40.676794
40.248253
39.799556
39.336954
38.866604
38.390529
37.935896
37.376403
52.867684
52.137797
51.407566
50.677419
49.947697
49.218637
48.490415
47.763185
47.037112
46.312389
45.589234
44.867892
44.148623
43.431701
42.717409
42.006036
41.297872
40.593209
39.892339
39.195552
38.503137
37.815377
37.132552
36.454937
35.782802
35.11641
34.456018
33.801875
33.154225
32.513301
31.87933
31.252528
30.633104
30.021255
29.417168
28.821021
28.232977
27.65319
27.081797
26.518924
25.964682
25.419164
24.882449
24.354602
23.835669
23.325683
22.824665
22.332634
21.849601
21.375567
20.91055
20.454631
20.007835
19.570185
19.142057
18.724316
18.316039
17.919395
17.539152
17.166742
16.820016
16.5241
16.298145
16.170517
16.181017
16.379747
16.822084
17.563302
18.639739
20.056858
21.779816
23.734361
25.819556
27.923404
29.944572
31.801
33.437244
34.83196
35.977107
36.888813
37.59492
38.116676
38.488273
38.748255
38.915843
38.994682
39.033292
39.016354
38.94354
38.815875
38.643387
38.407051
38.123025
37.800406
37.442647
37.059286
36.65639
36.237889
35.833145
35.32245
52.869161
52.138752
51.407859
50.676907
49.946243
49.216129
48.486766
47.758333
47.031011
46.304994
45.580502
44.857772
44.137058
43.418626
42.702751
41.989713
41.279793
40.573276
39.870447
39.171585
38.476971
37.786881
37.101585
36.42135
35.746437
35.0771
34.413588
33.756141
33.104994
32.460373
31.822496
31.191573
30.567806
29.951387
29.3425
28.741318
28.148007
27.56272
26.9856
26.416781
25.856383
25.304515
24.761274
24.226746
23.701002
23.184105
22.676106
22.177047
21.686969
21.205905
20.733885
20.270949
19.817132
19.372472
18.937042
18.511004
18.094385
17.687459
17.291035
16.904703
16.530457
16.173372
15.825024
15.508814
15.246799
15.059535
14.97831
15.045647
15.31128
15.829494
16.648138
17.789064
19.240848
20.951555
22.83639
24.792327
26.715101
28.518469
30.136036
31.53154
32.696688
33.632599
34.363
34.912655
35.310458
35.580841
35.766129
35.868708
35.911529
35.911732
35.862047
35.761207
35.616157
35.422426
35.175863
34.892682
34.575134
34.23088
33.89021
33.443671
52.871406
52.140751
51.409505
50.678089
49.946858
49.216089
48.486009
47.756819
47.028715
46.301899
45.576592
44.85303
44.131463
43.412154
42.695369
41.981385
41.270478
40.562925
39.859005
39.158994
38.463163
37.771784
37.085119
36.403429
35.726968
35.055983
34.390714
33.731395
33.078253
32.431506
31.791363
31.158026
30.53169
29.912539
29.300748
28.696485
28.099907
27.511163
26.93039
26.357719
25.793267
25.237144
24.689448
24.150267
23.619681
23.097758
22.584559
22.080137
21.584542
21.097817
20.620007
20.151152
19.691296
19.240484
18.798764
18.3662
17.942852
17.528796
17.124184
16.72908
16.343773
15.969142
15.604816
15.253688
14.921281
14.599735
14.317728
14.094068
13.952454
13.927609
14.064276
14.413203
15.025772
15.938602
17.157337
18.650828
20.349868
22.161389
23.982795
25.720788
27.305648
28.688912
29.853296
30.798992
31.5422
32.106608
32.515908
32.800804
32.991604
33.107545
33.15452
33.164777
33.130723
33.050907
32.928395
32.767356
32.552874
32.301869
32.041337
31.67745
52.874115
52.143364
51.411937
50.680247
49.948653
49.21745
48.486883
47.757174
47.028533
46.301174
45.575321
44.851212
44.129095
43.40923
42.691882
41.977321
41.265823
40.55766
39.853106
39.152433
38.45591
37.763802
37.07637
36.393867
35.716544
35.044643
34.378399
33.71804
33.063787
32.415853
31.774441
31.139747
30.511958
29.891253
29.277799
28.671758
28.07328
27.482507
26.89957
26.324592
25.757687
25.198957
24.648497
24.106392
23.572717
23.047538
22.530913
22.022896
21.523531
21.032862
20.550926
20.077764
19.61341
19.157905
18.711289
18.273605
17.8449
17.425222
17.014622
16.613146
16.220855
15.837893
15.464327
15.100585
14.74776
14.405701
14.078341
13.766643
13.477086
13.232831
13.052848
12.965308
13.009118
13.231175
13.683058
14.410361
15.432747
16.736416
18.26803
19.94282
21.662874
23.331438
24.871512
26.230289
27.382186
28.32557
29.068169
29.635827
30.050061
30.340933
30.532352
30.653893
30.708697
30.721409
30.698629
30.634795
30.531587
30.392833
30.228528
29.96764
52.877116
52.146354
51.414842
50.682987
49.951152
49.219642
48.48872
47.758626
47.029585
46.301821
45.575564
44.851056
44.128545
43.40829
42.690554
41.975608
41.26372
40.555164
39.850211
39.149129
38.452185
37.759642
37.071756
36.388779
35.710959
35.038533
34.371735
33.710789
33.055911
32.407312
31.76519
31.129737
30.501136
29.879561
29.265175
28.658133
28.058582
27.466658
26.882487
26.306187
25.737865
25.17762
24.62554
24.081705
23.546186
23.019043
22.500331
21.990095
21.488375
20.995208
20.510623
20.034649
19.567312
19.10864
18.658658
18.217393
17.784876
17.361136
16.9462
16.540091
16.14283
15.75444
15.374939
15.004391
14.642983
14.290847
13.948622
13.616977
13.297413
12.994547
12.706304
12.451759
12.248704
12.119514
12.097455
12.225642
12.553981
13.131764
13.991679
15.132569
16.515583
18.065394
19.687093
21.283708
22.773009
24.099082
25.228383
26.156303
26.889761
27.451281
27.863366
28.152536
28.343017
28.463905
28.524519
28.538372
28.524762
28.473517
28.40494
28.265091
52.880305
52.14958
51.418041
50.686088
49.954085
49.222346
48.49115
47.760752
47.03139
46.3033
45.576719
44.851892
44.129071
43.408513
42.690482
41.975246
41.263075
40.554239
39.849006
39.147645
38.45042
37.757592
37.069415
36.386141
35.708013
35.035268
34.368138
33.706843
33.0516
32.402614
31.760083
31.124195
30.495132
29.873063
29.258149
28.650543
28.050387
27.457813
26.872945
26.295897
25.726772
25.165664
24.612659
24.067831
23.531248
23.002966
22.483033
21.971492
21.468377
20.973715
20.48753
20.009843
19.540668
19.080021
18.627914
18.18436
17.749371
17.32296
16.905136
16.495905
16.09527
15.703226
15.319762
14.944873
14.57857
14.220873
13.871877
13.531747
13.200823
12.880029
12.569849
12.273484
11.994762
11.736847
11.520286
11.363877
11.295812
11.355045
11.589326
12.049288
12.775915
13.779442
15.032756
16.469854
17.999269
19.524889
20.960343
22.24525
23.34389
24.247734
24.964402
25.512181
25.91661
26.197849
26.385057
26.502339
26.566752
26.585367
26.592374
26.547426
52.88362
52.152958
51.421426
50.689417
49.957293
49.225377
48.49396
47.763309
47.033677
46.30531
45.578452
44.853352
44.130266
43.409453
42.691176
41.975703
41.263302
40.554243
39.848794
39.147222
38.449788
37.756753
37.068371
36.38489
35.706553
35.033597
34.36625
33.704733
33.04926
32.400035
31.757254
31.121105
30.491766
29.869405
29.254182
28.646248
28.045742
27.452794
26.867527
26.29005
25.720466
25.158866
24.605333
24.059938
23.522746
22.99381
22.473177
21.960883
21.456959
20.961428
20.474309
19.995614
19.525353
19.063529
18.610148
18.165208
17.72871
17.300652
16.881029
16.469832
16.06705
15.672664
15.286647
14.908971
14.539608
14.178529
13.825716
13.481172
13.14494
12.817174
12.498068
12.188228
11.888702
11.60084
11.328852
11.073754
10.851371
10.678669
10.579674
10.589403
10.752877
11.120957
11.73931
12.62868
13.771015
15.10876
16.553948
18.010076
19.389368
20.628148
21.690155
22.563386
23.257068
23.78475
24.174641
24.445308
24.627773
24.74247
24.82231
24.849531
52.887018
52.156435
51.42493
50.692891
49.960678
49.228621
48.497019
47.766153
47.036285
46.307672
45.580566
44.855223
44.131899
43.410857
42.692361
41.976678
41.264077
40.554827
39.849194
39.147445
38.449841
37.75664
37.068096
36.384457
35.705964
35.032852
34.36535
33.703677
33.048045
32.398659
31.755713
31.119394
30.489879
29.867335
29.251921
28.643785
28.043067
27.449895
26.86439
26.28666
25.716806
25.154918
24.601077
24.055353
23.517809
22.988495
22.467456
21.954728
21.450336
20.954303
20.466642
19.987363
19.516469
19.05396
18.599832
18.154078
17.716688
17.287652
16.866952
16.454571
16.050485
15.654665
15.267074
14.887671
14.516411
14.153247
13.79813
13.451016
13.111866
12.780666
12.457423
12.142223
11.835277
11.536948
11.248133
10.969738
10.704899
10.456871
10.233462
10.05171
9.9323588
9.906866
10.017496
10.314738
10.846944
11.642868
12.692113
13.94344
15.312193
16.701897
18.024552
19.214244
20.235183
21.072458
21.736165
22.239595
22.612182
22.871697
23.062081
23.178223
52.890474
52.159975
51.42851
50.696458
49.964179
49.232005
48.500246
47.76919
47.039112
46.310277
45.582944
44.857375
44.133831
43.412576
42.693876
41.978
41.265214
40.555788
39.849989
39.148081
38.450326
37.756981
37.068298
36.384525
35.705903
35.032666
34.365041
33.703246
33.047495
32.39799
31.754925
31.118485
30.488847
29.866179
29.250636
28.642368
28.041512
27.448197
26.862542
26.284655
25.714635
25.152571
24.598544
24.052622
23.514867
22.985329
22.464051
21.951066
21.446401
20.950073
20.462097
19.982477
19.511215
19.048307
18.593744
18.147515
17.709605
17.279996
16.858665
16.445586
16.040729
15.644056
15.255523
14.87508
14.502674
14.138246
13.781737
13.433082
13.092219
12.75909
12.43364
12.115833
11.805661
11.503163
11.208492
10.921897
10.644035
10.375923
10.11959
9.8793624
9.6585418
9.4729073
9.3409602
9.2910832
9.3631367
9.6065984
10.071603
10.792399
11.764677
12.942031
14.242598
15.570038
16.836763
17.975415
18.950546
19.747428
20.378253
20.855806
21.224531
21.474152
52.893966
52.163555
51.432136
50.700082
49.967753
49.235483
48.503587
47.772362
47.042094
46.313054
45.58551
44.859729
44.135977
43.414519
42.695625
41.979563
41.266601
40.557009
39.851052
39.148995
38.451098
37.757619
37.06881
36.384916
35.706179
35.032831
34.3651
33.703203
33.047353
32.39775
31.75459
31.118056
30.488325
29.865563
29.249927
28.641564
28.040612
27.447198
26.861441
26.283449
25.71332
25.151143
24.596997
24.05095
23.513064
22.983387
22.461962
21.948822
21.443991
20.947488
20.459323
19.979501
19.508022
19.044879
18.590062
18.143555
17.705341
17.275397
16.853697
16.44021
16.0349
15.637725
15.248636
14.867577
14.49449
14.129309
13.771966
13.422391
13.080509
12.746247
12.419531
12.100289
11.788456
11.483979
11.186829
10.897013
10.614624
10.339876
10.073239
9.8157274
9.5686881
9.335685
9.1202371
8.9347412
8.7960453
8.7301604
8.7748109
8.978361
9.3920054
10.05372
10.96383
12.079209
13.320035
14.589758
15.801083
16.88663
17.814318
18.568962
19.182017
19.637864
52.897481
52.167158
51.435787
50.70374
49.971372
49.239019
48.507003
47.775627
47.045184
46.315954
45.588212
44.862231
44.138279
43.416627
42.697544
41.981302
41.268169
40.558414
39.852304
39.150102
38.452069
37.758462
37.069531
36.385523
35.706677
35.033227
34.365398
33.703408
33.047468
32.397781
31.754538
31.117924
30.488116
29.865278
29.249567
28.64113
28.040104
27.446616
26.860785
26.282717
25.712511
25.150255
24.596028
24.049897
23.511924
22.982156
22.460637
21.947398
21.442464
20.945851
20.457571
19.977627
19.506016
19.042733
18.587764
18.141093
17.702699
17.272559
16.850641
16.436914
16.031338
15.633868
15.244451
14.863029
14.489538
14.123911
13.766073
13.41595
13.073462
12.738529
12.411066
12.090991
11.778222
11.472677
11.174281
10.882968
10.59869
10.321435
10.051252
9.7883209
9.5329816
9.2860346
9.0486729
8.8238083
8.6153516
8.4324554
8.2911905
8.2154345
8.2413653
8.4161301
8.7917967
9.4084589
10.270211
11.335121
12.524187
13.739833
14.898186
15.930424
16.829528
17.551255
52.901009
52.17077
51.43945
50.707413
49.975014
49.242591
48.510468
47.778955
47.048351
46.318944
45.591015
44.864842
44.140698
43.418857
42.699592
41.983173
41.269872
40.559957
39.853695
39.151351
38.453183
37.759449
37.070399
36.386279
35.707328
35.033778
34.365856
33.703778
33.047754
32.397987
31.754668
31.117983
30.488105
29.8652
29.249424
28.640924
28.039837
27.446289
26.860398
26.282271
25.712006
25.149691
24.595404
24.049213
23.511178
22.981348
22.459764
21.946459
21.441456
20.944773
20.456419
19.976398
19.504707
19.041337
18.586276
18.139506
17.701005
17.270747
16.848702
16.434832
16.029098
15.631453
15.241841
14.860203
14.486473
14.12058
13.762448
13.411999
13.06915
12.733816
12.40591
12.085342
11.772024
11.465865
11.166774
10.874665
10.589452
10.31106
10.039429
9.7745297
9.5163795
9.2651036
9.0209731
8.7846365
8.5572168
8.341064
8.1407152
7.9621668
7.8212269
7.7402728
7.7541912
7.9094197
8.2586639
8.8432372
9.6694096
10.693958
11.840209
13.006101
14.13791
15.131439
52.90454
52.174382
51.443111
50.711088
49.978665
49.24618
48.513961
47.782324
47.051571
46.321998
45.593893
44.867536
44.143207
43.421183
42.701738
41.985146
41.271679
40.561605
39.855193
39.152706
38.454405
37.760544
37.071376
36.387144
35.708089
35.034441
34.366426
33.704261
33.048156
32.398311
31.75492
31.118165
30.488222
29.865255
29.24942
28.640863
28.039721
27.44612
26.860178
26.282001
25.711687
25.149324
24.59499
24.048752
23.51067
22.980793
22.459163
21.94581
21.44076
20.944029
20.455626
19.975555
19.503812
19.040388
18.58527
18.13844
17.699874
17.269545
16.847423
16.433468
16.02764
15.629889
15.240162
14.858394
14.484521
14.118468
13.76016
13.409515
13.066449
12.730875
12.402703
12.08184
11.768195
11.461672
11.162175
10.869609
10.583879
10.304891
10.032554
9.7667863
9.5075161
9.2546982
9.0083288
8.7684927
8.5354181
8.3096357
8.0922628
7.885156
7.6923968
7.5197542
7.3815753
7.2992412
7.3067943
7.4505568
7.7839022
8.3480908
9.1520899
10.146363
11.286991
12.420169
52.908067
52.177986
51.446763
50.714755
49.982312
49.249773
48.517468
47.785716
47.054825
46.325097
45.596823
44.870292
44.145784
43.423582
42.703962
41.987199
41.273567
40.563336
39.856774
39.154145
38.455709
37.761722
37.072434
36.388091
35.70893
35.035183
34.367076
33.704824
33.048638
32.398717
31.755254
31.118432
30.488425
29.865398
29.249506
28.640895
28.039702
27.446052
26.860063
26.281841
25.711485
25.14908
24.594705
24.048427
23.510307
22.980393
22.458726
21.945338
21.440253
20.943487
20.455049
19.974944
19.503166
19.039707
18.584553
18.137686
17.69908
17.268709
16.84654
16.432534
16.026649
15.628836
15.239038
14.857193
14.483232
14.117083
13.758668
13.407905
13.064708
12.728988
12.400655
12.079614
11.765771
11.459029
11.159289
10.866452
10.580419
10.30109
10.028365
9.7621463
9.5023394
9.2488548
9.0016141
8.7605602
8.5256736
8.2970101
8.0747729
7.8593995
7.6518628
7.4538617
7.269112
7.1032304
6.969525
6.8887997
6.8949493
7.0343064
7.3627121
7.918331
8.7433302
9.7222964
52.911584
52.181575
51.450398
50.718406
49.985946
49.253359
48.520975
47.789118
47.058099
46.328225
45.599792
44.873092
44.148413
43.426037
42.706245
41.989314
41.275519
40.565132
39.85842
39.155648
38.457078
37.762963
37.073555
36.389099
35.709832
35.035986
34.367786
33.705447
33.049178
32.399181
31.755646
31.118756
30.488686
29.865599
29.249651
28.640988
28.039745
27.446048
26.860014
26.281751
25.711354
25.14891
24.594499
24.048187
23.510033
22.980087
22.458389
21.944972
21.439859
20.943066
20.454603
19.974473
19.502671
19.039189
18.584012
18.13712
17.69849
17.268094
16.845897
16.431861
16.025942
15.628091
15.238251
14.856359
14.482345
14.116138
13.757657
13.406821
13.063544
12.727735
12.399304
12.078154
11.764191
11.457315
11.157427
10.864426
10.578211
10.298678
10.025725
9.7592492
9.4991483
9.2453213
8.9976695
8.7560995
8.5205276
8.2908882
8.0671518
7.8493526
7.6376557
7.4324443
7.2345918
7.0456906
6.8692037
6.7106893
6.5828779
6.5063242
6.516278
6.6584157
7.0164299
7.5733551
52.915087
52.185145
51.45401
50.722033
49.989559
49.256928
48.524473
47.792518
47.06138
46.331368
45.602785
44.875925
44.151079
43.428535
42.708575
41.991479
41.277523
40.56698
39.860119
39.157204
38.458498
37.764255
37.074727
36.390156
35.710782
35.036835
34.36854
33.706112
33.049761
32.399686
31.756078
31.11912
30.488986
29.865839
29.249836
28.64112
28.039827
27.446084
26.860007
26.281702
25.711267
25.148787
24.594341
24.047996
23.509812
22.979837
22.458112
21.94467
21.439533
20.942718
20.454235
19.974086
19.502266
19.038768
18.583575
18.136669
17.698024
17.267612
16.845399
16.431345
16.025407
15.627534
15.237669
14.855748
14.481703
14.115459
13.756939
13.406059
13.062732
12.726869
12.398377
12.07716
11.763123
11.456165
11.156186
10.863084
10.576757
10.2971
10.024009
9.7573792
9.4971054
9.2430827
8.9952067
8.7533742
8.5174844
8.2874413
8.0631573
7.8445613
7.6316139
7.4243337
7.2228591
7.0275358
6.8391694
6.6592874
6.4912206
6.3405481
6.2201371
6.1504169
6.1818583
6.3306935
52.91857
52.18869
51.457595
50.725632
49.993145
49.260475
48.527953
47.795908
47.064658
46.334517
45.60579
44.878776
44.153771
43.431064
42.71094
41.993682
41.279566
40.568869
39.861859
39.158802
38.45996
37.765588
37.075937
36.391251
35.711768
35.037719
34.369328
33.70681
33.050374
32.40022
31.756539
31.119512
30.489313
29.866106
29.250045
28.641277
28.039935
27.446145
26.860025
26.281679
25.711205
25.14869
24.59421
24.047835
23.509621
22.979619
22.457869
21.944403
21.439246
20.942412
20.453912
19.973747
19.501915
19.038404
18.583201
18.136285
17.697631
17.26721
16.844988
16.430925
16.024976
15.62709
15.23721
14.855273
14.481209
14.114944
13.756399
13.405492
13.062135
12.726238
12.397709
12.076451
11.762368
11.45536
11.155325
10.862161
10.575764
10.296031
10.022855
9.7561307
9.4957516
9.2416112
8.9936029
8.7516205
8.5155582
8.285312
8.0607796
7.8418632
7.628473
7.4205336
7.217999
7.0208769
6.8292875
6.6435526
6.4644416
6.2934522
6.13398
5.9916951
5.8848075
5.8230003
52.922029
52.192206
51.461147
50.729197
49.996698
49.263991
48.531408
47.799279
47.067925
46.337661
45.608798
44.881638
44.156479
43.433613
42.71333
41.995912
41.28164
40.57079
39.863632
39.160433
38.461454
37.766952
37.077178
36.392376
35.712783
35.03863
34.370141
33.707532
33.051011
32.400776
31.757019
31.119922
30.489657
29.866389
29.250271
28.641448
28.040056
27.44622
26.860056
26.281669
25.711157
25.148606
24.594094
24.047687
23.509445
22.979417
22.457643
21.944156
21.438979
20.942128
20.453612
19.973435
19.501591
19.038071
18.58286
18.135938
17.697279
17.266853
16.844626
16.430559
16.024605
15.626713
15.236825
14.854879
14.480804
14.114527
13.755968
13.405045
13.06167
12.725753
12.397201
12.075918
11.761807
11.454767
11.154698
10.861495
10.575056
10.295275
10.022047
9.7552641
9.49482
9.2406071
8.9925179
8.750445
8.5142808
8.2839187
8.0592525
7.8401774
7.626591
7.4183945
7.2154966
7.0178197
6.8253133
6.6379783
6.4559254
6.2794631
6.1093761
5.9471777
5.7978451
5.6640058
52.92546
52.195689
51.464662
50.732724
50.000214
49.267472
48.534832
47.802624
47.071172
46.340793
45.611801
44.8845
44.159193
43.436174
42.715735
41.998162
41.283736
40.572734
39.865429
39.162088
38.462973
37.768342
37.078443
36.393523
35.713819
35.039561
34.370974
33.708272
33.051663
32.401346
31.757513
31.120344
30.490012
29.866681
29.250505
28.641628
28.040184
27.446301
26.860092
26.281664
25.711114
25.148527
24.593981
24.047544
23.509274
22.97922
22.457423
21.943915
21.438719
20.941852
20.453322
19.973133
19.50128
19.037753
18.582536
18.13561
17.696948
17.26652
16.844292
16.430223
16.024267
15.626373
15.236482
14.854532
14.480452
14.114168
13.755602
13.40467
13.061285
12.725356
12.39679
12.075493
11.761364
11.454306
11.154215
10.86099
10.574524
10.294714
10.021453
9.7546343
9.4941499
9.2398921
8.9917529
8.749624
8.5133974
8.2829652
8.05822
7.8390547
7.6253636
7.417042
7.2139874
7.0161013
6.8232917
6.63548
6.4526136
6.2746899
6.1018223
5.9343271
5.7733937
5.6197916
52.92886
52.199135
51.468138
50.736208
50.003688
49.270913
48.53822
47.805937
47.074392
46.343905
45.614789
44.887355
44.161905
43.438739
42.718149
42.000423
41.285846
40.574695
39.867244
39.163762
38.464511
37.769749
37.079726
36.394688
35.714871
35.040507
34.371819
33.709023
33.052326
32.401926
31.758014
31.120772
30.490372
29.866977
29.250741
28.641808
28.040313
27.446381
26.860128
26.281658
25.711069
25.148446
24.593867
24.047399
23.509101
22.979021
22.457201
21.943672
21.438458
20.941575
20.453032
19.972832
19.50097
19.037437
18.582216
18.135286
17.696623
17.266195
16.843967
16.4299
16.023945
15.626051
15.236161
14.854209
14.480128
14.113842
13.755272
13.404335
13.060945
12.72501
12.396437
12.075131
11.760993
11.453924
11.153821
10.860581
10.574101
10.294273
10.020992
9.7541512
9.4936421
9.2393567
8.9911866
8.7490231
8.5127579
8.2822824
8.0574887
7.838269
7.6245161
7.4161239
7.2129868
7.0150011
6.8220649
6.6340802
6.4509554
6.2726118
6.0989968
5.9301152
5.7661701
5.6073712
52.932223
52.202541
51.471569
50.739648
50.007115
49.27431
48.541565
47.809213
47.07758
46.34699
45.617757
44.890195
44.164609
43.441299
42.720563
42.002689
41.287963
40.576665
39.869071
39.165448
38.466062
37.771169
37.081021
36.395864
35.715934
35.041463
34.372674
33.709782
33.052994
32.40251
31.758519
31.121203
30.490733
29.867273
29.250976
28.641987
28.040439
27.446457
26.860158
26.281645
25.711017
25.148357
24.593744
24.047246
23.508919
22.978814
22.45697
21.943421
21.438189
20.94129
20.452735
19.972525
19.500655
19.037116
18.581891
18.13496
17.696296
17.265869
16.843643
16.429578
16.023626
15.625735
15.235846
14.853896
14.479815
14.113529
13.754959
13.404021
13.060629
12.724692
12.396116
12.074806
11.760663
11.453588
11.153478
10.860231
10.573741
10.293904
10.020612
9.7537577
9.4932338
9.2389318
8.990743
8.7485585
8.5122696
8.2817675
8.0569439
7.8376907
7.6239001
7.4154654
7.21228
7.0142386
6.821237
6.6331723
6.4499437
6.2714541
6.0976124
5.928347
5.7636149
5.6034725
52.935548
52.205903
51.474953
50.743037
50.010493
49.277657
48.544864
47.812446
47.08073
46.350041
45.620698
44.893013
44.167296
43.443849
42.72297
42.004951
41.29008
40.578638
39.870902
39.16714
38.467619
37.772596
37.082324
36.397046
35.717003
35.042423
34.373532
33.710543
33.053665
32.403095
31.759023
31.121631
30.491091
29.867564
29.251206
28.642158
28.040556
27.446525
26.860178
26.281623
25.710954
25.148257
24.59361
24.04708
23.508725
22.978594
22.456727
21.943157
21.437907
20.940994
20.452426
19.972205
19.500328
19.036784
18.581556
18.134624
17.695961
17.265535
16.843312
16.429251
16.023301
15.625413
15.235528
14.853581
14.479503
14.113219
13.75465
13.403713
13.060322
12.724384
12.395807
12.074496
11.760352
11.453275
11.153162
10.859911
10.573417
10.293575
10.020277
9.7534157
9.4928838
9.2385724
8.9903728
8.7481761
8.5118733
8.2813554
8.0565138
7.8372403
7.6234268
7.4149661
7.2117515
7.013677
6.8206375
6.6325288
6.449248
6.2706933
6.0967671
5.9273722
5.7624159
5.6019099
52.93883
52.209217
51.478286
50.746374
50.013817
49.280952
48.548112
47.815631
47.083837
46.353055
45.623605
44.895803
44.16996
43.44638
42.725364
42.007204
41.292192
40.580608
39.872731
39.168833
38.469178
37.774025
37.083628
36.398231
35.718073
35.043385
34.37439
33.711304
33.054333
32.403676
31.759522
31.122054
30.491441
29.867848
29.251426
28.64232
28.040663
27.44658
26.860187
26.281587
25.710877
25.148143
24.593461
24.046899
23.508515
22.978358
22.456468
21.942877
21.43761
20.940681
20.452101
19.97187
19.499986
19.036436
18.581206
18.134273
17.695611
17.265188
16.842968
16.42891
16.022964
15.62508
15.235199
14.853256
14.479181
14.1129
13.754334
13.4034
13.06001
12.724074
12.395498
12.074188
11.760044
11.452967
11.152855
10.859603
10.573108
10.293264
10.019964
9.7530999
9.4925644
9.2382487
8.9900439
8.7478408
8.5115306
8.281004
8.0561524
7.8368672
7.6230404
7.4145644
7.2113324
7.013238
6.8201759
6.6320415
6.448731
6.2701417
6.0961719
5.9267225
5.7616912
5.6010741
52.942065
52.212481
51.481566
50.749655
50.017084
49.28419
48.551305
47.818764
47.086895
46.356024
45.626473
44.898559
44.172595
43.448887
42.727738
42.009442
41.294291
40.582569
39.874554
39.17052
38.470733
37.775451
37.08493
36.399413
35.71914
35.044343
34.375244
33.712059
33.054995
32.40425
31.760014
31.122468
30.491782
29.86812
29.251634
28.642468
28.040756
27.446621
26.860179
26.281535
25.710784
25.148011
24.593294
24.0467
23.508287
22.978103
22.45619
21.942578
21.437293
20.940349
20.451756
19.971516
19.499625
19.036071
18.580838
18.133904
17.695244
17.264824
16.842607
16.428553
16.022612
15.624733
15.234855
14.852916
14.478844
14.112567
13.754005
13.403073
13.059686
12.723753
12.39518
12.073872
11.759731
11.452656
11.152545
10.859295
10.572802
10.292958
10.019659
9.7527949
9.492259
9.2379424
8.989736
8.7475307
8.5112174
8.280687
8.0558306
7.8365396
7.6227057
7.4142215
7.2109798
7.0128741
6.819799
6.6316495
6.4483216
6.2697125
6.0957186
5.9262412
5.7611802
5.6005221
52.945249
52.21569
51.484787
50.752876
50.020291
49.287367
48.554439
47.82184
47.089899
46.358943
45.629296
44.901275
44.175195
43.451364
42.730086
42.011658
41.296372
40.584514
39.876364
39.172197
38.472278
37.77687
37.086224
36.400588
35.720201
35.045294
34.376091
33.712807
33.055649
32.404815
31.760495
31.122869
30.49211
29.868378
29.251828
28.642601
28.040832
27.446645
26.860154
26.281464
25.710671
25.14786
24.593107
24.04648
23.508038
22.977827
22.45589
21.942258
21.436954
20.939995
20.45139
19.971141
19.499242
19.035683
18.580448
18.133515
17.694856
17.264439
16.842227
16.428177
16.022242
15.624368
15.234495
14.85256
14.478494
14.112221
13.753662
13.402735
13.059351
12.723422
12.394853
12.073548
11.75941
11.452338
11.15223
10.858983
10.572493
10.292652
10.019354
9.7524928
9.4919586
9.2376433
8.9894379
8.7472331
8.5109198
8.2803887
8.055531
7.8362379
7.6224013
7.4139134
7.210667
7.0125557
6.8194736
6.6313159
6.4479784
6.2693581
6.0953508
5.9258583
5.760777
5.600097
52.94838
52.218841
51.487948
50.756034
50.023433
49.290481
48.557511
47.824856
47.092846
46.361809
45.632069
44.903946
44.177754
43.453805
42.732402
42.013846
41.298429
40.586439
39.878157
39.173858
38.47381
37.778275
37.087507
36.401752
35.72125
35.046234
34.376926
33.713542
33.056289
32.405366
31.760962
31.123257
30.492422
29.86862
29.252004
28.642716
28.040889
27.446648
26.860108
26.281372
25.710536
25.147686
24.592897
24.046238
23.507765
22.977528
22.455567
21.941913
21.436592
20.939618
20.451
19.970741
19.498836
19.035273
18.580036
18.133103
17.694446
17.264032
16.841824
16.42778
16.02185
15.623981
15.234115
14.852186
14.478125
14.111857
13.753303
13.402381
13.059002
12.723077
12.394512
12.073212
11.759079
11.452011
11.151907
10.858665
10.572178
10.292341
10.019047
9.7521886
9.4916577
9.2373454
8.9891426
8.7469401
8.5106287
8.2800992
8.0552426
7.8359501
7.6221135
7.4136251
7.2103774
7.0122641
6.8191793
6.6310179
6.4476757
6.2690497
6.0950355
5.9255346
5.7604434
5.5997504
52.951453
52.221931
51.491044
50.759125
50.026508
49.293527
48.560515
47.827806
47.095731
46.364616
45.634788
44.906566
44.180268
43.456204
42.734681
42.016
41.300456
40.588337
39.879926
39.175498
38.475323
37.779663
37.088773
36.4029
35.722285
35.047159
34.377746
33.714262
33.056914
32.405901
31.761411
31.123626
30.492716
29.868843
29.25216
28.642809
28.040925
27.44663
26.860039
26.281256
25.710377
25.147487
24.592662
24.045969
23.507467
22.977202
22.455217
21.941543
21.436203
20.939214
20.450585
19.970316
19.498404
19.034837
18.579598
18.132665
17.69401
17.2636
16.841398
16.427359
16.021436
15.623574
15.233713
14.851791
14.477736
14.111474
13.752927
13.40201
13.058637
12.722717
12.394158
12.072863
11.758734
11.451672
11.151573
10.858335
10.571853
10.292021
10.018732
9.7518784
9.4913518
9.2370436
8.9888447
8.746646
8.510338
8.2798116
8.0549578
7.8356677
7.6218332
7.4133462
7.2100997
7.011987
6.8189021
6.6307401
6.4473967
6.2687686
6.0947518
5.9252471
5.7601522
5.5994526
52.954465
52.224956
51.494072
50.762147
50.029512
49.296502
48.56345
47.830688
47.098549
46.36736
45.637446
44.90913
44.182729
43.458556
42.736917
42.018116
41.302448
40.590204
39.881666
39.177112
38.476812
37.781029
37.090018
36.404029
35.7233
35.048065
34.378548
33.714964
33.057521
32.406417
31.761841
31.123975
30.492988
29.869044
29.252294
28.64288
28.040937
27.446587
26.859945
26.281115
25.710193
25.147262
24.592401
24.045674
23.507141
22.97685
22.45484
21.941145
21.435787
20.938783
20.450141
19.969863
19.497944
19.034373
18.579133
18.1322
17.693548
17.263142
16.840945
16.426912
16.020996
15.623141
15.233288
14.851373
14.477326
14.111071
13.75253
13.40162
13.058253
12.72234
12.393787
12.072498
11.758375
11.451318
11.151226
10.857993
10.571517
10.29169
10.018407
9.7515582
9.4910368
9.2367337
8.9885398
8.7463457
8.5100423
8.2795202
8.0546704
7.8353841
7.621553
7.4130693
7.2098255
7.0117152
6.8186324
6.630472
6.4471296
6.2685021
6.0944855
5.9249802
5.7598854
5.5991834
52.957411
52.227911
51.497029
50.765095
50.032441
49.299402
48.56631
47.833497
47.101296
46.370035
45.64004
44.911634
44.185134
43.460855
42.739105
42.020188
41.3044
40.592033
39.883372
39.178695
38.478272
37.782368
37.091238
36.405133
35.724292
35.048948
34.379327
33.715643
33.058104
32.40691
31.762248
31.1243
30.493237
29.86922
29.252402
28.642925
28.040922
27.446517
26.859824
26.280947
25.70998
25.147009
24.59211
24.04535
23.506786
22.976468
22.454434
21.940717
21.435342
20.938322
20.449668
19.969381
19.497456
19.033881
18.578639
18.131707
17.693057
17.262656
16.840464
16.426438
16.020528
15.622681
15.232836
14.850929
14.476889
14.110643
13.752109
13.401206
13.057847
12.72194
12.393394
12.072112
11.757996
11.450945
11.150859
10.857633
10.571163
10.291343
10.018066
9.7512234
9.4907081
9.2364109
8.9882227
8.7460343
8.5097364
8.2792196
8.0543749
7.8350936
7.6212672
7.4127878
7.2095483
7.0114418
6.8183626
6.6302054
6.4468659
6.2682409
6.0942266
5.924723
5.7596307
5.5989294
52.960285
52.230793
51.499909
50.767964
50.035291
49.302222
48.56909
47.836228
47.103968
46.372637
45.642564
44.91407
44.187476
43.463095
42.741238
42.022208
41.306304
40.593819
39.885038
39.18024
38.479697
37.783674
37.092428
36.406208
35.725256
35.049804
34.380079
33.716296
33.058662
32.407376
31.762629
31.124599
30.493459
29.869369
29.252483
28.642942
28.040879
27.446418
26.859673
26.280748
25.709737
25.146725
24.591789
24.044995
23.5064
22.976054
22.453996
21.940258
21.434864
20.93783
20.449164
19.968868
19.496936
19.033357
18.578114
18.131184
17.692537
17.26214
16.839954
16.425934
16.020032
15.622193
15.232356
14.850457
14.476426
14.110187
13.751661
13.400766
13.057414
12.721515
12.392976
12.071701
11.757593
11.45055
11.150471
10.857252
10.570789
10.290976
10.017705
9.7508702
9.4903617
9.2360713
8.9878898
8.7457079
8.5094163
8.2789058
8.0540672
7.8347917
7.620971
7.4124972
7.2092629
7.0111615
6.818087
6.6299344
6.4465992
6.2679782
6.0939678
5.9244676
5.7593799
5.5986807
52.963077
52.233588
51.5027
50.770743
50.038049
49.30495
48.57178
47.83887
47.106552
46.375155
45.645006
44.916429
44.189743
43.465265
42.743304
42.024166
41.308151
40.595551
39.886653
39.181738
38.481078
37.784938
37.093577
36.407244
35.726182
35.050625
34.380796
33.716914
33.059186
32.40781
31.762976
31.124865
30.493647
29.869485
29.25253
28.642925
28.040802
27.446285
26.859488
26.280514
25.709459
25.146406
24.591433
24.044604
23.505979
22.975606
22.453524
21.939765
21.434353
20.937304
20.448626
19.968321
19.496383
19.032801
18.577557
18.130628
17.691984
17.261592
16.839412
16.4254
16.019506
15.621675
15.231847
14.849956
14.475933
14.109703
13.751186
13.400299
13.056955
12.721064
12.392533
12.071266
11.757166
11.45013
11.150059
10.856849
10.570393
10.290588
10.017325
9.7504975
9.4899966
9.2357136
8.9875395
8.7453649
8.5090804
8.2785769
8.0537452
7.8344764
7.6206623
7.4121948
7.2089667
7.0108712
6.8178025
6.6296554
6.4463256
6.2677097
6.0937045
5.9242091
5.7591282
5.5984317
52.965759
52.236272
51.505379
50.77341
50.040695
49.307568
48.57436
47.841404
47.109031
46.37757
45.64735
44.918694
44.191922
43.467351
42.745291
42.02605
41.309927
40.597217
39.888207
39.183179
38.482405
37.786152
37.094679
36.408237
35.727067
35.051405
34.381475
33.717495
33.059673
32.408207
31.763288
31.125096
30.493802
29.869567
29.252544
28.642874
28.040692
27.446119
26.85927
26.280248
25.709148
25.146055
24.591044
24.044182
23.505526
22.975125
22.453019
21.93924
21.43381
20.936747
20.448057
19.967744
19.4958
19.032215
18.57697
18.130042
17.691402
17.261016
16.838843
16.424838
16.018953
15.62113
15.231311
14.84943
14.475416
14.109195
13.750687
13.399809
13.056474
12.720591
12.392069
12.07081
11.756718
11.449691
11.149628
10.856426
10.569979
10.290182
10.016927
9.7501076
9.4896148
9.2353398
8.9871735
8.7450067
8.50873
8.278234
8.0534097
7.8341482
7.6203412
7.4118806
7.2086593
7.0105705
6.8175082
6.6293674
6.4460437
6.2674338
6.0934345
5.923945
5.7588706
5.598177
248.72815
138.01934
97.985889
79.208069
68.980263
62.875009
59.008895
56.477045
54.978949
80.509176
248.72815
138.0189
97.985888
79.208163
68.980412
62.875137
59.009361
56.475718
54.954879
60.810375
248.72815
138.01869
97.985833
79.208168
68.980479
62.875159
59.009591
56.473925
54.940937
55.314367
248.72815
138.01854
97.985787
79.208166
68.980535
62.875209
59.009834
56.473434
54.92847
54.166295
248.72815
138.01841
97.985753
79.208176
68.980599
62.875301
59.010091
56.473061
54.922849
53.927347
248.72815
138.01828
97.985724
79.208197
68.980677
62.875435
59.010325
56.472585
54.912463
53.869649
248.72815
138.01815
97.985697
79.208228
68.980771
62.875606
59.010586
56.472187
54.894173
53.840037
248.72815
138.01802
97.985672
79.208267
68.980883
62.875811
59.010912
56.471884
54.868983
53.810745
248.72815
138.01788
97.985649
79.208315
68.981013
62.876052
59.011305
56.471737
54.840972
53.780555
248.72815
138.01774
97.985627
79.208371
68.981163
62.876334
59.011768
56.471782
54.815655
53.753397
248.72815
138.01761
97.985607
79.208436
68.981333
62.876657
59.012308
56.472035
54.796191
53.729461
248.72815
138.01747
97.985589
79.208512
68.981526
62.877027
59.012931
56.472505
54.782829
53.695269
248.72815
138.01733
97.985575
79.208598
68.981743
62.877444
59.013639
56.473192
54.774434
53.654019
248.72815
138.01719
97.985565
79.208697
68.981986
62.877914
59.014437
56.474093
54.769669
53.624381
248.72815
138.01705
97.985558
79.208808
68.982258
62.878437
59.015329
56.475198
54.767405
53.608048
248.72815
138.01691
97.985558
79.208934
68.982561
62.879019
59.016315
56.476497
54.766814
53.60022
248.72815
138.01678
97.985563
79.209076
68.982897
62.879661
59.017398
56.477974
54.767335
53.597132
248.72815
138.01665
97.985575
79.209236
68.983267
62.880365
59.018579
56.479618
54.768603
53.596653
248.72815
138.01653
97.985595
79.209414
68.983676
62.881136
59.019857
56.481413
54.770381
53.597647
248.72815
138.01641
97.985625
79.209612
68.984125
62.881974
59.021233
56.483347
54.772515
53.599505
248.72815
138.0163
97.985665
79.209833
68.984617
62.882883
59.022705
56.485408
54.774907
53.60189
248.72815
138.01621
97.985717
79.210078
68.985154
62.883864
59.024271
56.487584
54.777488
53.604612
248.72815
138.01613
97.985782
79.210349
68.985738
62.884917
59.025931
56.489865
54.780215
53.607554
248.72815
138.01606
97.985863
79.210648
68.986373
62.886046
59.027682
56.492241
54.783054
53.610648
248.72815
138.016
97.98596
79.210978
68.98706
62.887249
59.02952
56.494704
54.785983
53.613848
248.72815
138.01597
97.986076
79.21134
68.987802
62.888529
59.031442
56.497244
54.788984
53.617124
248.72815
138.01596
97.986212
79.211737
68.988599
62.889884
59.033446
56.499856
54.792044
53.620453
248.72815
138.01597
97.986371
79.21217
68.989456
62.891314
59.035526
56.50253
54.795151
53.623821
248.72815
138.016
97.986554
79.212643
68.990371
62.89282
59.03768
56.505262
54.798296
53.627217
248.72815
138.01606
97.986764
79.213157
68.991348
62.894398
59.039903
56.508043
54.801472
53.630629
248.72815
138.01616
97.987003
79.213714
68.992387
62.896048
59.04219
56.510868
54.804671
53.634051
248.72815
138.01629
97.987273
79.214316
68.993489
62.897768
59.044537
56.513731
54.807887
53.637476
248.72815
138.01645
97.987577
79.214965
68.994653
62.899556
59.046938
56.516626
54.811113
53.640898
248.72815
138.01665
97.987916
79.215663
68.995881
62.901409
59.04939
56.519548
54.814346
53.644312
248.72815
138.0169
97.988293
79.216411
68.997171
62.903323
59.051886
56.52249
54.817579
53.647713
248.72815
138.01719
97.98871
79.21721
68.998523
62.905295
59.054422
56.525448
54.820808
53.651097
248.72815
138.01753
97.989169
79.218062
68.999936
62.907322
59.056992
56.528417
54.824027
53.65446
248.72815
138.01792
97.989672
79.218967
69.001408
62.909399
59.059591
56.53139
54.827233
53.657796
248.72815
138.01837
97.990221
79.219926
69.002938
62.911522
59.062213
56.534363
54.830421
53.661104
248.72815
138.01888
97.990816
79.220939
69.004522
62.913686
59.064853
56.537331
54.833586
53.664377
248.72815
138.01945
97.991461
79.222004
69.006157
62.915886
59.067506
56.540288
54.836724
53.667613
248.72815
138.02009
97.992154
79.223123
69.007842
62.918118
59.070165
56.54323
54.83983
53.670808
248.72815
138.02079
97.992897
79.224293
69.009571
62.920375
59.072825
56.546151
54.842901
53.673957
248.72815
138.02157
97.993689
79.225513
69.011342
62.922652
59.07548
56.549046
54.845931
53.677057
248.72815
138.02243
97.99453
79.22678
69.013148
62.924943
59.078124
56.55191
54.848916
53.680104
248.72815
138.02337
97.995417
79.228093
69.014986
62.927242
59.080752
56.554737
54.851852
53.683094
248.72815
138.02438
97.996347
79.229446
69.016848
62.929542
59.083356
56.557522
54.854734
53.686022
248.72815
138.02547
97.997316
79.230836
69.018729
62.931834
59.085929
56.560259
54.857555
53.688882
248.72815
138.02662
97.998308
79.232245
69.020611
62.934104
59.088456
56.562933
54.860303
53.691662
248.72815
138.02778
97.999268
79.233615
69.022444
62.936306
59.0909
56.565511
54.862947
53.694335
248.72815
138.02878
98.000234
79.235092
69.024408
62.938647
59.093478
56.568219
54.865717
53.697131
248.72815
138.02947
98.001315
79.236927
69.026888
62.941563
59.096651
56.571526
54.869086
53.700523
248.72815
138.02982
98.002641
79.238922
69.029535
62.94467
59.100031
56.575047
54.872669
53.704129
248.72815
138.03003
98.004372
79.241367
69.032652
62.948249
59.103871
56.579012
54.876684
53.708158
248.72815
138.03032
98.006477
79.244439
69.036464
62.952531
59.108399
56.583645
54.88135
53.712823
248.72815
138.03073
98.009024
79.248345
69.041227
62.957784
59.113887
56.589222
54.886944
53.718403
248.72815
138.03143
98.011949
79.252748
69.046488
62.963496
59.119796
56.595193
54.892914
53.724348
248.72815
138.0325
98.015203
79.257451
69.051967
62.969331
59.125754
56.601158
54.898841
53.730225
248.72815
138.03391
98.018644
79.262184
69.057335
62.974946
59.131418
56.606788
54.904407
53.735727
248.72815
138.03532
98.021849
79.266466
69.062087
62.979829
59.136277
56.611565
54.909094
53.740334
248.72815
138.03674
98.024629
79.269976
69.065843
62.983583
59.139932
56.615099
54.912518
53.743666
248.72815
138.03778
98.026563
79.272291
69.068205
62.985844
59.14205
56.61708
54.914383
53.74544
248.72815
138.03835
98.027493
79.273251
69.069013
62.986447
59.142456
56.617324
54.9145
53.745462
248.72815
138.03841
98.027472
79.273038
69.068579
62.985808
59.141648
56.616383
54.913459
53.744348
248.72815
138.03808
98.026693
79.271805
69.066953
62.983876
59.139492
56.614069
54.911036
53.74185
248.72815
138.03772
98.026168
79.271183
69.066262
62.983125
59.138686
56.613208
54.910116
53.740864
248.72815
138.03665
98.024327
79.268795
69.063511
62.980132
59.13552
56.609906
54.906696
53.737332
248.72815
138.03789
98.025116
79.268867
69.062928
62.979035
59.134052
56.60819
54.904835
53.735409
52.968562
52.239076
51.508178
50.776196
50.043462
49.310306
48.577062
47.844061
47.111635
46.380114
45.649824
44.92109
44.194233
43.46957
42.747413
42.028068
41.311837
40.599016
39.889892
39.184747
38.483857
37.787488
37.095899
36.409342
35.72806
35.052287
34.382251
33.718168
33.060246
32.408685
31.763674
31.125394
30.494017
29.869704
29.252607
28.642868
28.04062
27.445986
26.85908
26.280005
25.708855
25.145717
24.590664
24.043764
23.505074
22.974643
22.45251
21.938707
21.433257
20.936176
20.447473
19.967149
19.495198
19.031608
18.576362
18.129434
17.690797
17.260415
16.838248
16.42425
16.018372
15.620559
15.230748
14.848876
14.474871
14.108659
13.750159
13.39929
13.055963
12.72009
12.391576
12.070326
11.756242
11.449223
11.149169
10.855975
10.569537
10.289748
10.016502
9.7496906
9.4892061
9.2349394
8.9867814
8.7446227
8.5083541
8.2778661
8.0530496
7.8337959
7.6199965
7.4115434
7.2083295
7.0102478
6.8171927
6.6290588
6.4457418
6.2671385
6.0931459
5.9236633
5.7585973
5.5979076
52.971958
52.24247
51.51156
50.779559
50.046797
49.313604
48.580313
47.847257
47.114766
46.383171
45.652798
44.923974
44.197018
43.472249
42.749979
42.030516
41.314163
40.601215
39.891961
39.186685
38.485661
37.789159
37.097438
36.41075
35.729339
35.05344
34.383281
33.719078
33.06104
32.409368
31.76425
31.125869
30.494394
29.869988
29.252804
28.642982
28.040656
27.445948
26.858973
26.279834
25.708626
25.145432
24.590328
24.043382
23.504649
22.974179
22.452011
21.938178
21.432701
20.935598
20.446876
19.966537
19.494574
19.030975
18.575723
18.128793
17.690156
17.259776
16.837613
16.423621
16.017749
15.619942
15.23014
14.848275
14.474278
14.108074
13.749582
13.398721
13.055402
12.719537
12.391031
12.069789
11.755713
11.448703
11.148656
10.855471
10.569041
10.28926
10.016023
9.7492202
9.4887443
9.2344861
8.9863367
8.7441866
8.5079264
8.2774469
8.0526388
7.8333934
7.6196022
7.4111573
7.2079514
7.0098777
6.8168303
6.6287042
6.4453949
6.2667991
6.0928142
5.9233396
5.7582806
5.5975966
52.97557
52.246078
51.515158
50.783137
50.050345
49.317114
48.583775
47.850661
47.118103
46.38643
45.65597
44.927049
44.199988
43.475106
42.752716
42.033126
41.316639
40.603553
39.894158
39.188738
38.487569
37.790921
37.099053
36.41222
35.730666
35.054627
34.38433
33.719994
33.061828
32.41003
31.764793
31.126297
30.494714
29.870204
29.252921
28.643006
28.040593
27.445804
26.858752
26.279542
25.708267
25.145012
24.589853
24.042855
23.504076
22.973564
22.45136
21.937493
21.431989
20.934862
20.446121
19.965766
19.493792
19.030187
18.574931
18.128
17.689365
17.25899
16.836833
16.42285
16.016988
15.619191
15.2294
14.847546
14.47356
14.107367
13.748887
13.398036
13.054729
12.718874
12.390378
12.069147
11.755082
11.448082
11.148047
10.854872
10.568452
10.288683
10.015456
9.7486635
9.4881981
9.2339505
8.9858114
8.7436716
8.5074217
8.2769523
8.0521543
7.8329188
7.6191374
7.4107022
7.2075059
7.0094416
6.8164036
6.6282866
6.4449864
6.2663997
6.0924239
5.9229588
5.7579099
5.5972324
52.979598
52.250097
51.519159
50.787112
50.054284
49.321007
48.587612
47.854431
47.121796
46.390035
45.659477
44.930448
44.20327
43.478261
42.755736
42.036003
41.319368
40.606127
39.896573
39.19099
38.489656
37.792841
37.100807
36.413808
35.732089
35.055888
34.385432
33.720941
33.062624
32.410681
31.765304
31.126674
30.494962
29.870331
29.252931
28.642907
28.040391
27.445505
26.858364
26.279069
25.707716
25.14439
24.589164
24.042107
23.503274
22.972714
22.450466
21.936563
21.431027
20.933873
20.445111
19.96474
19.492754
19.029142
18.573883
18.126954
17.688324
17.257956
16.83581
16.421838
16.01599
15.618208
15.228432
14.846594
14.472625
14.106447
13.747983
13.397148
13.053856
12.718017
12.389537
12.068322
11.754272
11.447287
11.147267
10.854107
10.567703
10.287948
10.014736
9.7479592
9.4875087
9.2332757
8.9851513
8.7430259
8.5067903
8.2763349
8.0515508
7.832329
7.6185612
7.4101393
7.2069559
7.0089045
6.8158791
6.6277746
6.4444867
6.2659122
6.0919487
5.9224963
5.7574599
5.5967921
52.98425
52.254728
51.523761
50.791676
50.0588
49.325466
48.592004
47.858745
47.12602
46.39416
45.663492
44.934343
44.207034
43.481886
42.759212
42.039323
41.322523
40.609112
39.899381
39.193618
38.4921
37.795099
37.102878
36.415692
35.733787
35.057402
34.386765
33.722096
33.063606
32.411495
31.765955
31.127168
30.495305
29.87053
29.252994
28.64284
28.040201
27.445199
26.857949
26.278553
25.707105
25.143691
24.588386
24.041255
23.502355
22.971735
22.449434
21.935484
21.429907
20.93272
20.443929
19.963536
19.491535
19.027911
18.572647
18.125716
17.687089
17.256728
16.834591
16.420632
16.014797
15.617031
15.227272
14.845451
14.471499
14.105339
13.746893
13.396076
13.052802
12.71698
12.388518
12.06732
11.753288
11.446321
11.146318
10.853176
10.56679
10.287053
10.013858
9.7470989
9.4866658
9.2324504
8.9843433
8.7422352
8.5060167
8.2755783
8.050811
7.8316059
7.6178545
7.4094488
7.2062815
7.008246
6.8152362
6.6271472
6.4438746
6.2653154
6.0913673
5.9219308
5.7569101
5.5962554
52.989809
52.260259
51.529254
50.797122
50.064189
49.330788
48.597248
47.8639
47.131077
46.399107
45.668319
44.939038
44.211587
43.486287
42.763452
42.043392
41.326414
40.612818
39.902895
39.196935
38.495216
37.79801
37.105582
36.418188
35.736076
35.059484
34.388642
33.723772
33.065084
32.41278
31.767052
31.128083
30.496045
29.871101
29.253403
28.643095
28.040309
27.445168
26.857787
26.278268
25.706706
25.143184
24.587779
24.040556
23.501573
22.970876
22.448507
21.934496
21.428866
20.931632
20.442802
19.962376
19.490349
19.026706
18.571427
18.124489
17.685857
17.255497
16.833365
16.419413
16.013588
15.615834
15.226087
14.844281
14.470343
14.104199
13.745768
13.394966
13.051708
12.715902
12.387455
12.066273
11.752256
11.445306
11.145319
10.852193
10.565823
10.286102
10.012924
9.7461811
9.4857645
9.2315655
8.9834749
8.7413832
8.505181
8.2747589
8.0500078
7.8308187
7.6170833
7.4086934
7.2055419
7.0075219
6.8145277
6.626454
6.4431969
6.2646531
6.0907207
5.9213004
5.7562957
5.5956541
52.995728
52.266142
51.535093
50.802905
50.069909
49.336433
48.602808
47.869366
47.136436
46.404349
45.673434
44.944014
44.216415
43.490956
42.767953
42.047716
41.330552
40.616762
39.906639
39.200472
38.498541
37.80112
37.108473
36.420859
35.738525
35.061712
34.390651
33.725563
33.066661
32.414147
31.768214
31.129046
30.496814
29.871683
29.253806
28.643326
28.040376
27.445081
26.857552
26.277894
25.706202
25.14256
24.587042
24.039716
23.500637
22.969854
22.447407
21.933327
21.427636
20.930349
20.441474
19.961012
19.488954
19.025289
18.569995
18.123046
17.684411
17.254051
16.831924
16.417981
16.012168
15.614428
15.224697
14.842908
14.468989
14.102863
13.744451
13.393669
13.05043
12.714644
12.386217
12.065055
11.751058
11.444127
11.144161
10.851055
10.564705
10.285004
10.011847
9.7451238
9.4847275
9.2305487
8.9824782
8.7404065
8.5042243
8.273822
8.0490905
7.8299209
7.6162047
7.4078339
7.2047012
7.0067
6.8137242
6.625669
6.4424301
6.2639046
6.0899908
5.9205892
5.7556033
5.5949773
53.001563
52.271928
51.54082
50.808567
50.075496
49.341936
48.608217
47.874672
47.14163
46.409421
45.678373
44.948812
44.221062
43.495442
42.772268
42.051853
41.334503
40.620518
39.910195
39.20382
38.501677
37.804038
37.111171
36.423333
35.740774
35.063736
34.392449
33.727138
33.068014
32.415281
31.769134
31.129756
30.497321
29.871993
29.253925
28.643262
28.040138
27.444675
26.856988
26.277181
25.705349
25.141575
24.585936
24.038497
23.499316
22.96844
22.445909
21.931753
21.425997
20.928653
20.439731
19.959229
19.487141
19.023452
18.568143
18.121185
17.682547
17.252191
16.830072
16.416141
16.010344
15.612623
15.222913
14.841147
14.467251
14.101151
13.742764
13.392008
13.048796
12.713036
12.384636
12.0635
11.749531
11.442627
11.142688
10.849609
10.563286
10.283613
10.010482
9.7437863
9.483417
9.2292652
8.9812215
8.7391766
8.5030208
8.2726448
8.0479394
7.8287956
7.615105
7.4067595
7.2036519
7.0056754
6.8127242
6.6246933
6.4414786
6.2629772
6.0890877
5.9197105
5.7547487
5.594144
53.007015
52.277323
51.546151
50.813825
50.080673
49.347024
48.613209
47.879558
47.146402
46.414069
45.682889
44.953187
44.225287
43.499509
42.776169
42.055579
41.338046
40.623872
39.913351
39.206774
38.504422
37.80657
37.113486
36.425427
35.742646
35.065383
34.393872
33.728336
33.068989
32.416036
31.769671
31.13008
30.497436
29.871904
29.253639
28.642786
28.039478
27.443841
26.855988
26.276023
25.704042
25.140129
24.58436
24.036802
23.49751
22.966534
22.443913
21.929677
21.42385
20.926446
20.437473
19.956929
19.484808
19.021095
18.565769
18.118803
17.680163
17.249811
16.827703
16.413787
16.00801
15.610312
15.220628
14.83889
14.465024
14.098955
13.740601
13.389878
13.046699
12.710974
12.382608
12.061507
11.747572
11.440703
11.140799
10.847755
10.561467
10.281829
10.008733
9.7420728
9.4817383
9.2276212
8.9796122
8.7376016
8.5014799
8.2711378
8.046466
7.8273555
7.6136978
7.405385
7.2023097
7.0043652
6.8114456
6.6234461
6.4402626
6.2617923
6.0879339
5.9185877
5.7536565
5.5930799
53.011564
52.281807
51.550564
50.81816
50.084924
49.351184
48.617271
47.883514
47.150244
46.417792
45.686484
44.956647
44.228604
43.502676
42.779178
42.058424
41.340721
40.626369
39.915665
39.208899
38.506353
37.808303
37.115016
36.426752
35.743762
35.06629
34.394567
33.728819
33.069261
32.416098
31.769526
31.129729
30.496884
29.871156
29.2527
28.641661
28.038174
27.442365
26.854347
26.274227
25.702098
25.138047
24.582148
24.03447
23.495068
22.963992
22.441281
21.926965
21.421068
20.923604
20.43458
19.953995
19.481842
19.018107
18.562767
18.115795
17.677157
17.246813
16.824719
16.410823
16.005071
15.607401
15.21775
14.836047
14.462219
14.096189
13.737875
13.387194
13.044058
12.708375
12.380054
12.058996
11.745105
11.438281
11.138421
10.845421
10.559178
10.279584
10.006533
9.7399162
9.4796258
9.2255525
8.9775869
8.7356196
8.4995409
8.2692413
8.0446117
7.825543
7.6119267
7.4036548
7.20062
7.0027155
6.8098356
6.6218754
6.4387309
6.2602994
6.0864796
5.9171717
5.752278
5.5917369
53.014833
52.285007
51.553691
50.821209
50.087889
49.354059
48.62005
47.886192
47.152815
46.420249
45.688822
44.95886
44.230686
43.50462
42.78098
42.060078
41.34222
40.627709
39.916841
39.209906
38.507186
37.808959
37.115491
36.427043
35.743867
35.066205
34.394293
33.728354
33.068605
32.415252
31.768491
31.128507
30.495477
29.869568
29.250935
28.639724
28.03607
27.4401
26.851928
26.27166
25.699392
25.135209
24.579188
24.031395
23.491888
22.960716
22.437918
21.923526
21.417562
20.92004
20.430969
19.950346
19.478164
19.014409
18.559058
18.112082
17.673449
17.243117
16.821042
16.407171
16.001448
15.603813
15.2142
14.832539
14.458756
14.092773
13.734508
13.383878
13.040793
12.705163
12.376894
12.055891
11.742054
11.435284
11.135479
10.842534
10.556346
10.276806
10.00381
9.7372478
9.4770117
9.2229924
8.9750806
8.7331666
8.4971409
8.2668939
8.0423163
7.8232991
7.6097339
7.4015125
7.1985277
7.0006727
6.8078417
6.61993
6.4368335
6.2584497
6.0846771
5.9154159
5.7505679
5.5900706
53.016545
52.286654
51.555269
50.822713
50.089315
49.355403
48.621307
47.887358
47.153885
46.421219
45.689687
44.959615
44.231327
43.505144
42.781381
42.060351
41.342363
40.627717
39.91671
39.209632
38.506767
37.80839
37.114771
36.426168
35.742835
35.065016
34.392944
33.726845
33.066936
32.413422
31.7665
31.126358
30.493172
29.867108
29.248323
28.636964
28.033166
27.437056
26.84875
26.268353
25.695962
25.131663
24.575533
24.027639
23.488039
22.956781
22.433907
21.919446
21.413422
20.915849
20.426736
19.94608
19.473873
19.010102
18.554742
18.107767
17.669141
17.238824
16.81677
16.402926
15.997236
15.599639
15.210068
14.828453
14.454719
14.088788
13.730579
13.380005
13.036978
12.701408
12.373199
12.052257
11.738482
11.431774
11.132031
10.83915
10.553024
10.273548
10.000614
9.7341145
9.4739408
9.2199838
8.9721339
8.7302814
8.4943168
8.2641305
8.0396131
7.8206556
7.6071494
7.3989865
7.1960596
6.9982619
6.8054877
6.6176322
6.4345914
6.2562627
6.0825446
5.9133371
5.7485416
5.5880951
53.016504
52.286548
51.555094
50.822468
50.088996
49.355007
48.620831
47.886799
47.153241
46.420486
45.688862
44.958695
44.23031
43.504026
42.78016
42.059025
41.340928
40.626171
39.915051
39.207857
38.504875
37.806378
37.112637
36.423912
35.740455
35.062509
34.390311
33.724086
33.064049
32.410409
31.763361
31.123093
30.489782
29.863596
29.244691
28.633214
28.029302
27.433081
26.844668
26.264169
25.691681
25.12729
24.571073
24.023098
23.483424
22.952099
22.429164
21.91465
21.40858
20.910969
20.421825
19.941146
19.468924
19.005144
18.549785
18.102816
17.664204
17.233907
16.811878
16.398067
15.992415
15.59486
15.205336
14.823773
14.450094
14.084221
13.726072
13.375561
13.032599
12.697095
12.368955
12.048081
11.734377
11.427739
11.128068
10.835257
10.549203
10.269798
9.9969365
9.7305088
9.4704067
9.2165209
8.9687419
8.7269601
8.4910656
8.2609488
8.0365005
7.8176114
7.6041731
7.3960774
7.1932169
6.9954851
6.802776
6.6149849
6.4320079
6.2537422
6.0800864
5.91094
5.7462045
5.5858163
53.015342
52.285337
51.553831
50.82115
50.087621
49.353573
48.619336
47.88524
47.151617
46.418794
45.687101
44.956864
44.228406
43.502047
42.778106
42.056893
41.338717
40.623879
39.912678
39.205401
38.502334
37.803752
37.109925
36.421112
35.737566
35.059532
34.387244
33.720928
33.060801
32.40707
31.759932
31.119574
30.486173
29.859898
29.240905
28.629342
28.025345
27.429041
26.840547
26.25997
25.687406
25.122943
24.566658
24.018619
23.478884
22.947504
22.424518
21.909958
21.403849
20.906204
20.417031
19.93633
19.464091
19.000301
18.544937
18.09797
17.659364
17.22908
16.80707
16.393282
15.987658
15.590137
15.20065
14.819128
14.445494
14.07967
13.721572
13.371115
13.02821
12.692764
12.364684
12.043873
11.730231
11.423658
11.124051
10.831307
10.545319
10.265982
9.9931873
9.7268272
9.4667928
9.2129748
8.9652635
8.7235492
8.4877221
8.2576725
8.033291
7.8144684
7.6010962
7.3930661
7.1902708
6.9926037
6.7999588
6.6122312
6.4293172
6.2511139
6.0775196
5.9084338
5.7437576
5.5834273
53.012799
52.282744
51.551183
50.818443
50.084851
49.350736
48.61643
47.882264
47.148567
46.415669
45.683901
44.953587
44.225051
43.498615
42.774596
42.053305
41.335051
40.620137
39.908858
39.201505
38.498361
37.799704
37.105801
36.416913
35.733294
35.055186
34.382825
33.716437
33.056238
32.402437
31.755229
31.114803
30.481335
29.854993
29.235935
28.624309
28.020251
27.423888
26.835338
26.254708
25.682093
25.117583
24.561254
24.013174
23.473403
22.941989
22.418973
21.904388
21.398257
20.900595
20.411409
19.930699
19.458458
18.994669
18.539312
18.092357
17.653769
17.223508
16.801526
16.387771
15.982185
15.584707
15.195268
14.813798
14.440221
14.074457
13.716424
13.366034
13.023199
12.687827
12.359823
12.039089
11.725527
11.419035
11.11951
10.826849
10.540945
10.261692
9.9889814
9.7227059
9.462756
9.2090222
8.9613948
8.719764
8.4840197
8.2540523
8.0297522
7.8110102
7.5977176
7.3897663
7.1870487
6.9894582
6.7968889
6.6092359
6.4263951
6.2482638
6.0747402
5.9057238
5.7411154
5.5808514
53.011739
52.281594
51.54993
50.817078
50.083368
49.349131
48.6147
47.880409
47.146588
46.413568
45.68168
44.95125
44.222602
43.496057
42.771931
42.050538
41.332185
40.617175
39.905802
39.198359
38.495127
37.796383
37.102396
36.413426
35.729726
35.051538
34.3791
33.712635
33.052361
32.398485
31.751205
31.110707
30.477169
29.85076
29.231636
28.619944
28.015821
27.419396
26.830785
26.250095
25.677424
25.112858
24.556476
24.008346
23.468526
22.937067
22.414008
21.899384
21.393217
20.895522
20.406308
19.925573
19.453311
18.989505
18.534135
18.087171
17.648579
17.218317
16.796339
16.382591
15.977018
15.579555
15.190136
14.808689
14.435138
14.069405
13.711405
13.361053
13.018259
12.682931
12.354974
12.03429
11.72078
11.414343
11.114877
10.822275
10.536433
10.257243
9.9845984
9.7183899
9.4585083
9.2048442
8.9572877
8.7157286
8.4800569
8.2501628
8.0259365
7.8072688
7.5940507
7.3861742
7.1835314
6.9860157
6.793521
6.6059422
6.4231753
6.2451173
6.0716664
5.9027217
5.7381839
5.5779891
53.008099
52.277838
51.546055
50.813082
50.079251
49.344894
48.610347
47.875942
47.142013
46.40889
45.676904
44.946381
44.217646
43.49102
42.766819
42.045355
41.326937
40.611864
39.900435
39.192938
38.489656
37.790866
37.096834
36.407822
35.724081
35.045855
34.373378
33.706877
33.046567
32.392655
31.745338
31.104804
30.47123
29.844784
29.225622
28.613891
28.00973
27.413265
26.824612
26.24388
25.671166
25.106557
24.550131
24.001957
23.462094
22.930593
22.407494
21.89283
21.386625
20.888895
20.399647
19.918881
19.44659
18.982759
18.527367
18.080384
17.641777
17.211504
16.789518
16.375768
15.970196
15.57274
15.183332
14.8019
14.42837
14.06266
13.704688
13.354367
13.011607
12.676315
12.348397
12.027755
11.714289
11.407898
11.108479
10.815928
10.530138
10.251003
9.9784153
9.7122654
9.4524446
9.1988432
8.9513513
8.7098587
8.4742555
8.2444316
8.0202773
7.8016831
7.5885403
7.3807404
7.1781757
6.9807393
6.7883252
6.600828
6.4181437
6.240169
6.0668021
5.8979421
5.7334897
5.5733813
53.006194
52.275967
51.54423
50.811309
50.077533
49.343232
48.608736
47.874378
47.140487
46.407395
45.67543
44.944918
44.216184
43.489548
42.765327
42.043835
41.325378
40.61026
39.898777
39.191219
38.487869
37.789005
37.094895
36.4058
35.721972
35.043656
34.371087
33.704491
33.044085
32.390076
31.742661
31.102028
30.468355
29.841809
29.222549
28.610722
28.006465
27.409905
26.82116
26.240336
25.667532
25.102835
24.546322
23.998062
23.458115
22.926531
22.40335
21.888605
21.382321
20.884512
20.395186
19.914345
19.441979
18.978074
18.52261
18.075557
17.63688
17.20654
16.784489
16.370676
15.965042
15.567527
15.178062
14.796577
14.422996
14.057239
13.699225
13.348865
13.006073
12.670753
12.342813
12.022154
11.708677
11.402281
11.102862
10.810315
10.524535
10.245415
9.9728454
9.7067188
9.4469253
9.1933551
8.9458981
8.704444
8.4688824
8.2391032
8.0149965
7.7964527
7.5833627
7.375618
7.1731107
6.9757336
6.7833805
6.5959459
6.4133256
6.235416
6.0621148
5.893321
5.7289346
5.5688916
)
;

boundaryField
{
    inlet
    {
        type            fixedValue;
        value           uniform 750;
    }
    top
    {
        type            zeroGradient;
    }
    outlet
    {
        type            zeroGradient;
    }
    slipsurface
    {
        type            slip;
    }
    bottom
    {
        type            omegaWallFunction;
        blending        binomial;
        n               2;
        value           nonuniform List<scalar> 
100
(
7569.1011
7590.8085
7571.1048
7538.149
7512.5599
7498.0726
7491.116
7487.7265
7485.8474
7484.6238
7483.6785
7482.8678
7482.1614
7481.5502
7481.0203
7480.558
7480.1546
7479.8005
7479.4854
7479.2029
7478.9493
7478.7204
7478.5122
7478.3224
7478.149
7477.99
7477.8435
7477.7084
7477.5836
7477.4682
7477.3612
7477.262
7477.17
7477.0848
7477.0057
7476.9325
7476.8648
7476.8023
7476.7449
7476.6924
7476.6447
7476.6017
7476.5636
7476.5302
7476.5016
7476.4781
7476.4601
7476.4479
7476.4414
7476.4405
7476.445
7476.4546
7476.469
7476.487
7476.5079
7476.531
7476.555
7476.5776
7476.5971
7476.6119
7476.6218
7476.6269
7476.6277
7476.6249
7476.6191
7476.6112
7476.6018
7476.5914
7476.5804
7476.569
7476.5575
7476.546
7476.5345
7476.5231
7476.5119
7476.5009
7476.4901
7476.4789
7476.4676
7476.4561
7476.4446
7476.4331
7476.4214
7476.4098
7476.398
7476.3861
7476.3742
7476.3622
7476.3502
7476.3381
7476.326
7476.3139
7476.3019
7476.2898
7476.2779
7476.2653
7476.2544
7476.2387
7476.2299
7476.2059
)
;
    }
    frontandback
    {
        type            empty;
    }
}


// ************************************************************************* //
