0 	0 	0.0001473636 	0 	0 	0 	-0.0040969562 	-2.010594e-12 	0
0.0001001001 	1.2449901e-13 	0.00014736392 	0.023213212 	8.8298293e-10 	2.5859049e-39 	0 	0 	0
0.0002002002 	5.0562278e-12 	0.00014736443 	0.042650996 	4.3586774e-09 	-3.3456133e-37 	0 	0 	0
0.0003003003 	4.4515902e-11 	0.00014736507 	0.060799098 	1.1268426e-08 	0 	0 	0 	0
0.0004004004 	2.0098035e-10 	0.00014736578 	0.078234405 	2.19082e-08 	0 	0 	0 	0
0.0005005005 	6.6976949e-10 	0.00014736654 	0.095162353 	3.7031975e-08 	0 	0 	0 	0
0.0006006006 	1.7591069e-09 	0.00014736729 	0.11172689 	5.630769e-08 	0 	0 	0 	0
0.0007007007 	4.0154212e-09 	0.00014736809 	0.12797881 	8.0897299e-08 	0 	0 	0 	0
0.0008008008 	8.0713726e-09 	0.00014736891 	0.14398209 	1.1035344e-07 	0 	0 	0 	0
0.0009009009 	1.4886095e-08 	0.00014736972 	0.15975879 	1.4497695e-07 	0 	0 	0 	0
0.001001001 	2.5524086e-08 	0.00014737052 	0.17533137 	1.8482157e-07 	0 	0 	0 	0
0.0011011011 	4.0714381e-08 	0.00014737132 	0.19072563 	2.295563e-07 	0 	0 	0 	0
0.0012012012 	6.203521e-08 	0.00014737212 	0.20593005 	2.804792e-07 	0 	0 	0 	0
0.0013013013 	9.2865216e-08 	0.00014737288 	0.22091347 	3.3822745e-07 	0 	0 	0 	0
0.0014014014 	1.2958938e-07 	0.00014737359 	0.23577627 	3.9874747e-07 	0 	0 	0 	0
0.0015015015 	1.7808957e-07 	0.00014737426 	0.25040996 	4.676886e-07 	0 	0 	0 	0
0.0016016016 	2.3564527e-07 	0.00014737484 	0.2648827 	5.3926573e-07 	0 	0 	0 	0
0.0017017017 	3.0362744e-07 	0.00014737534 	0.27916529 	6.1769704e-07 	0 	0 	0 	0
0.0018018018 	3.8130448e-07 	0.00014737574 	0.29326552 	6.9848614e-07 	0 	0 	0 	0
0.0019019019 	4.7083751e-07 	0.00014737594 	0.30713586 	7.8622761e-07 	0 	0 	0 	0
0.002002002 	5.6351819e-07 	0.0001473762 	0.32092722 	8.7373428e-07 	0 	0 	0 	0
0.0021021021 	6.7098818e-07 	0.00014737595 	0.33431808 	9.6991188e-07 	0 	0 	0 	0
0.0022022022 	7.7852928e-07 	0.00014737582 	0.34770926 	1.0656353e-06 	0 	0 	0 	0
0.0023023023 	8.8864572e-07 	0.00014737542 	0.36078145 	1.1654553e-06 	0 	0 	0 	0
0.0024024024 	1.0003712e-06 	0.00014737459 	0.37363414 	1.2690891e-06 	0 	0 	0 	0
0.0025025025 	1.1122217e-06 	0.00014737408 	0.38648727 	1.3723475e-06 	0 	0 	0 	0
0.0026026026 	1.2256421e-06 	0.00014737307 	0.39893576 	1.4801497e-06 	0 	0 	0 	0
0.0027027027 	1.3397003e-06 	0.00014737161 	0.41119852 	1.5902788e-06 	0 	0 	0 	0
0.0028028028 	1.4538282e-06 	0.0001473704 	0.42346146 	1.7003922e-06 	0 	0 	0 	0
0.0029029029 	1.5713578e-06 	0.00014736934 	0.43546306 	1.8123714e-06 	4.509279e-36 	0 	0 	0
0.003003003 	1.6936036e-06 	0.00014736727 	0.44707349 	1.9272181e-06 	1.5752318e-35 	0 	0 	0
0.0031031031 	1.8158495e-06 	0.0001473652 	0.45868392 	2.0420648e-06 	2.6995357e-35 	0 	0 	0
0.0032032032 	1.9382964e-06 	0.00014736396 	0.47029467 	2.1574677e-06 	3.1287663e-35 	0 	0 	0
0.0033033033 	2.0660036e-06 	0.00014736188 	0.48140436 	2.2741977e-06 	3.1286563e-35 	0 	0 	0
0.0034034034 	2.1960161e-06 	0.00014735919 	0.49228906 	2.3913694e-06 	3.1284971e-35 	0 	0 	0
0.0035035035 	2.3260287e-06 	0.00014735651 	0.50317377 	2.508541e-06 	3.1283378e-35 	0 	0 	0
0.0036036036 	2.4562233e-06 	0.0001473547 	0.51405861 	2.6268981e-06 	3.1282656e-35 	0 	0 	0
0.0037037037 	2.591403e-06 	0.00014735252 	0.52454236 	2.745069e-06 	2.2699056e-35 	0 	0 	0
0.0038038038 	2.731458e-06 	0.00014734922 	0.53462146 	2.8620589e-06 	5.4581736e-36 	0 	0 	0
0.0039039039 	2.8715129e-06 	0.00014734592 	0.54470056 	2.9790487e-06 	-1.1782708e-35 	0 	0 	0
0.004004004 	3.0115679e-06 	0.00014734262 	0.55477966 	3.0960386e-06 	-2.902359e-35 	0 	0 	0
0.0041041041 	3.1519454e-06 	0.0001473411 	0.56485876 	3.2163722e-06 	-2.9954476e-35 	0 	0 	0
0.0042042042 	3.3054579e-06 	0.00014733783 	0.57425511 	3.3318558e-06 	-2.9953526e-35 	0 	0 	0
0.0043043043 	3.4630774e-06 	0.00014733398 	0.58343768 	3.445761e-06 	-2.9952279e-35 	0 	0 	0
0.0044044044 	3.6206969e-06 	0.00014733013 	0.59262025 	3.5596662e-06 	-2.9951031e-35 	0 	0 	0
0.0045045045 	3.7783164e-06 	0.00014732628 	0.60180282 	3.6735714e-06 	-2.9949784e-35 	0 	0 	0
0.0046046046 	3.9361946e-06 	0.00014732402 	0.61098522 	3.7910842e-06 	-2.994947e-35 	0 	0 	0
0.0047047047 	4.1026712e-06 	0.00014732127 	0.61975991 	3.9053654e-06 	-2.3317057e-35 	0 	0 	0
0.0048048048 	4.2813616e-06 	0.00014731704 	0.62794964 	4.0132732e-06 	-7.1674968e-36 	0 	0 	0
0.0049049049 	4.4600519e-06 	0.00014731281 	0.63613937 	4.1211809e-06 	8.9820632e-36 	0 	0 	0
0.005005005 	4.6387422e-06 	0.00014730858 	0.6443291 	4.2290887e-06 	2.5131623e-35 	0 	0 	0
0.0051051051 	4.8174326e-06 	0.00014730435 	0.65251883 	4.3369965e-06 	4.1281183e-35 	0 	0 	0
0.0052052052 	4.9963708e-06 	0.00014730214 	0.66070822 	4.4499329e-06 	5.1634846e-35 	0 	0 	0
0.0053053053 	5.1715992e-06 	0.00014729933 	0.66851362 	4.5586442e-06 	5.6617558e-35 	0 	0 	0
0.0054054054 	5.3403284e-06 	0.00014729498 	0.67565261 	4.6588015e-06 	5.3684808e-35 	0 	0 	0
0.0055055055 	5.5090576e-06 	0.00014729062 	0.6827916 	4.7589588e-06 	5.0752058e-35 	0 	0 	0
0.0056056056 	5.6777868e-06 	0.00014728627 	0.68993059 	4.859116e-06 	4.7819308e-35 	0 	0 	0
0.0057057057 	5.8465161e-06 	0.00014728191 	0.69706958 	4.9592733e-06 	4.4886559e-35 	0 	0 	0
0.0058058058 	6.0152804e-06 	0.00014727815 	0.70420847 	5.0610572e-06 	4.0743601e-35 	0 	0 	0
0.0059059059 	6.1841536e-06 	0.00014727623 	0.71134707 	5.1678825e-06 	3.2849861e-35 	0 	0 	0
0.006006006 	6.3284778e-06 	0.00014727304 	0.71792969 	5.2671582e-06 	2.2983622e-35 	0 	0 	0
0.0061061061 	6.451552e-06 	0.00014726873 	0.72403103 	5.3598989e-06 	1.1409959e-35 	0 	0 	0
0.0062062062 	6.5746261e-06 	0.00014726443 	0.73013238 	5.4526395e-06 	-1.6370354e-37 	0 	0 	0
0.0063063063 	6.6977003e-06 	0.00014726013 	0.73623372 	5.5453802e-06 	-1.1737366e-35 	0 	0 	0
0.0064064064 	6.8207745e-06 	0.00014725582 	0.74233506 	5.6381209e-06 	-2.3311029e-35 	0 	0 	0
0.0065065065 	6.9438486e-06 	0.00014725152 	0.74843641 	5.7308616e-06 	-3.4884692e-35 	0 	0 	0
0.0066066066 	7.0669655e-06 	0.00014724916 	0.75453756 	5.8296549e-06 	-4.3386294e-35 	0 	0 	0
0.0067067067 	7.1900967e-06 	0.00014724744 	0.76063865 	5.930467e-06 	-5.0863233e-35 	0 	0 	0
0.0068068068 	7.2737869e-06 	0.00014724371 	0.76593108 	6.0210186e-06 	-5.0321524e-35 	0 	0 	0
0.0069069069 	7.3488395e-06 	0.00014723953 	0.77104641 	6.1093231e-06 	-4.8023745e-35 	0 	0 	0
0.007007007 	7.4238921e-06 	0.00014723535 	0.77616174 	6.1976276e-06 	-4.5725966e-35 	0 	0 	0
0.0071071071 	7.4989447e-06 	0.00014723117 	0.78127707 	6.2859321e-06 	-4.3428187e-35 	0 	0 	0
0.0072072072 	7.5739973e-06 	0.00014722699 	0.7863924 	6.3742367e-06 	-4.1130409e-35 	0 	0 	0
0.0073073073 	7.6490499e-06 	0.00014722281 	0.79150773 	6.4625412e-06 	-3.883263e-35 	0 	0 	0
0.0074074074 	7.7241078e-06 	0.00014721943 	0.79662304 	6.5534858e-06 	-3.5433136e-35 	0 	0 	0
0.0075075075 	7.7991788e-06 	0.00014721806 	0.80173829 	6.6511044e-06 	-2.9248473e-35 	0 	0 	0
0.0076076076 	7.8700107e-06 	0.00014721643 	0.80675768 	6.7477061e-06 	-2.3371847e-35 	0 	0 	0
0.0077077077 	7.9041418e-06 	0.00014721249 	0.81094709 	6.8355022e-06 	-2.0162107e-35 	0 	0 	0
0.0078078078 	7.9382728e-06 	0.00014720856 	0.81513649 	6.9232984e-06 	-1.6952367e-35 	0 	0 	0
0.0079079079 	7.9724039e-06 	0.00014720463 	0.8193259 	7.0110945e-06 	-1.3742626e-35 	0 	0 	0
0.008008008 	8.0065349e-06 	0.0001472007 	0.82351531 	7.0988907e-06 	-1.0532886e-35 	0 	0 	0
0.0081081081 	8.0406659e-06 	0.00014719677 	0.82770471 	7.1866869e-06 	-7.3231459e-36 	0 	0 	0
0.0082082082 	8.074797e-06 	0.00014719284 	0.83189412 	7.274483e-06 	-4.1134056e-36 	0 	0 	0
0.0083083083 	8.108928e-06 	0.00014718891 	0.83608353 	7.3622792e-06 	-9.0366536e-37 	0 	0 	0
0.0084084084 	8.1430539e-06 	0.00014718715 	0.840273 	7.4575669e-06 	0 	0 	0 	0
0.0085085085 	8.1771777e-06 	0.00014718625 	0.8444625 	7.5557903e-06 	0 	0 	0 	0
0.0086086086 	8.201881e-06 	0.00014718467 	0.84843406 	7.6522183e-06 	0 	0 	0 	0
0.0087087087 	8.1991645e-06 	0.00014718113 	0.85177126 	7.7434206e-06 	0 	0 	0 	0
0.0088088088 	8.1964479e-06 	0.0001471776 	0.85510846 	7.8346229e-06 	0 	0 	0 	0
0.0089089089 	8.1937314e-06 	0.00014717406 	0.85844566 	7.9258251e-06 	0 	0 	0 	0
0.009009009 	8.1910149e-06 	0.00014717052 	0.86178285 	8.0170274e-06 	0 	0 	0 	0
0.0091091091 	8.1882984e-06 	0.00014716699 	0.86512005 	8.1082297e-06 	0 	0 	0 	0
0.0092092092 	8.1855818e-06 	0.00014716345 	0.86845725 	8.199432e-06 	0 	0 	0 	0
0.0093093093 	8.1828653e-06 	0.00014715992 	0.87179445 	8.2906342e-06 	0 	0 	0 	0
0.0094094094 	8.1801488e-06 	0.00014715638 	0.87513165 	8.3818365e-06 	0 	0 	0 	0
0.0095095095 	8.1774421e-06 	0.00014715573 	0.87846906 	8.4837639e-06 	0 	0 	0 	0
0.0096096096 	8.1747363e-06 	0.00014715535 	0.8818065 	8.5867211e-06 	0 	0 	0 	0
0.0097097097 	8.1679997e-06 	0.00014715462 	0.88504462 	8.6891143e-06 	0 	0 	0 	0
0.0098098098 	8.13431e-06 	0.00014715154 	0.88761867 	8.7877367e-06 	0 	0 	0 	0
0.0099099099 	8.1006203e-06 	0.00014714847 	0.89019272 	8.8863591e-06 	0 	0 	0 	0
0.01001001 	8.0669306e-06 	0.00014714539 	0.89276676 	8.9849815e-06 	0 	0 	0 	0
0.01011011 	8.0332409e-06 	0.00014714232 	0.89534081 	9.0836039e-06 	0 	0 	0 	0
0.01021021 	7.9995513e-06 	0.00014713924 	0.89791486 	9.1822263e-06 	0 	0 	0 	0
0.01031031 	7.9658616e-06 	0.00014713616 	0.9004889 	9.2808487e-06 	0 	0 	0 	0
0.01041041 	7.9321719e-06 	0.00014713309 	0.90306295 	9.3794711e-06 	0 	0 	0 	0
0.010510511 	7.8984822e-06 	0.00014713001 	0.905637 	9.4780934e-06 	0 	0 	0 	0
0.010610611 	7.8647925e-06 	0.00014712694 	0.90821104 	9.5767158e-06 	0 	0 	0 	0
0.010710711 	7.8311449e-06 	0.00014712609 	0.91078531 	9.6843102e-06 	0 	0 	0 	0
0.010810811 	7.7975148e-06 	0.00014712618 	0.91335966 	9.7956731e-06 	0 	0 	0 	0
0.010910911 	7.7638848e-06 	0.00014712628 	0.91593401 	9.907036e-06 	0 	0 	0 	0
0.011011011 	7.7161472e-06 	0.00014712483 	0.91813538 	1.0016597e-05 	0 	0 	0 	0
0.011111111 	7.6573655e-06 	0.00014712218 	0.92004474 	1.0124747e-05 	0 	0 	0 	0
0.011211211 	7.5985838e-06 	0.00014711952 	0.9219541 	1.0232897e-05 	0 	0 	0 	0
0.011311311 	7.5398021e-06 	0.00014711687 	0.92386347 	1.0341047e-05 	0 	0 	0 	0
0.011411411 	7.4810204e-06 	0.00014711422 	0.92577283 	1.0449197e-05 	0 	0 	0 	0
0.011511512 	7.4222388e-06 	0.00014711157 	0.9276822 	1.0557347e-05 	0 	0 	0 	0
0.011611612 	7.3634571e-06 	0.00014710892 	0.92959156 	1.0665497e-05 	0 	0 	0 	0
0.011711712 	7.3046754e-06 	0.00014710627 	0.93150092 	1.0773647e-05 	0 	0 	0 	0
0.011811812 	7.2458937e-06 	0.00014710361 	0.93341029 	1.0881797e-05 	0 	0 	0 	0
0.011911912 	7.187112e-06 	0.00014710096 	0.93531965 	1.0989947e-05 	0 	0 	0 	0
0.012012012 	7.1283303e-06 	0.00014709831 	0.93722901 	1.1098097e-05 	0 	0 	0 	0
0.012112112 	7.0696627e-06 	0.00014709844 	0.93913863 	1.1217912e-05 	0 	0 	0 	0
0.012212212 	7.0110061e-06 	0.00014709884 	0.94104828 	1.1338854e-05 	0 	0 	0 	0
0.012312312 	6.9523494e-06 	0.00014709924 	0.94295793 	1.1459795e-05 	0 	0 	0 	0
0.012412412 	6.8860179e-06 	0.00014709865 	0.94466549 	1.1579166e-05 	0 	0 	0 	0
0.012512513 	6.8060898e-06 	0.00014709631 	0.94601507 	1.1695756e-05 	0 	0 	0 	0
0.012612613 	6.7261617e-06 	0.00014709396 	0.94736465 	1.1812345e-05 	0 	0 	0 	0
0.012712713 	6.6462336e-06 	0.00014709162 	0.94871422 	1.1928935e-05 	0 	0 	0 	0
0.012812813 	6.5663056e-06 	0.00014708927 	0.9500638 	1.2045524e-05 	0 	0 	0 	0
0.012912913 	6.4863775e-06 	0.00014708692 	0.95141337 	1.2162114e-05 	0 	0 	0 	0
0.013013013 	6.4064494e-06 	0.00014708458 	0.95276295 	1.2278704e-05 	0 	0 	0 	0
0.013113113 	6.3265213e-06 	0.00014708223 	0.95411253 	1.2395293e-05 	0 	0 	0 	0
0.013213213 	6.2465932e-06 	0.00014707989 	0.9554621 	1.2511883e-05 	0 	0 	0 	0
0.013313313 	6.1666652e-06 	0.00014707754 	0.95681168 	1.2628472e-05 	0 	0 	0 	0
0.013413413 	6.0867371e-06 	0.00014707519 	0.95816126 	1.2745062e-05 	0 	0 	0 	0
0.013513514 	6.006809e-06 	0.00014707285 	0.95951083 	1.2861652e-05 	0 	0 	0 	0
0.013613614 	5.9269357e-06 	0.00014707146 	0.96086047 	1.2982253e-05 	0 	0 	0 	0
0.013713714 	5.8471734e-06 	0.00014707204 	0.96221025 	1.3110993e-05 	0 	0 	0 	0
0.013813814 	5.7674111e-06 	0.00014707261 	0.96356002 	1.3239733e-05 	0 	0 	0 	0
0.013913914 	5.6876488e-06 	0.00014707319 	0.96490979 	1.3368473e-05 	0 	0 	0 	0
0.014014014 	5.6057818e-06 	0.00014707293 	0.96611481 	1.349576e-05 	0 	0 	0 	0
0.014114114 	5.5194053e-06 	0.00014707088 	0.96700971 	1.3619932e-05 	0 	0 	0 	0
0.014214214 	5.4330289e-06 	0.00014706883 	0.96790461 	1.3744104e-05 	0 	0 	0 	0
0.014314314 	5.3466525e-06 	0.00014706678 	0.96879951 	1.3868276e-05 	0 	0 	0 	0
0.014414414 	5.260276e-06 	0.00014706473 	0.96969441 	1.3992448e-05 	0 	0 	0 	0
0.014514515 	5.1738996e-06 	0.00014706268 	0.97058931 	1.411662e-05 	0 	0 	0 	0
0.014614615 	5.0875232e-06 	0.00014706063 	0.97148421 	1.4240792e-05 	0 	0 	0 	0
0.014714715 	5.0011467e-06 	0.00014705858 	0.97237911 	1.4364965e-05 	0 	0 	0 	0
0.014814815 	4.9147703e-06 	0.00014705653 	0.973274 	1.4489137e-05 	0 	0 	0 	0
0.014914915 	4.8283939e-06 	0.00014705447 	0.9741689 	1.4613309e-05 	0 	0 	0 	0
0.015015015 	4.7420174e-06 	0.00014705242 	0.9750638 	1.4737481e-05 	0 	0 	0 	0
0.015115115 	4.655641e-06 	0.00014705037 	0.9759587 	1.4861653e-05 	0 	0 	0 	0
0.015215215 	4.5692646e-06 	0.00014704832 	0.9768536 	1.4985825e-05 	0 	0 	0 	0
0.015315315 	4.4828881e-06 	0.00014704627 	0.9777485 	1.5109998e-05 	0 	0 	0 	0
0.015415415 	4.3965773e-06 	0.00014704634 	0.9786435 	1.5241366e-05 	0 	0 	0 	0
0.015515516 	4.3102911e-06 	0.00014704721 	0.97953855 	1.5375443e-05 	0 	0 	0 	0
0.015615616 	4.2240049e-06 	0.00014704808 	0.98043359 	1.550952e-05 	0 	0 	0 	0
0.015715716 	4.1377188e-06 	0.00014704894 	0.98132863 	1.5643597e-05 	0 	0 	0 	0
0.015815816 	4.0539926e-06 	0.00014704935 	0.98215464 	1.577757e-05 	0 	0 	0 	0
0.015915916 	3.9808997e-06 	0.00014704782 	0.98269392 	1.5911106e-05 	0 	0 	0 	0
0.016016016 	3.9078068e-06 	0.0001470463 	0.9832332 	1.6044643e-05 	0 	0 	0 	0
0.016116116 	3.834714e-06 	0.00014704478 	0.98377248 	1.617818e-05 	0 	0 	0 	0
0.016216216 	3.7616211e-06 	0.00014704326 	0.98431177 	1.6311717e-05 	0 	0 	0 	0
0.016316316 	3.6885282e-06 	0.00014704174 	0.98485105 	1.6445254e-05 	0 	0 	0 	0
0.016416416 	3.6154353e-06 	0.00014704021 	0.98539033 	1.657879e-05 	0 	0 	0 	0
0.016516517 	3.5423424e-06 	0.00014703869 	0.98592961 	1.6712327e-05 	0 	0 	0 	0
0.016616617 	3.4692495e-06 	0.00014703717 	0.98646889 	1.6845864e-05 	0 	0 	0 	0
0.016716717 	3.3961567e-06 	0.00014703565 	0.98700817 	1.6979401e-05 	0 	0 	0 	0
0.016816817 	3.3230638e-06 	0.00014703413 	0.98754745 	1.7112937e-05 	0 	0 	0 	0
0.016916917 	3.2499709e-06 	0.0001470326 	0.98808673 	1.7246474e-05 	0 	0 	0 	0
0.017017017 	3.176878e-06 	0.00014703108 	0.98862601 	1.7380011e-05 	0 	0 	0 	0
0.017117117 	3.1037851e-06 	0.00014702956 	0.9891653 	1.7513548e-05 	0 	0 	0 	0
0.017217217 	3.0306923e-06 	0.00014702804 	0.98970458 	1.7647085e-05 	0 	0 	0 	0
0.017317317 	2.9575994e-06 	0.00014702652 	0.99024386 	1.7780621e-05 	0 	0 	0 	0
0.017417417 	2.884467e-06 	0.00014702752 	0.9907833 	1.7920154e-05 	0 	0 	0 	0
0.017517518 	2.811327e-06 	0.00014702901 	0.99132276 	1.806084e-05 	0 	0 	0 	0
0.017617618 	2.738187e-06 	0.0001470305 	0.99186223 	1.8201525e-05 	0 	0 	0 	0
0.017717718 	2.665047e-06 	0.00014703199 	0.9924017 	1.834221e-05 	0 	0 	0 	0
0.017817818 	2.591907e-06 	0.00014703348 	0.99294117 	1.8482895e-05 	0 	0 	0 	0
0.017917918 	2.5351574e-06 	0.00014703331 	0.99329475 	1.8627613e-05 	0 	0 	0 	0
0.018018018 	2.484839e-06 	0.00014703249 	0.9935754 	1.8773912e-05 	0 	0 	0 	0
0.018118118 	2.4345206e-06 	0.00014703168 	0.99385604 	1.8920211e-05 	0 	0 	0 	0
0.018218218 	2.3842022e-06 	0.00014703086 	0.99413669 	1.9066511e-05 	0 	0 	0 	0
0.018318318 	2.3338838e-06 	0.00014703004 	0.99441734 	1.921281e-05 	0 	0 	0 	0
0.018418418 	2.2835654e-06 	0.00014702922 	0.99469798 	1.935911e-05 	0 	0 	0 	0
0.018518519 	2.233247e-06 	0.00014702841 	0.99497863 	1.9505409e-05 	0 	0 	0 	0
0.018618619 	2.1829286e-06 	0.00014702759 	0.99525927 	1.9651709e-05 	0 	0 	0 	0
0.018718719 	2.1326102e-06 	0.00014702677 	0.99553992 	1.9798008e-05 	0 	0 	0 	0
0.018818819 	2.0822918e-06 	0.00014702595 	0.99582057 	1.9944308e-05 	0 	0 	0 	0
0.018918919 	2.0319734e-06 	0.00014702513 	0.99610121 	2.0090607e-05 	0 	0 	0 	0
0.019019019 	1.981655e-06 	0.00014702432 	0.99638186 	2.0236906e-05 	0 	0 	0 	0
0.019119119 	1.9313366e-06 	0.0001470235 	0.99666251 	2.0383206e-05 	0 	0 	0 	0
0.019219219 	1.8810182e-06 	0.00014702268 	0.99694315 	2.0529505e-05 	0 	0 	0 	0
0.019319319 	1.8306997e-06 	0.00014702186 	0.9972238 	2.0675805e-05 	0 	0 	0 	0
0.019419419 	1.7803813e-06 	0.00014702105 	0.99750444 	2.0822104e-05 	0 	0 	0 	0
0.01951952 	1.7300629e-06 	0.00014702023 	0.99778509 	2.0968404e-05 	0 	0 	0 	0
0.01961962 	1.679671e-06 	0.00014702057 	0.99806582 	2.1117387e-05 	0 	0 	0 	0
0.01971972 	1.6291542e-06 	0.00014702287 	0.9983467 	2.1270929e-05 	0 	0 	0 	0
0.01981982 	1.5786375e-06 	0.00014702517 	0.99862758 	2.1424472e-05 	0 	0 	0 	0
0.01991992 	1.5281207e-06 	0.00014702747 	0.99890846 	2.1578014e-05 	0 	0 	0 	0
0.02002002 	1.4776039e-06 	0.00014702978 	0.99918934 	2.1731557e-05 	0 	0 	0 	0
0.02012012 	1.4270871e-06 	0.00014703208 	0.99947021 	2.1885099e-05 	0 	0 	0 	0
0.02022022 	1.3894471e-06 	0.00014703289 	0.99965633 	2.204167e-05 	0 	0 	0 	0
0.02032032 	1.3609211e-06 	0.00014703265 	0.99977536 	2.2200384e-05 	0 	0 	0 	0
0.02042042 	1.3323951e-06 	0.0001470324 	0.99989439 	2.2359098e-05 	0 	0 	0 	0
0.020520521 	1.3038691e-06 	0.00014703216 	1.0000134 	2.2517813e-05 	0 	0 	0 	0
0.020620621 	1.2753431e-06 	0.00014703192 	1.0001325 	2.2676527e-05 	0 	0 	0 	0
0.020720721 	1.2468171e-06 	0.00014703168 	1.0002515 	2.2835241e-05 	0 	0 	0 	0
0.020820821 	1.2182911e-06 	0.00014703143 	1.0003705 	2.2993955e-05 	0 	0 	0 	0
0.020920921 	1.1897651e-06 	0.00014703119 	1.0004896 	2.3152669e-05 	0 	0 	0 	0
0.021021021 	1.1612391e-06 	0.00014703095 	1.0006086 	2.3311384e-05 	0 	0 	0 	0
0.021121121 	1.1327132e-06 	0.0001470307 	1.0007276 	2.3470098e-05 	0 	0 	0 	0
0.021221221 	1.1041872e-06 	0.00014703046 	1.0008467 	2.3628812e-05 	0 	0 	0 	0
0.021321321 	1.0756612e-06 	0.00014703022 	1.0009657 	2.3787526e-05 	0 	0 	0 	0
0.021421421 	1.0471352e-06 	0.00014702997 	1.0010847 	2.394624e-05 	0 	0 	0 	0
0.021521522 	1.0186092e-06 	0.00014702973 	1.0012038 	2.4104955e-05 	0 	0 	0 	0
0.021621622 	9.9008321e-07 	0.00014702949 	1.0013228 	2.4263669e-05 	0 	0 	0 	0
0.021721722 	9.6155722e-07 	0.00014702924 	1.0014418 	2.4422383e-05 	0 	0 	0 	0
0.021821822 	9.3303123e-07 	0.000147029 	1.0015609 	2.4581097e-05 	0 	0 	0 	0
0.021921922 	9.0450524e-07 	0.00014702876 	1.0016799 	2.4739811e-05 	0 	0 	0 	0
0.022022022 	8.7597925e-07 	0.00014702851 	1.0017989 	2.4898525e-05 	0 	0 	0 	0
0.022122122 	8.4745326e-07 	0.00014702827 	1.001918 	2.505724e-05 	0 	0 	0 	0
0.022222222 	8.1866224e-07 	0.0001470312 	1.0020371 	2.5225524e-05 	0 	0 	0 	0
0.022322322 	7.8986773e-07 	0.00014703416 	1.0021563 	2.5393933e-05 	0 	0 	0 	0
0.022422422 	7.6107322e-07 	0.00014703713 	1.0022755 	2.5562343e-05 	0 	0 	0 	0
0.022522523 	7.3227871e-07 	0.00014704009 	1.0023946 	2.5730753e-05 	0 	0 	0 	0
0.022622623 	7.034842e-07 	0.00014704306 	1.0025138 	2.5899163e-05 	0 	0 	0 	0
0.022722723 	6.7468969e-07 	0.00014704602 	1.002633 	2.6067573e-05 	0 	0 	0 	0
0.022822823 	6.5327953e-07 	0.00014704768 	1.0027162 	2.6231405e-05 	0 	0 	0 	0
0.022922923 	6.4084492e-07 	0.00014704775 	1.0027556 	2.6389674e-05 	0 	0 	0 	0
0.023023023 	6.2841031e-07 	0.00014704783 	1.002795 	2.6547943e-05 	0 	0 	0 	0
0.023123123 	6.1597569e-07 	0.0001470479 	1.0028345 	2.6706212e-05 	0 	0 	0 	0
0.023223223 	6.0354108e-07 	0.00014704797 	1.0028739 	2.6864481e-05 	0 	0 	0 	0
0.023323323 	5.9110647e-07 	0.00014704805 	1.0029134 	2.702275e-05 	0 	0 	0 	0
0.023423423 	5.7867185e-07 	0.00014704812 	1.0029528 	2.7181019e-05 	0 	0 	0 	0
0.023523524 	5.6623724e-07 	0.00014704819 	1.0029922 	2.7339288e-05 	0 	0 	0 	0
0.023623624 	5.5380263e-07 	0.00014704827 	1.0030317 	2.7497558e-05 	0 	0 	0 	0
0.023723724 	5.4136801e-07 	0.00014704834 	1.0030711 	2.7655827e-05 	0 	0 	0 	0
0.023823824 	5.289334e-07 	0.00014704841 	1.0031105 	2.7814096e-05 	0 	0 	0 	0
0.023923924 	5.1649879e-07 	0.00014704849 	1.00315 	2.7972365e-05 	0 	0 	0 	0
0.024024024 	5.0406417e-07 	0.00014704856 	1.0031894 	2.8130634e-05 	0 	0 	0 	0
0.024124124 	4.9162956e-07 	0.00014704863 	1.0032289 	2.8288903e-05 	0 	0 	0 	0
0.024224224 	4.7919494e-07 	0.0001470487 	1.0032683 	2.8447172e-05 	0 	0 	0 	0
0.024324324 	4.6676033e-07 	0.00014704878 	1.0033077 	2.8605441e-05 	0 	0 	0 	0
0.024424424 	4.5432572e-07 	0.00014704885 	1.0033472 	2.876371e-05 	0 	0 	0 	0
0.024524525 	4.418911e-07 	0.00014704892 	1.0033866 	2.8921979e-05 	0 	0 	0 	0
0.024624625 	4.2945649e-07 	0.000147049 	1.0034261 	2.9080248e-05 	0 	0 	0 	0
0.024724725 	4.1702188e-07 	0.00014704907 	1.0034655 	2.9238517e-05 	0 	0 	0 	0
0.024824825 	4.0458726e-07 	0.00014704914 	1.0035049 	2.9396786e-05 	0 	0 	0 	0
0.024924925 	3.9215265e-07 	0.00014704922 	1.0035444 	2.9555055e-05 	0 	0 	0 	0
0.025025025 	3.7965728e-07 	0.00014705027 	1.0035838 	2.9716785e-05 	0 	0 	0 	0
0.025125125 	3.6702658e-07 	0.00014705351 	1.0036232 	2.9886224e-05 	0 	0 	0 	0
0.025225225 	3.5439587e-07 	0.00014705676 	1.0036626 	3.0055663e-05 	0 	0 	0 	0
0.025325325 	3.4176517e-07 	0.00014706 	1.003702 	3.0225102e-05 	0 	0 	0 	0
0.025425425 	3.2913447e-07 	0.00014706324 	1.0037414 	3.0394541e-05 	0 	0 	0 	0
0.025525526 	3.1650377e-07 	0.00014706648 	1.0037808 	3.056398e-05 	0 	0 	0 	0
0.025625626 	3.0387307e-07 	0.00014706973 	1.0038202 	3.0733419e-05 	0 	0 	0 	0
0.025725726 	2.9124237e-07 	0.00014707297 	1.0038596 	3.0902858e-05 	0 	0 	0 	0
0.025825826 	2.8726e-07 	0.00014707356 	1.0038719 	3.1054373e-05 	0 	0 	0 	0
0.025925926 	2.8396677e-07 	0.00014707395 	1.0038821 	3.120446e-05 	0 	0 	0 	0
0.026026026 	2.8067355e-07 	0.00014707433 	1.0038923 	3.1354547e-05 	0 	0 	0 	0
0.026126126 	2.7738033e-07 	0.00014707472 	1.0039025 	3.1504634e-05 	0 	0 	0 	0
0.026226226 	2.7408711e-07 	0.0001470751 	1.0039126 	3.1654721e-05 	0 	0 	0 	0
0.026326326 	2.7079389e-07 	0.00014707549 	1.0039228 	3.1804808e-05 	0 	0 	0 	0
0.026426426 	2.6750067e-07 	0.00014707587 	1.003933 	3.1954895e-05 	0 	0 	0 	0
0.026526527 	2.6420745e-07 	0.00014707625 	1.0039431 	3.2104982e-05 	0 	0 	0 	0
0.026626627 	2.6091423e-07 	0.00014707664 	1.0039533 	3.2255069e-05 	0 	0 	0 	0
0.026726727 	2.5762101e-07 	0.00014707702 	1.0039635 	3.2405156e-05 	0 	0 	0 	0
0.026826827 	2.5432779e-07 	0.00014707741 	1.0039737 	3.2555242e-05 	0 	0 	0 	0
0.026926927 	2.5103457e-07 	0.00014707779 	1.0039838 	3.2705329e-05 	0 	0 	0 	0
0.027027027 	2.4774135e-07 	0.00014707817 	1.003994 	3.2855416e-05 	0 	0 	0 	0
0.027127127 	2.4444813e-07 	0.00014707856 	1.0040042 	3.3005503e-05 	0 	0 	0 	0
0.027227227 	2.411549e-07 	0.00014707894 	1.0040143 	3.315559e-05 	0 	0 	0 	0
0.027327327 	2.3786168e-07 	0.00014707933 	1.0040245 	3.3305677e-05 	0 	0 	0 	0
0.027427427 	2.3456846e-07 	0.00014707971 	1.0040347 	3.3455764e-05 	0 	0 	0 	0
0.027527528 	2.3127524e-07 	0.0001470801 	1.0040449 	3.3605851e-05 	0 	0 	0 	0
0.027627628 	2.2798202e-07 	0.00014708048 	1.004055 	3.3755938e-05 	0 	0 	0 	0
0.027727728 	2.246888e-07 	0.00014708086 	1.0040652 	3.3906025e-05 	0 	0 	0 	0
0.027827828 	2.2139558e-07 	0.00014708125 	1.0040754 	3.4056112e-05 	0 	0 	0 	0
0.027927928 	2.1810236e-07 	0.00014708163 	1.0040855 	3.4206199e-05 	0 	0 	0 	0
0.028028028 	2.1480914e-07 	0.00014708202 	1.0040957 	3.4356286e-05 	0 	0 	0 	0
0.028128128 	2.1151592e-07 	0.0001470824 	1.0041059 	3.4506373e-05 	0 	0 	0 	0
0.028228228 	2.082227e-07 	0.00014708278 	1.0041161 	3.465646e-05 	0 	0 	0 	0
0.028328328 	2.0485423e-07 	0.0001470858 	1.0041261 	3.4816406e-05 	0 	0 	0 	0
0.028428428 	2.0147847e-07 	0.00014708906 	1.0041362 	3.4977306e-05 	0 	0 	0 	0
0.028528529 	1.9810272e-07 	0.00014709233 	1.0041463 	3.5138206e-05 	0 	0 	0 	0
0.028628629 	1.9472696e-07 	0.00014709559 	1.0041564 	3.5299106e-05 	0 	0 	0 	0
0.028728729 	1.9135121e-07 	0.00014709886 	1.0041665 	3.5460005e-05 	0 	0 	0 	0
0.028828829 	1.8797545e-07 	0.00014710213 	1.0041765 	3.5620905e-05 	0 	0 	0 	0
0.028928929 	1.845997e-07 	0.00014710539 	1.0041866 	3.5781805e-05 	0 	0 	0 	0
0.029029029 	1.8122394e-07 	0.00014710866 	1.0041967 	3.5942705e-05 	0 	0 	0 	0
0.029129129 	1.7955823e-07 	0.0001471104 	1.0042022 	3.6094595e-05 	3.1165563e-36 	0 	0 	0
0.029229229 	1.7918236e-07 	0.000147111 	1.0042044 	3.6239688e-05 	8.5838646e-36 	0 	0 	0
0.029329329 	1.7880649e-07 	0.0001471116 	1.0042065 	3.638478e-05 	1.4051173e-35 	0 	0 	0
0.029429429 	1.7843063e-07 	0.0001471122 	1.0042086 	3.6529873e-05 	1.9518481e-35 	0 	0 	0
0.02952953 	1.7805476e-07 	0.00014711279 	1.0042108 	3.6674966e-05 	2.498579e-35 	0 	0 	0
0.02962963 	1.7767889e-07 	0.00014711339 	1.0042129 	3.6820059e-05 	3.0453098e-35 	0 	0 	0
0.02972973 	1.7730302e-07 	0.00014711399 	1.004215 	3.6965152e-05 	3.5920406e-35 	0 	0 	0
0.02982983 	1.7692716e-07 	0.00014711459 	1.0042172 	3.7110245e-05 	4.1387715e-35 	0 	0 	0
0.02992993 	1.7655129e-07 	0.00014711519 	1.0042193 	3.7255338e-05 	4.6855023e-35 	0 	0 	0
0.03003003 	1.7617542e-07 	0.00014711578 	1.0042214 	3.7400431e-05 	5.2322331e-35 	0 	0 	0
0.03013013 	1.7579955e-07 	0.00014711638 	1.0042235 	3.7545523e-05 	5.7789639e-35 	0 	0 	0
0.03023023 	1.7542369e-07 	0.00014711698 	1.0042257 	3.7690616e-05 	6.3256948e-35 	0 	0 	0
0.03033033 	1.7504782e-07 	0.00014711758 	1.0042278 	3.7835709e-05 	6.8724256e-35 	0 	0 	0
0.03043043 	1.7467195e-07 	0.00014711818 	1.0042299 	3.7980802e-05 	7.4191564e-35 	0 	0 	0
0.030530531 	1.7429608e-07 	0.00014711877 	1.0042321 	3.8125895e-05 	7.9658873e-35 	0 	0 	0
0.030630631 	1.7392022e-07 	0.00014711937 	1.0042342 	3.8270988e-05 	8.5126181e-35 	0 	0 	0
0.030730731 	1.7354435e-07 	0.00014711997 	1.0042363 	3.8416081e-05 	9.0593489e-35 	0 	0 	0
0.030830831 	1.7316848e-07 	0.00014712057 	1.0042385 	3.8561174e-05 	9.6060798e-35 	0 	0 	0
0.030930931 	1.7279261e-07 	0.00014712116 	1.0042406 	3.8706267e-05 	1.0152811e-34 	0 	0 	0
0.031031031 	1.7241674e-07 	0.00014712176 	1.0042427 	3.8851359e-05 	1.0699541e-34 	0 	0 	0
0.031131131 	1.7204088e-07 	0.00014712236 	1.0042448 	3.8996452e-05 	1.1246272e-34 	0 	0 	0
0.031231231 	1.7166501e-07 	0.00014712296 	1.004247 	3.9141545e-05 	1.1793003e-34 	0 	0 	0
0.031331331 	1.7128914e-07 	0.00014712356 	1.0042491 	3.9286638e-05 	1.2339734e-34 	0 	0 	0
0.031431431 	1.7091327e-07 	0.00014712415 	1.0042512 	3.9431731e-05 	1.2886465e-34 	0 	0 	0
0.031531532 	1.7053741e-07 	0.00014712475 	1.0042534 	3.9576824e-05 	1.3433196e-34 	0 	0 	0
0.031631632 	1.7016154e-07 	0.00014712535 	1.0042555 	3.9721917e-05 	1.3979926e-34 	0 	0 	0
0.031731732 	1.6978567e-07 	0.00014712595 	1.0042576 	3.986701e-05 	1.4526657e-34 	0 	0 	0
0.031831832 	1.694098e-07 	0.00014712654 	1.0042597 	4.0012102e-05 	1.5073388e-34 	0 	0 	0
0.031931932 	1.6902894e-07 	0.00014712795 	1.0042619 	4.016021e-05 	1.5620119e-34 	0 	0 	0
0.032032032 	1.6863697e-07 	0.00014713115 	1.0042639 	4.0315031e-05 	1.616685e-34 	0 	0 	0
0.032132132 	1.68245e-07 	0.00014713436 	1.004266 	4.0469851e-05 	1.6713581e-34 	0 	0 	0
0.032232232 	1.6785302e-07 	0.00014713756 	1.0042681 	4.0624672e-05 	1.7260311e-34 	0 	0 	0
0.032332332 	1.6746105e-07 	0.00014714077 	1.0042702 	4.0779493e-05 	1.7807042e-34 	0 	0 	0
0.032432432 	1.6706907e-07 	0.00014714397 	1.0042722 	4.0934314e-05 	1.8353773e-34 	0 	0 	0
0.032532533 	1.666771e-07 	0.00014714717 	1.0042743 	4.1089135e-05 	1.8900504e-34 	0 	0 	0
0.032632633 	1.6628512e-07 	0.00014715038 	1.0042764 	4.1243955e-05 	1.9447235e-34 	0 	0 	0
0.032732733 	1.6589315e-07 	0.00014715358 	1.0042785 	4.1398776e-05 	1.9993966e-34 	0 	0 	0
0.032832833 	1.6550118e-07 	0.00014715679 	1.0042805 	4.1553597e-05 	2.0540696e-34 	0 	0 	0
0.032932933 	1.6546804e-07 	0.00014715772 	1.0042811 	4.1697776e-05 	2.022296e-34 	0 	0 	0
0.033033033 	1.6548116e-07 	0.00014715837 	1.0042815 	4.1840583e-05 	1.9793781e-34 	0 	0 	0
0.033133133 	1.6549428e-07 	0.00014715901 	1.0042818 	4.1983389e-05 	1.9364603e-34 	0 	0 	0
0.033233233 	1.655074e-07 	0.00014715966 	1.0042822 	4.2126196e-05 	1.8935424e-34 	0 	0 	0
0.033333333 	1.6552053e-07 	0.0001471603 	1.0042826 	4.2269003e-05 	1.8506245e-34 	0 	0 	0
0.033433433 	1.6553365e-07 	0.00014716094 	1.004283 	4.241181e-05 	1.8077067e-34 	0 	0 	0
0.033533534 	1.6554677e-07 	0.00014716159 	1.0042833 	4.2554617e-05 	1.7647888e-34 	0 	0 	0
0.033633634 	1.6555989e-07 	0.00014716223 	1.0042837 	4.2697424e-05 	1.7218709e-34 	0 	0 	0
0.033733734 	1.6557301e-07 	0.00014716288 	1.0042841 	4.284023e-05 	1.678953e-34 	0 	0 	0
0.033833834 	1.6558614e-07 	0.00014716352 	1.0042844 	4.2983037e-05 	1.6360352e-34 	0 	0 	0
0.033933934 	1.6559926e-07 	0.00014716417 	1.0042848 	4.3125844e-05 	1.5931173e-34 	0 	0 	0
0.034034034 	1.6561238e-07 	0.00014716481 	1.0042852 	4.3268651e-05 	1.5501994e-34 	0 	0 	0
0.034134134 	1.656255e-07 	0.00014716545 	1.0042856 	4.3411458e-05 	1.5072815e-34 	0 	0 	0
0.034234234 	1.6563862e-07 	0.0001471661 	1.0042859 	4.3554265e-05 	1.4643637e-34 	0 	0 	0
0.034334334 	1.6565175e-07 	0.00014716674 	1.0042863 	4.3697072e-05 	1.4214458e-34 	0 	0 	0
0.034434434 	1.6566487e-07 	0.00014716739 	1.0042867 	4.3839878e-05 	1.3785279e-34 	0 	0 	0
0.034534535 	1.6567799e-07 	0.00014716803 	1.004287 	4.3982685e-05 	1.33561e-34 	0 	0 	0
0.034634635 	1.6569111e-07 	0.00014716868 	1.0042874 	4.4125492e-05 	1.2926922e-34 	0 	0 	0
0.034734735 	1.6570423e-07 	0.00014716932 	1.0042878 	4.4268299e-05 	1.2497743e-34 	0 	0 	0
0.034834835 	1.6571735e-07 	0.00014716996 	1.0042882 	4.4411106e-05 	1.2068564e-34 	0 	0 	0
0.034934935 	1.6573048e-07 	0.00014717061 	1.0042885 	4.4553913e-05 	1.1639386e-34 	0 	0 	0
0.035035035 	1.657436e-07 	0.00014717125 	1.0042889 	4.4696719e-05 	1.1210207e-34 	0 	0 	0
0.035135135 	1.6575672e-07 	0.0001471719 	1.0042893 	4.4839526e-05 	1.0781028e-34 	0 	0 	0
0.035235235 	1.6576984e-07 	0.00014717254 	1.0042896 	4.4982333e-05 	1.0351849e-34 	0 	0 	0
0.035335335 	1.6578296e-07 	0.00014717319 	1.00429 	4.512514e-05 	9.9226706e-35 	0 	0 	0
0.035435435 	1.6579609e-07 	0.00014717383 	1.0042904 	4.5267947e-05 	9.4934919e-35 	0 	0 	0
0.035535536 	1.6580921e-07 	0.00014717447 	1.0042908 	4.5410754e-05 	9.0643131e-35 	0 	0 	0
0.035635636 	1.6582233e-07 	0.00014717512 	1.0042911 	4.5553561e-05 	8.6351344e-35 	0 	0 	0
0.035735736 	1.6583545e-07 	0.00014717576 	1.0042915 	4.5696367e-05 	8.2059557e-35 	0 	0 	0
0.035835836 	1.6584857e-07 	0.00014717641 	1.0042919 	4.5839174e-05 	7.7767769e-35 	0 	0 	0
0.035935936 	1.658617e-07 	0.00014717705 	1.0042922 	4.5981981e-05 	7.3475982e-35 	0 	0 	0
0.036036036 	1.6587482e-07 	0.00014717769 	1.0042926 	4.6124788e-05 	6.9184195e-35 	0 	0 	0
0.036136136 	1.6588543e-07 	0.00014718072 	1.004293 	4.6276405e-05 	6.4892407e-35 	0 	0 	0
0.036236236 	1.6589594e-07 	0.00014718384 	1.0042933 	4.64284e-05 	6.060062e-35 	0 	0 	0
0.036336336 	1.6590645e-07 	0.00014718697 	1.0042937 	4.6580396e-05 	5.6308833e-35 	0 	0 	0
0.036436436 	1.6591696e-07 	0.00014719009 	1.004294 	4.6732391e-05 	5.2017045e-35 	0 	0 	0
0.036536537 	1.6592746e-07 	0.00014719322 	1.0042944 	4.6884386e-05 	4.7725258e-35 	0 	0 	0
0.036636637 	1.6593797e-07 	0.00014719634 	1.0042947 	4.7036382e-05 	4.3433471e-35 	0 	0 	0
0.036736737 	1.6594848e-07 	0.00014719947 	1.0042951 	4.7188377e-05 	3.9141683e-35 	0 	0 	0
0.036836837 	1.6595899e-07 	0.00014720259 	1.0042954 	4.7340372e-05 	3.4849896e-35 	0 	0 	0
0.036936937 	1.659695e-07 	0.00014720572 	1.0042958 	4.7492368e-05 	3.0558109e-35 	0 	0 	0
0.037037037 	1.6598e-07 	0.00014720884 	1.0042961 	4.7644363e-05 	2.6266321e-35 	0 	0 	0
0.037137137 	1.6599482e-07 	0.00014721122 	1.0042964 	4.7793132e-05 	2.1977089e-35 	0 	0 	0
0.037237237 	1.6601914e-07 	0.00014721194 	1.0042964 	4.7934783e-05 	1.7693494e-35 	0 	0 	0
0.037337337 	1.6604346e-07 	0.00014721265 	1.0042964 	4.8076435e-05 	1.3409898e-35 	0 	0 	0
0.037437437 	1.6606778e-07 	0.00014721337 	1.0042965 	4.8218086e-05 	9.1263023e-36 	0 	0 	0
0.037537538 	1.6609211e-07 	0.00014721409 	1.0042965 	4.8359737e-05 	4.8427066e-36 	0 	0 	0
0.037637638 	1.6611643e-07 	0.00014721481 	1.0042966 	4.8501389e-05 	5.5911096e-37 	0 	0 	0
0.037737738 	1.6614075e-07 	0.00014721553 	1.0042966 	4.864304e-05 	-3.7244847e-36 	0 	0 	0
0.037837838 	1.6616507e-07 	0.00014721624 	1.0042967 	4.8784692e-05 	-8.0080804e-36 	0 	0 	0
0.037937938 	1.6618939e-07 	0.00014721696 	1.0042967 	4.8926343e-05 	-1.2291676e-35 	0 	0 	0
0.038038038 	1.6621371e-07 	0.00014721768 	1.0042968 	4.9067994e-05 	-1.6575272e-35 	0 	0 	0
0.038138138 	1.6623803e-07 	0.0001472184 	1.0042968 	4.9209646e-05 	-2.0858867e-35 	0 	0 	0
0.038238238 	1.6626235e-07 	0.00014721912 	1.0042968 	4.9351297e-05 	-2.5142463e-35 	0 	0 	0
0.038338338 	1.6628668e-07 	0.00014721984 	1.0042969 	4.9492949e-05 	-2.9426059e-35 	0 	0 	0
0.038438438 	1.66311e-07 	0.00014722055 	1.0042969 	4.96346e-05 	-3.3709654e-35 	0 	0 	0
0.038538539 	1.6633532e-07 	0.00014722127 	1.004297 	4.9776251e-05 	-3.799325e-35 	0 	0 	0
0.038638639 	1.6635964e-07 	0.00014722199 	1.004297 	4.9917903e-05 	-4.2276846e-35 	0 	0 	0
0.038738739 	1.6638396e-07 	0.00014722271 	1.0042971 	5.0059554e-05 	-4.6560441e-35 	0 	0 	0
0.038838839 	1.6640828e-07 	0.00014722343 	1.0042971 	5.0201206e-05 	-5.0844037e-35 	0 	0 	0
0.038938939 	1.664326e-07 	0.00014722415 	1.0042972 	5.0342857e-05 	-5.5127633e-35 	0 	0 	0
0.039039039 	1.6645692e-07 	0.00014722486 	1.0042972 	5.0484508e-05 	-5.9411228e-35 	0 	0 	0
0.039139139 	1.6648125e-07 	0.00014722558 	1.0042973 	5.062616e-05 	-6.3694824e-35 	0 	0 	0
0.039239239 	1.6650557e-07 	0.0001472263 	1.0042973 	5.0767811e-05 	-6.797842e-35 	0 	0 	0
0.039339339 	1.6652989e-07 	0.00014722702 	1.0042973 	5.0909462e-05 	-7.2262015e-35 	0 	0 	0
0.039439439 	1.6655421e-07 	0.00014722774 	1.0042974 	5.1051114e-05 	-7.6545611e-35 	0 	0 	0
0.03953954 	1.6657853e-07 	0.00014722846 	1.0042974 	5.1192765e-05 	-8.0829207e-35 	0 	0 	0
0.03963964 	1.6660285e-07 	0.00014722917 	1.0042975 	5.1334417e-05 	-8.5112802e-35 	0 	0 	0
0.03973974 	1.6662717e-07 	0.00014722989 	1.0042975 	5.1476068e-05 	-8.9396398e-35 	0 	0 	0
0.03983984 	1.666515e-07 	0.00014723061 	1.0042976 	5.1617719e-05 	-9.3679994e-35 	0 	0 	0
0.03993994 	1.6667582e-07 	0.00014723133 	1.0042976 	5.1759371e-05 	-9.7963589e-35 	0 	0 	0
0.04004004 	1.6670014e-07 	0.00014723205 	1.0042977 	5.1901022e-05 	-1.0224719e-34 	0 	0 	0
0.04014014 	1.6672446e-07 	0.00014723277 	1.0042977 	5.2042674e-05 	-1.0653078e-34 	0 	0 	0
0.04024024 	1.6674878e-07 	0.00014723348 	1.0042977 	5.2184325e-05 	-1.1081438e-34 	0 	0 	0
0.04034034 	1.667731e-07 	0.0001472342 	1.0042978 	5.2325976e-05 	-1.1509797e-34 	0 	0 	0
0.04044044 	1.6679742e-07 	0.00014723492 	1.0042978 	5.2467628e-05 	-1.1938157e-34 	0 	0 	0
0.040540541 	1.6682174e-07 	0.00014723564 	1.0042979 	5.2609279e-05 	-1.2366516e-34 	0 	0 	0
0.040640641 	1.6684607e-07 	0.00014723636 	1.0042979 	5.2750931e-05 	-1.2794876e-34 	0 	0 	0
0.040740741 	1.6687014e-07 	0.00014723765 	1.004298 	5.28948e-05 	-1.3223235e-34 	0 	0 	0
0.040840841 	1.6689345e-07 	0.00014724075 	1.004298 	5.3045606e-05 	-1.3651595e-34 	0 	0 	0
0.040940941 	1.6691676e-07 	0.00014724385 	1.004298 	5.3196412e-05 	-1.4079955e-34 	0 	0 	0
0.041041041 	1.6694007e-07 	0.00014724695 	1.0042981 	5.3347218e-05 	-1.4508314e-34 	0 	0 	0
0.041141141 	1.6696338e-07 	0.00014725004 	1.0042981 	5.3498024e-05 	-1.4936674e-34 	0 	0 	0
0.041241241 	1.6698669e-07 	0.00014725314 	1.0042981 	5.364883e-05 	-1.5365033e-34 	0 	0 	0
0.041341341 	1.6701e-07 	0.00014725624 	1.0042982 	5.3799636e-05 	-1.5793393e-34 	0 	0 	0
0.041441441 	1.6703331e-07 	0.00014725934 	1.0042982 	5.3950441e-05 	-1.6221752e-34 	0 	0 	0
0.041541542 	1.6705662e-07 	0.00014726243 	1.0042983 	5.4101247e-05 	-1.6650112e-34 	0 	0 	0
0.041641642 	1.6707993e-07 	0.00014726553 	1.0042983 	5.4252053e-05 	-1.7078472e-34 	0 	0 	0
0.041741742 	1.6710324e-07 	0.00014726863 	1.0042983 	5.4402859e-05 	-1.7506831e-34 	0 	0 	0
0.041841842 	1.6712655e-07 	0.00014727173 	1.0042984 	5.4553665e-05 	-1.7935191e-34 	0 	0 	0
0.041941942 	1.6714717e-07 	0.00014727433 	1.0042984 	5.4702288e-05 	-1.8199957e-34 	0 	0 	0
0.042042042 	1.6715793e-07 	0.00014727513 	1.0042984 	5.484289e-05 	-1.7863699e-34 	0 	0 	0
0.042142142 	1.6716868e-07 	0.00014727593 	1.0042984 	5.4983493e-05 	-1.752744e-34 	0 	0 	0
0.042242242 	1.6717943e-07 	0.00014727673 	1.0042984 	5.5124096e-05 	-1.7191181e-34 	0 	0 	0
0.042342342 	1.6719018e-07 	0.00014727753 	1.0042984 	5.5264698e-05 	-1.6854923e-34 	0 	0 	0
0.042442442 	1.6720093e-07 	0.00014727832 	1.0042983 	5.5405301e-05 	-1.6518664e-34 	0 	0 	0
0.042542543 	1.6721168e-07 	0.00014727912 	1.0042983 	5.5545903e-05 	-1.6182406e-34 	0 	0 	0
0.042642643 	1.6722243e-07 	0.00014727992 	1.0042983 	5.5686506e-05 	-1.5846147e-34 	0 	0 	0
0.042742743 	1.6723318e-07 	0.00014728072 	1.0042983 	5.5827109e-05 	-1.5509889e-34 	0 	0 	0
0.042842843 	1.6724394e-07 	0.00014728152 	1.0042983 	5.5967711e-05 	-1.517363e-34 	0 	0 	0
0.042942943 	1.6725469e-07 	0.00014728232 	1.0042983 	5.6108314e-05 	-1.4837371e-34 	0 	0 	0
0.043043043 	1.6726544e-07 	0.00014728311 	1.0042983 	5.6248916e-05 	-1.4501113e-34 	0 	0 	0
0.043143143 	1.6727619e-07 	0.00014728391 	1.0042983 	5.6389519e-05 	-1.4164854e-34 	0 	0 	0
0.043243243 	1.6728694e-07 	0.00014728471 	1.0042983 	5.6530121e-05 	-1.3828596e-34 	0 	0 	0
0.043343343 	1.6729769e-07 	0.00014728551 	1.0042983 	5.6670724e-05 	-1.3492337e-34 	0 	0 	0
0.043443443 	1.6730844e-07 	0.00014728631 	1.0042983 	5.6811327e-05 	-1.3156079e-34 	0 	0 	0
0.043543544 	1.6731919e-07 	0.0001472871 	1.0042983 	5.6951929e-05 	-1.281982e-34 	0 	0 	0
0.043643644 	1.6732995e-07 	0.0001472879 	1.0042982 	5.7092532e-05 	-1.2483561e-34 	0 	0 	0
0.043743744 	1.673407e-07 	0.0001472887 	1.0042982 	5.7233134e-05 	-1.2147303e-34 	0 	0 	0
0.043843844 	1.6735145e-07 	0.0001472895 	1.0042982 	5.7373737e-05 	-1.1811044e-34 	0 	0 	0
0.043943944 	1.673622e-07 	0.0001472903 	1.0042982 	5.751434e-05 	-1.1474786e-34 	0 	0 	0
0.044044044 	1.6737295e-07 	0.0001472911 	1.0042982 	5.7654942e-05 	-1.1138527e-34 	0 	0 	0
0.044144144 	1.673837e-07 	0.00014729189 	1.0042982 	5.7795545e-05 	-1.0802269e-34 	0 	0 	0
0.044244244 	1.6739445e-07 	0.00014729269 	1.0042982 	5.7936147e-05 	-1.046601e-34 	0 	0 	0
0.044344344 	1.674052e-07 	0.00014729349 	1.0042982 	5.807675e-05 	-1.0129751e-34 	0 	0 	0
0.044444444 	1.6741596e-07 	0.00014729429 	1.0042982 	5.8217353e-05 	-9.7934929e-35 	0 	0 	0
0.044544545 	1.6742671e-07 	0.00014729509 	1.0042982 	5.8357955e-05 	-9.4572343e-35 	0 	0 	0
0.044644645 	1.6743746e-07 	0.00014729589 	1.0042982 	5.8498558e-05 	-9.1209758e-35 	0 	0 	0
0.044744745 	1.6744821e-07 	0.00014729668 	1.0042982 	5.863916e-05 	-8.7847172e-35 	0 	0 	0
0.044844845 	1.6745896e-07 	0.00014729748 	1.0042981 	5.8779763e-05 	-8.4484586e-35 	0 	0 	0
0.044944945 	1.6746971e-07 	0.00014729828 	1.0042981 	5.8920365e-05 	-8.1122001e-35 	0 	0 	0
0.045045045 	1.6748046e-07 	0.00014729908 	1.0042981 	5.9060968e-05 	-7.7759415e-35 	0 	0 	0
0.045145145 	1.6749121e-07 	0.00014729988 	1.0042981 	5.9201571e-05 	-7.4396829e-35 	0 	0 	0
0.045245245 	1.6750197e-07 	0.00014730068 	1.0042981 	5.9342173e-05 	-7.1034244e-35 	0 	0 	0
0.045345345 	1.6751272e-07 	0.00014730147 	1.0042981 	5.9482776e-05 	-6.7671658e-35 	0 	0 	0
0.045445445 	1.6752347e-07 	0.00014730227 	1.0042981 	5.9623378e-05 	-6.4309072e-35 	0 	0 	0
0.045545546 	1.6753422e-07 	0.00014730307 	1.0042981 	5.9763981e-05 	-6.0946486e-35 	0 	0 	0
0.045645646 	1.6754497e-07 	0.00014730387 	1.0042981 	5.9904584e-05 	-5.7583901e-35 	0 	0 	0
0.045745746 	1.6755572e-07 	0.00014730467 	1.0042981 	6.0045186e-05 	-5.4221315e-35 	0 	0 	0
0.045845846 	1.6756647e-07 	0.00014730546 	1.0042981 	6.0185789e-05 	-5.0858729e-35 	0 	0 	0
0.045945946 	1.6757722e-07 	0.00014730626 	1.0042981 	6.0326391e-05 	-4.7496144e-35 	0 	0 	0
0.046046046 	1.6758779e-07 	0.00014730812 	1.004298 	6.0471191e-05 	-4.4133558e-35 	0 	0 	0
0.046146146 	1.6759813e-07 	0.00014731119 	1.004298 	6.0620837e-05 	-4.0770972e-35 	0 	0 	0
0.046246246 	1.6760847e-07 	0.00014731426 	1.004298 	6.0770482e-05 	-3.7408387e-35 	0 	0 	0
0.046346346 	1.6761881e-07 	0.00014731734 	1.004298 	6.0920127e-05 	-3.4045801e-35 	0 	0 	0
0.046446446 	1.6762915e-07 	0.00014732041 	1.004298 	6.1069772e-05 	-3.0683215e-35 	0 	0 	0
0.046546547 	1.6763949e-07 	0.00014732348 	1.004298 	6.1219417e-05 	-2.732063e-35 	0 	0 	0
0.046646647 	1.6764983e-07 	0.00014732656 	1.0042979 	6.1369063e-05 	-2.3958044e-35 	0 	0 	0
0.046746747 	1.6766017e-07 	0.00014732963 	1.0042979 	6.1518708e-05 	-2.0595458e-35 	0 	0 	0
0.046846847 	1.6767051e-07 	0.0001473327 	1.0042979 	6.1668353e-05 	-1.7232872e-35 	0 	0 	0
0.046946947 	1.6768085e-07 	0.00014733578 	1.0042979 	6.1817998e-05 	-1.3870287e-35 	0 	0 	0
0.047047047 	1.676912e-07 	0.00014733885 	1.0042979 	6.1967643e-05 	-1.0507701e-35 	0 	0 	0
0.047147147 	1.6770154e-07 	0.00014734192 	1.0042979 	6.2117289e-05 	-7.1451154e-36 	0 	0 	0
0.047247247 	1.6771188e-07 	0.000147345 	1.0042979 	6.2266934e-05 	-3.7825297e-36 	0 	0 	0
0.047347347 	1.6772222e-07 	0.00014734807 	1.0042978 	6.2416579e-05 	-4.1994402e-37 	0 	0 	0
0.047447447 	1.677267e-07 	0.00014734923 	1.0042978 	6.2557653e-05 	1.182662e-36 	0 	0 	0
0.047547548 	1.6773034e-07 	0.00014735012 	1.0042978 	6.2697504e-05 	2.5341016e-36 	0 	0 	0
0.047647648 	1.6773399e-07 	0.000147351 	1.0042978 	6.2837354e-05 	3.8855411e-36 	0 	0 	0
0.047747748 	1.6773763e-07 	0.00014735189 	1.0042978 	6.2977205e-05 	5.2369807e-36 	0 	0 	0
0.047847848 	1.6774128e-07 	0.00014735278 	1.0042977 	6.3117056e-05 	6.5884202e-36 	0 	0 	0
0.047947948 	1.6774492e-07 	0.00014735366 	1.0042977 	6.3256907e-05 	7.9398598e-36 	0 	0 	0
0.048048048 	1.6774857e-07 	0.00014735455 	1.0042977 	6.3396758e-05 	9.2912993e-36 	0 	0 	0
0.048148148 	1.6775221e-07 	0.00014735544 	1.0042977 	6.3536608e-05 	1.0642739e-35 	0 	0 	0
0.048248248 	1.6775586e-07 	0.00014735633 	1.0042977 	6.3676459e-05 	1.1994178e-35 	0 	0 	0
0.048348348 	1.677595e-07 	0.00014735721 	1.0042976 	6.381631e-05 	1.3345618e-35 	0 	0 	0
0.048448448 	1.6776315e-07 	0.0001473581 	1.0042976 	6.3956161e-05 	1.4697058e-35 	0 	0 	0
0.048548549 	1.6776679e-07 	0.00014735899 	1.0042976 	6.4096012e-05 	1.6048497e-35 	0 	0 	0
0.048648649 	1.6777044e-07 	0.00014735987 	1.0042976 	6.4235862e-05 	1.7399937e-35 	0 	0 	0
0.048748749 	1.6777408e-07 	0.00014736076 	1.0042976 	6.4375713e-05 	1.8751376e-35 	0 	0 	0
0.048848849 	1.6777772e-07 	0.00014736165 	1.0042975 	6.4515564e-05 	2.0102816e-35 	0 	0 	0
0.048948949 	1.6778137e-07 	0.00014736254 	1.0042975 	6.4655415e-05 	2.1454255e-35 	0 	0 	0
0.049049049 	1.6778501e-07 	0.00014736342 	1.0042975 	6.4795265e-05 	2.2805695e-35 	0 	0 	0
0.049149149 	1.6778866e-07 	0.00014736431 	1.0042975 	6.4935116e-05 	2.4157134e-35 	0 	0 	0
0.049249249 	1.677923e-07 	0.0001473652 	1.0042974 	6.5074967e-05 	2.5508574e-35 	0 	0 	0
0.049349349 	1.6779595e-07 	0.00014736608 	1.0042974 	6.5214818e-05 	2.6860014e-35 	0 	0 	0
0.049449449 	1.6779959e-07 	0.00014736697 	1.0042974 	6.5354669e-05 	2.8211453e-35 	0 	0 	0
0.04954955 	1.6780324e-07 	0.00014736786 	1.0042974 	6.5494519e-05 	2.9562893e-35 	0 	0 	0
0.04964965 	1.6780688e-07 	0.00014736875 	1.0042974 	6.563437e-05 	3.0914332e-35 	0 	0 	0
0.04974975 	1.6781053e-07 	0.00014736963 	1.0042973 	6.5774221e-05 	3.2265772e-35 	0 	0 	0
0.04984985 	1.6781417e-07 	0.00014737052 	1.0042973 	6.5914072e-05 	3.3617211e-35 	0 	0 	0
0.04994995 	1.6781781e-07 	0.00014737141 	1.0042973 	6.6053923e-05 	3.4968651e-35 	0 	0 	0
0.05005005 	1.6782146e-07 	0.00014737229 	1.0042973 	6.6193773e-05 	3.632009e-35 	0 	0 	0
0.05015015 	1.678251e-07 	0.00014737318 	1.0042973 	6.6333624e-05 	3.767153e-35 	0 	0 	0
0.05025025 	1.6782875e-07 	0.00014737407 	1.0042972 	6.6473475e-05 	3.902297e-35 	0 	0 	0
0.05035035 	1.6783239e-07 	0.00014737496 	1.0042972 	6.6613326e-05 	4.0374409e-35 	0 	0 	0
0.05045045 	1.6783604e-07 	0.00014737584 	1.0042972 	6.6753176e-05 	4.1725849e-35 	0 	0 	0
0.050550551 	1.6783968e-07 	0.00014737673 	1.0042972 	6.6893027e-05 	4.3077288e-35 	0 	0 	0
0.050650651 	1.6784333e-07 	0.00014737762 	1.0042972 	6.7032878e-05 	4.4428728e-35 	0 	0 	0
0.050750751 	1.6784697e-07 	0.0001473785 	1.0042971 	6.7172729e-05 	4.5780167e-35 	0 	0 	0
0.050850851 	1.6785062e-07 	0.00014737939 	1.0042971 	6.731258e-05 	4.7131607e-35 	0 	0 	0
0.050950951 	1.6785426e-07 	0.00014738028 	1.0042971 	6.745243e-05 	4.8483046e-35 	0 	0 	0
0.051051051 	1.6785791e-07 	0.00014738117 	1.0042971 	6.7592281e-05 	4.9834486e-35 	0 	0 	0
0.051151151 	1.6786155e-07 	0.00014738205 	1.0042971 	6.7732132e-05 	5.1185926e-35 	0 	0 	0
0.051251251 	1.6786519e-07 	0.00014738294 	1.004297 	6.7871983e-05 	5.2537365e-35 	0 	0 	0
0.051351351 	1.6786884e-07 	0.00014738383 	1.004297 	6.8011834e-05 	5.3888805e-35 	0 	0 	0
0.051451451 	1.6787248e-07 	0.00014738471 	1.004297 	6.8151684e-05 	5.5240244e-35 	0 	0 	0
0.051551552 	1.6787613e-07 	0.0001473856 	1.004297 	6.8291535e-05 	5.6591684e-35 	0 	0 	0
0.051651652 	1.6787977e-07 	0.00014738649 	1.004297 	6.8431386e-05 	5.7943123e-35 	0 	0 	0
0.051751752 	1.6788342e-07 	0.00014738738 	1.0042969 	6.8571237e-05 	5.9294563e-35 	0 	0 	0
0.051851852 	1.6788706e-07 	0.00014738826 	1.0042969 	6.8711087e-05 	6.0646002e-35 	0 	0 	0
0.051951952 	1.6789071e-07 	0.00014738915 	1.0042969 	6.8850938e-05 	6.1997442e-35 	0 	0 	0
0.052052052 	1.6789425e-07 	0.00014739185 	1.0042969 	6.8998298e-05 	6.2216475e-35 	0 	0 	0
0.052152152 	1.6789777e-07 	0.00014739491 	1.0042968 	6.914711e-05 	6.2216475e-35 	0 	0 	0
0.052252252 	1.679013e-07 	0.00014739796 	1.0042968 	6.9295921e-05 	6.2216475e-35 	0 	0 	0
0.052352352 	1.6790482e-07 	0.00014740102 	1.0042968 	6.9444733e-05 	6.2216475e-35 	0 	0 	0
0.052452452 	1.6790834e-07 	0.00014740407 	1.0042968 	6.9593545e-05 	6.2216475e-35 	0 	0 	0
0.052552553 	1.6791187e-07 	0.00014740712 	1.0042967 	6.9742357e-05 	6.2216475e-35 	0 	0 	0
0.052652653 	1.6791539e-07 	0.00014741018 	1.0042967 	6.9891169e-05 	6.2216475e-35 	0 	0 	0
0.052752753 	1.6791892e-07 	0.00014741323 	1.0042967 	7.0039981e-05 	6.2216475e-35 	0 	0 	0
0.052852853 	1.6792244e-07 	0.00014741629 	1.0042967 	7.0188792e-05 	6.2216475e-35 	0 	0 	0
0.052952953 	1.6792596e-07 	0.00014741934 	1.0042966 	7.0337604e-05 	6.2216475e-35 	0 	0 	0
0.053053053 	1.6792949e-07 	0.0001474224 	1.0042966 	7.0486416e-05 	6.2216475e-35 	0 	0 	0
0.053153153 	1.6793301e-07 	0.00014742545 	1.0042966 	7.0635228e-05 	6.2216475e-35 	0 	0 	0
0.053253253 	1.6793653e-07 	0.0001474285 	1.0042965 	7.078404e-05 	6.2216475e-35 	0 	0 	0
0.053353353 	1.6794006e-07 	0.00014743156 	1.0042965 	7.0932852e-05 	6.2216475e-35 	0 	0 	0
0.053453453 	1.6794358e-07 	0.00014743461 	1.0042965 	7.1081664e-05 	6.2216475e-35 	0 	0 	0
0.053553554 	1.6794596e-07 	0.00014743665 	1.0042965 	7.1225574e-05 	6.1701899e-35 	0 	0 	0
0.053653654 	1.6794711e-07 	0.00014743763 	1.0042964 	7.1364293e-05 	6.0642299e-35 	0 	0 	0
0.053753754 	1.6794827e-07 	0.0001474386 	1.0042964 	7.1503012e-05 	5.9582699e-35 	0 	0 	0
0.053853854 	1.6794942e-07 	0.00014743957 	1.0042964 	7.1641731e-05 	5.8523099e-35 	0 	0 	0
0.053953954 	1.6795058e-07 	0.00014744054 	1.0042964 	7.178045e-05 	5.7463499e-35 	0 	0 	0
0.054054054 	1.6795173e-07 	0.00014744151 	1.0042963 	7.1919169e-05 	5.6403899e-35 	0 	0 	0
0.054154154 	1.6795289e-07 	0.00014744248 	1.0042963 	7.2057888e-05 	5.5344299e-35 	0 	0 	0
0.054254254 	1.6795405e-07 	0.00014744345 	1.0042963 	7.2196607e-05 	5.4284699e-35 	0 	0 	0
0.054354354 	1.679552e-07 	0.00014744442 	1.0042963 	7.2335326e-05 	5.3225099e-35 	0 	0 	0
0.054454454 	1.6795636e-07 	0.00014744539 	1.0042962 	7.2474045e-05 	5.2165499e-35 	0 	0 	0
0.054554555 	1.6795751e-07 	0.00014744637 	1.0042962 	7.2612764e-05 	5.1105899e-35 	0 	0 	0
0.054654655 	1.6795867e-07 	0.00014744734 	1.0042962 	7.2751483e-05 	5.00463e-35 	0 	0 	0
0.054754755 	1.6795983e-07 	0.00014744831 	1.0042961 	7.2890202e-05 	4.89867e-35 	0 	0 	0
0.054854855 	1.6796098e-07 	0.00014744928 	1.0042961 	7.3028921e-05 	4.79271e-35 	0 	0 	0
0.054954955 	1.6796214e-07 	0.00014745025 	1.0042961 	7.316764e-05 	4.68675e-35 	0 	0 	0
0.055055055 	1.6796329e-07 	0.00014745122 	1.0042961 	7.3306359e-05 	4.58079e-35 	0 	0 	0
0.055155155 	1.6796445e-07 	0.00014745219 	1.004296 	7.3445078e-05 	4.47483e-35 	0 	0 	0
0.055255255 	1.679656e-07 	0.00014745316 	1.004296 	7.3583797e-05 	4.36887e-35 	0 	0 	0
0.055355355 	1.6796676e-07 	0.00014745413 	1.004296 	7.3722516e-05 	4.26291e-35 	0 	0 	0
0.055455455 	1.6796792e-07 	0.00014745511 	1.004296 	7.3861235e-05 	4.15695e-35 	0 	0 	0
0.055555556 	1.6796907e-07 	0.00014745608 	1.0042959 	7.3999954e-05 	4.05099e-35 	0 	0 	0
0.055655656 	1.6797023e-07 	0.00014745705 	1.0042959 	7.4138673e-05 	3.94503e-35 	0 	0 	0
0.055755756 	1.6797138e-07 	0.00014745802 	1.0042959 	7.4277392e-05 	3.83907e-35 	0 	0 	0
0.055855856 	1.6797254e-07 	0.00014745899 	1.0042959 	7.4416111e-05 	3.73311e-35 	0 	0 	0
0.055955956 	1.679737e-07 	0.00014745996 	1.0042958 	7.455483e-05 	3.62715e-35 	0 	0 	0
0.056056056 	1.6797485e-07 	0.00014746093 	1.0042958 	7.4693549e-05 	3.52119e-35 	0 	0 	0
0.056156156 	1.6797601e-07 	0.0001474619 	1.0042958 	7.4832268e-05 	3.41523e-35 	0 	0 	0
0.056256256 	1.6797716e-07 	0.00014746287 	1.0042958 	7.4970987e-05 	3.30927e-35 	0 	0 	0
0.056356356 	1.6797832e-07 	0.00014746385 	1.0042957 	7.5109706e-05 	3.2033101e-35 	0 	0 	0
0.056456456 	1.6797947e-07 	0.00014746482 	1.0042957 	7.5248425e-05 	3.0973501e-35 	0 	0 	0
0.056556557 	1.6798063e-07 	0.00014746579 	1.0042957 	7.5387144e-05 	2.9913901e-35 	0 	0 	0
0.056656657 	1.6798179e-07 	0.00014746676 	1.0042956 	7.5525863e-05 	2.8854301e-35 	0 	0 	0
0.056756757 	1.6798294e-07 	0.00014746773 	1.0042956 	7.5664582e-05 	2.7794701e-35 	0 	0 	0
0.056856857 	1.679841e-07 	0.0001474687 	1.0042956 	7.5803301e-05 	2.6735101e-35 	0 	0 	0
0.056956957 	1.6798525e-07 	0.00014746967 	1.0042956 	7.594202e-05 	2.5675501e-35 	0 	0 	0
0.057057057 	1.6798641e-07 	0.00014747064 	1.0042955 	7.6080739e-05 	2.4615901e-35 	0 	0 	0
0.057157157 	1.6798757e-07 	0.00014747161 	1.0042955 	7.6219458e-05 	2.3556301e-35 	0 	0 	0
0.057257257 	1.6798872e-07 	0.00014747258 	1.0042955 	7.6358177e-05 	2.2496701e-35 	0 	0 	0
0.057357357 	1.6798988e-07 	0.00014747356 	1.0042955 	7.6496896e-05 	2.1437101e-35 	0 	0 	0
0.057457457 	1.6799103e-07 	0.00014747453 	1.0042954 	7.6635615e-05 	2.0377501e-35 	0 	0 	0
0.057557558 	1.6799219e-07 	0.0001474755 	1.0042954 	7.6774334e-05 	1.9317901e-35 	0 	0 	0
0.057657658 	1.6799335e-07 	0.00014747647 	1.0042954 	7.6913053e-05 	1.8258301e-35 	0 	0 	0
0.057757758 	1.679945e-07 	0.00014747744 	1.0042954 	7.7051772e-05 	1.7198701e-35 	0 	0 	0
0.057857858 	1.6799566e-07 	0.00014747841 	1.0042953 	7.7190491e-05 	1.6139101e-35 	0 	0 	0
0.057957958 	1.6799681e-07 	0.00014747938 	1.0042953 	7.732921e-05 	1.5079501e-35 	0 	0 	0
0.058058058 	1.6799797e-07 	0.00014748035 	1.0042953 	7.7467928e-05 	1.4019902e-35 	0 	0 	0
0.058158158 	1.6799912e-07 	0.00014748132 	1.0042952 	7.7606647e-05 	1.2960302e-35 	0 	0 	0
0.058258258 	1.6800028e-07 	0.0001474823 	1.0042952 	7.7745366e-05 	1.1900702e-35 	0 	0 	0
0.058358358 	1.6800144e-07 	0.00014748327 	1.0042952 	7.7884085e-05 	1.0841102e-35 	0 	0 	0
0.058458458 	1.6800259e-07 	0.00014748424 	1.0042952 	7.8022804e-05 	9.7815017e-36 	0 	0 	0
0.058558559 	1.6800375e-07 	0.00014748521 	1.0042951 	7.8161523e-05 	8.7219018e-36 	0 	0 	0
0.058658659 	1.680049e-07 	0.00014748618 	1.0042951 	7.8300242e-05 	7.6623019e-36 	0 	0 	0
0.058758759 	1.6800605e-07 	0.00014748813 	1.0042951 	7.8443159e-05 	7.1059833e-36 	0 	0 	0
0.058858859 	1.6800719e-07 	0.00014749117 	1.0042951 	7.8590714e-05 	7.1059833e-36 	0 	0 	0
0.058958959 	1.6800834e-07 	0.00014749421 	1.004295 	7.873827e-05 	7.1059833e-36 	0 	0 	0
0.059059059 	1.6800948e-07 	0.00014749725 	1.004295 	7.8885825e-05 	7.1059833e-36 	0 	0 	0
0.059159159 	1.6801062e-07 	0.00014750029 	1.004295 	7.9033381e-05 	7.1059833e-36 	0 	0 	0
0.059259259 	1.6801176e-07 	0.00014750333 	1.0042949 	7.9180937e-05 	7.1059833e-36 	0 	0 	0
0.059359359 	1.680129e-07 	0.00014750637 	1.0042949 	7.9328492e-05 	7.1059833e-36 	0 	0 	0
0.059459459 	1.6801405e-07 	0.00014750941 	1.0042949 	7.9476048e-05 	7.1059833e-36 	0 	0 	0
0.05955956 	1.6801519e-07 	0.00014751245 	1.0042948 	7.9623603e-05 	7.1059833e-36 	0 	0 	0
0.05965966 	1.6801633e-07 	0.00014751549 	1.0042948 	7.9771159e-05 	7.1059833e-36 	0 	0 	0
0.05975976 	1.6801747e-07 	0.00014751853 	1.0042948 	7.9918715e-05 	7.1059833e-36 	0 	0 	0
0.05985986 	1.6801861e-07 	0.00014752157 	1.0042947 	8.006627e-05 	7.1059833e-36 	0 	0 	0
0.05995996 	1.6801975e-07 	0.00014752461 	1.0042947 	8.0213826e-05 	7.1059833e-36 	0 	0 	0
0.06006006 	1.680209e-07 	0.00014752765 	1.0042947 	8.0361381e-05 	7.1059833e-36 	0 	0 	0
0.06016016 	1.6802204e-07 	0.00014753069 	1.0042946 	8.0508937e-05 	7.1059833e-36 	0 	0 	0
0.06026026 	1.6802318e-07 	0.00014753373 	1.0042946 	8.0656493e-05 	7.1059833e-36 	0 	0 	0
0.06036036 	1.6802432e-07 	0.00014753677 	1.0042946 	8.0804048e-05 	7.1059833e-36 	0 	0 	0
0.06046046 	1.6802536e-07 	0.00014753955 	1.0042945 	8.0950341e-05 	7.1350751e-36 	0 	0 	0
0.060560561 	1.6802573e-07 	0.00014754061 	1.0042945 	8.1088233e-05 	7.3577118e-36 	0 	0 	0
0.060660661 	1.680261e-07 	0.00014754168 	1.0042945 	8.1226124e-05 	7.5803485e-36 	0 	0 	0
0.060760761 	1.6802647e-07 	0.00014754274 	1.0042944 	8.1364016e-05 	7.8029853e-36 	0 	0 	0
0.060860861 	1.6802684e-07 	0.0001475438 	1.0042944 	8.1501908e-05 	8.025622e-36 	0 	0 	0
0.060960961 	1.6802721e-07 	0.00014754486 	1.0042944 	8.1639799e-05 	8.2482587e-36 	0 	0 	0
0.061061061 	1.6802758e-07 	0.00014754592 	1.0042943 	8.1777691e-05 	8.4708954e-36 	0 	0 	0
0.061161161 	1.6802795e-07 	0.00014754698 	1.0042943 	8.1915583e-05 	8.6935321e-36 	0 	0 	0
0.061261261 	1.6802832e-07 	0.00014754805 	1.0042943 	8.2053474e-05 	8.9161688e-36 	0 	0 	0
0.061361361 	1.6802869e-07 	0.00014754911 	1.0042942 	8.2191366e-05 	9.1388055e-36 	0 	0 	0
0.061461461 	1.6802905e-07 	0.00014755017 	1.0042942 	8.2329258e-05 	9.3614422e-36 	0 	0 	0
0.061561562 	1.6802942e-07 	0.00014755123 	1.0042942 	8.246715e-05 	9.5840789e-36 	0 	0 	0
0.061661662 	1.6802979e-07 	0.00014755229 	1.0042942 	8.2605041e-05 	9.8067156e-36 	0 	0 	0
0.061761762 	1.6803016e-07 	0.00014755336 	1.0042941 	8.2742933e-05 	1.0029352e-35 	0 	0 	0
0.061861862 	1.6803053e-07 	0.00014755442 	1.0042941 	8.2880825e-05 	1.0251989e-35 	0 	0 	0
0.061961962 	1.680309e-07 	0.00014755548 	1.0042941 	8.3018716e-05 	1.0474626e-35 	0 	0 	0
0.062062062 	1.6803127e-07 	0.00014755654 	1.004294 	8.3156608e-05 	1.0697262e-35 	0 	0 	0
0.062162162 	1.6803164e-07 	0.0001475576 	1.004294 	8.32945e-05 	1.0919899e-35 	0 	0 	0
0.062262262 	1.6803201e-07 	0.00014755867 	1.004294 	8.3432391e-05 	1.1142536e-35 	0 	0 	0
0.062362362 	1.6803238e-07 	0.00014755973 	1.0042939 	8.3570283e-05 	1.1365173e-35 	0 	0 	0
0.062462462 	1.6803275e-07 	0.00014756079 	1.0042939 	8.3708175e-05 	1.1587809e-35 	0 	0 	0
0.062562563 	1.6803312e-07 	0.00014756185 	1.0042939 	8.3846066e-05 	1.1810446e-35 	0 	0 	0
0.062662663 	1.6803348e-07 	0.00014756291 	1.0042938 	8.3983958e-05 	1.2033083e-35 	0 	0 	0
0.062762763 	1.6803385e-07 	0.00014756398 	1.0042938 	8.412185e-05 	1.2255719e-35 	0 	0 	0
0.062862863 	1.6803422e-07 	0.00014756504 	1.0042938 	8.4259741e-05 	1.2478356e-35 	0 	0 	0
0.062962963 	1.6803459e-07 	0.0001475661 	1.0042937 	8.4397633e-05 	1.2700993e-35 	0 	0 	0
0.063063063 	1.6803496e-07 	0.00014756716 	1.0042937 	8.4535525e-05 	1.2923629e-35 	0 	0 	0
0.063163163 	1.6803533e-07 	0.00014756822 	1.0042937 	8.4673416e-05 	1.3146266e-35 	0 	0 	0
0.063263263 	1.680357e-07 	0.00014756929 	1.0042936 	8.4811308e-05 	1.3368903e-35 	0 	0 	0
0.063363363 	1.6803607e-07 	0.00014757035 	1.0042936 	8.49492e-05 	1.359154e-35 	0 	0 	0
0.063463463 	1.6803644e-07 	0.00014757141 	1.0042936 	8.5087092e-05 	1.3814176e-35 	0 	0 	0
0.063563564 	1.6803681e-07 	0.00014757247 	1.0042936 	8.5224983e-05 	1.4036813e-35 	0 	0 	0
0.063663664 	1.6803718e-07 	0.00014757353 	1.0042935 	8.5362875e-05 	1.425945e-35 	0 	0 	0
0.063763764 	1.6803755e-07 	0.00014757459 	1.0042935 	8.5500767e-05 	1.4482086e-35 	0 	0 	0
0.063863864 	1.6803791e-07 	0.00014757566 	1.0042935 	8.5638658e-05 	1.4704723e-35 	0 	0 	0
0.063963964 	1.6803828e-07 	0.00014757672 	1.0042934 	8.577655e-05 	1.492736e-35 	0 	0 	0
0.064064064 	1.6803865e-07 	0.00014757778 	1.0042934 	8.5914442e-05 	1.5149997e-35 	0 	0 	0
0.064164164 	1.6803902e-07 	0.00014757884 	1.0042934 	8.6052333e-05 	1.5372633e-35 	0 	0 	0
0.064264264 	1.6803939e-07 	0.0001475799 	1.0042933 	8.6190225e-05 	1.559527e-35 	0 	0 	0
0.064364364 	1.6803976e-07 	0.00014758097 	1.0042933 	8.6328117e-05 	1.5817907e-35 	0 	0 	0
0.064464464 	1.6804013e-07 	0.00014758203 	1.0042933 	8.6466008e-05 	1.6040543e-35 	0 	0 	0
0.064564565 	1.680405e-07 	0.00014758309 	1.0042932 	8.66039e-05 	1.626318e-35 	0 	0 	0
0.064664665 	1.6804087e-07 	0.00014758415 	1.0042932 	8.6741792e-05 	1.6485817e-35 	0 	0 	0
0.064764765 	1.6804124e-07 	0.00014758521 	1.0042932 	8.6879683e-05 	1.6708454e-35 	0 	0 	0
0.064864865 	1.6804161e-07 	0.00014758628 	1.0042931 	8.7017575e-05 	1.693109e-35 	0 	0 	0
0.064964965 	1.6804198e-07 	0.00014758734 	1.0042931 	8.7155467e-05 	1.7153727e-35 	0 	0 	0
0.065065065 	1.6804235e-07 	0.0001475884 	1.0042931 	8.7293358e-05 	1.7376364e-35 	0 	0 	0
0.065165165 	1.6804271e-07 	0.00014758946 	1.004293 	8.743125e-05 	1.7599e-35 	0 	0 	0
0.065265265 	1.6804308e-07 	0.00014759052 	1.004293 	8.7569142e-05 	1.7821637e-35 	0 	0 	0
0.065365365 	1.6804345e-07 	0.00014759159 	1.004293 	8.7707033e-05 	1.8044274e-35 	0 	0 	0
0.065465465 	1.6804382e-07 	0.00014759265 	1.0042929 	8.7844925e-05 	1.826691e-35 	0 	0 	0
0.065565566 	1.6804419e-07 	0.00014759371 	1.0042929 	8.7982817e-05 	1.8489547e-35 	0 	0 	0
0.065665666 	1.6804456e-07 	0.00014759477 	1.0042929 	8.8120709e-05 	1.8712184e-35 	0 	0 	0
0.065765766 	1.6804493e-07 	0.00014759583 	1.0042929 	8.82586e-05 	1.8934821e-35 	0 	0 	0
0.065865866 	1.680453e-07 	0.0001475969 	1.0042928 	8.8396492e-05 	1.9157457e-35 	0 	0 	0
0.065965966 	1.6804567e-07 	0.00014759796 	1.0042928 	8.8534384e-05 	1.9380094e-35 	0 	0 	0
0.066066066 	1.6804604e-07 	0.00014759902 	1.0042928 	8.8672275e-05 	1.9602731e-35 	0 	0 	0
0.066166166 	1.6804641e-07 	0.00014760008 	1.0042927 	8.8810167e-05 	1.9825367e-35 	0 	0 	0
0.066266266 	1.6804678e-07 	0.00014760114 	1.0042927 	8.8948059e-05 	2.0048004e-35 	0 	0 	0
0.066366366 	1.6804715e-07 	0.00014760294 	1.0042927 	8.9089182e-05 	2.0663962e-35 	0 	0 	0
0.066466466 	1.6804754e-07 	0.00014760599 	1.0042926 	8.9235775e-05 	2.194545e-35 	0 	0 	0
0.066566567 	1.6804792e-07 	0.00014760903 	1.0042926 	8.9382368e-05 	2.3226938e-35 	0 	0 	0
0.066666667 	1.6804831e-07 	0.00014761208 	1.0042925 	8.952896e-05 	2.4508426e-35 	0 	0 	0
0.066766767 	1.6804869e-07 	0.00014761512 	1.0042925 	8.9675553e-05 	2.5789914e-35 	0 	0 	0
0.066866867 	1.6804908e-07 	0.00014761817 	1.0042925 	8.9822146e-05 	2.7071401e-35 	0 	0 	0
0.066966967 	1.6804946e-07 	0.00014762122 	1.0042924 	8.9968738e-05 	2.8352889e-35 	0 	0 	0
0.067067067 	1.6804985e-07 	0.00014762426 	1.0042924 	9.0115331e-05 	2.9634377e-35 	0 	0 	0
0.067167167 	1.6805023e-07 	0.00014762731 	1.0042924 	9.0261924e-05 	3.0915865e-35 	0 	0 	0
0.067267267 	1.6805062e-07 	0.00014763035 	1.0042923 	9.0408516e-05 	3.2197353e-35 	0 	0 	0
0.067367367 	1.6805101e-07 	0.0001476334 	1.0042923 	9.0555109e-05 	3.3478841e-35 	0 	0 	0
0.067467467 	1.6805139e-07 	0.00014763644 	1.0042922 	9.0701702e-05 	3.4760329e-35 	0 	0 	0
0.067567568 	1.6805178e-07 	0.00014763949 	1.0042922 	9.0848294e-05 	3.6041817e-35 	0 	0 	0
0.067667668 	1.6805216e-07 	0.00014764254 	1.0042922 	9.0994887e-05 	3.7323305e-35 	0 	0 	0
0.067767768 	1.6805255e-07 	0.00014764558 	1.0042921 	9.114148e-05 	3.8604793e-35 	0 	0 	0
0.067867868 	1.6805293e-07 	0.00014764863 	1.0042921 	9.1288072e-05 	3.9886281e-35 	0 	0 	0
0.067967968 	1.6805332e-07 	0.00014765167 	1.0042921 	9.1434665e-05 	4.1167769e-35 	0 	0 	0
0.068068068 	1.680537e-07 	0.00014765472 	1.004292 	9.1581258e-05 	4.2449257e-35 	0 	0 	0
0.068168168 	1.6805409e-07 	0.00014765776 	1.004292 	9.172785e-05 	4.3730744e-35 	0 	0 	0
0.068268268 	1.6805447e-07 	0.00014766081 	1.0042919 	9.1874443e-05 	4.5012232e-35 	0 	0 	0
0.068368368 	1.6805465e-07 	0.00014766236 	1.0042919 	9.2013067e-05 	4.5163064e-35 	0 	0 	0
0.068468468 	1.6805477e-07 	0.00014766349 	1.0042919 	9.21494e-05 	4.4988792e-35 	0 	0 	0
0.068568569 	1.6805489e-07 	0.00014766462 	1.0042918 	9.2285732e-05 	4.481452e-35 	0 	0 	0
0.068668669 	1.6805501e-07 	0.00014766574 	1.0042918 	9.2422065e-05 	4.4640249e-35 	0 	0 	0
0.068768769 	1.6805513e-07 	0.00014766687 	1.0042918 	9.2558397e-05 	4.4465977e-35 	0 	0 	0
0.068868869 	1.6805525e-07 	0.00014766799 	1.0042917 	9.269473e-05 	4.4291705e-35 	0 	0 	0
0.068968969 	1.6805536e-07 	0.00014766912 	1.0042917 	9.2831063e-05 	4.4117433e-35 	0 	0 	0
0.069069069 	1.6805548e-07 	0.00014767025 	1.0042916 	9.2967395e-05 	4.3943161e-35 	0 	0 	0
0.069169169 	1.680556e-07 	0.00014767137 	1.0042916 	9.3103728e-05 	4.376889e-35 	0 	0 	0
0.069269269 	1.6805572e-07 	0.0001476725 	1.0042916 	9.3240061e-05 	4.3594618e-35 	0 	0 	0
0.069369369 	1.6805584e-07 	0.00014767363 	1.0042915 	9.3376393e-05 	4.3420346e-35 	0 	0 	0
0.069469469 	1.6805596e-07 	0.00014767475 	1.0042915 	9.3512726e-05 	4.3246074e-35 	0 	0 	0
0.06956957 	1.6805608e-07 	0.00014767588 	1.0042915 	9.3649058e-05 	4.3071802e-35 	0 	0 	0
0.06966967 	1.680562e-07 	0.000147677 	1.0042914 	9.3785391e-05 	4.2897531e-35 	0 	0 	0
0.06976977 	1.6805631e-07 	0.00014767813 	1.0042914 	9.3921724e-05 	4.2723259e-35 	0 	0 	0
0.06986987 	1.6805643e-07 	0.00014767926 	1.0042913 	9.4058056e-05 	4.2548987e-35 	0 	0 	0
0.06996997 	1.6805655e-07 	0.00014768038 	1.0042913 	9.4194389e-05 	4.2374715e-35 	0 	0 	0
0.07007007 	1.6805667e-07 	0.00014768151 	1.0042913 	9.4330722e-05 	4.2200444e-35 	0 	0 	0
0.07017017 	1.6805679e-07 	0.00014768264 	1.0042912 	9.4467054e-05 	4.2026172e-35 	0 	0 	0
0.07027027 	1.6805691e-07 	0.00014768376 	1.0042912 	9.4603387e-05 	4.18519e-35 	0 	0 	0
0.07037037 	1.6805703e-07 	0.00014768489 	1.0042912 	9.4739719e-05 	4.1677628e-35 	0 	0 	0
0.07047047 	1.6805714e-07 	0.00014768601 	1.0042911 	9.4876052e-05 	4.1503356e-35 	0 	0 	0
0.070570571 	1.6805726e-07 	0.00014768714 	1.0042911 	9.5012385e-05 	4.1329085e-35 	0 	0 	0
0.070670671 	1.6805738e-07 	0.00014768827 	1.004291 	9.5148717e-05 	4.1154813e-35 	0 	0 	0
0.070770771 	1.680575e-07 	0.00014768939 	1.004291 	9.528505e-05 	4.0980541e-35 	0 	0 	0
0.070870871 	1.6805762e-07 	0.00014769052 	1.004291 	9.5421382e-05 	4.0806269e-35 	0 	0 	0
0.070970971 	1.6805774e-07 	0.00014769164 	1.0042909 	9.5557715e-05 	4.0631997e-35 	0 	0 	0
0.071071071 	1.6805786e-07 	0.00014769277 	1.0042909 	9.5694048e-05 	4.0457726e-35 	0 	0 	0
0.071171171 	1.6805798e-07 	0.0001476939 	1.0042909 	9.583038e-05 	4.0283454e-35 	0 	0 	0
0.071271271 	1.6805809e-07 	0.00014769502 	1.0042908 	9.5966713e-05 	4.0109182e-35 	0 	0 	0
0.071371371 	1.6805821e-07 	0.00014769615 	1.0042908 	9.6103046e-05 	3.993491e-35 	0 	0 	0
0.071471471 	1.6805833e-07 	0.00014769728 	1.0042907 	9.6239378e-05 	3.9760638e-35 	0 	0 	0
0.071571572 	1.6805845e-07 	0.0001476984 	1.0042907 	9.6375711e-05 	3.9586367e-35 	0 	0 	0
0.071671672 	1.6805857e-07 	0.00014769953 	1.0042907 	9.6512043e-05 	3.9412095e-35 	0 	0 	0
0.071771772 	1.6805869e-07 	0.00014770065 	1.0042906 	9.6648376e-05 	3.9237823e-35 	0 	0 	0
0.071871872 	1.6805881e-07 	0.00014770178 	1.0042906 	9.6784709e-05 	3.9063551e-35 	0 	0 	0
0.071971972 	1.6805892e-07 	0.00014770291 	1.0042906 	9.6921041e-05 	3.8889279e-35 	0 	0 	0
0.072072072 	1.6805904e-07 	0.00014770403 	1.0042905 	9.7057374e-05 	3.8715008e-35 	0 	0 	0
0.072172172 	1.6805916e-07 	0.00014770516 	1.0042905 	9.7193707e-05 	3.8540736e-35 	0 	0 	0
0.072272272 	1.6805928e-07 	0.00014770628 	1.0042904 	9.7330039e-05 	3.8366464e-35 	0 	0 	0
0.072372372 	1.680594e-07 	0.00014770741 	1.0042904 	9.7466372e-05 	3.8192192e-35 	0 	0 	0
0.072472472 	1.6805952e-07 	0.00014770854 	1.0042904 	9.7602704e-05 	3.801792e-35 	0 	0 	0
0.072572573 	1.6805964e-07 	0.00014770966 	1.0042903 	9.7739037e-05 	3.7843649e-35 	0 	0 	0
0.072672673 	1.6805976e-07 	0.00014771079 	1.0042903 	9.787537e-05 	3.7669377e-35 	0 	0 	0
0.072772773 	1.6805987e-07 	0.00014771192 	1.0042903 	9.8011702e-05 	3.7495105e-35 	0 	0 	0
0.072872873 	1.6805999e-07 	0.00014771304 	1.0042902 	9.8148035e-05 	3.7320833e-35 	0 	0 	0
0.072972973 	1.6806011e-07 	0.00014771417 	1.0042902 	9.8284368e-05 	3.7146562e-35 	0 	0 	0
0.073073073 	1.6806023e-07 	0.00014771529 	1.0042901 	9.84207e-05 	3.697229e-35 	0 	0 	0
0.073173173 	1.6806035e-07 	0.00014771642 	1.0042901 	9.8557033e-05 	3.6798018e-35 	0 	0 	0
0.073273273 	1.6806047e-07 	0.00014771755 	1.0042901 	9.8693365e-05 	3.6623746e-35 	0 	0 	0
0.073373373 	1.6806059e-07 	0.00014771867 	1.00429 	9.8829698e-05 	3.6449474e-35 	0 	0 	0
0.073473473 	1.680607e-07 	0.0001477198 	1.00429 	9.8966031e-05 	3.6275203e-35 	0 	0 	0
0.073573574 	1.6806082e-07 	0.00014772092 	1.00429 	9.9102363e-05 	3.6100931e-35 	0 	0 	0
0.073673674 	1.6806094e-07 	0.00014772205 	1.0042899 	9.9238696e-05 	3.5926659e-35 	0 	0 	0
0.073773774 	1.6806106e-07 	0.00014772318 	1.0042899 	9.9375029e-05 	3.5752387e-35 	0 	0 	0
0.073873874 	1.6806118e-07 	0.0001477243 	1.0042899 	9.9511361e-05 	3.5578115e-35 	0 	0 	0
0.073973974 	1.680613e-07 	0.00014772543 	1.0042898 	9.9647694e-05 	3.5403844e-35 	0 	0 	0
0.074074074 	1.6806142e-07 	0.00014772656 	1.0042898 	9.9784026e-05 	3.5229572e-35 	0 	0 	0
0.074174174 	1.6806154e-07 	0.00014772768 	1.0042897 	9.9920359e-05 	3.50553e-35 	0 	0 	0
0.074274274 	1.6806165e-07 	0.00014772881 	1.0042897 	0.00010005669 	3.4881028e-35 	0 	0 	0
0.074374374 	1.6806177e-07 	0.00014772993 	1.0042897 	0.00010019302 	3.4706756e-35 	0 	0 	0
0.074474474 	1.6806189e-07 	0.00014773106 	1.0042896 	0.00010032936 	3.4532485e-35 	0 	0 	0
0.074574575 	1.6806201e-07 	0.00014773219 	1.0042896 	0.00010046569 	3.4358213e-35 	0 	0 	0
0.074674675 	1.6806213e-07 	0.00014773331 	1.0042896 	0.00010060202 	3.4183941e-35 	0 	0 	0
0.074774775 	1.6806225e-07 	0.00014773444 	1.0042895 	0.00010073835 	3.4009669e-35 	0 	0 	0
0.074874875 	1.6806237e-07 	0.00014773556 	1.0042895 	0.00010087469 	3.3835397e-35 	0 	0 	0
0.074974975 	1.6806249e-07 	0.00014773744 	1.0042894 	0.00010101438 	3.3334633e-35 	0 	0 	0
0.075075075 	1.6806264e-07 	0.00014774049 	1.0042894 	0.00010115924 	3.2330164e-35 	0 	0 	0
0.075175175 	1.6806278e-07 	0.00014774353 	1.0042893 	0.00010130411 	3.1325696e-35 	0 	0 	0
0.075275275 	1.6806292e-07 	0.00014774657 	1.0042893 	0.00010144898 	3.0321228e-35 	0 	0 	0
0.075375375 	1.6806306e-07 	0.00014774961 	1.0042893 	0.00010159385 	2.9316759e-35 	0 	0 	0
0.075475475 	1.680632e-07 	0.00014775265 	1.0042892 	0.00010173872 	2.8312291e-35 	0 	0 	0
0.075575576 	1.6806335e-07 	0.00014775569 	1.0042892 	0.00010188359 	2.7307822e-35 	0 	0 	0
0.075675676 	1.6806349e-07 	0.00014775873 	1.0042891 	0.00010202845 	2.6303354e-35 	0 	0 	0
0.075775776 	1.6806363e-07 	0.00014776177 	1.0042891 	0.00010217332 	2.5298886e-35 	0 	0 	0
0.075875876 	1.6806377e-07 	0.00014776481 	1.004289 	0.00010231819 	2.4294417e-35 	0 	0 	0
0.075975976 	1.6806391e-07 	0.00014776785 	1.004289 	0.00010246306 	2.3289949e-35 	0 	0 	0
0.076076076 	1.6806406e-07 	0.0001477709 	1.004289 	0.00010260793 	2.228548e-35 	0 	0 	0
0.076176176 	1.680642e-07 	0.00014777394 	1.0042889 	0.00010275279 	2.1281012e-35 	0 	0 	0
0.076276276 	1.6806434e-07 	0.00014777698 	1.0042889 	0.00010289766 	2.0276544e-35 	0 	0 	0
0.076376376 	1.6806448e-07 	0.00014778002 	1.0042888 	0.00010304253 	1.9272075e-35 	0 	0 	0
0.076476476 	1.6806462e-07 	0.00014778306 	1.0042888 	0.0001031874 	1.8267607e-35 	0 	0 	0
0.076576577 	1.6806477e-07 	0.0001477861 	1.0042887 	0.00010333227 	1.7263139e-35 	0 	0 	0
0.076676677 	1.6806491e-07 	0.00014778914 	1.0042887 	0.00010347713 	1.625867e-35 	0 	0 	0
0.076776777 	1.6806505e-07 	0.00014779218 	1.0042886 	0.000103622 	1.5254202e-35 	0 	0 	0
0.076876877 	1.6806519e-07 	0.00014779522 	1.0042886 	0.00010376687 	1.4249733e-35 	0 	0 	0
0.076976977 	1.6806533e-07 	0.00014779827 	1.0042886 	0.00010391174 	1.3245265e-35 	0 	0 	0
0.077077077 	1.6806548e-07 	0.00014780131 	1.0042885 	0.00010405661 	1.2240797e-35 	0 	0 	0
0.077177177 	1.6806559e-07 	0.00014780388 	1.0042885 	0.00010419901 	1.1236435e-35 	0 	0 	0
0.077277277 	1.6806563e-07 	0.00014780509 	1.0042884 	0.00010433425 	1.0232383e-35 	0 	0 	0
0.077377377 	1.6806568e-07 	0.00014780631 	1.0042884 	0.00010446948 	9.2283305e-36 	0 	0 	0
0.077477477 	1.6806572e-07 	0.00014780752 	1.0042883 	0.00010460472 	8.2242783e-36 	0 	0 	0
0.077577578 	1.6806576e-07 	0.00014780874 	1.0042883 	0.00010473995 	7.2202261e-36 	0 	0 	0
0.077677678 	1.680658e-07 	0.00014780995 	1.0042883 	0.00010487519 	6.2161739e-36 	0 	0 	0
0.077777778 	1.6806585e-07 	0.00014781117 	1.0042882 	0.00010501043 	5.2121218e-36 	0 	0 	0
0.077877878 	1.6806589e-07 	0.00014781238 	1.0042882 	0.00010514566 	4.2080696e-36 	0 	0 	0
0.077977978 	1.6806593e-07 	0.0001478136 	1.0042881 	0.0001052809 	3.2040174e-36 	0 	0 	0
0.078078078 	1.6806597e-07 	0.00014781481 	1.0042881 	0.00010541613 	2.1999653e-36 	0 	0 	0
0.078178178 	1.6806601e-07 	0.00014781603 	1.004288 	0.00010555137 	1.1959131e-36 	0 	0 	0
0.078278278 	1.6806606e-07 	0.00014781724 	1.004288 	0.00010568661 	1.9186093e-37 	0 	0 	0
0.078378378 	1.680661e-07 	0.00014781846 	1.0042879 	0.00010582184 	-8.1219124e-37 	0 	0 	0
0.078478478 	1.6806614e-07 	0.00014781967 	1.0042879 	0.00010595708 	-1.8162434e-36 	0 	0 	0
0.078578579 	1.6806618e-07 	0.00014782088 	1.0042879 	0.00010609232 	-2.8202956e-36 	0 	0 	0
0.078678679 	1.6806622e-07 	0.0001478221 	1.0042878 	0.00010622755 	-3.8243478e-36 	0 	0 	0
0.078778779 	1.6806627e-07 	0.00014782331 	1.0042878 	0.00010636279 	-4.8283999e-36 	0 	0 	0
0.078878879 	1.6806631e-07 	0.00014782453 	1.0042877 	0.00010649802 	-5.8324521e-36 	0 	0 	0
0.078978979 	1.6806635e-07 	0.00014782574 	1.0042877 	0.00010663326 	-6.8365043e-36 	0 	0 	0
0.079079079 	1.6806639e-07 	0.00014782696 	1.0042876 	0.0001067685 	-7.8405564e-36 	0 	0 	0
0.079179179 	1.6806643e-07 	0.00014782817 	1.0042876 	0.00010690373 	-8.8446086e-36 	0 	0 	0
0.079279279 	1.6806648e-07 	0.00014782939 	1.0042876 	0.00010703897 	-9.8486608e-36 	0 	0 	0
0.079379379 	1.6806652e-07 	0.0001478306 	1.0042875 	0.0001071742 	-1.0852713e-35 	0 	0 	0
0.079479479 	1.6806656e-07 	0.00014783182 	1.0042875 	0.00010730944 	-1.1856765e-35 	0 	0 	0
0.07957958 	1.680666e-07 	0.00014783303 	1.0042874 	0.00010744468 	-1.2860817e-35 	0 	0 	0
0.07967968 	1.6806665e-07 	0.00014783424 	1.0042874 	0.00010757991 	-1.3864869e-35 	0 	0 	0
0.07977978 	1.6806669e-07 	0.00014783546 	1.0042873 	0.00010771515 	-1.4868922e-35 	0 	0 	0
0.07987988 	1.6806673e-07 	0.00014783667 	1.0042873 	0.00010785038 	-1.5872974e-35 	0 	0 	0
0.07997998 	1.6806677e-07 	0.00014783789 	1.0042873 	0.00010798562 	-1.6877026e-35 	0 	0 	0
0.08008008 	1.6806681e-07 	0.0001478391 	1.0042872 	0.00010812086 	-1.7881078e-35 	0 	0 	0
0.08018018 	1.6806686e-07 	0.00014784032 	1.0042872 	0.00010825609 	-1.888513e-35 	0 	0 	0
0.08028028 	1.680669e-07 	0.00014784153 	1.0042871 	0.00010839133 	-1.9889182e-35 	0 	0 	0
0.08038038 	1.6806694e-07 	0.00014784275 	1.0042871 	0.00010852656 	-2.0893235e-35 	0 	0 	0
0.08048048 	1.6806698e-07 	0.00014784396 	1.004287 	0.0001086618 	-2.1897287e-35 	0 	0 	0
0.080580581 	1.6806702e-07 	0.00014784518 	1.004287 	0.00010879704 	-2.2901339e-35 	0 	0 	0
0.080680681 	1.6806707e-07 	0.00014784639 	1.004287 	0.00010893227 	-2.3905391e-35 	0 	0 	0
0.080780781 	1.6806711e-07 	0.00014784761 	1.0042869 	0.00010906751 	-2.4909443e-35 	0 	0 	0
0.080880881 	1.6806715e-07 	0.00014784882 	1.0042869 	0.00010920275 	-2.5913495e-35 	0 	0 	0
0.080980981 	1.6806719e-07 	0.00014785003 	1.0042868 	0.00010933798 	-2.6917548e-35 	0 	0 	0
0.081081081 	1.6806723e-07 	0.00014785125 	1.0042868 	0.00010947322 	-2.79216e-35 	0 	0 	0
0.081181181 	1.6806728e-07 	0.00014785246 	1.0042867 	0.00010960845 	-2.8925652e-35 	0 	0 	0
0.081281281 	1.6806732e-07 	0.00014785368 	1.0042867 	0.00010974369 	-2.9929704e-35 	0 	0 	0
0.081381381 	1.6806736e-07 	0.00014785489 	1.0042866 	0.00010987893 	-3.0933756e-35 	0 	0 	0
0.081481481 	1.680674e-07 	0.00014785611 	1.0042866 	0.00011001416 	-3.1937809e-35 	0 	0 	0
0.081581582 	1.6806745e-07 	0.00014785732 	1.0042866 	0.0001101494 	-3.2941861e-35 	0 	0 	0
0.081681682 	1.6806749e-07 	0.00014785854 	1.0042865 	0.00011028463 	-3.3945913e-35 	0 	0 	0
0.081781782 	1.6806753e-07 	0.00014785975 	1.0042865 	0.00011041987 	-3.4949965e-35 	0 	0 	0
0.081881882 	1.6806757e-07 	0.00014786097 	1.0042864 	0.00011055511 	-3.5954017e-35 	0 	0 	0
0.081981982 	1.6806761e-07 	0.00014786218 	1.0042864 	0.00011069034 	-3.6958069e-35 	0 	0 	0
0.082082082 	1.6806766e-07 	0.00014786339 	1.0042863 	0.00011082558 	-3.7962122e-35 	0 	0 	0
0.082182182 	1.680677e-07 	0.00014786461 	1.0042863 	0.00011096081 	-3.8966174e-35 	0 	0 	0
0.082282282 	1.6806774e-07 	0.00014786582 	1.0042863 	0.00011109605 	-3.9970226e-35 	0 	0 	0
0.082382382 	1.6806778e-07 	0.00014786704 	1.0042862 	0.00011123129 	-4.0974278e-35 	0 	0 	0
0.082482482 	1.6806782e-07 	0.00014786825 	1.0042862 	0.00011136652 	-4.197833e-35 	0 	0 	0
0.082582583 	1.6806787e-07 	0.00014786947 	1.0042861 	0.00011150176 	-4.2982382e-35 	0 	0 	0
0.082682683 	1.6806791e-07 	0.00014787068 	1.0042861 	0.000111637 	-4.3986435e-35 	0 	0 	0
0.082782783 	1.6806795e-07 	0.0001478719 	1.004286 	0.00011177223 	-4.4990487e-35 	0 	0 	0
0.082882883 	1.6806799e-07 	0.00014787311 	1.004286 	0.00011190747 	-4.5994539e-35 	0 	0 	0
0.082982983 	1.6806804e-07 	0.00014787433 	1.004286 	0.0001120427 	-4.6998591e-35 	0 	0 	0
0.083083083 	1.6806808e-07 	0.00014787554 	1.0042859 	0.00011217794 	-4.8002643e-35 	0 	0 	0
0.083183183 	1.6806812e-07 	0.00014787675 	1.0042859 	0.00011231318 	-4.9006695e-35 	0 	0 	0
0.083283283 	1.6806816e-07 	0.00014787797 	1.0042858 	0.00011244841 	-5.0010748e-35 	0 	0 	0
0.083383383 	1.680682e-07 	0.00014787918 	1.0042858 	0.00011258365 	-5.10148e-35 	0 	0 	0
0.083483483 	1.6806825e-07 	0.0001478804 	1.0042857 	0.00011271888 	-5.2018852e-35 	0 	0 	0
0.083583584 	1.6806829e-07 	0.00014788161 	1.0042857 	0.00011285412 	-5.3022904e-35 	0 	0 	0
0.083683684 	1.6806833e-07 	0.00014788283 	1.0042857 	0.00011298936 	-5.4026956e-35 	0 	0 	0
0.083783784 	1.6806837e-07 	0.00014788404 	1.0042856 	0.00011312459 	-5.5031008e-35 	0 	0 	0
0.083883884 	1.6806841e-07 	0.00014788526 	1.0042856 	0.00011325983 	-5.6035061e-35 	0 	0 	0
0.083983984 	1.6806846e-07 	0.00014788647 	1.0042855 	0.00011339506 	-5.7039113e-35 	0 	0 	0
0.084084084 	1.680685e-07 	0.00014788769 	1.0042855 	0.0001135303 	-5.8043165e-35 	0 	0 	0
0.084184184 	1.6806854e-07 	0.0001478889 	1.0042854 	0.00011366554 	-5.9047217e-35 	0 	0 	0
0.084284284 	1.6806858e-07 	0.00014789012 	1.0042854 	0.00011380077 	-6.0051269e-35 	0 	0 	0
0.084384384 	1.6806862e-07 	0.00014789133 	1.0042853 	0.00011393601 	-6.1055321e-35 	0 	0 	0
0.084484484 	1.6806867e-07 	0.00014789254 	1.0042853 	0.00011407125 	-6.2059374e-35 	0 	0 	0
0.084584585 	1.6806871e-07 	0.00014789376 	1.0042853 	0.00011420648 	-6.3063426e-35 	0 	0 	0
0.084684685 	1.6806876e-07 	0.00014789546 	1.0042852 	0.00011434389 	-6.4067478e-35 	0 	0 	0
0.084784785 	1.6806882e-07 	0.00014789854 	1.0042852 	0.00011448749 	-6.507153e-35 	0 	0 	0
0.084884885 	1.6806888e-07 	0.00014790162 	1.0042851 	0.00011463109 	-6.6075582e-35 	0 	0 	0
0.084984985 	1.6806895e-07 	0.0001479047 	1.0042851 	0.00011477469 	-6.7079634e-35 	0 	0 	0
0.085085085 	1.6806901e-07 	0.00014790779 	1.004285 	0.00011491829 	-6.8083687e-35 	0 	0 	0
0.085185185 	1.6806907e-07 	0.00014791087 	1.004285 	0.00011506189 	-6.9087739e-35 	0 	0 	0
0.085285285 	1.6806914e-07 	0.00014791395 	1.0042849 	0.00011520549 	-7.0091791e-35 	0 	0 	0
0.085385385 	1.680692e-07 	0.00014791703 	1.0042849 	0.0001153491 	-7.1095843e-35 	0 	0 	0
0.085485485 	1.6806927e-07 	0.00014792011 	1.0042848 	0.0001154927 	-7.2099895e-35 	0 	0 	0
0.085585586 	1.6806933e-07 	0.0001479232 	1.0042848 	0.0001156363 	-7.3103947e-35 	0 	0 	0
0.085685686 	1.6806939e-07 	0.00014792628 	1.0042847 	0.0001157799 	-7.4108e-35 	0 	0 	0
0.085785786 	1.6806946e-07 	0.00014792936 	1.0042847 	0.0001159235 	-7.5112052e-35 	0 	0 	0
0.085885886 	1.6806952e-07 	0.00014793244 	1.0042846 	0.0001160671 	-7.6116104e-35 	0 	0 	0
0.085985986 	1.6806958e-07 	0.00014793552 	1.0042846 	0.0001162107 	-7.7120156e-35 	0 	0 	0
0.086086086 	1.6806965e-07 	0.00014793861 	1.0042845 	0.00011635431 	-7.8124208e-35 	0 	0 	0
0.086186186 	1.6806971e-07 	0.00014794169 	1.0042845 	0.00011649791 	-7.912826e-35 	0 	0 	0
0.086286286 	1.6806977e-07 	0.00014794477 	1.0042844 	0.00011664151 	-8.0132313e-35 	0 	0 	0
0.086386386 	1.6806984e-07 	0.00014794785 	1.0042844 	0.00011678511 	-8.1136365e-35 	0 	0 	0
0.086486486 	1.680699e-07 	0.00014795093 	1.0042843 	0.00011692871 	-8.2140417e-35 	0 	0 	0
0.086586587 	1.6806997e-07 	0.00014795401 	1.0042843 	0.00011707231 	-8.3144469e-35 	0 	0 	0
0.086686687 	1.6807003e-07 	0.0001479571 	1.0042842 	0.00011721591 	-8.4148521e-35 	0 	0 	0
0.086786787 	1.6807009e-07 	0.00014796018 	1.0042842 	0.00011735952 	-8.5152574e-35 	0 	0 	0
0.086886887 	1.6807016e-07 	0.00014796326 	1.0042841 	0.00011750312 	-8.6156626e-35 	0 	0 	0
0.086986987 	1.6807022e-07 	0.00014796634 	1.0042841 	0.00011764672 	-8.7160678e-35 	0 	0 	0
0.087087087 	1.6807028e-07 	0.00014796942 	1.004284 	0.00011779032 	-8.816473e-35 	0 	0 	0
0.087187187 	1.6807034e-07 	0.00014797205 	1.004284 	0.00011793121 	-8.8721936e-35 	0 	0 	0
0.087287287 	1.6807036e-07 	0.00014797329 	1.0042839 	0.00011806393 	-8.7934927e-35 	0 	0 	0
0.087387387 	1.6807038e-07 	0.00014797453 	1.0042839 	0.00011819665 	-8.7147919e-35 	0 	0 	0
0.087487487 	1.680704e-07 	0.00014797578 	1.0042838 	0.00011832938 	-8.6360911e-35 	0 	0 	0
0.087587588 	1.6807042e-07 	0.00014797702 	1.0042838 	0.0001184621 	-8.5573903e-35 	0 	0 	0
0.087687688 	1.6807045e-07 	0.00014797826 	1.0042837 	0.00011859482 	-8.4786895e-35 	0 	0 	0
0.087787788 	1.6807047e-07 	0.00014797951 	1.0042837 	0.00011872755 	-8.3999887e-35 	0 	0 	0
0.087887888 	1.6807049e-07 	0.00014798075 	1.0042836 	0.00011886027 	-8.3212879e-35 	0 	0 	0
0.087987988 	1.6807051e-07 	0.00014798199 	1.0042836 	0.00011899299 	-8.2425871e-35 	0 	0 	0
0.088088088 	1.6807053e-07 	0.00014798324 	1.0042835 	0.00011912572 	-8.1638863e-35 	0 	0 	0
0.088188188 	1.6807056e-07 	0.00014798448 	1.0042835 	0.00011925844 	-8.0851855e-35 	0 	0 	0
0.088288288 	1.6807058e-07 	0.00014798572 	1.0042834 	0.00011939116 	-8.0064847e-35 	0 	0 	0
0.088388388 	1.680706e-07 	0.00014798697 	1.0042834 	0.00011952389 	-7.9277839e-35 	0 	0 	0
0.088488488 	1.6807062e-07 	0.00014798821 	1.0042833 	0.00011965661 	-7.8490831e-35 	0 	0 	0
0.088588589 	1.6807064e-07 	0.00014798945 	1.0042833 	0.00011978933 	-7.7703823e-35 	0 	0 	0
0.088688689 	1.6807067e-07 	0.0001479907 	1.0042832 	0.00011992206 	-7.6916814e-35 	0 	0 	0
0.088788789 	1.6807069e-07 	0.00014799194 	1.0042832 	0.00012005478 	-7.6129806e-35 	0 	0 	0
0.088888889 	1.6807071e-07 	0.00014799318 	1.0042831 	0.0001201875 	-7.5342798e-35 	0 	0 	0
0.088988989 	1.6807073e-07 	0.00014799442 	1.0042831 	0.00012032023 	-7.455579e-35 	0 	0 	0
0.089089089 	1.6807075e-07 	0.00014799567 	1.004283 	0.00012045295 	-7.3768782e-35 	0 	0 	0
0.089189189 	1.6807078e-07 	0.00014799691 	1.004283 	0.00012058567 	-7.2981774e-35 	0 	0 	0
0.089289289 	1.680708e-07 	0.00014799815 	1.0042829 	0.0001207184 	-7.2194766e-35 	0 	0 	0
0.089389389 	1.6807082e-07 	0.0001479994 	1.0042829 	0.00012085112 	-7.1407758e-35 	0 	0 	0
0.089489489 	1.6807084e-07 	0.00014800064 	1.0042828 	0.00012098384 	-7.062075e-35 	0 	0 	0
0.08958959 	1.6807086e-07 	0.00014800188 	1.0042828 	0.00012111657 	-6.9833742e-35 	0 	0 	0
0.08968969 	1.6807088e-07 	0.00014800313 	1.0042827 	0.00012124929 	-6.9046734e-35 	0 	0 	0
0.08978979 	1.6807091e-07 	0.00014800437 	1.0042827 	0.00012138201 	-6.8259726e-35 	0 	0 	0
0.08988989 	1.6807093e-07 	0.00014800561 	1.0042826 	0.00012151474 	-6.7472718e-35 	0 	0 	0
0.08998999 	1.6807095e-07 	0.00014800686 	1.0042826 	0.00012164746 	-6.668571e-35 	0 	0 	0
0.09009009 	1.6807097e-07 	0.0001480081 	1.0042825 	0.00012178018 	-6.5898701e-35 	0 	0 	0
0.09019019 	1.6807099e-07 	0.00014800934 	1.0042825 	0.00012191291 	-6.5111693e-35 	0 	0 	0
0.09029029 	1.6807102e-07 	0.00014801059 	1.0042824 	0.00012204563 	-6.4324685e-35 	0 	0 	0
0.09039039 	1.6807104e-07 	0.00014801183 	1.0042824 	0.00012217835 	-6.3537677e-35 	0 	0 	0
0.09049049 	1.6807106e-07 	0.00014801307 	1.0042823 	0.00012231108 	-6.2750669e-35 	0 	0 	0
0.090590591 	1.6807108e-07 	0.00014801431 	1.0042823 	0.0001224438 	-6.1963661e-35 	0 	0 	0
0.090690691 	1.680711e-07 	0.00014801556 	1.0042822 	0.00012257652 	-6.1176653e-35 	0 	0 	0
0.090790791 	1.6807113e-07 	0.0001480168 	1.0042822 	0.00012270925 	-6.0389645e-35 	0 	0 	0
0.090890891 	1.6807115e-07 	0.00014801804 	1.0042821 	0.00012284197 	-5.9602637e-35 	0 	0 	0
0.090990991 	1.6807117e-07 	0.00014801929 	1.0042821 	0.00012297469 	-5.8815629e-35 	0 	0 	0
0.091091091 	1.6807119e-07 	0.00014802053 	1.004282 	0.00012310742 	-5.8028621e-35 	0 	0 	0
0.091191191 	1.6807121e-07 	0.00014802177 	1.004282 	0.00012324014 	-5.7241613e-35 	0 	0 	0
0.091291291 	1.6807124e-07 	0.00014802302 	1.0042819 	0.00012337286 	-5.6454605e-35 	0 	0 	0
0.091391391 	1.6807126e-07 	0.00014802426 	1.0042819 	0.00012350559 	-5.5667596e-35 	0 	0 	0
0.091491491 	1.6807128e-07 	0.0001480255 	1.0042818 	0.00012363831 	-5.4880588e-35 	0 	0 	0
0.091591592 	1.680713e-07 	0.00014802675 	1.0042818 	0.00012377103 	-5.409358e-35 	0 	0 	0
0.091691692 	1.6807132e-07 	0.00014802799 	1.0042817 	0.00012390376 	-5.3306572e-35 	0 	0 	0
0.091791792 	1.6807135e-07 	0.00014802923 	1.0042817 	0.00012403648 	-5.2519564e-35 	0 	0 	0
0.091891892 	1.6807137e-07 	0.00014803048 	1.0042816 	0.0001241692 	-5.1732556e-35 	0 	0 	0
0.091991992 	1.6807139e-07 	0.00014803172 	1.0042816 	0.00012430193 	-5.0945548e-35 	0 	0 	0
0.092092092 	1.6807141e-07 	0.00014803296 	1.0042815 	0.00012443465 	-5.015854e-35 	0 	0 	0
0.092192192 	1.6807143e-07 	0.00014803421 	1.0042815 	0.00012456737 	-4.9371532e-35 	0 	0 	0
0.092292292 	1.6807145e-07 	0.00014803545 	1.0042814 	0.0001247001 	-4.8584524e-35 	0 	0 	0
0.092392392 	1.6807148e-07 	0.00014803669 	1.0042814 	0.00012483282 	-4.7797516e-35 	0 	0 	0
0.092492492 	1.680715e-07 	0.00014803793 	1.0042813 	0.00012496554 	-4.7010508e-35 	0 	0 	0
0.092592593 	1.6807152e-07 	0.00014803918 	1.0042813 	0.00012509827 	-4.62235e-35 	0 	0 	0
0.092692693 	1.6807154e-07 	0.00014804042 	1.0042812 	0.00012523099 	-4.5436492e-35 	0 	0 	0
0.092792793 	1.6807156e-07 	0.00014804166 	1.0042812 	0.00012536371 	-4.4649483e-35 	0 	0 	0
0.092892893 	1.6807159e-07 	0.00014804291 	1.0042811 	0.00012549644 	-4.3862475e-35 	0 	0 	0
0.092992993 	1.6807161e-07 	0.00014804415 	1.0042811 	0.00012562916 	-4.3075467e-35 	0 	0 	0
0.093093093 	1.6807163e-07 	0.00014804539 	1.004281 	0.00012576188 	-4.2288459e-35 	0 	0 	0
0.093193193 	1.6807165e-07 	0.00014804664 	1.004281 	0.00012589461 	-4.1501451e-35 	0 	0 	0
0.093293293 	1.6807167e-07 	0.00014804788 	1.0042809 	0.00012602733 	-4.0714443e-35 	0 	0 	0
0.093393393 	1.680717e-07 	0.00014804912 	1.0042809 	0.00012616005 	-3.9927435e-35 	0 	0 	0
0.093493493 	1.6807172e-07 	0.00014805037 	1.0042808 	0.00012629278 	-3.9140427e-35 	0 	0 	0
0.093593594 	1.6807174e-07 	0.00014805161 	1.0042808 	0.0001264255 	-3.8353419e-35 	0 	0 	0
0.093693694 	1.6807176e-07 	0.00014805285 	1.0042807 	0.00012655822 	-3.7566411e-35 	0 	0 	0
0.093793794 	1.6807178e-07 	0.0001480541 	1.0042807 	0.00012669095 	-3.6779403e-35 	0 	0 	0
0.093893894 	1.6807181e-07 	0.00014805534 	1.0042806 	0.00012682367 	-3.5992395e-35 	0 	0 	0
0.093993994 	1.6807183e-07 	0.00014805658 	1.0042806 	0.00012695639 	-3.5205387e-35 	0 	0 	0
0.094094094 	1.6807185e-07 	0.00014805782 	1.0042805 	0.00012708912 	-3.4418379e-35 	0 	0 	0
0.094194194 	1.6807187e-07 	0.00014805907 	1.0042805 	0.00012722184 	-3.363137e-35 	0 	0 	0
0.094294294 	1.6807189e-07 	0.00014806031 	1.0042804 	0.00012735456 	-3.2844362e-35 	0 	0 	0
0.094394394 	1.6807192e-07 	0.00014806155 	1.0042804 	0.00012748729 	-3.2057354e-35 	0 	0 	0
0.094494494 	1.6807194e-07 	0.0001480628 	1.0042803 	0.00012762001 	-3.1270346e-35 	0 	0 	0
0.094594595 	1.6807196e-07 	0.00014806404 	1.0042803 	0.00012775273 	-3.0483338e-35 	0 	0 	0
0.094694695 	1.6807198e-07 	0.00014806528 	1.0042802 	0.00012788546 	-2.969633e-35 	0 	0 	0
0.094794795 	1.68072e-07 	0.00014806653 	1.0042802 	0.00012801818 	-2.8909322e-35 	0 	0 	0
0.094894895 	1.6807202e-07 	0.00014806777 	1.0042801 	0.0001281509 	-2.8122314e-35 	0 	0 	0
0.094994995 	1.6807205e-07 	0.00014806901 	1.0042801 	0.00012828363 	-2.7335306e-35 	0 	0 	0
0.095095095 	1.6807207e-07 	0.00014807026 	1.00428 	0.00012841635 	-2.6548298e-35 	0 	0 	0
0.095195195 	1.6807209e-07 	0.0001480715 	1.00428 	0.00012854907 	-2.576129e-35 	0 	0 	0
0.095295295 	1.6807211e-07 	0.00014807274 	1.00428 	0.0001286818 	-2.4974282e-35 	0 	0 	0
0.095395395 	1.6807213e-07 	0.00014807399 	1.0042799 	0.00012881452 	-2.4187274e-35 	0 	0 	0
0.095495495 	1.6807216e-07 	0.00014807523 	1.0042799 	0.00012894724 	-2.3400265e-35 	0 	0 	0
0.095595596 	1.6807218e-07 	0.00014807647 	1.0042798 	0.00012907997 	-2.2613257e-35 	0 	0 	0
0.095695696 	1.6807221e-07 	0.00014807867 	1.0042797 	0.00012921694 	-2.1826249e-35 	0 	0 	0
0.095795796 	1.6807225e-07 	0.00014808176 	1.0042797 	0.0001293578 	-2.1039241e-35 	0 	0 	0
0.095895896 	1.6807229e-07 	0.00014808484 	1.0042796 	0.00012949866 	-2.0252233e-35 	0 	0 	0
0.095995996 	1.6807232e-07 	0.00014808792 	1.0042796 	0.00012963952 	-1.9465225e-35 	0 	0 	0
0.096096096 	1.6807236e-07 	0.00014809101 	1.0042795 	0.00012978038 	-1.8678217e-35 	0 	0 	0
0.096196196 	1.680724e-07 	0.00014809409 	1.0042795 	0.00012992124 	-1.7891209e-35 	0 	0 	0
0.096296296 	1.6807244e-07 	0.00014809717 	1.0042794 	0.0001300621 	-1.7104201e-35 	0 	0 	0
0.096396396 	1.6807248e-07 	0.00014810025 	1.0042793 	0.00013020296 	-1.6317193e-35 	0 	0 	0
0.096496496 	1.6807251e-07 	0.00014810334 	1.0042793 	0.00013034382 	-1.5530185e-35 	0 	0 	0
0.096596597 	1.6807255e-07 	0.00014810642 	1.0042792 	0.00013048468 	-1.4743177e-35 	0 	0 	0
0.096696697 	1.6807259e-07 	0.0001481095 	1.0042792 	0.00013062554 	-1.3956169e-35 	0 	0 	0
0.096796797 	1.6807263e-07 	0.00014811258 	1.0042791 	0.0001307664 	-1.3169161e-35 	0 	0 	0
0.096896897 	1.6807267e-07 	0.00014811567 	1.0042791 	0.00013090726 	-1.2382152e-35 	0 	0 	0
0.096996997 	1.6807271e-07 	0.00014811875 	1.004279 	0.00013104813 	-1.1595144e-35 	0 	0 	0
0.097097097 	1.6807274e-07 	0.00014812183 	1.0042789 	0.00013118899 	-1.0808136e-35 	0 	0 	0
0.097197197 	1.6807278e-07 	0.00014812491 	1.0042789 	0.00013132985 	-1.0021128e-35 	0 	0 	0
0.097297297 	1.6807282e-07 	0.000148128 	1.0042788 	0.00013147071 	-9.2341202e-36 	0 	0 	0
0.097397397 	1.6807286e-07 	0.00014813108 	1.0042788 	0.00013161157 	-8.4471121e-36 	0 	0 	0
0.097497497 	1.680729e-07 	0.00014813416 	1.0042787 	0.00013175243 	-7.660104e-36 	0 	0 	0
0.097597598 	1.6807293e-07 	0.00014813725 	1.0042787 	0.00013189329 	-6.873096e-36 	0 	0 	0
0.097697698 	1.6807297e-07 	0.00014814033 	1.0042786 	0.00013203415 	-6.0860879e-36 	0 	0 	0
0.097797798 	1.6807301e-07 	0.00014814341 	1.0042785 	0.00013217501 	-5.2990798e-36 	0 	0 	0
0.097897898 	1.6807305e-07 	0.00014814649 	1.0042785 	0.00013231587 	-4.5120717e-36 	0 	0 	0
0.097997998 	1.6807309e-07 	0.00014814958 	1.0042784 	0.00013245673 	-3.7250637e-36 	0 	0 	0
0.098098098 	1.6807313e-07 	0.00014815266 	1.0042784 	0.00013259759 	-2.9380556e-36 	0 	0 	0
0.098198198 	1.6807316e-07 	0.00014815574 	1.0042783 	0.00013273845 	-2.1510475e-36 	0 	0 	0
0.098298298 	1.680732e-07 	0.00014815882 	1.0042783 	0.00013287932 	-1.3640395e-36 	0 	0 	0
0.098398398 	1.6807324e-07 	0.00014816191 	1.0042782 	0.00013302018 	-5.7703138e-37 	0 	0 	0
0.098498498 	1.6807327e-07 	0.00014816452 	1.0042781 	0.00013315846 	0 	0 	0 	0
0.098598599 	1.6807329e-07 	0.00014816586 	1.0042781 	0.00013328968 	0 	0 	0 	0
0.098698699 	1.6807331e-07 	0.0001481672 	1.004278 	0.0001334209 	0 	0 	0 	0
0.098798799 	1.6807332e-07 	0.00014816853 	1.004278 	0.00013355212 	0 	0 	0 	0
0.098898899 	1.6807334e-07 	0.00014816987 	1.0042779 	0.00013368334 	0 	0 	0 	0
0.098998999 	1.6807336e-07 	0.00014817121 	1.0042779 	0.00013381456 	0 	0 	0 	0
0.099099099 	1.6807338e-07 	0.00014817254 	1.0042778 	0.00013394578 	0 	0 	0 	0
0.099199199 	1.6807339e-07 	0.00014817388 	1.0042778 	0.000134077 	0 	0 	0 	0
0.099299299 	1.6807341e-07 	0.00014817522 	1.0042777 	0.00013420822 	0 	0 	0 	0
0.099399399 	1.6807343e-07 	0.00014817655 	1.0042776 	0.00013433944 	0 	0 	0 	0
0.099499499 	1.6807344e-07 	0.00014817789 	1.0042776 	0.00013447066 	0 	0 	0 	0
0.0995996 	1.6807346e-07 	0.00014817923 	1.0042775 	0.00013460188 	0 	0 	0 	0
0.0996997 	1.6807348e-07 	0.00014818056 	1.0042775 	0.0001347331 	0 	0 	0 	0
0.0997998 	1.6807349e-07 	0.0001481819 	1.0042774 	0.00013486432 	0 	0 	0 	0
0.0998999 	1.6807351e-07 	0.00014818324 	1.0042774 	0.00013499554 	0 	0 	0 	0
0.1 	1.6807353e-07 	0.00014818457 	1.0042773 	0.00013512676 	0 	0 	0 	0
