# Region        : all region0
# Cells         : 13056
# Volume        : 2.33333000e+00
# Time          	min(p)	min(k)	min(omega)	min(nut)
0.000120005     	7.94593833e-04	2.40395350e-05	7.45008293e+02	7.56743145e-14
0.000264017     	3.41657596e-04	8.64068911e-06	7.39285375e+02	3.76269254e-13
0.000436833     	3.37922831e-04	4.84935947e-06	7.32597143e+02	2.30224981e-13
0.000644211     	3.05480084e-04	3.19360242e-06	7.24747358e+02	2.12241779e-13
0.000893055     	2.67370895e-04	1.91941279e-06	7.15545140e+02	1.23009361e-13
0.00119165      	2.37047484e-04	1.31845895e-06	7.04793696e+02	1.04740192e-13
0.0015499       	2.13051764e-04	8.72917453e-07	6.92291243e+02	6.92397586e-14
0.00197972      	1.92405430e-04	6.05936064e-07	6.77833646e+02	5.75292877e-14
0.00249549      	1.74023757e-04	4.25132773e-07	6.61220135e+02	4.18393761e-14
0.00311429      	1.57656857e-04	3.11024963e-07	6.42276239e+02	3.41525444e-14
0.00385657      	1.42980955e-04	2.32957601e-07	6.20863909e+02	2.66876137e-14
0.00474757      	1.29639014e-04	1.74800534e-07	5.96881521e+02	2.26051447e-14
0.00581659      	-1.40673600e-03	1.34033827e-07	5.70327768e+02	1.89840124e-14
0.00709941      	-3.84099151e-03	1.05105762e-07	5.41280724e+02	1.64144529e-14
0.00863879      	-6.33447820e-03	8.39821837e-08	5.09933378e+02	1.42231656e-14
0.0104849       	-8.95933712e-03	6.66103376e-08	4.76617651e+02	1.24905161e-14
0.0126986       	-1.16829980e-02	5.35589729e-08	4.41766618e+02	1.10200558e-14
0.0153526       	-1.44372218e-02	4.36875134e-08	4.05914659e+02	9.79911613e-15
0.0185392       	-1.72067289e-02	3.61331884e-08	3.69614310e+02	8.75429320e-15
0.0223581       	-1.99091918e-02	2.94907872e-08	3.33572434e+02	7.86334221e-15
0.026948        	-2.25802604e-02	2.43546208e-08	2.98320972e+02	7.09241699e-15
0.0324454       	-2.51280435e-02	2.03393837e-08	2.64565170e+02	6.42390060e-15
0.0390274       	-2.75666974e-02	1.71726848e-08	2.32793766e+02	5.83937318e-15
0.0467152       	-2.97201370e-02	1.43138916e-08	2.04028650e+02	5.32646264e-15
0.0554609       	-3.16383881e-02	1.20426395e-08	1.78854552e+02	4.87393262e-15
0.0652999       	-3.34421083e-02	1.01806103e-08	1.57095147e+02	4.47324590e-15
0.0753504       	-3.46692264e-02	8.65243809e-09	1.39865283e+02	4.10338470e-15
0.085401        	-3.58262083e-02	7.25763086e-09	1.26202146e+02	3.76951297e-15
0.0954515       	-3.69857092e-02	6.13952218e-09	1.15101225e+02	3.47077869e-15
0.105502        	-3.81034847e-02	5.23617662e-09	1.05888089e+02	3.20276258e-15
0.115553        	-3.91668652e-02	4.43917970e-09	9.81045034e+01	2.96168864e-15
0.125603        	-4.01718633e-02	3.75589769e-09	9.14312126e+01	2.71342740e-15
0.135654        	-4.11123455e-02	3.20499981e-09	8.56393749e+01	2.48649887e-15
0.145704        	-4.19927813e-02	2.74696122e-09	8.05604381e+01	2.28121492e-15
0.155755        	-4.28211866e-02	2.32791300e-09	7.60672165e+01	2.09567715e-15
0.165805        	-4.36001515e-02	1.99058635e-09	7.20617093e+01	1.92853190e-15
0.175736        	-4.42596845e-02	1.71708757e-09	6.85076145e+01	1.77822897e-15
0.185667        	-4.49466006e-02	1.47098616e-09	6.52960353e+01	1.64301069e-15
0.195598        	-4.55806563e-02	1.26360721e-09	6.23785054e+01	1.52087247e-15
0.205408        	-4.60917579e-02	1.09527040e-09	5.97465443e+01	1.41006153e-15
0.215218        	-4.66331542e-02	9.57435993e-10	5.73321986e+01	1.30881190e-15
0.225027        	-4.71237878e-02	8.31280582e-10	5.51088972e+01	1.21604217e-15
0.234837        	-4.75711996e-02	7.25834745e-10	5.30544531e+01	1.13090308e-15
0.244523        	-4.79078596e-02	6.39049392e-10	5.11730687e+01	1.05262437e-15
0.254208        	-4.82897152e-02	5.66952569e-10	4.94228213e+01	9.80527177e-16
0.263894        	-4.86350448e-02	5.06498495e-10	4.77901228e+01	9.14011006e-16
0.273579        	-4.89415408e-02	4.53390961e-10	4.62633369e+01	8.52547440e-16
0.283265        	-4.92063557e-02	4.05890260e-10	4.48323641e+01	7.95680779e-16
0.292822        	-4.93612173e-02	3.65759332e-10	4.35055061e+01	7.43034380e-16
0.302378        	-4.95674226e-02	3.31567202e-10	4.22560771e+01	6.94318312e-16
0.311935        	-4.97515403e-02	3.02195010e-10	4.10773020e+01	6.49328824e-16
0.321491        	-4.99170357e-02	2.76767108e-10	3.99632629e+01	6.07901954e-16
0.331047        	-5.00648696e-02	2.54596560e-10	3.89087155e+01	5.69876400e-16
0.340604        	-5.01838295e-02	2.35141086e-10	3.79089785e+01	5.35045753e-16
0.35016         	-5.02638942e-02	2.17968646e-10	3.69598545e+01	5.03099597e-16
0.359717        	-5.03155271e-02	2.02731934e-10	3.60575674e+01	4.73542496e-16
0.369133        	-5.02797016e-02	1.89150173e-10	3.52108208e+01	4.44069459e-16
0.378549        	-5.03130734e-02	1.76992023e-10	3.44034310e+01	4.16652575e-16
0.387965        	-5.03440802e-02	1.66068003e-10	3.36326127e+01	3.91131604e-16
0.397381        	-5.03700099e-02	1.56220737e-10	3.28958943e+01	3.67329191e-16
0.406796        	-5.03719744e-02	1.47318811e-10	3.21910400e+01	3.45119388e-16
0.416212        	-5.03495178e-02	1.39251729e-10	3.15160119e+01	3.24411711e-16
0.425628        	-5.03060769e-02	1.31925716e-10	3.08689442e+01	3.05093164e-16
0.435044        	-5.02496437e-02	1.25261213e-10	3.02481251e+01	2.87060235e-16
0.44446         	-5.01884141e-02	1.19189563e-10	2.96519802e+01	2.70218005e-16
0.453876        	-5.01260685e-02	1.13651275e-10	2.90790594e+01	2.54479347e-16
0.463292        	-5.00450093e-02	1.08594612e-10	2.85280242e+01	2.39764210e-16
0.472708        	-4.99447697e-02	1.03974352e-10	2.79976378e+01	2.25998980e-16
0.482124        	-4.98250707e-02	9.97507442e-11	2.74867549e+01	2.13115905e-16
0.491372        	-4.96202776e-02	9.58888789e-11	2.70027701e+01	2.01052629e-16
0.500619        	-4.94864096e-02	9.18171444e-11	2.65357345e+01	1.89751534e-16
0.509867        	-4.93510609e-02	8.79119476e-11	2.60847130e+01	1.79159574e-16
0.519115        	-4.92186531e-02	8.43033457e-11	2.56488752e+01	1.69227749e-16
0.528363        	-4.90668429e-02	8.09690412e-11	2.52274584e+01	1.59910788e-16
0.537611        	-4.88991137e-02	7.78894412e-11	2.48197539e+01	1.51166841e-16
0.546858        	-4.87319596e-02	7.50473401e-11	2.44250997e+01	1.42957197e-16
0.556106        	-4.85674846e-02	7.24271174e-11	2.40428764e+01	1.35246014e-16
0.565354        	-4.84019355e-02	7.00131715e-11	2.36725033e+01	1.28000077e-16
0.574602        	-4.82354738e-02	6.77906503e-11	2.33134353e+01	1.21188584e-16
0.58385         	-4.80695834e-02	6.57436532e-11	2.29651607e+01	1.14782942e-16
0.593097        	-4.78924594e-02	6.38572054e-11	2.26271980e+01	1.08756605e-16
0.602345        	-4.76906184e-02	6.21176223e-11	2.22990941e+01	1.03084923e-16
0.611593        	-4.74850441e-02	6.00109125e-11	2.19804222e+01	9.77449948e-17
0.620841        	-4.72866359e-02	5.79732789e-11	2.16707798e+01	9.27155344e-17
0.630089        	-4.70960280e-02	5.60721330e-11	2.13697871e+01	8.79767527e-17
0.639336        	-4.69081671e-02	5.42982623e-11	2.10770854e+01	8.35102472e-17
0.648584        	-4.67194823e-02	5.26442155e-11	2.07923354e+01	7.92989020e-17
0.657832        	-4.65297881e-02	5.11040748e-11	2.05152164e+01	7.53267882e-17
0.66708         	-4.63167644e-02	4.96717833e-11	2.02454246e+01	7.15790487e-17
0.676327        	-4.60778040e-02	4.83426091e-11	1.99826721e+01	6.80418381e-17
0.685575        	-4.58367511e-02	4.71091372e-11	1.97266861e+01	6.47021919e-17
0.694823        	-4.56105403e-02	4.59637171e-11	1.94772076e+01	6.15479910e-17
0.704071        	-4.54028132e-02	4.48993727e-11	1.92339909e+01	5.85679224e-17
0.713319        	-4.52027325e-02	4.36356923e-11	1.89968022e+01	5.57514254e-17
0.722566        	-4.50036000e-02	4.23082570e-11	1.87654196e+01	5.30886387e-17
0.731814        	-4.48076096e-02	4.10620631e-11	1.85396318e+01	5.05703525e-17
0.741062        	-4.45882520e-02	3.98919865e-11	1.83192375e+01	4.81879662e-17
0.75031         	-4.43447241e-02	3.87938382e-11	1.81040453e+01	4.59334515e-17
0.759558        	-4.40975575e-02	3.77644879e-11	1.78938725e+01	4.37993166e-17
0.768805        	-4.38616084e-02	3.68013905e-11	1.76885451e+01	4.17785550e-17
0.778053        	-4.36443448e-02	3.59021975e-11	1.74878968e+01	3.98646001e-17
0.787301        	-4.34431970e-02	3.50653185e-11	1.72917691e+01	3.80513109e-17
0.796549        	-4.32510987e-02	3.42864293e-11	1.71000104e+01	3.63328486e-17
0.805796        	-4.30643988e-02	3.35611130e-11	1.69124760e+01	3.47037269e-17
0.815044        	-4.28764798e-02	3.28853794e-11	1.67290274e+01	3.31588086e-17
0.824292        	-4.26619869e-02	3.20330017e-11	1.65495321e+01	3.16932827e-17
0.83354         	-4.24273392e-02	3.11565180e-11	1.63738634e+01	3.03026404e-17
0.842788        	-4.21905408e-02	3.03308632e-11	1.62018998e+01	2.89826549e-17
0.852035        	-4.19641430e-02	2.95529105e-11	1.60335250e+01	2.77293654e-17
0.861283        	-4.17553160e-02	2.88199847e-11	1.58686276e+01	2.65390643e-17
0.870531        	-4.15635905e-02	2.81299907e-11	1.57071006e+01	2.54082878e-17
0.879779        	-4.13862549e-02	2.74814943e-11	1.55488415e+01	2.43338027e-17
0.889027        	-4.12199808e-02	2.68719321e-11	1.53937518e+01	2.33124978e-17
0.898274        	-4.10606816e-02	2.63030865e-11	1.52417371e+01	2.23416634e-17
0.907522        	-4.09002887e-02	2.57733701e-11	1.50927065e+01	2.14185557e-17
0.91677         	-4.07165010e-02	2.52798752e-11	1.49465728e+01	2.05405250e-17
0.926018        	-4.05154613e-02	2.48198558e-11	1.48032522e+01	1.97050909e-17
0.935265        	-4.03088384e-02	2.43909079e-11	1.46626640e+01	1.89099344e-17
0.944513        	-4.01065070e-02	2.38270061e-11	1.45247306e+01	1.81528817e-17
0.953761        	-3.99147220e-02	2.32467773e-11	1.43893773e+01	1.74318900e-17
0.963009        	-3.97358334e-02	2.26987431e-11	1.42565323e+01	1.67450386e-17
0.972257        	-3.95717734e-02	2.21809817e-11	1.41261263e+01	1.60905209e-17
0.981504        	-3.94220950e-02	2.16917622e-11	1.39980925e+01	1.54666408e-17
0.990752        	-3.92849010e-02	2.12296011e-11	1.38723668e+01	1.48718110e-17
1               	-3.91546820e-02	2.07933510e-11	1.37488871e+01	1.43045539e-17
1.00917         	-3.90166999e-02	2.03809905e-11	1.36285241e+01	1.37633810e-17
1.01835         	-3.88906763e-02	1.99924363e-11	1.35102652e+01	1.32470714e-17
1.02752         	-3.87634320e-02	1.96301951e-11	1.33940502e+01	1.27546695e-17
1.0367          	-3.86191518e-02	1.92933064e-11	1.32798248e+01	1.22849006e-17
1.04587         	-3.84586779e-02	1.89797875e-11	1.31675377e+01	1.18365103e-17
1.05505         	-3.82913438e-02	1.86878370e-11	1.30571397e+01	1.14073643e-17
1.06422         	-3.81264474e-02	1.84159455e-11	1.29485835e+01	1.09946560e-17
1.07339         	-3.79711514e-02	1.80996126e-11	1.28418233e+01	1.06002246e-17
1.08257         	-3.78287503e-02	1.77124449e-11	1.27368148e+01	1.02231564e-17
1.09174         	-3.76994445e-02	1.73461271e-11	1.26335155e+01	9.86258824e-18
1.10092         	-3.75817337e-02	1.69995034e-11	1.25318841e+01	9.51770444e-18
1.11009         	-3.74753479e-02	1.66714939e-11	1.24318807e+01	9.18773360e-18
1.11927         	-3.73761303e-02	1.63610979e-11	1.23334666e+01	8.87194679e-18
1.12844         	-3.72819962e-02	1.60674151e-11	1.22366043e+01	8.56965645e-18
1.13761         	-3.71904915e-02	1.57896878e-11	1.21412578e+01	8.28021625e-18
1.14679         	-3.70988295e-02	1.55257801e-11	1.20473928e+01	8.00292913e-18
1.15596         	-3.70082511e-02	1.52750140e-11	1.19549758e+01	7.73723785e-18
1.16514         	-3.69190356e-02	1.50407598e-11	1.18639742e+01	7.48282389e-18
1.17431         	-3.68322488e-02	1.48240563e-11	1.17743593e+01	7.23919060e-18
1.18349         	-3.67473838e-02	1.46236760e-11	1.16861033e+01	7.00576276e-18
1.19266         	-3.66661258e-02	1.44382150e-11	1.15991781e+01	6.78201631e-18
1.20183         	-3.65831311e-02	1.42665457e-11	1.15135560e+01	6.56747530e-18
1.21101         	-3.65025202e-02	1.41077791e-11	1.14292099e+01	6.36170226e-18
1.22018         	-3.64194837e-02	1.39221662e-11	1.13461135e+01	6.16428485e-18
1.22936         	-3.63375100e-02	1.36741217e-11	1.12642408e+01	5.97483190e-18
1.23853         	-3.62480636e-02	1.34394165e-11	1.11835666e+01	5.79297254e-18
1.24771         	-3.61557524e-02	1.32174029e-11	1.11040662e+01	5.61835503e-18
1.25688         	-3.60575309e-02	1.30074700e-11	1.10257156e+01	5.45064560e-18
1.26606         	-3.59604530e-02	1.28090370e-11	1.09484912e+01	5.28952731e-18
1.27523         	-3.58657027e-02	1.26215525e-11	1.08723698e+01	5.13469935e-18
1.2844          	-3.57761951e-02	1.24444997e-11	1.07973291e+01	4.98587686e-18
1.29358         	-3.56919871e-02	1.22774106e-11	1.07233470e+01	4.84279144e-18
1.30275         	-3.56183767e-02	1.21173484e-11	1.06504021e+01	4.70492828e-18
1.31193         	-3.55471423e-02	1.19643547e-11	1.05784733e+01	4.57218992e-18
1.3211          	-3.54823052e-02	1.18212336e-11	1.05075401e+01	4.44466590e-18
1.33028         	-3.54198592e-02	1.16903356e-11	1.04375826e+01	4.32229385e-18
1.33945         	-3.53588670e-02	1.15714514e-11	1.03685812e+01	4.20476303e-18
1.34862         	-3.52983145e-02	1.14634176e-11	1.03005169e+01	4.09075943e-18
1.3578          	-3.52434451e-02	1.13652717e-11	1.02333710e+01	3.97980877e-18
1.36697         	-3.51859158e-02	1.12763251e-11	1.01671256e+01	3.87295084e-18
1.37615         	-3.51333689e-02	1.11960715e-11	1.01017629e+01	3.77000750e-18
1.38532         	-3.50795843e-02	1.10957289e-11	1.00372657e+01	3.67081082e-18
1.3945          	-3.50249335e-02	1.09425662e-11	9.97361724e+00	3.57520166e-18
1.40367         	-3.49731810e-02	1.07981577e-11	9.91080126e+00	3.48302872e-18
1.41284         	-3.49237197e-02	1.06621645e-11	9.84880182e+00	3.39414785e-18
1.42202         	-3.48764394e-02	1.05342677e-11	9.78760344e+00	3.30842153e-18
1.43119         	-3.48314824e-02	1.04141639e-11	9.72719106e+00	3.22571843e-18
1.44037         	-3.47862824e-02	1.03015602e-11	9.66754999e+00	3.14591304e-18
1.44954         	-3.47392650e-02	1.01961723e-11	9.60866595e+00	3.06888536e-18
1.45872         	-3.46969328e-02	1.00977233e-11	9.55052503e+00	2.99452066e-18
1.46789         	-3.46524176e-02	1.00051733e-11	9.49311367e+00	2.92266262e-18
1.47706         	-3.46120713e-02	9.91646908e-12	9.43641870e+00	2.85311958e-18
1.48624         	-3.45723943e-02	9.83167634e-12	9.38042727e+00	2.78585758e-18
1.49541         	-3.45311270e-02	9.75229458e-12	9.32512686e+00	2.72087902e-18
1.50459         	-3.44913724e-02	9.68099868e-12	9.27050529e+00	2.65822242e-18
1.51376         	-3.44531094e-02	9.61929012e-12	9.21655068e+00	2.59782813e-18
1.52294         	-3.44156773e-02	9.56656528e-12	9.16325145e+00	2.53954403e-18
1.53211         	-3.43810358e-02	9.52182047e-12	9.11059633e+00	2.48324545e-18
1.54128         	-3.43461771e-02	9.48436616e-12	9.05857432e+00	2.42883849e-18
1.55046         	-3.43097490e-02	9.45376740e-12	9.00717468e+00	2.37624241e-18
1.55963         	-3.42771409e-02	9.42973922e-12	8.95638695e+00	2.32538413e-18
1.56881         	-3.42428822e-02	9.38782654e-12	8.90620092e+00	2.27619566e-18
1.57798         	-3.42122744e-02	9.29851981e-12	8.85660663e+00	2.22861288e-18
1.58716         	-3.41823520e-02	9.21543589e-12	8.80759436e+00	2.18257485e-18
1.59633         	-3.41507020e-02	9.13841445e-12	8.75915461e+00	2.13802341e-18
1.6055          	-3.41201197e-02	9.06730865e-12	8.71127811e+00	2.09490282e-18
1.61468         	-3.40906464e-02	9.00198104e-12	8.66395580e+00	2.05315955e-18
1.62385         	-3.40642294e-02	8.94230025e-12	8.61717886e+00	2.01274209e-18
1.63303         	-3.40389444e-02	8.88813821e-12	8.57093862e+00	1.97360070e-18
1.6422          	-3.40127073e-02	8.83936772e-12	8.52522667e+00	1.93568727e-18
1.65138         	-3.39853745e-02	8.79547945e-12	8.48003474e+00	1.89864221e-18
1.66055         	-3.39609152e-02	8.75499724e-12	8.43535477e+00	1.86158917e-18
1.66972         	-3.39345496e-02	8.71753003e-12	8.39117890e+00	1.82560709e-18
1.6789          	-3.39109129e-02	8.68274578e-12	8.34749942e+00	1.79065252e-18
1.68807         	-3.38871026e-02	8.65093837e-12	8.30430880e+00	1.75670459e-18
1.69725         	-3.38613368e-02	8.62395575e-12	8.26159969e+00	1.72377866e-18
1.70642         	-3.38371850e-02	8.60462921e-12	8.21936490e+00	1.69189705e-18
1.7156          	-3.38123845e-02	8.59400458e-12	8.17759739e+00	1.66101857e-18
1.72477         	-3.37911702e-02	8.59115815e-12	8.13629029e+00	1.63107203e-18
1.73394         	-3.37699132e-02	8.59516593e-12	8.09543688e+00	1.60201022e-18
1.74312         	-3.37470343e-02	8.60551389e-12	8.05503058e+00	1.57379677e-18
1.75229         	-3.37245441e-02	8.62193770e-12	8.01506498e+00	1.54640011e-18
1.76147         	-3.37029539e-02	8.64430737e-12	7.97553378e+00	1.51979147e-18
1.77064         	-3.36823633e-02	8.62606583e-12	7.93643084e+00	1.49394398e-18
1.77982         	-3.36634408e-02	8.58198166e-12	7.89775016e+00	1.46883222e-18
1.78899         	-3.36436317e-02	8.54300882e-12	7.85948585e+00	1.44443194e-18
1.79817         	-3.36225443e-02	8.50910775e-12	7.82163217e+00	1.42071992e-18
1.80734         	-3.36039242e-02	8.48025083e-12	7.78418350e+00	1.39767389e-18
1.81651         	-3.35836834e-02	8.45641980e-12	7.74713432e+00	1.37527244e-18
1.82569         	-3.35668492e-02	8.43760373e-12	7.71047927e+00	1.35349491e-18
1.83486         	-3.35496556e-02	8.42379735e-12	7.67421307e+00	1.33232140e-18
1.84404         	-3.35302744e-02	8.41491788e-12	7.63833058e+00	1.31172796e-18
1.85321         	-3.35127894e-02	8.41006673e-12	7.60282675e+00	1.29164730e-18
1.86239         	-3.34938239e-02	8.40917451e-12	7.56769664e+00	1.27208282e-18
1.87156         	-3.34782832e-02	8.41193109e-12	7.53293543e+00	1.25300042e-18
1.88073         	-3.34623461e-02	8.41780079e-12	7.49853839e+00	1.23436557e-18
1.88991         	-3.34459939e-02	8.42612724e-12	7.46450089e+00	1.21614260e-18
1.89908         	-3.34278032e-02	8.43662948e-12	7.43081839e+00	1.19832050e-18
1.90826         	-3.34117518e-02	8.45066010e-12	7.39748645e+00	1.18096479e-18
1.91743         	-3.33958540e-02	8.47194414e-12	7.36450074e+00	1.16422110e-18
1.92661         	-3.33816592e-02	8.50333076e-12	7.33185698e+00	1.14812853e-18
1.93578         	-3.33666321e-02	8.54408718e-12	7.29955102e+00	1.13256745e-18
1.94495         	-3.33499199e-02	8.59284781e-12	7.26757876e+00	1.11746933e-18
1.95413         	-3.33353097e-02	8.64894535e-12	7.23593621e+00	1.10280828e-18
1.9633          	-3.33198100e-02	8.71211766e-12	7.20461944e+00	1.08856651e-18
1.97248         	-3.33064297e-02	8.78229960e-12	7.17362463e+00	1.07473073e-18
1.98165         	-3.32931059e-02	8.79563638e-12	7.14294801e+00	1.06128970e-18
1.99083         	-3.32780044e-02	8.78657867e-12	7.11258592e+00	1.04815764e-18
2               	-3.32641130e-02	8.78276706e-12	7.08253474e+00	1.03420503e-18
2.00917         	-3.32486253e-02	8.78424598e-12	7.05279096e+00	1.02059164e-18
2.01835         	-3.32363914e-02	8.79107312e-12	7.02335113e+00	1.00730802e-18
2.02752         	-3.32235920e-02	8.80331702e-12	6.99421188e+00	9.94345097e-19
2.0367          	-3.32106955e-02	8.82105542e-12	6.96536991e+00	9.81694112e-19
2.04587         	-3.31955210e-02	8.84397660e-12	6.93682201e+00	9.69336811e-19
2.05505         	-3.31824653e-02	8.87213942e-12	6.90856503e+00	9.57269739e-19
2.06422         	-3.31693515e-02	8.90557894e-12	6.88059588e+00	9.45482962e-19
2.07339         	-3.31577443e-02	8.94421678e-12	6.85291155e+00	9.33966203e-19
2.08257         	-3.31453611e-02	8.98784502e-12	6.82550910e+00	9.22707256e-19
2.09174         	-3.31310294e-02	9.03606819e-12	6.79838563e+00	9.11691610e-19
2.10092         	-3.31190145e-02	9.08821345e-12	6.77153831e+00	9.00901104e-19
2.11009         	-3.31054473e-02	9.14326633e-12	6.74496435e+00	8.90313889e-19
2.11927         	-3.30940929e-02	9.20010490e-12	6.71866100e+00	8.79910453e-19
2.12844         	-3.30829476e-02	9.25887287e-12	6.69262554e+00	8.69700505e-19
2.13761         	-3.30694754e-02	9.32388661e-12	6.66685525e+00	8.59767969e-19
2.14679         	-3.30576476e-02	9.40208661e-12	6.64134742e+00	8.50203423e-19
2.15596         	-3.30437597e-02	9.49422296e-12	6.61609932e+00	8.40943405e-19
2.16514         	-3.30329814e-02	9.56364440e-12	6.59110820e+00	8.31923610e-19
2.17431         	-3.30217188e-02	9.53152683e-12	6.56637122e+00	8.23133111e-19
2.18349         	-3.30094790e-02	9.50019781e-12	6.54188548e+00	8.14560962e-19
2.19266         	-3.29963491e-02	9.46961061e-12	6.51764798e+00	8.06201423e-19
2.20183         	-3.29840821e-02	9.43972495e-12	6.49365556e+00	7.98049398e-19
2.21101         	-3.29717280e-02	9.41050635e-12	6.46990492e+00	7.90100728e-19
2.22018         	-3.29615378e-02	9.38192525e-12	6.44639256e+00	7.82351560e-19
2.22936         	-3.29498098e-02	9.35395601e-12	6.42311475e+00	7.74790128e-19
2.23853         	-3.29354774e-02	9.32657602e-12	6.40006753e+00	7.67419772e-19
2.24771         	-3.29254119e-02	9.29976499e-12	6.37724663e+00	7.60235668e-19
2.25688         	-3.29112535e-02	9.27350444e-12	6.35464749e+00	7.53234604e-19
2.26606         	-3.29011132e-02	9.24777730e-12	6.33226521e+00	7.46412429e-19
2.27523         	-3.28901776e-02	9.22256765e-12	6.31009455e+00	7.39764862e-19
2.2844          	-3.28763878e-02	9.19786052e-12	6.28812987e+00	7.33285675e-19
2.29358         	-3.28651209e-02	9.17364178e-12	6.26636515e+00	7.26968502e-19
2.30275         	-3.28512611e-02	9.14989800e-12	6.24479399e+00	7.20806651e-19
2.31193         	-3.28401223e-02	9.12661639e-12	6.22340958e+00	7.14788751e-19
2.3211          	-3.28294469e-02	9.10378471e-12	6.20220471e+00	7.08898774e-19
2.33028         	-3.28162720e-02	9.08139124e-12	6.18117181e+00	7.03112275e-19
2.33945         	-3.28031969e-02	9.05942472e-12	6.16030294e+00	6.97391569e-19
2.34862         	-3.27907437e-02	9.03787431e-12	6.13958982e+00	6.91680044e-19
2.3578          	-3.27778363e-02	9.01663954e-12	6.11902389e+00	6.85741792e-19
2.36697         	-3.27663820e-02	8.99560790e-12	6.09859633e+00	6.79462404e-19
2.37615         	-3.27545575e-02	8.97497515e-12	6.07829812e+00	6.73310030e-19
2.38532         	-3.27399291e-02	8.95059414e-12	6.05812010e+00	6.67349122e-19
2.3945          	-3.27290384e-02	8.92355100e-12	6.03805302e+00	6.61559284e-19
2.40367         	-3.27135594e-02	8.89704246e-12	6.01808765e+00	6.55892807e-19
2.41284         	-3.27024621e-02	8.87105527e-12	5.99821480e+00	6.50352666e-19
2.42202         	-3.26909472e-02	8.84557655e-12	5.97842543e+00	6.44929723e-19
2.43119         	-3.26764232e-02	8.82059382e-12	5.95871074e+00	6.39623402e-19
2.44037         	-3.26636703e-02	8.79609493e-12	5.93906748e+00	6.34430669e-19
2.44954         	-3.26488852e-02	8.77206811e-12	5.91952096e+00	6.29350207e-19
2.45872         	-3.26366194e-02	8.74850191e-12	5.90005569e+00	6.24380131e-19
2.46789         	-3.26242309e-02	8.72538521e-12	5.88064774e+00	6.19519041e-19
2.47706         	-3.26100688e-02	8.70270725e-12	5.86127571e+00	6.14765418e-19
2.48624         	-3.25957021e-02	8.68043543e-12	5.84192338e+00	6.10117924e-19
2.49541         	-3.25822536e-02	8.65855534e-12	5.82257954e+00	6.05575205e-19
2.50459         	-3.25676505e-02	8.63707159e-12	5.80323702e+00	6.01135980e-19
2.51376         	-3.25550875e-02	8.61597985e-12	5.78389178e+00	5.96798958e-19
2.52294         	-3.25419150e-02	8.59527340e-12	5.76454200e+00	5.92562844e-19
2.53211         	-3.25262852e-02	8.57494454e-12	5.74518742e+00	5.88426284e-19
2.54128         	-3.25138341e-02	8.55498531e-12	5.72582905e+00	5.84387807e-19
2.55046         	-3.24973539e-02	8.53538772e-12	5.70646900e+00	5.80445743e-19
2.55963         	-3.24850232e-02	8.51614391e-12	5.68711042e+00	5.76598087e-19
2.56881         	-3.24717761e-02	8.49724616e-12	5.66775746e+00	5.72842299e-19
2.57798         	-3.24568385e-02	8.47868692e-12	5.64841499e+00	5.69174976e-19
2.58716         	-3.24420783e-02	8.46045883e-12	5.62908858e+00	5.65591322e-19
2.59633         	-3.24278290e-02	8.44255467e-12	5.60978334e+00	5.62084261e-19
2.6055          	-3.24135022e-02	8.42496745e-12	5.59050434e+00	5.58642961e-19
2.61468         	-3.23999819e-02	8.40769030e-12	5.57125922e+00	5.55250394e-19
2.62385         	-3.23857039e-02	8.39071656e-12	5.55205923e+00	5.51879687e-19
2.63303         	-3.23702300e-02	8.37403971e-12	5.53294119e+00	5.48490692e-19
2.6422          	-3.23574560e-02	8.35765338e-12	5.51391965e+00	5.45037787e-19
2.65138         	-3.23413696e-02	8.34155139e-12	5.49500068e+00	5.41531667e-19
2.66055         	-3.23288195e-02	8.32572768e-12	5.47618796e+00	5.38197453e-19
2.66972         	-3.23152417e-02	8.31017636e-12	5.45748495e+00	5.35341892e-19
2.6789          	-3.22999686e-02	8.29489167e-12	5.43889562e+00	5.32748310e-19
2.68807         	-3.22865516e-02	8.27986801e-12	5.42042483e+00	5.30250561e-19
2.69725         	-3.22708874e-02	8.26509987e-12	5.40208301e+00	5.27869044e-19
2.70642         	-3.22582498e-02	8.25058193e-12	5.38389152e+00	5.25582591e-19
2.7156          	-3.22449058e-02	8.23630898e-12	5.36587959e+00	5.23396198e-19
2.72477         	-3.22309561e-02	8.22227592e-12	5.34808028e+00	5.21306107e-19
2.73394         	-3.22165152e-02	8.20847780e-12	5.33052814e+00	5.19313319e-19
2.74312         	-3.22028838e-02	8.19490978e-12	5.31325815e+00	5.17416855e-19
2.75229         	-3.21885010e-02	8.18156714e-12	5.29630508e+00	5.15616838e-19
2.76147         	-3.21764759e-02	8.16844527e-12	5.27970314e+00	5.13912824e-19
2.77064         	-3.21636778e-02	8.15553967e-12	5.26348565e+00	5.12304628e-19
2.77982         	-3.21491147e-02	8.14284597e-12	5.24768479e+00	5.10791826e-19
2.78899         	-3.21373447e-02	8.13035989e-12	5.23233139e+00	5.09373990e-19
2.79817         	-3.21226230e-02	8.11807724e-12	5.21745463e+00	5.08050524e-19
2.80734         	-3.21113827e-02	8.10599396e-12	5.20308190e+00	5.06820716e-19
2.81651         	-3.20997388e-02	8.09410606e-12	5.18923854e+00	5.05683679e-19
2.82569         	-3.20868288e-02	8.08240966e-12	5.17594766e+00	5.04638355e-19
2.83486         	-3.20738680e-02	8.07090099e-12	5.16322996e+00	5.03114823e-19
2.84404         	-3.20620641e-02	8.05957632e-12	5.15110354e+00	5.01235529e-19
2.85321         	-3.20494872e-02	8.04843204e-12	5.13958381e+00	4.99432621e-19
2.86239         	-3.20384128e-02	8.03746463e-12	5.12868327e+00	4.97706006e-19
2.87156         	-3.20275823e-02	8.02667063e-12	5.11841145e+00	4.96055575e-19
2.88073         	-3.20146074e-02	8.01604667e-12	5.10877484e+00	4.94481194e-19
2.88991         	-3.20052060e-02	8.00558944e-12	5.09977677e+00	4.92982706e-19
2.89908         	-3.19917483e-02	7.99529573e-12	5.09141740e+00	4.91559921e-19
2.90826         	-3.19825480e-02	7.98516239e-12	5.08369373e+00	4.90212612e-19
2.91743         	-3.19732316e-02	7.97518633e-12	5.07659958e+00	4.88940512e-19
2.92661         	-3.19618463e-02	7.96536455e-12	5.07012567e+00	4.87743306e-19
2.93578         	-3.19508636e-02	7.95569409e-12	5.06425969e+00	4.86620630e-19
2.94495         	-3.19413193e-02	7.94617206e-12	5.05898643e+00	4.85572062e-19
2.95413         	-3.19304831e-02	7.93679565e-12	5.05428789e+00	4.84597123e-19
2.9633          	-3.19219054e-02	7.92756210e-12	5.05014350e+00	4.83695268e-19
2.97248         	-3.19130336e-02	7.91846869e-12	5.04653030e+00	4.82865885e-19
2.98165         	-3.19019370e-02	7.90951278e-12	5.04342315e+00	4.82108292e-19
2.99083         	-3.18947435e-02	7.90069179e-12	5.04079501e+00	4.81421734e-19
3               	-3.18830859e-02	7.89200316e-12	5.03861721e+00	4.80805385e-19
3.00917         	-3.18759322e-02	7.88344442e-12	5.03685972e+00	4.80258347e-19
3.01835         	-3.18691210e-02	7.87501313e-12	5.03549147e+00	4.79779650e-19
3.02752         	-3.18593534e-02	7.86670691e-12	5.03448063e+00	4.79368262e-19
3.0367          	-3.18512117e-02	7.85852343e-12	5.03379495e+00	4.79023094e-19
3.04587         	-3.18422659e-02	7.85046039e-12	5.03340205e+00	4.78743012e-19
3.05505         	-3.18346157e-02	7.84251556e-12	5.03326975e+00	4.78526848e-19
3.06422         	-3.18276410e-02	7.83468674e-12	5.03336630e+00	4.78373423e-19
3.07339         	-3.18211354e-02	7.82697177e-12	5.03366076e+00	4.78281561e-19
3.08257         	-3.18113176e-02	7.81936856e-12	5.03412314e+00	4.78250117e-19
3.09174         	-3.18060511e-02	7.81187503e-12	5.03472474e+00	4.78277992e-19
3.10092         	-3.17962246e-02	7.80448915e-12	5.03543830e+00	4.78364157e-19
3.11009         	-3.17909507e-02	7.79720895e-12	5.03623823e+00	4.78507660e-19
3.11927         	-3.17849613e-02	7.79003247e-12	5.03710071e+00	4.78707633e-19
3.12844         	-3.17773997e-02	7.78295782e-12	5.03800388e+00	4.78963277e-19
3.13761         	-3.17706545e-02	7.77598312e-12	5.03892788e+00	4.79273839e-19
3.14679         	-3.17630850e-02	7.76910654e-12	5.03985495e+00	4.79638576e-19
3.15596         	-3.17570696e-02	7.76232628e-12	5.04076944e+00	4.80056706e-19
3.16514         	-3.17518790e-02	7.75564058e-12	5.04165780e+00	4.80527360e-19
3.17431         	-3.17460875e-02	7.74904771e-12	5.04250858e+00	4.81049536e-19
3.18349         	-3.17379982e-02	7.74254598e-12	5.04331238e+00	4.81622060e-19
3.19266         	-3.17337416e-02	7.73613373e-12	5.04406174e+00	4.82243565e-19
3.20183         	-3.17253561e-02	7.72980932e-12	5.04475103e+00	4.82912481e-19
3.21101         	-3.17210985e-02	7.72357117e-12	5.04537641e+00	4.83627049e-19
3.22018         	-3.17160496e-02	7.71741771e-12	5.04593558e+00	4.84385336e-19
3.22936         	-3.17098981e-02	7.71134739e-12	5.04642774e+00	4.85185268e-19
3.23853         	-3.17038030e-02	7.70535873e-12	5.04685337e+00	4.86024665e-19
3.24771         	-3.16971586e-02	7.69945023e-12	5.04721409e+00	4.86901275e-19
3.25688         	-3.16921031e-02	7.69362044e-12	5.04751249e+00	4.87812802e-19
3.26606         	-3.16878405e-02	7.68786794e-12	5.04775197e+00	4.88756940e-19
3.27523         	-3.16826860e-02	7.68219135e-12	5.04793660e+00	4.89731388e-19
3.2844          	-3.16758414e-02	7.67658929e-12	5.04807093e+00	4.90733870e-19
3.29358         	-3.16718919e-02	7.67106041e-12	5.04815986e+00	4.91762144e-19
3.30275         	-3.16642361e-02	7.66560342e-12	5.04820851e+00	4.92814008e-19
3.31193         	-3.16605236e-02	7.66021701e-12	5.04822209e+00	4.93887307e-19
3.3211          	-3.16560834e-02	7.65489993e-12	5.04820580e+00	4.94979932e-19
3.33028         	-3.16506249e-02	7.64965093e-12	5.04816469e+00	4.96089824e-19
3.33945         	-3.16448573e-02	7.64446881e-12	5.04810364e+00	4.97214971e-19
3.34862         	-3.16387048e-02	7.63935235e-12	5.04802722e+00	4.98353407e-19
3.3578          	-3.16339938e-02	7.63430040e-12	5.04793970e+00	4.99503216e-19
3.36697         	-3.16301100e-02	7.62931179e-12	5.04784494e+00	5.00662524e-19
3.37615         	-3.16253502e-02	7.62438541e-12	5.04774642e+00	5.01829505e-19
3.38532         	-3.16188387e-02	7.61952015e-12	5.04764718e+00	5.03002369e-19
3.3945          	-3.16150691e-02	7.61471491e-12	5.04754984e+00	5.04179371e-19
3.40367         	-3.16076976e-02	7.60996863e-12	5.04745659e+00	5.05358798e-19
3.41284         	-3.16041974e-02	7.60528027e-12	5.04736920e+00	5.06538969e-19
3.42202         	-3.16000599e-02	7.60064879e-12	5.04728903e+00	5.07718232e-19
3.43119         	-3.15950876e-02	7.59607317e-12	5.04721710e+00	5.08894959e-19
3.44037         	-3.15888806e-02	7.59155243e-12	5.04715405e+00	5.10067543e-19
3.44954         	-3.15832275e-02	7.58708558e-12	5.04710024e+00	5.11234392e-19
3.45872         	-3.15785613e-02	7.58267168e-12	5.04705576e+00	5.12189309e-19
3.46789         	-3.15748565e-02	7.57830978e-12	5.04702043e+00	5.11700042e-19
3.47706         	-3.15702417e-02	7.57399896e-12	5.04699392e+00	5.11220295e-19
3.48624         	-3.15639307e-02	7.56973831e-12	5.04697571e+00	5.10749861e-19
3.49541         	-3.15601712e-02	7.56552695e-12	5.04696516e+00	5.10288535e-19
3.50459         	-3.15528174e-02	7.56136400e-12	5.04696157e+00	5.09836123e-19
3.51376         	-3.15494077e-02	7.55724861e-12	5.04696413e+00	5.09392431e-19
3.52294         	-3.15455027e-02	7.55317994e-12	5.04697204e+00	5.08957269e-19
3.53211         	-3.15400356e-02	7.54915716e-12	5.04698448e+00	5.08530452e-19
3.54128         	-3.15346064e-02	7.54517948e-12	5.04700064e+00	5.08111801e-19
3.55046         	-3.15286207e-02	7.54124608e-12	5.04701976e+00	5.07701135e-19
3.55963         	-3.15239503e-02	7.53735620e-12	5.04704111e+00	5.07298285e-19
3.56881         	-3.15202286e-02	7.53350907e-12	5.04706403e+00	5.06903081e-19
3.57798         	-3.15157484e-02	7.52970394e-12	5.04708792e+00	5.06515353e-19
3.58716         	-3.15091740e-02	7.52594007e-12	5.04711226e+00	5.06134942e-19
3.59633         	-3.15054870e-02	7.52221673e-12	5.04713660e+00	5.05761685e-19
3.6055          	-3.14979457e-02	7.51853322e-12	5.04716057e+00	5.05395430e-19
3.61468         	-3.14944792e-02	7.51488884e-12	5.04718387e+00	5.05036026e-19
3.62385         	-3.14904668e-02	7.51128290e-12	5.04720626e+00	5.04683319e-19
3.63303         	-3.14850157e-02	7.50771473e-12	5.04722759e+00	5.04337164e-19
3.6422          	-3.14793767e-02	7.50418368e-12	5.04724774e+00	5.03997421e-19
3.65138         	-3.14733658e-02	7.50068907e-12	5.04726665e+00	5.03663945e-19
3.66055         	-3.14684868e-02	7.49723029e-12	5.04728433e+00	5.03336605e-19
3.66972         	-3.14647183e-02	7.49380671e-12	5.04730080e+00	5.03015264e-19
3.6789          	-3.14602114e-02	7.49041770e-12	5.04731612e+00	5.02699791e-19
3.68807         	-3.14536560e-02	7.48706267e-12	5.04733038e+00	5.02390058e-19
3.69725         	-3.14497797e-02	7.48374102e-12	5.04734369e+00	5.02085938e-19
3.70642         	-3.14422214e-02	7.48045216e-12	5.04735615e+00	5.01787312e-19
3.7156          	-3.14386588e-02	7.47719554e-12	5.04736790e+00	5.01494060e-19
3.72477         	-3.14346133e-02	7.47397058e-12	5.04737905e+00	5.01206062e-19
3.73394         	-3.14293437e-02	7.47077673e-12	5.04738974e+00	5.00923202e-19
3.74312         	-3.14235378e-02	7.46761346e-12	5.04740008e+00	5.00645373e-19
3.75229         	-3.14176737e-02	7.46448021e-12	5.04741017e+00	5.00335180e-19
3.76147         	-3.14127124e-02	7.46137649e-12	5.04742013e+00	5.00012963e-19
3.77064         	-3.14091189e-02	7.45830176e-12	5.04743003e+00	4.99696590e-19
3.77982         	-3.14046801e-02	7.45525553e-12	5.04743996e+00	4.99385934e-19
3.78899         	-3.13984093e-02	7.45223730e-12	5.04744998e+00	4.99080874e-19
3.79817         	-3.13944279e-02	7.44924658e-12	5.04746014e+00	4.98781289e-19
3.80734         	-3.13871935e-02	7.44628289e-12	5.04747048e+00	4.98487060e-19
3.81651         	-3.13836356e-02	7.44334577e-12	5.04748103e+00	4.98198073e-19
3.82569         	-3.13797544e-02	7.44043475e-12	5.04749180e+00	4.97914209e-19
3.83486         	-3.13747705e-02	7.43754938e-12	5.04750282e+00	4.97635354e-19
3.84404         	-3.13688043e-02	7.43468923e-12	5.04751406e+00	4.97361401e-19
3.85321         	-3.13631661e-02	7.43185384e-12	5.04752554e+00	4.97092235e-19
3.86239         	-3.13580785e-02	7.42904279e-12	5.04753724e+00	4.96827754e-19
3.87156         	-3.13545828e-02	7.42625566e-12	5.04754915e+00	4.96567852e-19
3.88073         	-3.13502107e-02	7.42349203e-12	5.04756124e+00	4.96312423e-19
3.88991         	-3.13439945e-02	7.42075150e-12	5.04757349e+00	4.96061367e-19
3.89908         	-3.13398392e-02	7.41803367e-12	5.04758588e+00	4.95814586e-19
3.90826         	-3.13329135e-02	7.41533814e-12	5.04759840e+00	4.95571988e-19
3.91743         	-3.13291627e-02	7.41266453e-12	5.04761101e+00	4.95333507e-19
3.92661         	-3.13254300e-02	7.41001247e-12	5.04762370e+00	4.95099131e-19
3.93578         	-3.13207840e-02	7.40738158e-12	5.04763645e+00	4.94868835e-19
3.94495         	-3.13142218e-02	7.40477150e-12	5.04764923e+00	4.94642437e-19
3.95413         	-3.13090567e-02	7.40218186e-12	5.04766204e+00	4.94419766e-19
3.9633          	-3.13034981e-02	7.39961232e-12	5.04767486e+00	4.94200741e-19
3.97248         	-3.13006947e-02	7.39706253e-12	5.04768767e+00	4.93985287e-19
3.98165         	-3.12960424e-02	7.39453215e-12	5.04770048e+00	4.93773327e-19
3.99083         	-3.12898242e-02	7.39202085e-12	5.04771326e+00	4.93564787e-19
4               	-3.12855811e-02	7.38952831e-12	5.04772602e+00	4.93359591e-19
4.00926         	-3.12775219e-02	7.38705416e-12	5.04773886e+00	4.93157667e-19
4.01852         	-3.12733126e-02	7.38459808e-12	5.04775167e+00	4.92958946e-19
4.02778         	-3.12692054e-02	7.38215967e-12	5.04776444e+00	4.92763356e-19
4.03704         	-3.12639589e-02	7.37973854e-12	5.04777718e+00	4.92570828e-19
4.0463          	-3.12567244e-02	7.37733431e-12	5.04778988e+00	4.92381297e-19
4.05556         	-3.12511259e-02	7.37494658e-12	5.04780255e+00	4.92194694e-19
4.06481         	-3.12455188e-02	7.37257498e-12	5.04781518e+00	4.92010958e-19
4.07407         	-3.12424013e-02	7.37021918e-12	5.04782778e+00	4.91830023e-19
4.08333         	-3.12379053e-02	7.36787886e-12	5.04784035e+00	4.91651828e-19
4.09259         	-3.12318263e-02	7.36555374e-12	5.04785289e+00	4.91476313e-19
4.10185         	-3.12277088e-02	7.36324357e-12	5.04786540e+00	4.91303419e-19
4.11111         	-3.12212488e-02	7.36094811e-12	5.04787788e+00	4.91133089e-19
4.12037         	-3.12176655e-02	7.35866715e-12	5.04789034e+00	4.90965272e-19
4.12963         	-3.12140726e-02	7.35640049e-12	5.04790278e+00	4.90799909e-19
4.13889         	-3.12096370e-02	7.35414792e-12	5.04791519e+00	4.90636949e-19
4.14815         	-3.12030360e-02	7.35190927e-12	5.04792757e+00	4.90476342e-19
4.15741         	-3.11981829e-02	7.34968433e-12	5.04793994e+00	4.90318026e-19
4.16667         	-3.11927852e-02	7.34747292e-12	5.04795227e+00	4.90161951e-19
4.17593         	-3.11899250e-02	7.34527485e-12	5.04796458e+00	4.90008067e-19
4.18519         	-3.11854573e-02	7.34308992e-12	5.04797687e+00	4.89856325e-19
4.19444         	-3.11793979e-02	7.34091795e-12	5.04798912e+00	4.89706684e-19
4.2037          	-3.11750226e-02	7.33875873e-12	5.04800135e+00	4.89559109e-19
4.21296         	-3.11687616e-02	7.33661208e-12	5.04801354e+00	4.89413569e-19
4.22222         	-3.11649897e-02	7.33447781e-12	5.04802571e+00	4.89270043e-19
4.23148         	-3.11614137e-02	7.33235573e-12	5.04803783e+00	4.89128499e-19
4.24074         	-3.11570322e-02	7.33024563e-12	5.04804993e+00	4.88988908e-19
4.25            	-3.11500914e-02	7.32814735e-12	5.04806198e+00	4.88851244e-19
4.25926         	-3.11460774e-02	7.32606068e-12	5.04807400e+00	4.88715470e-19
4.26852         	-3.11403182e-02	7.32398545e-12	5.04808598e+00	4.88581559e-19
4.27778         	-3.11375417e-02	7.32192148e-12	5.04809791e+00	4.88449476e-19
4.28704         	-3.11333384e-02	7.31986858e-12	5.04810981e+00	4.88319187e-19
4.2963          	-3.11275132e-02	7.31782659e-12	5.04812166e+00	4.88190663e-19
4.30556         	-3.11230646e-02	7.31579532e-12	5.04813346e+00	4.88063871e-19
4.31481         	-3.11170734e-02	7.31377460e-12	5.04814521e+00	4.87938781e-19
4.32407         	-3.11133238e-02	7.31176427e-12	5.04815692e+00	4.87815367e-19
4.33333         	-3.11098625e-02	7.30976418e-12	5.04816858e+00	4.87693597e-19
4.34259         	-3.11057623e-02	7.30777414e-12	5.04818020e+00	4.87573440e-19
4.35185         	-3.10989546e-02	7.30579401e-12	5.04819176e+00	4.87454871e-19
4.36111         	-3.10951898e-02	7.30382363e-12	5.04820327e+00	4.87337860e-19
4.37037         	-3.10894801e-02	7.30186284e-12	5.04821473e+00	4.87222383e-19
4.37963         	-3.10865322e-02	7.29991151e-12	5.04822614e+00	4.87108414e-19
4.38889         	-3.10827357e-02	7.29796948e-12	5.04823749e+00	4.86995923e-19
4.39815         	-3.10770491e-02	7.29603660e-12	5.04824879e+00	4.86884887e-19
4.40741         	-3.10729158e-02	7.29411274e-12	5.04826004e+00	4.86775280e-19
4.41667         	-3.10662901e-02	7.29219775e-12	5.04827124e+00	4.86667075e-19
4.42593         	-3.10631457e-02	7.29029150e-12	5.04828238e+00	4.86560251e-19
4.43519         	-3.10597396e-02	7.28839387e-12	5.04829347e+00	4.86454781e-19
4.44444         	-3.10559368e-02	7.28650470e-12	5.04830450e+00	4.86350639e-19
4.4537          	-3.10492534e-02	7.28462389e-12	5.04831548e+00	4.86247804e-19
4.46296         	-3.10454643e-02	7.28275129e-12	5.04832640e+00	4.86146250e-19
4.47222         	-3.10400380e-02	7.28088679e-12	5.04833727e+00	4.86045957e-19
4.48148         	-3.10369835e-02	7.27903028e-12	5.04834808e+00	4.85946901e-19
4.49074         	-3.10333849e-02	7.27718162e-12	5.04835883e+00	4.85849058e-19
4.5             	-3.10281866e-02	7.27534070e-12	5.04836952e+00	4.85752406e-19
4.50926         	-3.10239270e-02	7.27350740e-12	5.04838016e+00	4.85656921e-19
4.51852         	-3.10174866e-02	7.27168161e-12	5.04839074e+00	4.85562580e-19
4.52778         	-3.10145421e-02	7.26986323e-12	5.04840127e+00	4.85469365e-19
4.53704         	-3.10116099e-02	7.26805213e-12	5.04841173e+00	4.84781709e-19
4.5463          	-3.10074564e-02	7.26624822e-12	5.04842214e+00	4.83713007e-19
4.55556         	-3.10014707e-02	7.26445139e-12	5.04843249e+00	4.82643903e-19
4.56481         	-3.09977101e-02	7.26266153e-12	5.04844278e+00	4.81574607e-19
4.57407         	-3.09925483e-02	7.26087854e-12	5.04845301e+00	4.80505317e-19
4.58333         	-3.09893228e-02	7.25910233e-12	5.04846318e+00	4.79436231e-19
4.59259         	-3.09860428e-02	7.25733280e-12	5.04847330e+00	4.78367539e-19
4.60185         	-3.09812305e-02	7.25556984e-12	5.04848335e+00	4.77299425e-19
4.61111         	-3.09768929e-02	7.25381338e-12	5.04849334e+00	4.76232069e-19
4.62037         	-3.09707181e-02	7.25206330e-12	5.04850328e+00	4.75165646e-19
4.62963         	-3.09679386e-02	7.25031954e-12	5.04851315e+00	4.74100325e-19
4.63889         	-3.09652548e-02	7.24858199e-12	5.04852297e+00	4.73036270e-19
4.64815         	-3.09613632e-02	7.24685057e-12	5.04853272e+00	4.71973640e-19
4.65741         	-3.09555080e-02	7.24512521e-12	5.04854242e+00	4.70912590e-19
4.66667         	-3.09520347e-02	7.24340581e-12	5.04855205e+00	4.69853270e-19
4.67593         	-3.09470811e-02	7.24169231e-12	5.04856163e+00	4.68795824e-19
4.68519         	-3.09437483e-02	7.23998462e-12	5.04857115e+00	4.67740394e-19
4.69444         	-3.09408951e-02	7.23828267e-12	5.04858060e+00	4.66687114e-19
4.7037          	-3.09364825e-02	7.23658638e-12	5.04859000e+00	4.65636118e-19
4.71296         	-3.09321123e-02	7.23489569e-12	5.04859934e+00	4.64587532e-19
4.72222         	-3.09262840e-02	7.23321052e-12	5.04860862e+00	4.63541480e-19
4.73148         	-3.09235450e-02	7.23153079e-12	5.04861784e+00	4.62498080e-19
4.74074         	-3.09210855e-02	7.22985646e-12	5.04862700e+00	4.61457448e-19
4.75            	-3.09174200e-02	7.22818745e-12	5.04863610e+00	4.60419695e-19
4.75926         	-3.09120182e-02	7.22652369e-12	5.04864515e+00	4.59384927e-19
4.76852         	-3.09084849e-02	7.22486511e-12	5.04865413e+00	4.58353250e-19
4.77778         	-3.09034187e-02	7.22321166e-12	5.04866306e+00	4.57324762e-19
4.78704         	-3.09009436e-02	7.22156328e-12	5.04867193e+00	4.56299559e-19
4.7963          	-3.08979724e-02	7.21991991e-12	5.04868074e+00	4.55277736e-19
4.80556         	-3.08939192e-02	7.21828147e-12	5.04868949e+00	4.54259380e-19
4.81481         	-3.08895045e-02	7.21664792e-12	5.04869819e+00	4.53244578e-19
4.82407         	-3.08841665e-02	7.21501919e-12	5.04870683e+00	4.52233412e-19
4.83333         	-3.08813190e-02	7.21337545e-12	5.04871541e+00	4.51225963e-19
4.84259         	-3.08790215e-02	7.21169887e-12	5.04872393e+00	4.50222306e-19
4.85185         	-3.08755784e-02	7.21002702e-12	5.04873240e+00	4.49222516e-19
4.86111         	-3.08704792e-02	7.20835983e-12	5.04874081e+00	4.48226661e-19
4.87037         	-3.08676404e-02	7.20669726e-12	5.04874917e+00	4.47234811e-19
4.87963         	-3.08621761e-02	7.20503923e-12	5.04875747e+00	4.46247030e-19
4.88889         	-3.08599561e-02	7.20338572e-12	5.04876571e+00	4.45263379e-19
4.89815         	-3.08572538e-02	7.20173664e-12	5.04877390e+00	4.44283918e-19
4.90741         	-3.08539768e-02	7.20009195e-12	5.04878204e+00	4.43308704e-19
4.91667         	-3.08489881e-02	7.19845160e-12	5.04879012e+00	4.42337791e-19
4.92593         	-3.08444984e-02	7.19681551e-12	5.04879814e+00	4.41371231e-19
4.93519         	-3.08415197e-02	7.19518365e-12	5.04880611e+00	4.40409072e-19
4.94444         	-3.08395155e-02	7.19355597e-12	5.04881403e+00	4.39451363e-19
4.9537          	-3.08364058e-02	7.19193239e-12	5.04882189e+00	4.38498147e-19
4.96296         	-3.08317171e-02	7.19031288e-12	5.04882970e+00	4.37549466e-19
4.97222         	-3.08292088e-02	7.18869736e-12	5.04883746e+00	4.36605363e-19
4.98148         	-3.08235391e-02	7.18708580e-12	5.04884516e+00	4.35665873e-19
4.99074         	-3.08217878e-02	7.18547815e-12	5.04885282e+00	4.34731034e-19
5               	-3.08194153e-02	7.18387435e-12	5.04886041e+00	4.33800879e-19
5.00926         	-3.08164412e-02	7.18227434e-12	5.04886796e+00	4.32875441e-19
5.01852         	-3.08115731e-02	7.18067808e-12	5.04887546e+00	4.31954750e-19
5.02778         	-3.08075823e-02	7.17908550e-12	5.04888290e+00	4.31038834e-19
5.03704         	-3.08043360e-02	7.17749657e-12	5.04889029e+00	4.30127720e-19
5.0463          	-3.08025495e-02	7.17591124e-12	5.04889764e+00	4.29221432e-19
5.05556         	-3.07997397e-02	7.17432944e-12	5.04890493e+00	4.28319994e-19
5.06481         	-3.07953925e-02	7.17275114e-12	5.04891217e+00	4.27423428e-19
5.07407         	-3.07925921e-02	7.17117628e-12	5.04891937e+00	4.26531752e-19
5.08333         	-3.07874759e-02	7.16960482e-12	5.04892651e+00	4.25644986e-19
5.09259         	-3.07855431e-02	7.16803671e-12	5.04893361e+00	4.24763147e-19
5.10185         	-3.07834391e-02	7.16647191e-12	5.04894065e+00	4.23886249e-19
5.11111         	-3.07807146e-02	7.16491036e-12	5.04894765e+00	4.23014306e-19
5.12037         	-3.07760706e-02	7.16335203e-12	5.04895460e+00	4.22147332e-19
5.12963         	-3.07723617e-02	7.16179687e-12	5.04896151e+00	4.21285337e-19
5.13889         	-3.07686730e-02	7.16024483e-12	5.04896836e+00	4.20428332e-19
5.14815         	-3.07678269e-02	7.15869589e-12	5.04897517e+00	4.19576324e-19
5.15741         	-3.07648305e-02	7.15714999e-12	5.04898194e+00	4.18729322e-19
5.16667         	-3.07609360e-02	7.15560709e-12	5.04898866e+00	4.17887332e-19
5.17593         	-3.07579541e-02	7.15406717e-12	5.04899533e+00	4.17050359e-19
5.18519         	-3.07533058e-02	7.15253017e-12	5.04900196e+00	4.16218406e-19
5.19444         	-3.07513629e-02	7.15099607e-12	5.04900854e+00	4.15391478e-19
5.2037          	-3.07498185e-02	7.14946483e-12	5.04901508e+00	4.14569575e-19
5.21296         	-3.07466956e-02	7.14793642e-12	5.04902157e+00	4.13752699e-19
5.22222         	-3.07422000e-02	7.14641080e-12	5.04902802e+00	4.12940849e-19
5.23148         	-3.07396779e-02	7.14488794e-12	5.04903443e+00	4.12134025e-19
5.24074         	-3.07357591e-02	7.14336781e-12	5.04904079e+00	4.11332225e-19
5.25            	-3.07343207e-02	7.14185039e-12	5.04904711e+00	4.10535445e-19
5.25926         	-3.07319827e-02	7.14033564e-12	5.04905339e+00	4.09743682e-19
5.26852         	-3.07284281e-02	7.13882353e-12	5.04905962e+00	4.08956932e-19
5.27778         	-3.07250858e-02	7.13731405e-12	5.04906582e+00	4.08175188e-19
5.28704         	-3.07210425e-02	7.13580716e-12	5.04907197e+00	4.07398446e-19
5.2963          	-3.07190140e-02	7.13430285e-12	5.04907809e+00	4.06626698e-19
5.30556         	-3.07176760e-02	7.13280109e-12	5.04908416e+00	4.05859936e-19
5.31481         	-3.07147539e-02	7.13130185e-12	5.04909019e+00	4.05098152e-19
5.32407         	-3.07105720e-02	7.12980512e-12	5.04909618e+00	4.04341338e-19
5.33333         	-3.07081984e-02	7.12831087e-12	5.04910213e+00	4.03589483e-19
5.34259         	-3.07042885e-02	7.12681909e-12	5.04910804e+00	4.02842578e-19
5.35185         	-3.07031342e-02	7.12532977e-12	5.04911392e+00	4.02100610e-19
5.36111         	-3.07009625e-02	7.12384287e-12	5.04911975e+00	4.01363570e-19
5.37037         	-3.06981480e-02	7.12235839e-12	5.04912555e+00	4.00631445e-19
5.37963         	-3.06944508e-02	7.12087631e-12	5.04913131e+00	3.99904221e-19
5.38889         	-3.06901791e-02	7.11939660e-12	5.04913703e+00	3.99181887e-19
5.39815         	-3.06887453e-02	7.11791926e-12	5.04914271e+00	3.98464429e-19
5.40741         	-3.06875613e-02	7.11644428e-12	5.04914836e+00	3.97751832e-19
5.41667         	-3.06848693e-02	7.11497163e-12	5.04915397e+00	3.97044081e-19
5.42593         	-3.06810024e-02	7.11350131e-12	5.04915955e+00	3.96341163e-19
5.43519         	-3.06786600e-02	7.11203330e-12	5.04916508e+00	3.95643060e-19
5.44444         	-3.06749885e-02	7.11056758e-12	5.04917059e+00	3.94949758e-19
5.4537          	-3.06736458e-02	7.10910415e-12	5.04917605e+00	3.94261241e-19
5.46296         	-3.06719062e-02	7.10764299e-12	5.04918148e+00	3.93577490e-19
5.47222         	-3.06694335e-02	7.10618409e-12	5.04918688e+00	3.92898490e-19
5.48148         	-3.06656335e-02	7.10472745e-12	5.04919224e+00	3.92224222e-19
5.49074         	-3.06616278e-02	7.10327303e-12	5.04919757e+00	3.91554670e-19
5.5             	-3.06603120e-02	7.10182084e-12	5.04920286e+00	3.90889815e-19
5.50926         	-3.06592691e-02	7.10037086e-12	5.04920812e+00	3.90229638e-19
5.51852         	-3.06568059e-02	7.09892309e-12	5.04921335e+00	3.89574121e-19
5.52778         	-3.06534098e-02	7.09747750e-12	5.04921854e+00	3.88923245e-19
5.53704         	-3.06508113e-02	7.09603409e-12	5.04922370e+00	3.88276991e-19
5.5463          	-3.06475032e-02	7.09459285e-12	5.04922883e+00	3.87635338e-19
5.55556         	-3.06460192e-02	7.09315378e-12	5.04923393e+00	3.86998268e-19
5.56481         	-3.06450007e-02	7.09171685e-12	5.04923899e+00	3.86365759e-19
5.57407         	-3.06421503e-02	7.09028206e-12	5.04924402e+00	3.85737793e-19
5.58333         	-3.06387698e-02	7.08884940e-12	5.04924902e+00	3.85114348e-19
5.59259         	-3.06350773e-02	7.08741885e-12	5.04925398e+00	3.84495403e-19
5.60185         	-3.06336017e-02	7.08599041e-12	5.04925892e+00	3.83880939e-19
5.61111         	-3.06326712e-02	7.08456406e-12	5.04926382e+00	3.83270932e-19
5.62037         	-3.06305273e-02	7.08313981e-12	5.04926870e+00	3.82665363e-19
5.62963         	-3.06272961e-02	7.08171762e-12	5.04927354e+00	3.82064210e-19
5.63889         	-3.06249699e-02	7.08029750e-12	5.04927835e+00	3.81467451e-19
5.64815         	-3.06216398e-02	7.07887943e-12	5.04928313e+00	3.80875064e-19
5.65741         	-3.06200370e-02	7.07746341e-12	5.04928788e+00	3.80287028e-19
5.66667         	-3.06194029e-02	7.07604943e-12	5.04929260e+00	3.79703320e-19
5.67593         	-3.06167915e-02	7.07463746e-12	5.04929729e+00	3.79123918e-19
5.68519         	-3.06135260e-02	7.07322751e-12	5.04930195e+00	3.78548800e-19
5.69444         	-3.06101771e-02	7.07181955e-12	5.04930658e+00	3.77977943e-19
5.7037          	-3.06084542e-02	7.07041358e-12	5.04931119e+00	3.77411325e-19
5.71296         	-3.06077206e-02	7.06900959e-12	5.04931576e+00	3.76848923e-19
5.72222         	-3.06057857e-02	7.06760756e-12	5.04932030e+00	3.76290714e-19
5.73148         	-3.06028390e-02	7.06620748e-12	5.04932482e+00	3.75736676e-19
5.74074         	-3.06007417e-02	7.06480933e-12	5.04932931e+00	3.75186786e-19
5.75            	-3.05967656e-02	7.06341311e-12	5.04933376e+00	3.74641019e-19
5.75926         	-3.05961762e-02	7.06201881e-12	5.04933819e+00	3.74099355e-19
5.76852         	-3.05953894e-02	7.06062640e-12	5.04934260e+00	3.73561768e-19
5.77778         	-3.05929782e-02	7.05923587e-12	5.04934697e+00	3.73028237e-19
5.78704         	-3.05898818e-02	7.05784722e-12	5.04935132e+00	3.72498738e-19
5.7963          	-3.05869999e-02	7.05646042e-12	5.04935563e+00	3.71973247e-19
5.80556         	-3.05844420e-02	7.05507546e-12	5.04935993e+00	3.71451741e-19
5.81481         	-3.05849305e-02	7.05369233e-12	5.04936419e+00	3.70934198e-19
5.82407         	-3.05827317e-02	7.05231102e-12	5.04936843e+00	3.70420593e-19
5.83333         	-3.05797983e-02	7.05093150e-12	5.04937263e+00	3.69910903e-19
5.84259         	-3.05780232e-02	7.04955376e-12	5.04937682e+00	3.69405105e-19
5.85185         	-3.05742996e-02	7.04817778e-12	5.04938097e+00	3.68903176e-19
5.86111         	-3.05734071e-02	7.04680357e-12	5.04938510e+00	3.68405091e-19
5.87037         	-3.05728651e-02	7.04543111e-12	5.04938920e+00	3.67910828e-19
5.87963         	-3.05706373e-02	7.04406036e-12	5.04939328e+00	3.67420363e-19
5.88889         	-3.05677142e-02	7.04269134e-12	5.04939733e+00	3.66933673e-19
5.89815         	-3.05650479e-02	7.04132400e-12	5.04940135e+00	3.66450733e-19
5.90741         	-3.05624375e-02	7.03995836e-12	5.04940535e+00	3.65971522e-19
5.91667         	-3.05628177e-02	7.03859440e-12	5.04940932e+00	3.65496015e-19
5.92593         	-3.05609185e-02	7.03723210e-12	5.04941327e+00	3.65024190e-19
5.93519         	-3.05586696e-02	7.03587145e-12	5.04941719e+00	3.64556022e-19
5.94444         	-3.05561179e-02	7.03451243e-12	5.04942108e+00	3.64091489e-19
5.9537          	-3.05528416e-02	7.03315504e-12	5.04942495e+00	3.63630567e-19
5.96296         	-3.05520932e-02	7.03179928e-12	5.04942880e+00	3.63173233e-19
5.97222         	-3.05516950e-02	7.03044512e-12	5.04943261e+00	3.62719464e-19
5.98148         	-3.05496042e-02	7.02909256e-12	5.04943641e+00	3.62269237e-19
5.99074         	-3.05467877e-02	7.02774159e-12	5.04944018e+00	3.61822529e-19
6               	-3.05445272e-02	7.02639218e-12	5.04944392e+00	3.61379316e-19
6.00926         	-3.05419081e-02	7.02504435e-12	5.04944764e+00	3.60939576e-19
6.01852         	-3.05420590e-02	7.02369809e-12	5.04945133e+00	3.60503286e-19
6.02778         	-3.05405509e-02	7.02235337e-12	5.04945500e+00	3.60070423e-19
6.03704         	-3.05385306e-02	7.02101019e-12	5.04945865e+00	3.59640965e-19
6.0463          	-3.05356450e-02	7.01966855e-12	5.04946227e+00	3.59214887e-19
6.05556         	-3.05329899e-02	7.01832843e-12	5.04946586e+00	3.58792169e-19
6.06481         	-3.05320290e-02	7.01698983e-12	5.04946943e+00	3.58372787e-19
6.07407         	-3.05318067e-02	7.01565274e-12	5.04947298e+00	3.57956719e-19
6.08333         	-3.05298862e-02	7.01431716e-12	5.04947651e+00	3.57543942e-19
6.09259         	-3.05268510e-02	7.01298307e-12	5.04948001e+00	3.57134434e-19
6.10185         	-3.05255849e-02	7.01165045e-12	5.04948348e+00	3.56728173e-19
6.11111         	-3.05225880e-02	7.01031933e-12	5.04948693e+00	3.56325137e-19
6.12037         	-3.05225697e-02	7.00898968e-12	5.04949036e+00	3.55925303e-19
6.12963         	-3.05217158e-02	7.00766149e-12	5.04949377e+00	3.55528649e-19
6.13889         	-3.05193925e-02	7.00633476e-12	5.04949715e+00	3.55135155e-19
6.14815         	-3.05169792e-02	7.00500949e-12	5.04950051e+00	3.54744797e-19
6.15741         	-3.05138011e-02	7.00368566e-12	5.04950384e+00	3.54357554e-19
6.16667         	-3.05133293e-02	7.00236327e-12	5.04950715e+00	3.53973404e-19
6.17593         	-3.05131446e-02	7.00104232e-12	5.04951044e+00	3.53592326e-19
6.18519         	-3.05114320e-02	6.99972279e-12	5.04951371e+00	3.53214299e-19
6.19444         	-3.05084889e-02	6.99840468e-12	5.04951695e+00	3.52839300e-19
6.2037          	-3.05075029e-02	6.99708798e-12	5.04952017e+00	3.52467310e-19
6.21296         	-3.05045049e-02	6.99577269e-12	5.04952337e+00	3.52098306e-19
6.22222         	-3.05041868e-02	6.99445882e-12	5.04952654e+00	3.51732268e-19
6.23148         	-3.05037327e-02	6.99314634e-12	5.04952970e+00	3.51369174e-19
6.24074         	-3.05015624e-02	6.99183525e-12	5.04953283e+00	3.51009004e-19
6.25            	-3.04990701e-02	6.99052555e-12	5.04953593e+00	3.50651737e-19
6.25926         	-3.04959990e-02	6.98921722e-12	5.04953902e+00	3.50297353e-19
6.26852         	-3.04955709e-02	6.98791028e-12	5.04954208e+00	3.49945830e-19
6.27778         	-3.04954959e-02	6.98660471e-12	5.04954512e+00	3.49597149e-19
6.28704         	-3.04939689e-02	6.98530050e-12	5.04954814e+00	3.49251289e-19
6.2963          	-3.04913760e-02	6.98399765e-12	5.04955114e+00	3.48908230e-19
6.30556         	-3.04901336e-02	6.98269615e-12	5.04955411e+00	3.48567952e-19
6.31481         	-3.04874150e-02	6.98139600e-12	5.04955707e+00	3.48230435e-19
6.32407         	-3.04868983e-02	6.98009721e-12	5.04956000e+00	3.47895658e-19
6.33333         	-3.04865368e-02	6.97879976e-12	5.04956291e+00	3.47563603e-19
6.34259         	-3.04850302e-02	6.97750363e-12	5.04956580e+00	3.47234250e-19
6.35185         	-3.04824002e-02	6.97620885e-12	5.04956867e+00	3.46907578e-19
6.36111         	-3.04795937e-02	6.97491538e-12	5.04957152e+00	3.46583569e-19
6.37037         	-3.04789241e-02	6.97362324e-12	5.04957434e+00	3.46262204e-19
6.37963         	-3.04789365e-02	6.97233242e-12	5.04957715e+00	3.45943462e-19
6.38889         	-3.04776236e-02	6.97104291e-12	5.04957993e+00	3.45627325e-19
6.39815         	-3.04753498e-02	6.96975471e-12	5.04958269e+00	3.45313774e-19
6.40741         	-3.04742115e-02	6.96846781e-12	5.04958543e+00	3.45002791e-19
6.41667         	-3.04710968e-02	6.96718221e-12	5.04958816e+00	3.44694355e-19
6.42593         	-3.04706601e-02	6.96589791e-12	5.04959086e+00	3.44388449e-19
6.43519         	-3.04709047e-02	6.96461490e-12	5.04959354e+00	3.44085055e-19
6.44444         	-3.04690971e-02	6.96333317e-12	5.04959620e+00	3.43784153e-19
6.4537          	-3.04667629e-02	6.96205272e-12	5.04959883e+00	3.43485725e-19
6.46296         	-3.04642359e-02	6.96077355e-12	5.04960145e+00	3.43189754e-19
6.47222         	-3.04632835e-02	6.95949565e-12	5.04960405e+00	3.42896220e-19
6.48148         	-3.04633618e-02	6.95821901e-12	5.04960663e+00	3.42605107e-19
6.49074         	-3.04622781e-02	6.95694364e-12	5.04960919e+00	3.42316395e-19
6.5             	-3.04602404e-02	6.95566952e-12	5.04961173e+00	3.42030069e-19
6.50926         	-3.04588207e-02	6.95439665e-12	5.04961425e+00	3.41746109e-19
6.51852         	-3.04558322e-02	6.95312503e-12	5.04961675e+00	3.41464498e-19
6.52778         	-3.04558691e-02	6.95185464e-12	5.04961923e+00	3.41185219e-19
6.53704         	-3.04558871e-02	6.95058549e-12	5.04962169e+00	3.40908254e-19
6.5463          	-3.04542212e-02	6.94931757e-12	5.04962413e+00	3.40633586e-19
6.55556         	-3.04520000e-02	6.94805087e-12	5.04962655e+00	3.40361199e-19
6.56481         	-3.04497618e-02	6.94678538e-12	5.04962896e+00	3.40091075e-19
6.57407         	-3.04484522e-02	6.94552110e-12	5.04963134e+00	3.39823196e-19
6.58333         	-3.04486242e-02	6.94425803e-12	5.04963371e+00	3.39557548e-19
6.59259         	-3.04481085e-02	6.94299615e-12	5.04963605e+00	3.39294112e-19
6.60185         	-3.04457129e-02	6.94173546e-12	5.04963838e+00	3.39032872e-19
6.61111         	-3.04442661e-02	6.94047595e-12	5.04964069e+00	3.38773811e-19
6.62037         	-3.04417244e-02	6.93921762e-12	5.04964298e+00	3.38516914e-19
6.62963         	-3.04414965e-02	6.93796046e-12	5.04964526e+00	3.38262164e-19
6.63889         	-3.04417155e-02	6.93670447e-12	5.04964751e+00	3.38009545e-19
6.64815         	-3.04401833e-02	6.93544964e-12	5.04964975e+00	3.37759041e-19
6.65741         	-3.04380978e-02	6.93419597e-12	5.04965197e+00	3.37510636e-19
6.66667         	-3.04360537e-02	6.93294343e-12	5.04965417e+00	3.37264313e-19
6.67593         	-3.04341186e-02	6.93169205e-12	5.04965635e+00	3.37020058e-19
6.68519         	-3.04353872e-02	6.93044181e-12	5.04965852e+00	3.36777854e-19
6.69444         	-3.04344175e-02	6.92919270e-12	5.04966066e+00	3.36537687e-19
6.7037          	-3.04322293e-02	6.92794472e-12	5.04966279e+00	3.36299540e-19
6.71296         	-3.04305414e-02	6.92669787e-12	5.04966491e+00	3.36063398e-19
6.72222         	-3.04284395e-02	6.92545214e-12	5.04966700e+00	3.35829246e-19
6.73148         	-3.04280644e-02	6.92420754e-12	5.04966908e+00	3.35597069e-19
6.74074         	-3.04284139e-02	6.92296406e-12	5.04967114e+00	3.35366852e-19
6.75            	-3.04269719e-02	6.92172170e-12	5.04967319e+00	3.35138580e-19
6.75926         	-3.04248991e-02	6.92048046e-12	5.04967521e+00	3.34912237e-19
6.76852         	-3.04231935e-02	6.91924032e-12	5.04967723e+00	3.34687810e-19
6.77778         	-3.04212012e-02	6.91800130e-12	5.04967922e+00	3.34465283e-19
6.78704         	-3.04221942e-02	6.91676340e-12	5.04968120e+00	3.34244642e-19
6.7963          	-3.04215586e-02	6.91552662e-12	5.04968316e+00	3.34025873e-19
6.80556         	-3.04195200e-02	6.91429095e-12	5.04968510e+00	3.33808960e-19
6.81481         	-3.04179796e-02	6.91305639e-12	5.04968703e+00	3.33593891e-19
6.82407         	-3.04152720e-02	6.91182295e-12	5.04968895e+00	3.33380650e-19
6.83333         	-3.04153466e-02	6.91059063e-12	5.04969084e+00	3.33169223e-19
6.84259         	-3.04157395e-02	6.90935943e-12	5.04969272e+00	3.32959597e-19
6.85185         	-3.04144139e-02	6.90812936e-12	5.04969459e+00	3.32751758e-19
6.86111         	-3.04123364e-02	6.90690041e-12	5.04969644e+00	3.32545691e-19
6.87037         	-3.04109884e-02	6.90567258e-12	5.04969827e+00	3.32341384e-19
6.87963         	-3.04088472e-02	6.90444589e-12	5.04970009e+00	3.32138822e-19
6.88889         	-3.04096837e-02	6.90322034e-12	5.04970189e+00	3.31937991e-19
6.89815         	-3.04093122e-02	6.90199592e-12	5.04970368e+00	3.31738879e-19
6.90741         	-3.04075396e-02	6.90077265e-12	5.04970545e+00	3.31541472e-19
6.91667         	-3.04057792e-02	6.89955053e-12	5.04970721e+00	3.31345757e-19
6.92593         	-3.04031669e-02	6.89832955e-12	5.04970895e+00	3.31151720e-19
6.93519         	-3.04032878e-02	6.89710974e-12	5.04971067e+00	3.30959349e-19
6.94444         	-3.04037257e-02	6.89589108e-12	5.04971239e+00	3.30768631e-19
6.9537          	-3.04025505e-02	6.89467359e-12	5.04971408e+00	3.30579552e-19
6.96296         	-3.04002140e-02	6.89345727e-12	5.04971576e+00	3.30392100e-19
6.97222         	-3.04000903e-02	6.89224212e-12	5.04971743e+00	3.30206262e-19
6.98148         	-3.03969464e-02	6.89102815e-12	5.04971908e+00	3.30022025e-19
6.99074         	-3.03976610e-02	6.88981538e-12	5.04972072e+00	3.29839377e-19
7               	-3.03977159e-02	6.88860378e-12	5.04972235e+00	3.29658306e-19
7.00926         	-3.03960748e-02	6.88739338e-12	5.04972396e+00	3.29478798e-19
7.01852         	-3.03942031e-02	6.88618418e-12	5.04972555e+00	3.29300843e-19
7.02778         	-3.03916260e-02	6.88497617e-12	5.04972714e+00	3.29124427e-19
7.03704         	-3.03917801e-02	6.88376937e-12	5.04972871e+00	3.28949538e-19
7.0463          	-3.03922804e-02	6.88256377e-12	5.04973026e+00	3.28776165e-19
7.05556         	-3.03912164e-02	6.88135939e-12	5.04973180e+00	3.28604295e-19
7.06481         	-3.03891855e-02	6.88015622e-12	5.04973333e+00	3.28433917e-19
7.07407         	-3.03885998e-02	6.87895425e-12	5.04973484e+00	3.28265019e-19
7.08333         	-3.03862111e-02	6.87775351e-12	5.04973634e+00	3.28097589e-19
7.09259         	-3.03863904e-02	6.87655399e-12	5.04973783e+00	3.27931615e-19
7.10185         	-3.03867320e-02	6.87535569e-12	5.04973931e+00	3.27767087e-19
7.11111         	-3.03851854e-02	6.87415861e-12	5.04974077e+00	3.27603992e-19
7.12037         	-3.03833298e-02	6.87296276e-12	5.04974221e+00	3.27442319e-19
7.12963         	-3.03809131e-02	6.87176812e-12	5.04974365e+00	3.27282057e-19
7.13889         	-3.03803187e-02	6.87057471e-12	5.04974507e+00	3.27123195e-19
7.14815         	-3.03820401e-02	6.86938252e-12	5.04974648e+00	3.26965722e-19
7.15741         	-3.03805423e-02	6.86819155e-12	5.04974788e+00	3.26809626e-19
7.16667         	-3.03786322e-02	6.86700180e-12	5.04974926e+00	3.26654897e-19
7.17593         	-3.03778702e-02	6.86581326e-12	5.04975064e+00	3.26501524e-19
7.18519         	-3.03757053e-02	6.86462594e-12	5.04975200e+00	3.26349496e-19
7.19444         	-3.03756559e-02	6.86343985e-12	5.04975334e+00	3.26198803e-19
7.2037          	-3.03762394e-02	6.86225496e-12	5.04975468e+00	3.26049433e-19
7.21296         	-3.03748345e-02	6.86107128e-12	5.04975600e+00	3.25901376e-19
7.22222         	-3.03730514e-02	6.85988881e-12	5.04975732e+00	3.25754623e-19
7.23148         	-3.03708228e-02	6.85870754e-12	5.04975862e+00	3.25609161e-19
7.24074         	-3.03701297e-02	6.85752748e-12	5.04975990e+00	3.25464982e-19
7.25            	-3.03715393e-02	6.85634862e-12	5.04976118e+00	3.25322074e-19
7.25926         	-3.03703068e-02	6.85517096e-12	5.04976244e+00	3.25180428e-19
7.26852         	-3.03687296e-02	6.85399449e-12	5.04976370e+00	3.25040033e-19
7.27778         	-3.03677752e-02	6.85281920e-12	5.04976494e+00	3.24900881e-19
7.28704         	-3.03657543e-02	6.85164511e-12	5.04976617e+00	3.24762959e-19
7.2963          	-3.03653996e-02	6.85047222e-12	5.04976739e+00	3.24626260e-19
7.30556         	-3.03662841e-02	6.84930050e-12	5.04976860e+00	3.24490772e-19
7.31481         	-3.03649710e-02	6.84812996e-12	5.04976980e+00	3.24356487e-19
7.32407         	-3.03631500e-02	6.84696061e-12	5.04977098e+00	3.24223394e-19
7.33333         	-3.03611769e-02	6.84579242e-12	5.04977216e+00	3.24091484e-19
7.34259         	-3.03605320e-02	6.84462541e-12	5.04977332e+00	3.23960747e-19
7.35185         	-3.03611577e-02	6.84345958e-12	5.04977448e+00	3.23831175e-19
7.36111         	-3.03607374e-02	6.84229491e-12	5.04977562e+00	3.23702757e-19
7.37037         	-3.03590594e-02	6.84113140e-12	5.04977676e+00	3.23575485e-19
7.37963         	-3.03580251e-02	6.83996904e-12	5.04977788e+00	3.23449348e-19
7.38889         	-3.03557146e-02	6.83880784e-12	5.04977899e+00	3.23324339e-19
7.39815         	-3.03560686e-02	6.83764780e-12	5.04978009e+00	3.23200448e-19
7.40741         	-3.03566525e-02	6.83648891e-12	5.04978118e+00	3.23077665e-19
7.41667         	-3.03554346e-02	6.83533117e-12	5.04978227e+00	3.22955982e-19
7.42593         	-3.03537328e-02	6.83417457e-12	5.04978334e+00	3.22835390e-19
7.43519         	-3.03519189e-02	6.83301910e-12	5.04978440e+00	3.22715880e-19
7.44444         	-3.03509734e-02	6.83186477e-12	5.04978545e+00	3.22597444e-19
7.4537          	-3.03517352e-02	6.83071158e-12	5.04978649e+00	3.22480072e-19
7.46296         	-3.03513480e-02	6.82955951e-12	5.04978753e+00	3.22363756e-19
7.47222         	-3.03500598e-02	6.82840857e-12	5.04978855e+00	3.22248488e-19
7.48148         	-3.03486768e-02	6.82725874e-12	5.04978956e+00	3.22134258e-19
7.49074         	-3.03466329e-02	6.82611003e-12	5.04979057e+00	3.22021059e-19
7.5             	-3.03468024e-02	6.82496243e-12	5.04979156e+00	3.21908883e-19
7.50926         	-3.03475357e-02	6.82381595e-12	5.04979254e+00	3.21797719e-19
7.51852         	-3.03465094e-02	6.82267057e-12	5.04979352e+00	3.21687562e-19
7.52778         	-3.03449014e-02	6.82152629e-12	5.04979449e+00	3.21578401e-19
7.53704         	-3.03433754e-02	6.82038311e-12	5.04979544e+00	3.21470230e-19
7.5463          	-3.03423024e-02	6.81924103e-12	5.04979639e+00	3.21363040e-19
7.55556         	-3.03432320e-02	6.81810004e-12	5.04979733e+00	3.21256822e-19
7.56481         	-3.03432971e-02	6.81696014e-12	5.04979826e+00	3.21151570e-19
7.57407         	-3.03415177e-02	6.81582132e-12	5.04979919e+00	3.21047275e-19
7.58333         	-3.03401804e-02	6.81468359e-12	5.04980010e+00	3.20943929e-19
7.59259         	-3.03386615e-02	6.81354693e-12	5.04980100e+00	3.20841524e-19
7.60185         	-3.03386442e-02	6.81241136e-12	5.04980190e+00	3.20740054e-19
7.61111         	-3.03394770e-02	6.81127686e-12	5.04980279e+00	3.20639509e-19
7.62037         	-3.03384602e-02	6.81014343e-12	5.04980367e+00	3.20539882e-19
7.62963         	-3.03368038e-02	6.80901107e-12	5.04980454e+00	3.20441167e-19
7.63889         	-3.03354975e-02	6.80787977e-12	5.04980540e+00	3.20343354e-19
7.64815         	-3.03338537e-02	6.80674954e-12	5.04980626e+00	3.20246438e-19
7.65741         	-3.03353299e-02	6.80562037e-12	5.04980711e+00	3.20150410e-19
7.66667         	-3.03349457e-02	6.80449226e-12	5.04980794e+00	3.20055262e-19
7.67593         	-3.03336314e-02	6.80336521e-12	5.04980878e+00	3.19960989e-19
7.68519         	-3.03323591e-02	6.80223921e-12	5.04980960e+00	3.19867582e-19
7.69444         	-3.03300038e-02	6.80111427e-12	5.04981041e+00	3.19775034e-19
7.7037          	-3.03304995e-02	6.79999038e-12	5.04981122e+00	3.19683338e-19
7.71296         	-3.03312992e-02	6.79886754e-12	5.04981202e+00	3.19592488e-19
7.72222         	-3.03303613e-02	6.79774574e-12	5.04981282e+00	3.19502475e-19
7.73148         	-3.03286785e-02	6.79662499e-12	5.04981360e+00	3.19413294e-19
7.74074         	-3.03276894e-02	6.79550528e-12	5.04981438e+00	3.19324936e-19
7.75            	-3.03258793e-02	6.79438661e-12	5.04981515e+00	3.19237396e-19
7.75926         	-3.03271812e-02	6.79326899e-12	5.04981591e+00	3.19150666e-19
7.76852         	-3.03268640e-02	6.79215240e-12	5.04981667e+00	3.19064739e-19
7.77778         	-3.03258465e-02	6.79103685e-12	5.04981742e+00	3.18979610e-19
7.78704         	-3.03246751e-02	6.78992233e-12	5.04981816e+00	3.18895271e-19
7.7963          	-3.03220879e-02	6.78880885e-12	5.04981890e+00	3.18811715e-19
7.80556         	-3.03226135e-02	6.78769640e-12	5.04981962e+00	3.18728936e-19
7.81481         	-3.03234432e-02	6.78658499e-12	5.04982035e+00	3.18646928e-19
7.82407         	-3.03229330e-02	6.78547460e-12	5.04982106e+00	3.18565684e-19
7.83333         	-3.03203094e-02	6.78436524e-12	5.04982177e+00	3.18485197e-19
7.84259         	-3.03211162e-02	6.78325690e-12	5.04982247e+00	3.18405462e-19
7.85185         	-3.03177678e-02	6.78214959e-12	5.04982316e+00	3.18326471e-19
7.86111         	-3.03191992e-02	6.78104331e-12	5.04982385e+00	3.18248219e-19
7.87037         	-3.03195838e-02	6.77993804e-12	5.04982453e+00	3.18170699e-19
7.87963         	-3.03182304e-02	6.77883380e-12	5.04982521e+00	3.18093906e-19
7.88889         	-3.03167438e-02	6.77773057e-12	5.04982588e+00	3.18017832e-19
7.89815         	-3.03144732e-02	6.77662836e-12	5.04982654e+00	3.17942472e-19
7.90741         	-3.03149767e-02	6.77552716e-12	5.04982720e+00	3.17867821e-19
7.91667         	-3.03158139e-02	6.77442697e-12	5.04982785e+00	3.17793871e-19
7.92593         	-3.03153286e-02	6.77332778e-12	5.04982849e+00	3.17720616e-19
7.93519         	-3.03130856e-02	6.77222960e-12	5.04982913e+00	3.17648052e-19
7.94444         	-3.03135543e-02	6.77113242e-12	5.04982976e+00	3.17576172e-19
7.9537          	-3.03105423e-02	6.77003624e-12	5.04983039e+00	3.17504970e-19
7.96296         	-3.03116185e-02	6.76894105e-12	5.04983101e+00	3.17434440e-19
7.97222         	-3.03122400e-02	6.76784686e-12	5.04983162e+00	3.17364577e-19
7.98148         	-3.03109518e-02	6.76675365e-12	5.04983223e+00	3.17295375e-19
7.99074         	-3.03094003e-02	6.76566143e-12	5.04983283e+00	3.17226828e-19
8               	-3.03071853e-02	6.76457019e-12	5.04983343e+00	3.17158931e-19
8.00935         	-3.03047606e-02	6.76347990e-12	5.04983402e+00	3.17091677e-19
8.01869         	-3.03062135e-02	6.76239055e-12	5.04983461e+00	3.17025062e-19
8.02804         	-3.03047016e-02	6.76130207e-12	5.04983520e+00	3.16959080e-19
8.03738         	-3.03024104e-02	6.76021441e-12	5.04983578e+00	3.16893726e-19
8.04673         	-3.03015931e-02	6.75912749e-12	5.04983635e+00	3.16828993e-19
8.05607         	-3.02990118e-02	6.75804126e-12	5.04983692e+00	3.16764877e-19
8.06542         	-3.02995047e-02	6.75695565e-12	5.04983748e+00	3.16701372e-19
8.07477         	-3.03000870e-02	6.75587063e-12	5.04983804e+00	3.16638472e-19
8.08411         	-3.02989105e-02	6.75478615e-12	5.04983860e+00	3.16576173e-19
8.09346         	-3.02975283e-02	6.75370224e-12	5.04983914e+00	3.16514469e-19
8.1028          	-3.02956288e-02	6.75261887e-12	5.04983969e+00	3.16453354e-19
8.11215         	-3.02962390e-02	6.75153608e-12	5.04984022e+00	3.16392824e-19
8.1215          	-3.02972867e-02	6.75045389e-12	5.04984076e+00	3.16332873e-19
8.13084         	-3.02969390e-02	6.74937235e-12	5.04984128e+00	3.16273495e-19
8.14019         	-3.02951545e-02	6.74829147e-12	5.04984181e+00	3.16214687e-19
8.14953         	-3.02949111e-02	6.74721130e-12	5.04984232e+00	3.16156442e-19
8.15888         	-3.02929660e-02	6.74613187e-12	5.04984284e+00	3.16098755e-19
8.16822         	-3.02935176e-02	6.74505322e-12	5.04984334e+00	3.16041622e-19
8.17757         	-3.02944293e-02	6.74397537e-12	5.04984385e+00	3.15985038e-19
8.18692         	-3.02932339e-02	6.74289836e-12	5.04984434e+00	3.15928997e-19
8.19626         	-3.02916385e-02	6.74182220e-12	5.04984484e+00	3.15873495e-19
8.20561         	-3.02897846e-02	6.74074691e-12	5.04984533e+00	3.15818527e-19
8.21495         	-3.02899461e-02	6.73967252e-12	5.04984581e+00	3.15764088e-19
8.2243          	-3.02909382e-02	6.73859905e-12	5.04984629e+00	3.15710174e-19
8.23364         	-3.02904993e-02	6.73752650e-12	5.04984676e+00	3.15656779e-19
8.24299         	-3.02889225e-02	6.73645488e-12	5.04984723e+00	3.15603899e-19
8.25234         	-3.02885964e-02	6.73538422e-12	5.04984769e+00	3.15551530e-19
8.26168         	-3.02862964e-02	6.73431452e-12	5.04984816e+00	3.15499667e-19
8.27103         	-3.02868746e-02	6.73324579e-12	5.04984861e+00	3.15448305e-19
8.28037         	-3.02879656e-02	6.73217805e-12	5.04984906e+00	3.15397440e-19
8.28972         	-3.02868836e-02	6.73111129e-12	5.04984951e+00	3.15347068e-19
8.29907         	-3.02852361e-02	6.73004553e-12	5.04984995e+00	3.15297184e-19
8.30841         	-3.02835242e-02	6.72898077e-12	5.04985039e+00	3.15247784e-19
8.31776         	-3.02828731e-02	6.72791702e-12	5.04985082e+00	3.15198864e-19
8.3271          	-3.02850229e-02	6.72685428e-12	5.04985125e+00	3.15150419e-19
8.33645         	-3.02840387e-02	6.72579256e-12	5.04985168e+00	3.15102446e-19
8.34579         	-3.02826527e-02	6.72473186e-12	5.04985210e+00	3.15054940e-19
8.35514         	-3.02823236e-02	6.72367219e-12	5.04985251e+00	3.15007896e-19
8.36449         	-3.02795279e-02	6.72261354e-12	5.04985292e+00	3.14961311e-19
8.37383         	-3.02807924e-02	6.72155594e-12	5.04985333e+00	3.14915182e-19
8.38318         	-3.02816021e-02	6.72049936e-12	5.04985374e+00	3.14869503e-19
8.39252         	-3.02805572e-02	6.71944381e-12	5.04985414e+00	3.14824271e-19
8.40187         	-3.02789172e-02	6.71838930e-12	5.04985453e+00	3.14779482e-19
8.41121         	-3.02773527e-02	6.71733583e-12	5.04985492e+00	3.14735131e-19
8.42056         	-3.02770124e-02	6.71628339e-12	5.04985531e+00	3.14691217e-19
8.42991         	-3.02780607e-02	6.71523199e-12	5.04985569e+00	3.14647733e-19
8.43925         	-3.02781518e-02	6.71418162e-12	5.04985607e+00	3.14604677e-19
8.4486          	-3.02762266e-02	6.71313229e-12	5.04985645e+00	3.14562044e-19
8.45794         	-3.02759540e-02	6.71208399e-12	5.04985682e+00	3.14519832e-19
8.46729         	-3.02734459e-02	6.71103672e-12	5.04985719e+00	3.14478036e-19
8.47664         	-3.02745088e-02	6.70999049e-12	5.04985756e+00	3.14436653e-19
8.48598         	-3.02754110e-02	6.70894529e-12	5.04985792e+00	3.14395679e-19
8.49533         	-3.02744014e-02	6.70790110e-12	5.04985827e+00	3.14355110e-19
8.50467         	-3.02728670e-02	6.70685795e-12	5.04985863e+00	3.14314943e-19
8.51402         	-3.02713868e-02	6.70581581e-12	5.04985898e+00	3.14275174e-19
8.52336         	-3.02708781e-02	6.70477334e-12	5.04985932e+00	3.14235800e-19
8.53271         	-3.02719338e-02	6.70372971e-12	5.04985967e+00	3.14196817e-19
8.54206         	-3.02721388e-02	6.70268615e-12	5.04986001e+00	3.14158222e-19
8.5514          	-3.02702935e-02	6.70164311e-12	5.04986034e+00	3.14120012e-19
8.56075         	-3.02694802e-02	6.70060079e-12	5.04986067e+00	3.14082182e-19
8.57009         	-3.02678744e-02	6.69955928e-12	5.04986100e+00	3.14044731e-19
8.57944         	-3.02684046e-02	6.69851866e-12	5.04986133e+00	3.14007653e-19
8.58879         	-3.02693927e-02	6.69747893e-12	5.04986165e+00	3.13970946e-19
8.59813         	-3.02684311e-02	6.69644014e-12	5.04986197e+00	3.13934607e-19
8.60748         	-3.02669338e-02	6.69540228e-12	5.04986228e+00	3.13898633e-19
8.61682         	-3.02655180e-02	6.69436537e-12	5.04986260e+00	3.13863019e-19
8.62617         	-3.02648738e-02	6.69332941e-12	5.04986290e+00	3.13827763e-19
8.63551         	-3.02659917e-02	6.69227085e-12	5.04986321e+00	3.13792863e-19
8.64486         	-3.02662508e-02	6.69119446e-12	5.04986351e+00	3.13758313e-19
8.65421         	-3.02644108e-02	6.69011906e-12	5.04986381e+00	3.13724112e-19
8.66355         	-3.02635523e-02	6.68904464e-12	5.04986411e+00	3.13690256e-19
8.6729          	-3.02620352e-02	6.68797120e-12	5.04986440e+00	3.13656743e-19
8.68224         	-3.02625031e-02	6.68689873e-12	5.04986469e+00	3.13623568e-19
8.69159         	-3.02635364e-02	6.68582724e-12	5.04986497e+00	3.13590730e-19
8.70093         	-3.02626167e-02	6.68475673e-12	5.04986526e+00	3.13558225e-19
8.71028         	-3.02611317e-02	6.68368718e-12	5.04986554e+00	3.13526049e-19
8.71963         	-3.02598024e-02	6.68261860e-12	5.04986581e+00	3.13494201e-19
8.72897         	-3.02590455e-02	6.68155100e-12	5.04986609e+00	3.13462676e-19
8.73832         	-3.02602065e-02	6.68048437e-12	5.04986636e+00	3.13431473e-19
8.74766         	-3.02604815e-02	6.67941870e-12	5.04986662e+00	3.13400588e-19
8.75701         	-3.02587003e-02	6.67835401e-12	5.04986689e+00	3.13370018e-19
8.76636         	-3.02576510e-02	6.67729030e-12	5.04986715e+00	3.13339760e-19
8.7757          	-3.02564280e-02	6.67622755e-12	5.04986741e+00	3.13309812e-19
8.78505         	-3.02567249e-02	6.67516580e-12	5.04986767e+00	3.13280171e-19
8.79439         	-3.02578202e-02	6.67410502e-12	5.04986792e+00	3.13250834e-19
8.80374         	-3.02569473e-02	6.67304522e-12	5.04986817e+00	3.13221798e-19
8.81308         	-3.02553938e-02	6.67198642e-12	5.04986842e+00	3.13193060e-19
8.82243         	-3.02542359e-02	6.67092860e-12	5.04986866e+00	3.13164618e-19
8.83178         	-3.02533114e-02	6.66987177e-12	5.04986890e+00	3.13136468e-19
8.84112         	-3.02545551e-02	6.66881595e-12	5.04986914e+00	3.13108609e-19
8.85047         	-3.02548585e-02	6.66776113e-12	5.04986938e+00	3.13081037e-19
8.85981         	-3.02531388e-02	6.66670731e-12	5.04986961e+00	3.13053750e-19
8.86916         	-3.02523954e-02	6.66565450e-12	5.04986984e+00	3.13026746e-19
8.8785          	-3.02502868e-02	6.66460270e-12	5.04987007e+00	3.13000021e-19
8.88785         	-3.02511340e-02	6.66355192e-12	5.04987029e+00	3.12973572e-19
8.8972          	-3.02522126e-02	6.66250215e-12	5.04987052e+00	3.12947399e-19
8.90654         	-3.02513785e-02	6.66145340e-12	5.04987074e+00	3.12921497e-19
8.91589         	-3.02497843e-02	6.66040567e-12	5.04987095e+00	3.12895865e-19
8.92523         	-3.02487818e-02	6.65935896e-12	5.04987117e+00	3.12870499e-19
8.93458         	-3.02477562e-02	6.65831328e-12	5.04987138e+00	3.12845398e-19
8.94393         	-3.02489356e-02	6.65726863e-12	5.04987159e+00	3.12820558e-19
8.95327         	-3.02493404e-02	6.65622500e-12	5.04987180e+00	3.12795979e-19
8.96262         	-3.02477352e-02	6.65518239e-12	5.04987200e+00	3.12771656e-19
8.97196         	-3.02468200e-02	6.65414081e-12	5.04987220e+00	3.12747587e-19
8.98131         	-3.02447243e-02	6.65310024e-12	5.04987240e+00	3.12723771e-19
8.99065         	-3.02456173e-02	6.65206070e-12	5.04987260e+00	3.12700205e-19
9               	-3.02466945e-02	6.65102218e-12	5.04987279e+00	3.12676887e-19
9.00935         	-3.02461896e-02	6.64998466e-12	5.04987299e+00	3.12653813e-19
9.01869         	-3.02439603e-02	6.64894816e-12	5.04987317e+00	3.12630982e-19
9.02804         	-3.02434640e-02	6.64791266e-12	5.04987336e+00	3.12608393e-19
9.03738         	-3.02419314e-02	6.64687816e-12	5.04987355e+00	3.12586041e-19
9.04673         	-3.02439007e-02	6.64584465e-12	5.04987373e+00	3.12563925e-19
9.05607         	-3.02435821e-02	6.64481214e-12	5.04987391e+00	3.12542044e-19
9.06542         	-3.02424333e-02	6.64378060e-12	5.04987409e+00	3.12520394e-19
9.07477         	-3.02416892e-02	6.64275004e-12	5.04987426e+00	3.12498973e-19
9.08411         	-3.02392551e-02	6.64172045e-12	5.04987444e+00	3.12477780e-19
9.09346         	-3.02402006e-02	6.64069183e-12	5.04987461e+00	3.12456812e-19
9.1028          	-3.02412751e-02	6.63966415e-12	5.04987478e+00	3.12436067e-19
9.11215         	-3.02407913e-02	6.63863742e-12	5.04987494e+00	3.12415542e-19
9.1215          	-3.02385976e-02	6.63761164e-12	5.04987511e+00	3.12395237e-19
9.13084         	-3.02382279e-02	6.63658678e-12	5.04987527e+00	3.12375148e-19
9.14019         	-3.02366030e-02	6.63556285e-12	5.04987543e+00	3.12355274e-19
9.14953         	-3.02384763e-02	6.63453984e-12	5.04987559e+00	3.12335613e-19
9.15888         	-3.02385690e-02	6.63351774e-12	5.04987574e+00	3.12316162e-19
9.16822         	-3.02371389e-02	6.63249655e-12	5.04987590e+00	3.12296920e-19
9.17757         	-3.02361320e-02	6.63147626e-12	5.04987605e+00	3.12277885e-19
9.18692         	-3.02339978e-02	6.63045686e-12	5.04987620e+00	3.12259054e-19
9.19626         	-3.02349129e-02	6.62943834e-12	5.04987635e+00	3.12240426e-19
9.20561         	-3.02360148e-02	6.62842071e-12	5.04987649e+00	3.12221998e-19
9.21495         	-3.02355463e-02	6.62740396e-12	5.04987664e+00	3.12203769e-19
9.2243          	-3.02329809e-02	6.62638808e-12	5.04987678e+00	3.12185738e-19
9.23364         	-3.02334914e-02	6.62537307e-12	5.04987692e+00	3.12167901e-19
9.24299         	-3.02314027e-02	6.62435892e-12	5.04987706e+00	3.12150258e-19
9.25234         	-3.02330733e-02	6.62334564e-12	5.04987720e+00	3.12132805e-19
9.26168         	-3.02333632e-02	6.62233322e-12	5.04987733e+00	3.12115543e-19
9.27103         	-3.02321028e-02	6.62132166e-12	5.04987746e+00	3.12098468e-19
9.28037         	-3.02307929e-02	6.62031096e-12	5.04987759e+00	3.12081578e-19
9.28972         	-3.02287791e-02	6.61930111e-12	5.04987772e+00	3.12064873e-19
9.29907         	-3.02296875e-02	6.61829211e-12	5.04987785e+00	3.12048350e-19
9.30841         	-3.02308309e-02	6.61728397e-12	5.04987798e+00	3.12032008e-19
9.31776         	-3.02303905e-02	6.61627668e-12	5.04987810e+00	3.12015844e-19
9.3271          	-3.02279529e-02	6.61527024e-12	5.04987822e+00	3.11999858e-19
9.33645         	-3.02289002e-02	6.61426465e-12	5.04987834e+00	3.11984046e-19
9.34579         	-3.02257930e-02	6.61325991e-12	5.04987846e+00	3.11968409e-19
9.35514         	-3.02278001e-02	6.61225604e-12	5.04987858e+00	3.11952943e-19
9.36449         	-3.02282747e-02	6.61125301e-12	5.04987870e+00	3.11937647e-19
9.37383         	-3.02270418e-02	6.61025083e-12	5.04987881e+00	3.11922521e-19
9.38318         	-3.02256691e-02	6.60924951e-12	5.04987892e+00	3.11907561e-19
9.39252         	-3.02236510e-02	6.60824904e-12	5.04987904e+00	3.11892766e-19
9.40187         	-3.02245365e-02	6.60724943e-12	5.04987915e+00	3.11878135e-19
9.41121         	-3.02256682e-02	6.60625067e-12	5.04987925e+00	3.11863667e-19
9.42056         	-3.02252384e-02	6.60525276e-12	5.04987936e+00	3.11849359e-19
9.42991         	-3.02230771e-02	6.60425570e-12	5.04987947e+00	3.11835210e-19
9.43925         	-3.02238110e-02	6.60325950e-12	5.04987957e+00	3.11821218e-19
9.4486          	-3.02208478e-02	6.60226414e-12	5.04987968e+00	3.11807382e-19
9.45794         	-3.02226536e-02	6.60126965e-12	5.04987978e+00	3.11793701e-19
9.46729         	-3.02232288e-02	6.60027600e-12	5.04987988e+00	3.11780172e-19
9.47664         	-3.02220727e-02	6.59928320e-12	5.04987998e+00	3.11766795e-19
9.48598         	-3.02206238e-02	6.59829125e-12	5.04988008e+00	3.11753568e-19
9.49533         	-3.02186503e-02	6.59730014e-12	5.04988017e+00	3.11740489e-19
9.50467         	-3.02196229e-02	6.59630988e-12	5.04988027e+00	3.11727557e-19
9.51402         	-3.02208150e-02	6.59532046e-12	5.04988036e+00	3.11714771e-19
9.52336         	-3.02204660e-02	6.59433189e-12	5.04988046e+00	3.11702128e-19
9.53271         	-3.02185802e-02	6.59334415e-12	5.04988055e+00	3.11689628e-19
9.54206         	-3.02191897e-02	6.59235725e-12	5.04988064e+00	3.11677270e-19
9.5514          	-3.02165005e-02	6.59137119e-12	5.04988073e+00	3.11665051e-19
9.56075         	-3.02181325e-02	6.59038597e-12	5.04988082e+00	3.11652971e-19
9.57009         	-3.02188793e-02	6.58940158e-12	5.04988091e+00	3.11641028e-19
9.57944         	-3.02177949e-02	6.58841802e-12	5.04988099e+00	3.11629221e-19
9.58879         	-3.02162762e-02	6.58743530e-12	5.04988108e+00	3.11617548e-19
9.59813         	-3.02143036e-02	6.58645339e-12	5.04988116e+00	3.11606008e-19
9.60748         	-3.02151975e-02	6.58547232e-12	5.04988125e+00	3.11594600e-19
9.61682         	-3.02163690e-02	6.58449207e-12	5.04988133e+00	3.11583322e-19
9.62617         	-3.02159793e-02	6.58351265e-12	5.04988141e+00	3.11572174e-19
9.63551         	-3.02142168e-02	6.58253404e-12	5.04988150e+00	3.11561153e-19
9.64486         	-3.02145380e-02	6.58155626e-12	5.04988158e+00	3.11550259e-19
9.65421         	-3.02120224e-02	6.58057929e-12	5.04988166e+00	3.11539490e-19
9.66355         	-3.02134344e-02	6.57960315e-12	5.04988173e+00	3.11528846e-19
9.6729          	-3.02142702e-02	6.57862782e-12	5.04988181e+00	3.11518324e-19
9.68224         	-3.02131943e-02	6.57765330e-12	5.04988189e+00	3.11507923e-19
9.69159         	-3.02116746e-02	6.57667961e-12	5.04988197e+00	3.11497644e-19
9.70093         	-3.02097411e-02	6.57570672e-12	5.04988204e+00	3.11487483e-19
9.71028         	-3.02105135e-02	6.57473465e-12	5.04988212e+00	3.11477440e-19
9.71963         	-3.02116921e-02	6.57376339e-12	5.04988219e+00	3.11467514e-19
9.72897         	-3.02113137e-02	6.57256395e-12	5.04988226e+00	3.11457704e-19
9.73832         	-3.02097458e-02	6.57126792e-12	5.04988234e+00	3.11448008e-19
9.74766         	-3.02095142e-02	6.56997319e-12	5.04988241e+00	3.11438425e-19
9.75701         	-3.02077994e-02	6.56867978e-12	5.04988248e+00	3.11428954e-19
9.76636         	-3.02087104e-02	6.56738768e-12	5.04988255e+00	3.11419595e-19
9.7757          	-3.02096262e-02	6.56609689e-12	5.04988262e+00	3.11410345e-19
9.78505         	-3.02085923e-02	6.56480741e-12	5.04988269e+00	3.11401205e-19
9.79439         	-3.02071241e-02	6.56351926e-12	5.04988275e+00	3.11392172e-19
9.80374         	-3.02052860e-02	6.56223242e-12	5.04988282e+00	3.11383245e-19
9.81308         	-3.02059103e-02	6.56094689e-12	5.04988289e+00	3.11374425e-19
9.82243         	-3.02070810e-02	6.55966269e-12	5.04988295e+00	3.11365708e-19
9.83178         	-3.02067130e-02	6.55837980e-12	5.04988301e+00	3.11357096e-19
9.84112         	-3.02052938e-02	6.55709824e-12	5.04988308e+00	3.11348585e-19
9.85047         	-3.02050324e-02	6.55581800e-12	5.04988314e+00	3.11340176e-19
9.85981         	-3.02031275e-02	6.55453908e-12	5.04988320e+00	3.11331867e-19
9.86916         	-3.02040058e-02	6.55326148e-12	5.04988326e+00	3.11323658e-19
9.8785          	-3.02050593e-02	6.55198522e-12	5.04988332e+00	3.11315547e-19
9.88785         	-3.02040634e-02	6.55071027e-12	5.04988338e+00	3.11307534e-19
9.8972          	-3.02026332e-02	6.54943666e-12	5.04988344e+00	3.11299616e-19
9.90654         	-3.02008743e-02	6.54816437e-12	5.04988349e+00	3.11291794e-19
9.91589         	-3.02013515e-02	6.54689341e-12	5.04988355e+00	3.11284067e-19
9.92523         	-3.02024790e-02	6.54562379e-12	5.04988360e+00	3.11276433e-19
9.93458         	-3.02021356e-02	6.54435550e-12	5.04988366e+00	3.11268892e-19
9.94393         	-3.02008868e-02	6.54308854e-12	5.04988371e+00	3.11261442e-19
9.95327         	-3.02006308e-02	6.54182292e-12	5.04988376e+00	3.11254083e-19
9.96262         	-3.01984625e-02	6.54055865e-12	5.04988381e+00	3.11246814e-19
9.97196         	-3.01993693e-02	6.53929572e-12	5.04988386e+00	3.11239634e-19
9.98131         	-3.02005605e-02	6.53803415e-12	5.04988391e+00	3.11232541e-19
9.99065         	-3.01996082e-02	6.53677392e-12	5.04988395e+00	3.11225536e-19
10              	-3.01981533e-02	6.53551506e-12	5.04988400e+00	3.11218617e-19
